0	6.25e-06	1.25e-05	6.25e-06	6.25e-06	6.25e-06	6.25e-06	1.25e-05	6.25e-06	6.25e-06	1.25e-05	6.25e-06	1.25e-05	6.25e-06	6.25e-06	6.25e-06	6.25e-06	1.25e-05	6.25e-06	6.25e-06	1.25e-05
5	1.875e-05	3.125e-05	3.125e-05	6.25e-05	5e-05	NA	3.75e-05	4.375e-05	5e-05	3.75e-05	1.875e-05	3.125e-05	3.125e-05	6.25e-05	5e-05	NA	3.75e-05	4.375e-05	5e-05	3.75e-05
10	5e-05	6.25e-05	1e-04	0.00013125	5.625e-05	NA	7.5e-05	6.875e-05	0.00015	5e-05	5e-05	6.25e-05	1e-04	0.00013125	5.625e-05	NA	7.5e-05	6.875e-05	0.00015	5e-05
15	8.75e-05	6.25e-05	0.0001625	0.00020625	NA	NA	0.000125	7.5e-05	0.00021875	7.5e-05	8.75e-05	6.25e-05	0.0001625	0.00020625	NA	NA	0.000125	7.5e-05	0.00021875	7.5e-05
20	0.00013125	NA	0.00029375	0.00029375	NA	NA	0.00015	NA	0.000325	0.0001125	0.00013125	NA	0.00029375	0.00029375	NA	NA	0.00015	NA	0.000325	0.0001125
25	0.00020625	NA	0.000475	0.0004125	NA	NA	0.00018125	NA	0.0003875	0.00018125	0.00020625	NA	0.000475	0.0004125	NA	NA	0.00018125	NA	0.0003875	0.00018125
30	0.0003125	NA	0.0007125	0.0004625	NA	NA	0.00019375	NA	0.00051875	0.00023125	0.0003125	NA	0.0007125	0.0004625	NA	NA	0.00019375	NA	0.00051875	0.00023125
35	0.000475	NA	0.00096875	0.0004875	NA	NA	2e-04	NA	0.00079375	0.0003125	0.000475	NA	0.00096875	0.0004875	NA	NA	2e-04	NA	0.00079375	0.0003125
40	0.00063125	NA	0.001125	0.00049375	NA	NA	0.00020625	NA	0.00101875	0.00041875	0.00063125	NA	0.001125	0.00049375	NA	NA	0.00020625	NA	0.00101875	0.00041875
45	0.00075	NA	0.00123125	NA	NA	NA	0.0002125	NA	0.00119375	0.00050625	0.00075	NA	0.00123125	NA	NA	NA	0.0002125	NA	0.00119375	0.00050625
50	9e-04	NA	0.001325	NA	NA	NA	0.00021875	NA	0.00140625	6e-04	9e-04	NA	0.001325	NA	NA	NA	0.00021875	NA	0.00140625	6e-04
55	0.0011	NA	0.0014125	NA	NA	NA	NA	NA	0.001625	0.0007125	0.0011	NA	0.0014125	NA	NA	NA	NA	NA	0.001625	0.0007125
60	0.00125	NA	0.0015875	NA	NA	NA	NA	NA	0.0018	0.0007625	0.00125	NA	0.0015875	NA	NA	NA	NA	NA	0.0018	0.0007625
65	0.0013625	NA	0.0016875	NA	NA	NA	NA	NA	0.00204375	0.00079375	0.0013625	NA	0.0016875	NA	NA	NA	NA	NA	0.00204375	0.00079375
70	0.0014625	NA	0.0018	NA	NA	NA	NA	NA	0.00234375	0.0008375	0.0014625	NA	0.0018	NA	NA	NA	NA	NA	0.00234375	0.0008375
75	0.0016125	NA	0.002	NA	NA	NA	NA	NA	0.0025625	0.00095625	0.0016125	NA	0.002	NA	NA	NA	NA	NA	0.0025625	0.00095625
80	0.0018375	NA	0.00214375	NA	NA	NA	NA	NA	0.0029125	0.00105	0.0018375	NA	0.00214375	NA	NA	NA	NA	NA	0.0029125	0.00105
85	0.00206875	NA	0.0023	NA	NA	NA	NA	NA	0.0032375	0.00113125	0.00206875	NA	0.0023	NA	NA	NA	NA	NA	0.0032375	0.00113125
90	0.0023125	NA	0.0024875	NA	NA	NA	NA	NA	0.00359375	0.001225	0.0023125	NA	0.0024875	NA	NA	NA	NA	NA	0.00359375	0.001225
95	0.00245	NA	0.0026625	NA	NA	NA	NA	NA	0.0039125	0.00131875	0.00245	NA	0.0026625	NA	NA	NA	NA	NA	0.0039125	0.00131875
100	0.00261875	NA	0.00286875	NA	NA	NA	NA	NA	0.0043625	0.00143125	0.00261875	NA	0.00286875	NA	NA	NA	NA	NA	0.0043625	0.00143125
105	0.002725	NA	0.00309375	NA	NA	NA	NA	NA	0.00489375	0.00158125	0.002725	NA	0.00309375	NA	NA	NA	NA	NA	0.00489375	0.00158125
110	0.00290625	NA	0.0032375	NA	NA	NA	NA	NA	0.00549375	0.00173125	0.00290625	NA	0.0032375	NA	NA	NA	NA	NA	0.00549375	0.00173125
115	0.0030375	NA	0.00345625	NA	NA	NA	NA	NA	0.00636875	0.001925	0.0030375	NA	0.00345625	NA	NA	NA	NA	NA	0.00636875	0.001925
120	0.00325	NA	0.00364375	NA	NA	NA	NA	NA	0.0074	0.002175	0.00325	NA	0.00364375	NA	NA	NA	NA	NA	0.0074	0.002175
125	0.00346875	NA	0.00384375	NA	NA	NA	NA	NA	0.00819375	0.0024375	0.00346875	NA	0.00384375	NA	NA	NA	NA	NA	0.00819375	0.0024375
130	0.003675	NA	0.0040625	NA	NA	NA	NA	NA	0.00900625	0.002675	0.003675	NA	0.0040625	NA	NA	NA	NA	NA	0.00900625	0.002675
135	0.00385	NA	0.004275	NA	NA	NA	NA	NA	0.01004375	0.0029375	0.00385	NA	0.004275	NA	NA	NA	NA	NA	0.01004375	0.0029375
140	0.00415625	NA	0.0045875	NA	NA	NA	NA	NA	0.01125	0.0031625	0.00415625	NA	0.0045875	NA	NA	NA	NA	NA	0.01125	0.0031625
145	0.00448125	NA	0.004875	NA	NA	NA	NA	NA	0.01238125	0.003425	0.00448125	NA	0.004875	NA	NA	NA	NA	NA	0.01238125	0.003425
150	0.00478125	NA	0.00519375	NA	NA	NA	NA	NA	0.01355	0.003725	0.00478125	NA	0.00519375	NA	NA	NA	NA	NA	0.01355	0.003725
155	0.0051	NA	0.00566875	NA	NA	NA	NA	NA	0.01485625	0.0041125	0.0051	NA	0.00566875	NA	NA	NA	NA	NA	0.01485625	0.0041125
160	0.00560625	NA	0.0062	NA	NA	NA	NA	NA	0.01616875	0.00459375	0.00560625	NA	0.0062	NA	NA	NA	NA	NA	0.01616875	0.00459375
165	0.00626875	NA	0.0066625	NA	NA	NA	NA	NA	0.0176375	0.00510625	0.00626875	NA	0.0066625	NA	NA	NA	NA	NA	0.0176375	0.00510625
170	0.0070875	NA	0.0072	NA	NA	NA	NA	NA	0.0194	0.0056375	0.0070875	NA	0.0072	NA	NA	NA	NA	NA	0.0194	0.0056375
175	0.00784375	NA	0.0078375	NA	NA	NA	NA	NA	0.02125625	0.00625	0.00784375	NA	0.0078375	NA	NA	NA	NA	NA	0.02125625	0.00625
180	0.0086625	NA	0.00831875	NA	NA	NA	NA	NA	0.0232375	0.00680625	0.0086625	NA	0.00831875	NA	NA	NA	NA	NA	0.0232375	0.00680625
185	0.0094125	NA	0.00903125	NA	NA	NA	NA	NA	0.0252125	0.00733125	0.0094125	NA	0.00903125	NA	NA	NA	NA	NA	0.0252125	0.00733125
190	0.010325	NA	0.00965	NA	NA	NA	NA	NA	0.02745	0.00783125	0.010325	NA	0.00965	NA	NA	NA	NA	NA	0.02745	0.00783125
195	0.0114375	NA	0.010275	NA	NA	NA	NA	NA	0.02984375	0.0083875	0.0114375	NA	0.010275	NA	NA	NA	NA	NA	0.02984375	0.0083875
200	0.0127	NA	0.0111625	NA	NA	NA	NA	NA	0.0323875	0.00885	0.0127	NA	0.0111625	NA	NA	NA	NA	NA	0.0323875	0.00885
205	0.01406875	NA	0.01188125	NA	NA	NA	NA	NA	0.0353375	0.00935	0.01406875	NA	0.01188125	NA	NA	NA	NA	NA	0.0353375	0.00935
210	0.01548125	NA	0.0126	NA	NA	NA	NA	NA	0.0382125	0.00985625	0.01548125	NA	0.0126	NA	NA	NA	NA	NA	0.0382125	0.00985625
215	0.01705	NA	0.01345	NA	NA	NA	NA	NA	0.0410875	0.010375	0.01705	NA	0.01345	NA	NA	NA	NA	NA	0.0410875	0.010375
220	0.019	NA	0.0143125	NA	NA	NA	NA	NA	0.0440875	0.0108875	0.019	NA	0.0143125	NA	NA	NA	NA	NA	0.0440875	0.0108875
225	0.0211375	NA	0.01515	NA	NA	NA	NA	NA	0.0473	0.0116	0.0211375	NA	0.01515	NA	NA	NA	NA	NA	0.0473	0.0116
230	0.02348125	NA	0.015925	NA	NA	NA	NA	NA	0.0508125	0.0123375	0.02348125	NA	0.015925	NA	NA	NA	NA	NA	0.0508125	0.0123375
235	0.02625625	NA	0.01678125	NA	NA	NA	NA	NA	0.05426875	0.01326875	0.02625625	NA	0.01678125	NA	NA	NA	NA	NA	0.05426875	0.01326875
240	0.028825	NA	0.0174625	NA	NA	NA	NA	NA	0.0582625	0.01415	0.028825	NA	0.0174625	NA	NA	NA	NA	NA	0.0582625	0.01415
245	0.03151875	NA	0.01815	NA	NA	NA	NA	NA	0.06244375	0.01514375	0.03151875	NA	0.01815	NA	NA	NA	NA	NA	0.06244375	0.01514375
250	0.03459375	NA	0.0187875	NA	NA	NA	NA	NA	0.067	0.016225	0.03459375	NA	0.0187875	NA	NA	NA	NA	NA	0.067	0.016225
255	0.03820625	NA	0.01940625	NA	NA	NA	NA	NA	0.07194375	0.0175375	0.03820625	NA	0.01940625	NA	NA	NA	NA	NA	0.07194375	0.0175375
260	0.0419625	NA	0.02008125	NA	NA	NA	NA	NA	0.07714375	0.01868125	0.0419625	NA	0.02008125	NA	NA	NA	NA	NA	0.07714375	0.01868125
265	0.04619375	NA	0.02078125	NA	NA	NA	NA	NA	0.08319375	0.0199	0.04619375	NA	0.02078125	NA	NA	NA	NA	NA	0.08319375	0.0199
270	0.050425	NA	0.0215875	NA	NA	NA	NA	NA	0.08933125	0.02116875	0.050425	NA	0.0215875	NA	NA	NA	NA	NA	0.08933125	0.02116875
275	0.05503125	NA	0.02246875	NA	NA	NA	NA	NA	0.0955125	0.02261875	0.05503125	NA	0.02246875	NA	NA	NA	NA	NA	0.0955125	0.02261875
280	0.05993125	NA	0.02323125	NA	NA	NA	NA	NA	0.1024	0.0242625	0.05993125	NA	0.02323125	NA	NA	NA	NA	NA	0.1024	0.0242625
285	0.065025	NA	0.024025	NA	NA	NA	NA	NA	0.109375	0.02608125	0.065025	NA	0.024025	NA	NA	NA	NA	NA	0.109375	0.02608125
290	0.0705	NA	0.02481875	NA	NA	NA	NA	NA	0.11711875	0.02796875	0.0705	NA	0.02481875	NA	NA	NA	NA	NA	0.11711875	0.02796875
295	0.076075	NA	0.02554375	NA	NA	NA	NA	NA	0.12468125	0.02988125	0.076075	NA	0.02554375	NA	NA	NA	NA	NA	0.12468125	0.02988125
300	0.08186875	NA	0.02636875	NA	NA	NA	NA	NA	0.1323375	0.0318625	0.08186875	NA	0.02636875	NA	NA	NA	NA	NA	0.1323375	0.0318625
305	0.08779375	NA	0.02698125	NA	NA	NA	NA	NA	0.14051875	0.03403125	0.08779375	NA	0.02698125	NA	NA	NA	NA	NA	0.14051875	0.03403125
310	0.0938125	NA	0.02765	NA	NA	NA	NA	NA	0.1487	0.0361625	0.0938125	NA	0.02765	NA	NA	NA	NA	NA	0.1487	0.0361625
315	0.10079375	NA	0.02826875	NA	NA	NA	NA	NA	0.15718125	0.03810625	0.10079375	NA	0.02826875	NA	NA	NA	NA	NA	0.15718125	0.03810625
320	0.10775625	NA	0.02899375	NA	NA	NA	NA	NA	0.16618125	0.0403125	0.10775625	NA	0.02899375	NA	NA	NA	NA	NA	0.16618125	0.0403125
325	0.1149125	NA	0.0296625	NA	NA	NA	NA	NA	0.1750625	0.0425625	0.1149125	NA	0.0296625	NA	NA	NA	NA	NA	0.1750625	0.0425625
330	0.1226125	NA	0.03049375	NA	NA	NA	NA	NA	0.18445	0.04498125	0.1226125	NA	0.03049375	NA	NA	NA	NA	NA	0.18445	0.04498125
335	0.1307875	NA	0.0313625	NA	NA	NA	NA	NA	0.19389375	0.0474875	0.1307875	NA	0.0313625	NA	NA	NA	NA	NA	0.19389375	0.0474875
340	0.13891875	NA	0.0324625	NA	NA	NA	NA	NA	0.20339375	0.05015625	0.13891875	NA	0.0324625	NA	NA	NA	NA	NA	0.20339375	0.05015625
345	0.14699375	NA	0.03355	NA	NA	NA	NA	NA	0.213275	0.05304375	0.14699375	NA	0.03355	NA	NA	NA	NA	NA	0.213275	0.05304375
350	0.1551625	NA	0.03470625	NA	NA	NA	NA	NA	0.222875	0.0559875	0.1551625	NA	0.03470625	NA	NA	NA	NA	NA	0.222875	0.0559875
355	0.163625	NA	0.03593125	NA	NA	NA	NA	NA	0.2325375	0.05911875	0.163625	NA	0.03593125	NA	NA	NA	NA	NA	0.2325375	0.05911875
360	0.1725	NA	0.03695	NA	NA	NA	NA	NA	0.2421875	0.06240625	0.1725	NA	0.03695	NA	NA	NA	NA	NA	0.2421875	0.06240625
365	0.1812875	NA	0.0379375	NA	NA	NA	NA	NA	0.2512375	0.06569375	0.1812875	NA	0.0379375	NA	NA	NA	NA	NA	0.2512375	0.06569375
370	0.19020625	NA	0.03881875	NA	NA	NA	NA	NA	0.260375	0.069025	0.19020625	NA	0.03881875	NA	NA	NA	NA	NA	0.260375	0.069025
375	0.19851875	NA	0.0397875	NA	NA	NA	NA	NA	0.26924375	0.07260625	0.19851875	NA	0.0397875	NA	NA	NA	NA	NA	0.26924375	0.07260625
380	0.20711875	NA	0.04075625	NA	NA	NA	NA	NA	0.27791875	0.07701875	0.20711875	NA	0.04075625	NA	NA	NA	NA	NA	0.27791875	0.07701875
385	0.21635	NA	0.041925	NA	NA	NA	NA	NA	0.28593125	0.0815	0.21635	NA	0.041925	NA	NA	NA	NA	NA	0.28593125	0.0815
390	0.22488125	NA	0.0431625	NA	NA	NA	NA	NA	0.29404375	0.0862625	0.22488125	NA	0.0431625	NA	NA	NA	NA	NA	0.29404375	0.0862625
395	0.23299375	NA	0.0445875	NA	NA	NA	NA	NA	0.3020375	0.0910125	0.23299375	NA	0.0445875	NA	NA	NA	NA	NA	0.3020375	0.0910125
400	0.24126875	NA	0.0460625	NA	NA	NA	NA	NA	0.31055625	0.09605	0.24126875	NA	0.0460625	NA	NA	NA	NA	NA	0.31055625	0.09605
405	0.24954375	NA	0.04765625	NA	NA	NA	NA	NA	0.3190375	0.10126875	0.24954375	NA	0.04765625	NA	NA	NA	NA	NA	0.3190375	0.10126875
410	0.25776875	NA	0.0495625	NA	NA	NA	NA	NA	0.32671875	0.10674375	0.25776875	NA	0.0495625	NA	NA	NA	NA	NA	0.32671875	0.10674375
415	0.26579375	NA	0.0516875	NA	NA	NA	NA	NA	0.33455	0.1124375	0.26579375	NA	0.0516875	NA	NA	NA	NA	NA	0.33455	0.1124375
420	0.27405	NA	0.05404375	NA	NA	NA	NA	NA	0.342125	0.11820625	0.27405	NA	0.05404375	NA	NA	NA	NA	NA	0.342125	0.11820625
425	0.28265	NA	0.056225	NA	NA	NA	NA	NA	0.34973125	0.1239875	0.28265	NA	0.056225	NA	NA	NA	NA	NA	0.34973125	0.1239875
430	0.2907125	NA	0.0589125	NA	NA	NA	NA	NA	0.35715	0.12970625	0.2907125	NA	0.0589125	NA	NA	NA	NA	NA	0.35715	0.12970625
435	0.2986	NA	0.061875	NA	NA	NA	NA	NA	0.363875	0.13556875	0.2986	NA	0.061875	NA	NA	NA	NA	NA	0.363875	0.13556875
440	0.30685	NA	0.065325	NA	NA	NA	NA	NA	0.370625	0.14138125	0.30685	NA	0.065325	NA	NA	NA	NA	NA	0.370625	0.14138125
445	0.3144	NA	0.068875	NA	NA	NA	NA	NA	0.3777125	0.147475	0.3144	NA	0.068875	NA	NA	NA	NA	NA	0.3777125	0.147475
450	0.32225625	NA	0.07253125	NA	NA	NA	NA	NA	0.384325	0.1539375	0.32225625	NA	0.07253125	NA	NA	NA	NA	NA	0.384325	0.1539375
455	0.3294875	NA	0.0763375	NA	NA	NA	NA	NA	0.39045625	0.16030625	0.3294875	NA	0.0763375	NA	NA	NA	NA	NA	0.39045625	0.16030625
460	0.33721875	NA	0.08014375	NA	NA	NA	NA	NA	0.3962875	0.1673	0.33721875	NA	0.08014375	NA	NA	NA	NA	NA	0.3962875	0.1673
465	0.34490625	NA	0.08461875	NA	NA	NA	NA	NA	0.4016	0.17498125	0.34490625	NA	0.08461875	NA	NA	NA	NA	NA	0.4016	0.17498125
470	0.3526625	NA	0.0893	NA	NA	NA	NA	NA	0.40638125	0.18230625	0.3526625	NA	0.0893	NA	NA	NA	NA	NA	0.40638125	0.18230625
475	0.36026875	NA	0.09419375	NA	NA	NA	NA	NA	0.41120625	0.18926875	0.36026875	NA	0.09419375	NA	NA	NA	NA	NA	0.41120625	0.18926875
480	0.36773125	NA	0.09964375	NA	NA	NA	NA	NA	0.41598125	0.1966625	0.36773125	NA	0.09964375	NA	NA	NA	NA	NA	0.41598125	0.1966625
485	0.3750375	NA	0.10506875	NA	NA	NA	NA	NA	0.4203125	0.20415	0.3750375	NA	0.10506875	NA	NA	NA	NA	NA	0.4203125	0.20415
490	0.38170625	NA	0.110775	NA	NA	NA	NA	NA	0.4240875	0.2116625	0.38170625	NA	0.110775	NA	NA	NA	NA	NA	0.4240875	0.2116625
495	0.3879125	NA	0.1166375	NA	NA	NA	NA	NA	0.4272875	0.219975	0.3879125	NA	0.1166375	NA	NA	NA	NA	NA	0.4272875	0.219975
500	0.39368125	NA	0.122925	NA	NA	NA	NA	NA	0.4302375	0.22814375	0.39368125	NA	0.122925	NA	NA	NA	NA	NA	0.4302375	0.22814375
505	0.3988625	NA	0.12909375	NA	NA	NA	NA	NA	0.4327625	0.23674375	0.3988625	NA	0.12909375	NA	NA	NA	NA	NA	0.4327625	0.23674375
510	0.40334375	NA	0.13564375	NA	NA	NA	NA	NA	0.43524375	0.2452	0.40334375	NA	0.13564375	NA	NA	NA	NA	NA	0.43524375	0.2452
515	0.40780625	NA	0.14209375	NA	NA	NA	NA	NA	0.4377125	0.25384375	0.40780625	NA	0.14209375	NA	NA	NA	NA	NA	0.4377125	0.25384375
520	0.411925	NA	0.14854375	NA	NA	NA	NA	NA	0.4401125	0.26225	0.411925	NA	0.14854375	NA	NA	NA	NA	NA	0.4401125	0.26225
525	0.4153625	NA	0.15560625	NA	NA	NA	NA	NA	0.44194375	0.27054375	0.4153625	NA	0.15560625	NA	NA	NA	NA	NA	0.44194375	0.27054375
530	0.4184375	NA	0.16270625	NA	NA	NA	NA	NA	0.44340625	0.278325	0.4184375	NA	0.16270625	NA	NA	NA	NA	NA	0.44340625	0.278325
535	0.42128125	NA	0.170025	NA	NA	NA	NA	NA	0.44464375	0.28623125	0.42128125	NA	0.170025	NA	NA	NA	NA	NA	0.44464375	0.28623125
540	0.42408125	NA	0.17720625	NA	NA	NA	NA	NA	0.445825	0.29374375	0.42408125	NA	0.17720625	NA	NA	NA	NA	NA	0.445825	0.29374375
545	0.426975	NA	0.1845625	NA	NA	NA	NA	NA	0.4466375	0.30096875	0.426975	NA	0.1845625	NA	NA	NA	NA	NA	0.4466375	0.30096875
550	0.429125	NA	0.19243125	NA	NA	NA	NA	NA	0.44751875	0.307625	0.429125	NA	0.19243125	NA	NA	NA	NA	NA	0.44751875	0.307625
555	0.4314	NA	0.200725	NA	NA	NA	NA	NA	0.44819375	0.3136875	0.4314	NA	0.200725	NA	NA	NA	NA	NA	0.44819375	0.3136875
560	0.43330625	NA	0.20898125	NA	NA	NA	NA	NA	0.4487625	0.3196125	0.43330625	NA	0.20898125	NA	NA	NA	NA	NA	0.4487625	0.3196125
565	0.43504375	NA	0.21753125	NA	NA	NA	NA	NA	0.44946875	0.3250125	0.43504375	NA	0.21753125	NA	NA	NA	NA	NA	0.44946875	0.3250125
570	0.43674375	NA	0.22616875	NA	NA	NA	NA	NA	0.45009375	0.3305375	0.43674375	NA	0.22616875	NA	NA	NA	NA	NA	0.45009375	0.3305375
575	0.4381	NA	0.2350125	NA	NA	NA	NA	NA	0.4506625	0.33588125	0.4381	NA	0.2350125	NA	NA	NA	NA	NA	0.4506625	0.33588125
580	0.43933125	NA	0.24329375	NA	NA	NA	NA	NA	0.45121875	0.3410375	0.43933125	NA	0.24329375	NA	NA	NA	NA	NA	0.45121875	0.3410375
585	0.4406875	NA	0.25150625	NA	NA	NA	NA	NA	0.45156875	0.34626875	0.4406875	NA	0.25150625	NA	NA	NA	NA	NA	0.45156875	0.34626875
590	0.44203125	NA	0.25981875	NA	NA	NA	NA	NA	0.45181875	0.3509	0.44203125	NA	0.25981875	NA	NA	NA	NA	NA	0.45181875	0.3509
595	0.44305625	NA	0.26870625	NA	NA	NA	NA	NA	0.45196875	0.35525	0.44305625	NA	0.26870625	NA	NA	NA	NA	NA	0.45196875	0.35525
600	0.44399375	NA	0.27755	NA	NA	NA	NA	NA	0.45203125	0.35976875	0.44399375	NA	0.27755	NA	NA	NA	NA	NA	0.45203125	0.35976875
605	0.4449125	NA	0.28593125	NA	NA	NA	NA	NA	0.4521125	0.36424375	0.4449125	NA	0.28593125	NA	NA	NA	NA	NA	0.4521125	0.36424375
610	0.4459375	NA	0.2944125	NA	NA	NA	NA	NA	0.45215	0.36829375	0.4459375	NA	0.2944125	NA	NA	NA	NA	NA	0.45215	0.36829375
615	0.446725	NA	0.30326875	NA	NA	NA	NA	NA	0.4521625	0.371875	0.446725	NA	0.30326875	NA	NA	NA	NA	NA	0.4521625	0.371875
620	0.4474625	NA	0.3117125	NA	NA	NA	NA	NA	NA	0.37545	0.4474625	NA	0.3117125	NA	NA	NA	NA	NA	NA	0.37545
625	0.448125	NA	0.3200375	NA	NA	NA	NA	NA	NA	0.3785875	0.448125	NA	0.3200375	NA	NA	NA	NA	NA	NA	0.3785875
630	0.44875	NA	0.32749375	NA	NA	NA	NA	NA	NA	0.38184375	0.44875	NA	0.32749375	NA	NA	NA	NA	NA	NA	0.38184375
635	0.4492	NA	0.33450625	NA	NA	NA	NA	NA	NA	0.38485625	0.4492	NA	0.33450625	NA	NA	NA	NA	NA	NA	0.38485625
640	0.4497	NA	0.34075	NA	NA	NA	NA	NA	NA	0.38806875	0.4497	NA	0.34075	NA	NA	NA	NA	NA	NA	0.38806875
645	0.45020625	NA	0.3466625	NA	NA	NA	NA	NA	NA	0.3907125	0.45020625	NA	0.3466625	NA	NA	NA	NA	NA	NA	0.3907125
650	0.4507875	NA	0.35259375	NA	NA	NA	NA	NA	NA	0.39323125	0.4507875	NA	0.35259375	NA	NA	NA	NA	NA	NA	0.39323125
655	0.45126875	NA	0.35849375	NA	NA	NA	NA	NA	NA	0.3957125	0.45126875	NA	0.35849375	NA	NA	NA	NA	NA	NA	0.3957125
660	0.45169375	NA	0.36404375	NA	NA	NA	NA	NA	NA	0.39795625	0.45169375	NA	0.36404375	NA	NA	NA	NA	NA	NA	0.39795625
665	0.45214375	NA	0.3693875	NA	NA	NA	NA	NA	NA	0.400125	0.45214375	NA	0.3693875	NA	NA	NA	NA	NA	NA	0.400125
670	0.4525875	NA	0.37431875	NA	NA	NA	NA	NA	NA	0.40234375	0.4525875	NA	0.37431875	NA	NA	NA	NA	NA	NA	0.40234375
675	0.45290625	NA	0.3786875	NA	NA	NA	NA	NA	NA	0.4044625	0.45290625	NA	0.3786875	NA	NA	NA	NA	NA	NA	0.4044625
680	0.453175	NA	0.38239375	NA	NA	NA	NA	NA	NA	0.40626875	0.453175	NA	0.38239375	NA	NA	NA	NA	NA	NA	0.40626875
685	0.45344375	NA	0.38604375	NA	NA	NA	NA	NA	NA	0.40765	0.45344375	NA	0.38604375	NA	NA	NA	NA	NA	NA	0.40765
690	0.45364375	NA	0.389225	NA	NA	NA	NA	NA	NA	0.40895625	0.45364375	NA	0.389225	NA	NA	NA	NA	NA	NA	0.40895625
695	0.453775	NA	0.3926375	NA	NA	NA	NA	NA	NA	0.4102875	0.453775	NA	0.3926375	NA	NA	NA	NA	NA	NA	0.4102875
700	0.45394375	NA	0.39598125	NA	NA	NA	NA	NA	NA	0.4116125	0.45394375	NA	0.39598125	NA	NA	NA	NA	NA	NA	0.4116125
705	0.45406875	NA	0.399025	NA	NA	NA	NA	NA	NA	0.41288125	0.45406875	NA	0.399025	NA	NA	NA	NA	NA	NA	0.41288125
710	0.45419375	NA	0.40178125	NA	NA	NA	NA	NA	NA	0.41398125	0.45419375	NA	0.40178125	NA	NA	NA	NA	NA	NA	0.41398125
715	0.4543	NA	0.40406875	NA	NA	NA	NA	NA	NA	0.4149375	0.4543	NA	0.40406875	NA	NA	NA	NA	NA	NA	0.4149375
720	0.4544	NA	0.4064625	NA	NA	NA	NA	NA	NA	0.41576875	0.4544	NA	0.4064625	NA	NA	NA	NA	NA	NA	0.41576875
725	0.45441875	NA	0.40855625	NA	NA	NA	NA	NA	NA	0.4165375	0.45441875	NA	0.40855625	NA	NA	NA	NA	NA	NA	0.4165375
730	0.4544875	NA	0.41048125	NA	NA	NA	NA	NA	NA	0.41715625	0.4544875	NA	0.41048125	NA	NA	NA	NA	NA	NA	0.41715625
735	0.45461875	NA	0.41240625	NA	NA	NA	NA	NA	NA	0.41785	0.45461875	NA	0.41240625	NA	NA	NA	NA	NA	NA	0.41785
740	0.45476875	NA	0.413925	NA	NA	NA	NA	NA	NA	0.4186375	0.45476875	NA	0.413925	NA	NA	NA	NA	NA	NA	0.4186375
745	0.4549	NA	0.415525	NA	NA	NA	NA	NA	NA	0.41940625	0.4549	NA	0.415525	NA	NA	NA	NA	NA	NA	0.41940625
750	0.454975	NA	0.4169	NA	NA	NA	NA	NA	NA	0.420175	0.454975	NA	0.4169	NA	NA	NA	NA	NA	NA	0.420175
755	0.45505	NA	0.4182875	NA	NA	NA	NA	NA	NA	0.420975	0.45505	NA	0.4182875	NA	NA	NA	NA	NA	NA	0.420975
760	0.45513125	NA	0.41936875	NA	NA	NA	NA	NA	NA	0.42163125	0.45513125	NA	0.41936875	NA	NA	NA	NA	NA	NA	0.42163125
765	0.4552	NA	0.42041875	NA	NA	NA	NA	NA	NA	0.42216875	0.4552	NA	0.42041875	NA	NA	NA	NA	NA	NA	0.42216875
770	0.4553125	NA	0.42153125	NA	NA	NA	NA	NA	NA	0.42280625	0.4553125	NA	0.42153125	NA	NA	NA	NA	NA	NA	0.42280625
775	0.4554	NA	0.4224125	NA	NA	NA	NA	NA	NA	0.42334375	0.4554	NA	0.4224125	NA	NA	NA	NA	NA	NA	0.42334375
780	0.4554125	NA	0.42311875	NA	NA	NA	NA	NA	NA	0.423675	0.4554125	NA	0.42311875	NA	NA	NA	NA	NA	NA	0.423675
785	NA	NA	0.42399375	NA	NA	NA	NA	NA	NA	0.424025	NA	NA	0.42399375	NA	NA	NA	NA	NA	NA	0.424025
790	NA	NA	0.42486875	NA	NA	NA	NA	NA	NA	0.4243125	NA	NA	0.42486875	NA	NA	NA	NA	NA	NA	0.4243125
795	NA	NA	0.42564375	NA	NA	NA	NA	NA	NA	0.42465	NA	NA	0.42564375	NA	NA	NA	NA	NA	NA	0.42465
800	NA	NA	0.4264125	NA	NA	NA	NA	NA	NA	0.4249375	NA	NA	0.4264125	NA	NA	NA	NA	NA	NA	0.4249375
805	NA	NA	0.42704375	NA	NA	NA	NA	NA	NA	0.425225	NA	NA	0.42704375	NA	NA	NA	NA	NA	NA	0.425225
810	NA	NA	0.42764375	NA	NA	NA	NA	NA	NA	0.4255125	NA	NA	0.42764375	NA	NA	NA	NA	NA	NA	0.4255125
815	NA	NA	0.42815	NA	NA	NA	NA	NA	NA	0.42574375	NA	NA	0.42815	NA	NA	NA	NA	NA	NA	0.42574375
820	NA	NA	0.42853125	NA	NA	NA	NA	NA	NA	0.42600625	NA	NA	0.42853125	NA	NA	NA	NA	NA	NA	0.42600625
825	NA	NA	0.42894375	NA	NA	NA	NA	NA	NA	0.4262375	NA	NA	0.42894375	NA	NA	NA	NA	NA	NA	0.4262375
830	NA	NA	0.4292	NA	NA	NA	NA	NA	NA	0.42643125	NA	NA	0.4292	NA	NA	NA	NA	NA	NA	0.42643125
835	NA	NA	0.42953125	NA	NA	NA	NA	NA	NA	0.4267375	NA	NA	0.42953125	NA	NA	NA	NA	NA	NA	0.4267375
840	NA	NA	0.429825	NA	NA	NA	NA	NA	NA	0.42704375	NA	NA	0.429825	NA	NA	NA	NA	NA	NA	0.42704375
845	NA	NA	0.43015625	NA	NA	NA	NA	NA	NA	0.42735625	NA	NA	0.43015625	NA	NA	NA	NA	NA	NA	0.42735625
850	NA	NA	0.430475	NA	NA	NA	NA	NA	NA	0.427725	NA	NA	0.430475	NA	NA	NA	NA	NA	NA	0.427725
855	NA	NA	0.4307875	NA	NA	NA	NA	NA	NA	0.42819375	NA	NA	0.4307875	NA	NA	NA	NA	NA	NA	0.42819375
860	NA	NA	0.4310125	NA	NA	NA	NA	NA	NA	0.42860625	NA	NA	0.4310125	NA	NA	NA	NA	NA	NA	0.42860625
865	NA	NA	0.43124375	NA	NA	NA	NA	NA	NA	0.428975	NA	NA	0.43124375	NA	NA	NA	NA	NA	NA	0.428975
870	NA	NA	0.43153125	NA	NA	NA	NA	NA	NA	0.4293625	NA	NA	0.43153125	NA	NA	NA	NA	NA	NA	0.4293625
875	NA	NA	0.431725	NA	NA	NA	NA	NA	NA	0.42965625	NA	NA	0.431725	NA	NA	NA	NA	NA	NA	0.42965625
880	NA	NA	0.4319375	NA	NA	NA	NA	NA	NA	0.42998125	NA	NA	0.4319375	NA	NA	NA	NA	NA	NA	0.42998125
885	NA	NA	0.4320875	NA	NA	NA	NA	NA	NA	0.4302625	NA	NA	0.4320875	NA	NA	NA	NA	NA	NA	0.4302625
890	NA	NA	0.4323625	NA	NA	NA	NA	NA	NA	0.4307375	NA	NA	0.4323625	NA	NA	NA	NA	NA	NA	0.4307375
895	NA	NA	0.4326375	NA	NA	NA	NA	NA	NA	0.43125625	NA	NA	0.4326375	NA	NA	NA	NA	NA	NA	0.43125625
900	NA	NA	0.43290625	NA	NA	NA	NA	NA	NA	0.43169375	NA	NA	0.43290625	NA	NA	NA	NA	NA	NA	0.43169375
905	NA	NA	0.4331375	NA	NA	NA	NA	NA	NA	0.431975	NA	NA	0.4331375	NA	NA	NA	NA	NA	NA	0.431975
910	NA	NA	0.43331875	NA	NA	NA	NA	NA	NA	0.4321875	NA	NA	0.43331875	NA	NA	NA	NA	NA	NA	0.4321875
915	NA	NA	0.43341875	NA	NA	NA	NA	NA	NA	0.43239375	NA	NA	0.43341875	NA	NA	NA	NA	NA	NA	0.43239375
920	NA	NA	0.43351875	NA	NA	NA	NA	NA	NA	0.43274375	NA	NA	0.43351875	NA	NA	NA	NA	NA	NA	0.43274375
925	NA	NA	0.43360625	NA	NA	NA	NA	NA	NA	0.4330125	NA	NA	0.43360625	NA	NA	NA	NA	NA	NA	0.4330125
930	NA	NA	0.433675	NA	NA	NA	NA	NA	NA	0.43335	NA	NA	0.433675	NA	NA	NA	NA	NA	NA	0.43335
935	NA	NA	0.43379375	NA	NA	NA	NA	NA	NA	0.4337	NA	NA	0.43379375	NA	NA	NA	NA	NA	NA	0.4337
940	NA	NA	0.43391875	NA	NA	NA	NA	NA	NA	0.43403125	NA	NA	0.43391875	NA	NA	NA	NA	NA	NA	0.43403125
945	NA	NA	0.434075	NA	NA	NA	NA	NA	NA	0.43429375	NA	NA	0.434075	NA	NA	NA	NA	NA	NA	0.43429375
950	NA	NA	0.43419375	NA	NA	NA	NA	NA	NA	0.43448125	NA	NA	0.43419375	NA	NA	NA	NA	NA	NA	0.43448125
955	NA	NA	0.4343125	NA	NA	NA	NA	NA	NA	0.4346625	NA	NA	0.4343125	NA	NA	NA	NA	NA	NA	0.4346625
960	NA	NA	0.43441875	NA	NA	NA	NA	NA	NA	0.43484375	NA	NA	0.43441875	NA	NA	NA	NA	NA	NA	0.43484375
965	NA	NA	0.43455625	NA	NA	NA	NA	NA	NA	0.43500625	NA	NA	0.43455625	NA	NA	NA	NA	NA	NA	0.43500625
970	NA	NA	0.43476875	NA	NA	NA	NA	NA	NA	0.43514375	NA	NA	0.43476875	NA	NA	NA	NA	NA	NA	0.43514375
975	NA	NA	0.43493125	NA	NA	NA	NA	NA	NA	0.43525625	NA	NA	0.43493125	NA	NA	NA	NA	NA	NA	0.43525625
980	NA	NA	0.4351	NA	NA	NA	NA	NA	NA	0.4353	NA	NA	0.4351	NA	NA	NA	NA	NA	NA	0.4353
985	NA	NA	0.43525	NA	NA	NA	NA	NA	NA	0.4353	NA	NA	0.43525	NA	NA	NA	NA	NA	NA	0.4353
990	NA	NA	0.4353625	NA	NA	NA	NA	NA	NA	NA	NA	NA	0.4353625	NA	NA	NA	NA	NA	NA	NA
995	NA	NA	0.43544375	NA	NA	NA	NA	NA	NA	NA	NA	NA	0.43544375	NA	NA	NA	NA	NA	NA	NA
1000	NA	NA	0.4355	NA	NA	NA	NA	NA	NA	NA	NA	NA	0.4355	NA	NA	NA	NA	NA	NA	NA
1005	NA	NA	0.4355625	NA	NA	NA	NA	NA	NA	NA	NA	NA	0.4355625	NA	NA	NA	NA	NA	NA	NA
1010	NA	NA	0.4356625	NA	NA	NA	NA	NA	NA	NA	NA	NA	0.4356625	NA	NA	NA	NA	NA	NA	NA
1015	NA	NA	0.435725	NA	NA	NA	NA	NA	NA	NA	NA	NA	0.435725	NA	NA	NA	NA	NA	NA	NA
1020	NA	NA	0.43576875	NA	NA	NA	NA	NA	NA	NA	NA	NA	0.43576875	NA	NA	NA	NA	NA	NA	NA
1025	NA	NA	0.43580625	NA	NA	NA	NA	NA	NA	NA	NA	NA	0.43580625	NA	NA	NA	NA	NA	NA	NA
1030	NA	NA	0.43580625	NA	NA	NA	NA	NA	NA	NA	NA	NA	0.43580625	NA	NA	NA	NA	NA	NA	NA
