0	1	1	1	1	1	1	1	1	1	1	1	1	1	1	1	1	1	1	1	1
5	1	1	1	1	0.5	1	1	1	0.333333333333333	0.571428571428571	1	1	1	1	0.5	1	1	1	0.333333333333333	0.571428571428571
10	0.571428571428571	NA	1	0.416666666666667	0.6	0.571428571428571	0.75	1	0.666666666666667	0.454545454545455	0.571428571428571	NA	1	0.416666666666667	0.6	0.571428571428571	0.75	1	0.666666666666667	0.454545454545455
15	0.8	NA	1	0.5	0.833333333333333	0.6	1	0.666666666666667	0.666666666666667	0.454545454545455	0.8	NA	1	0.5	0.833333333333333	0.6	1	0.666666666666667	0.666666666666667	0.454545454545455
20	0.5	NA	NA	0.3125	0.846153846153846	0.4	1	NA	0.8	0.380952380952381	0.5	NA	NA	0.3125	0.846153846153846	0.4	1	NA	0.8	0.380952380952381
25	0.25	NA	NA	0.352941176470588	0.461538461538462	0.5	0.571428571428571	NA	0.315789473684211	0.380952380952381	0.25	NA	NA	0.352941176470588	0.461538461538462	0.5	0.571428571428571	NA	0.315789473684211	0.380952380952381
30	0.230769230769231	NA	NA	0.25	0.227272727272727	0.6	0.555555555555556	NA	0.2	0.277777777777778	0.230769230769231	NA	NA	0.25	0.227272727272727	0.6	0.555555555555556	NA	0.2	0.277777777777778
35	0.259259259259259	NA	NA	0.150943396226415	0.212121212121212	0.3	0.5	NA	0.5	0.238095238095238	0.259259259259259	NA	NA	0.150943396226415	0.212121212121212	0.3	0.5	NA	0.5	0.238095238095238
40	0.310344827586207	NA	NA	0.205479452054795	0.189189189189189	0.583333333333333	0.75	NA	0.4375	0.148148148148148	0.310344827586207	NA	NA	0.205479452054795	0.189189189189189	0.583333333333333	0.75	NA	0.4375	0.148148148148148
45	0.304347826086957	NA	NA	0.125	0.142857142857143	0.272727272727273	0.411764705882353	NA	0.181818181818182	0.242424242424242	0.304347826086957	NA	NA	0.125	0.142857142857143	0.272727272727273	0.411764705882353	NA	0.181818181818182	0.242424242424242
50	0.263157894736842	NA	NA	0.140625	0.117647058823529	0.388888888888889	0.578947368421053	NA	0.222222222222222	0.217391304347826	0.263157894736842	NA	NA	0.140625	0.117647058823529	0.388888888888889	0.578947368421053	NA	0.222222222222222	0.217391304347826
55	0.2	NA	NA	0.106060606060606	0.160714285714286	0.266666666666667	0.28	NA	0.375	0.186046511627907	0.2	NA	NA	0.106060606060606	0.160714285714286	0.266666666666667	0.28	NA	0.375	0.186046511627907
60	0.217391304347826	NA	NA	0.151898734177215	0.132075471698113	0.333333333333333	0.384615384615385	NA	0.75	0.145833333333333	0.217391304347826	NA	NA	0.151898734177215	0.132075471698113	0.333333333333333	0.384615384615385	NA	0.75	0.145833333333333
65	0.166666666666667	NA	NA	0.105882352941176	0.163265306122449	0.25	0.25	NA	0.5	0.145833333333333	0.166666666666667	NA	NA	0.105882352941176	0.163265306122449	0.25	0.25	NA	0.5	0.145833333333333
70	0.260869565217391	NA	NA	0.0869565217391304	0.148936170212766	0.363636363636364	0.3	NA	0.416666666666667	0.104477611940299	0.260869565217391	NA	NA	0.0869565217391304	0.148936170212766	0.363636363636364	0.3	NA	0.416666666666667	0.104477611940299
75	0.227272727272727	NA	NA	0.0652173913043478	0.104166666666667	0.523809523809524	0.44	NA	0.307692307692308	0.141025641025641	0.227272727272727	NA	NA	0.0652173913043478	0.104166666666667	0.523809523809524	0.44	NA	0.307692307692308	0.141025641025641
80	0.473684210526316	NA	NA	0.0833333333333333	0.142857142857143	0.238095238095238	0.296296296296296	NA	0.3	0.131147540983607	0.473684210526316	NA	NA	0.0833333333333333	0.142857142857143	0.238095238095238	0.296296296296296	NA	0.3	0.131147540983607
85	0.318181818181818	NA	NA	0.0584415584415584	0.184615384615385	0.230769230769231	0.296296296296296	NA	0.388888888888889	0.116279069767442	0.318181818181818	NA	NA	0.0584415584415584	0.184615384615385	0.230769230769231	0.296296296296296	NA	0.388888888888889	0.116279069767442
90	0.344827586206897	NA	NA	0.069364161849711	0.121212121212121	0.4	0.285714285714286	NA	0.318181818181818	0.125	0.344827586206897	NA	NA	0.069364161849711	0.121212121212121	0.4	0.285714285714286	NA	0.318181818181818	0.125
95	0.15	NA	NA	0.0549450549450549	0.117647058823529	0.555555555555556	0.212121212121212	NA	0.235294117647059	0.078125	0.15	NA	NA	0.0549450549450549	0.117647058823529	0.555555555555556	0.212121212121212	NA	0.235294117647059	0.078125
100	0.181818181818182	NA	NA	0.0630630630630631	0.181818181818182	0.571428571428571	0.235294117647059	NA	0.421052631578947	0.11864406779661	0.181818181818182	NA	NA	0.0630630630630631	0.181818181818182	0.571428571428571	0.235294117647059	NA	0.421052631578947	0.11864406779661
105	0.288888888888889	NA	NA	0.0318725099601594	0.141025641025641	0.294117647058824	0.166666666666667	NA	0.133333333333333	0.108433734939759	0.288888888888889	NA	NA	0.0318725099601594	0.141025641025641	0.294117647058824	0.166666666666667	NA	0.133333333333333	0.108433734939759
110	0.2	NA	NA	0.0392156862745098	0.151515151515152	0.333333333333333	0.130434782608696	NA	0.166666666666667	0.1	0.2	NA	NA	0.0392156862745098	0.151515151515152	0.333333333333333	0.130434782608696	NA	0.166666666666667	0.1
115	0.121212121212121	NA	NA	0.0469314079422383	0.142857142857143	0.388888888888889	0.307692307692308	NA	0.444444444444444	0.159574468085106	0.121212121212121	NA	NA	0.0469314079422383	0.142857142857143	0.388888888888889	0.307692307692308	NA	0.444444444444444	0.159574468085106
120	0.171428571428571	NA	NA	0.0258899676375405	0.145833333333333	0.230769230769231	0.238095238095238	NA	0.176470588235294	0.0641025641025641	0.171428571428571	NA	NA	0.0258899676375405	0.145833333333333	0.230769230769231	0.238095238095238	NA	0.176470588235294	0.0641025641025641
125	0.176470588235294	NA	NA	0.0467032967032967	0.18	0.347826086956522	0.259259259259259	NA	0.217391304347826	0.180851063829787	0.176470588235294	NA	NA	0.0467032967032967	0.18	0.347826086956522	0.259259259259259	NA	0.217391304347826	0.180851063829787
130	0.196078431372549	NA	NA	0.0268817204301075	0.104166666666667	0.25	0.238095238095238	NA	0.25	0.166666666666667	0.196078431372549	NA	NA	0.0268817204301075	0.104166666666667	0.25	0.238095238095238	NA	0.25	0.166666666666667
135	0.142857142857143	NA	NA	0.0209424083769634	0.157894736842105	0.35	0.285714285714286	NA	0.238095238095238	0.0975609756097561	0.142857142857143	NA	NA	0.0209424083769634	0.157894736842105	0.35	0.285714285714286	NA	0.238095238095238	0.0975609756097561
140	0.12280701754386	NA	NA	0.0256410256410256	0.172413793103448	0.363636363636364	0.363636363636364	NA	0.133333333333333	0.0583941605839416	0.12280701754386	NA	NA	0.0256410256410256	0.172413793103448	0.363636363636364	0.363636363636364	NA	0.133333333333333	0.0583941605839416
145	0.111111111111111	NA	NA	0.0205338809034908	0.241379310344828	0.228571428571429	0.230769230769231	NA	0.25	0.082089552238806	0.111111111111111	NA	NA	0.0205338809034908	0.241379310344828	0.228571428571429	0.230769230769231	NA	0.25	0.082089552238806
150	0.160714285714286	NA	NA	0.0169491525423729	0.148148148148148	0.0888888888888889	0.421052631578947	NA	0.277777777777778	0.0731707317073171	0.160714285714286	NA	NA	0.0169491525423729	0.148148148148148	0.0888888888888889	0.421052631578947	NA	0.277777777777778	0.0731707317073171
155	0.144927536231884	NA	NA	0.0209923664122137	0.275862068965517	0.145833333333333	0.291666666666667	NA	0.454545454545455	0.0451612903225806	0.144927536231884	NA	NA	0.0209923664122137	0.275862068965517	0.145833333333333	0.291666666666667	NA	0.454545454545455	0.0451612903225806
160	0.180327868852459	NA	NA	0.0281456953642384	0.272727272727273	0.114754098360656	0.333333333333333	NA	0.333333333333333	0.0718954248366013	0.180327868852459	NA	NA	0.0281456953642384	0.272727272727273	0.114754098360656	0.333333333333333	NA	0.333333333333333	0.0718954248366013
165	0.120689655172414	NA	NA	0.0207972270363951	0.155555555555556	0.135593220338983	0.1875	NA	0.214285714285714	0.0506329113924051	0.120689655172414	NA	NA	0.0207972270363951	0.155555555555556	0.135593220338983	0.1875	NA	0.214285714285714	0.0506329113924051
170	0.140625	NA	NA	0.0297202797202797	0.117647058823529	0.153846153846154	0.4	NA	0.545454545454545	0.0510204081632653	0.140625	NA	NA	0.0297202797202797	0.117647058823529	0.153846153846154	0.4	NA	0.545454545454545	0.0510204081632653
175	0.175438596491228	NA	NA	0.0152027027027027	0.218181818181818	0.101449275362319	0.303030303030303	NA	0.6	0.06	0.175438596491228	NA	NA	0.0152027027027027	0.218181818181818	0.101449275362319	0.303030303030303	NA	0.6	0.06
180	0.104477611940299	NA	NA	0.021875	0.123287671232877	0.204081632653061	0.294117647058824	NA	0.666666666666667	0.0462962962962963	0.104477611940299	NA	NA	0.021875	0.123287671232877	0.204081632653061	0.294117647058824	NA	0.666666666666667	0.0462962962962963
185	0.140625	NA	NA	0.0172413793103448	0.112359550561798	0.0754716981132075	0.206896551724138	NA	0.5	0.0474452554744526	0.140625	NA	NA	0.0172413793103448	0.112359550561798	0.0754716981132075	0.206896551724138	NA	0.5	0.0474452554744526
190	0.125	NA	NA	0.0204081632653061	0.11	0.130434782608696	0.347826086956522	NA	0.833333333333333	0.0352112676056338	0.125	NA	NA	0.0204081632653061	0.11	0.130434782608696	0.347826086956522	NA	0.833333333333333	0.0352112676056338
195	0.150943396226415	NA	NA	0.020310633213859	0.0918367346938776	0.122222222222222	0.25	NA	0.285714285714286	0.0390879478827362	0.150943396226415	NA	NA	0.020310633213859	0.0918367346938776	0.122222222222222	0.25	NA	0.285714285714286	0.0390879478827362
200	0.12280701754386	NA	NA	0.0281030444964871	0.0656934306569343	0.125	0.266666666666667	NA	0.428571428571429	0.0353260869565217	0.12280701754386	NA	NA	0.0281030444964871	0.0656934306569343	0.125	0.266666666666667	NA	0.428571428571429	0.0353260869565217
205	0.112903225806452	NA	NA	0.0149068322981366	0.0564516129032258	0.105263157894737	0.3	NA	0.470588235294118	0.0295698924731183	0.112903225806452	NA	NA	0.0149068322981366	0.0564516129032258	0.105263157894737	0.3	NA	0.470588235294118	0.0295698924731183
210	0.104166666666667	NA	NA	0.015990159901599	0.1015625	0.0718954248366013	0.368421052631579	NA	0.277777777777778	0.0249433106575964	0.104166666666667	NA	NA	0.015990159901599	0.1015625	0.0718954248366013	0.368421052631579	NA	0.277777777777778	0.0249433106575964
215	0.120689655172414	NA	NA	0.016969696969697	0.0785714285714286	0.0625	0.230769230769231	NA	0.19047619047619	0.0258620689655172	0.120689655172414	NA	NA	0.016969696969697	0.0785714285714286	0.0625	0.230769230769231	NA	0.19047619047619	0.0258620689655172
220	0.1	NA	NA	0.0174216027874564	0.0429447852760736	0.0862068965517241	0.227272727272727	NA	0.19047619047619	0.0268292682926829	0.1	NA	NA	0.0174216027874564	0.0429447852760736	0.0862068965517241	0.227272727272727	NA	0.19047619047619	0.0268292682926829
225	0.166666666666667	NA	NA	0.0143646408839779	0.0594594594594595	0.0548780487804878	0.291666666666667	NA	0.176470588235294	0.0266990291262136	0.166666666666667	NA	NA	0.0143646408839779	0.0594594594594595	0.0548780487804878	0.291666666666667	NA	0.176470588235294	0.0266990291262136
230	0.152542372881356	NA	NA	0.0153005464480874	0.0531914893617021	0.0658682634730539	0.217391304347826	NA	0.375	0.028436018957346	0.152542372881356	NA	NA	0.0153005464480874	0.0531914893617021	0.0658682634730539	0.217391304347826	NA	0.375	0.028436018957346
235	0.103896103896104	NA	NA	0.0149732620320856	0.0746268656716418	0.0516129032258065	0.324324324324324	NA	0.411764705882353	0.03125	0.103896103896104	NA	NA	0.0149732620320856	0.0746268656716418	0.0516129032258065	0.324324324324324	NA	0.411764705882353	0.03125
240	0.150537634408602	NA	NA	0.0134020618556701	0.0474137931034483	0.0670731707317073	0.282608695652174	NA	0.384615384615385	0.0315789473684211	0.150537634408602	NA	NA	0.0134020618556701	0.0474137931034483	0.0670731707317073	0.282608695652174	NA	0.384615384615385	0.0315789473684211
245	0.0705882352941176	NA	NA	0.0155109489051095	0.0386266094420601	0.0523255813953488	0.13953488372093	NA	0.5	0.027363184079602	0.0705882352941176	NA	NA	0.0155109489051095	0.0386266094420601	0.0523255813953488	0.13953488372093	NA	0.5	0.027363184079602
250	0.0810810810810811	NA	NA	0.0105820105820106	0.0380228136882129	0.0494505494505494	0.2	NA	0.384615384615385	0.03125	0.0810810810810811	NA	NA	0.0105820105820106	0.0380228136882129	0.0494505494505494	0.2	NA	0.384615384615385	0.03125
255	0.153153153153153	NA	NA	0.0145672664952871	0.0484429065743945	0.0634920634920635	0.285714285714286	NA	0.307692307692308	0.0300230946882217	0.153153153153153	NA	NA	0.0145672664952871	0.0484429065743945	0.0634920634920635	0.285714285714286	NA	0.307692307692308	0.0300230946882217
260	0.0707964601769911	NA	NA	0.011986301369863	0.0385852090032154	0.0520833333333333	0.153846153846154	NA	0.304347826086957	0.028322440087146	0.0707964601769911	NA	NA	0.011986301369863	0.0385852090032154	0.0520833333333333	0.153846153846154	NA	0.304347826086957	0.028322440087146
265	0.0928571428571429	NA	NA	0.0123456790123457	0.053156146179402	0.0606060606060606	0.176470588235294	NA	0.315789473684211	0.0269709543568465	0.0928571428571429	NA	NA	0.0123456790123457	0.053156146179402	0.0606060606060606	0.176470588235294	NA	0.315789473684211	0.0269709543568465
270	0.08	NA	NA	0.0108010801080108	0.0442176870748299	0.0371900826446281	0.222222222222222	NA	0.352941176470588	0.0352697095435685	0.08	NA	NA	0.0108010801080108	0.0442176870748299	0.0371900826446281	0.222222222222222	NA	0.352941176470588	0.0352697095435685
275	0.062992125984252	NA	NA	0.0162254483347566	0.0372881355932203	0.0448979591836735	0.19672131147541	NA	0.227272727272727	0.0209205020920502	0.062992125984252	NA	NA	0.0162254483347566	0.0372881355932203	0.0448979591836735	0.19672131147541	NA	0.227272727272727	0.0209205020920502
280	0.0681818181818182	NA	NA	0.014766201804758	0.0255591054313099	0.045643153526971	0.126984126984127	NA	0.1875	0.0238095238095238	0.0681818181818182	NA	NA	0.014766201804758	0.0255591054313099	0.045643153526971	0.126984126984127	NA	0.1875	0.0238095238095238
285	0.106870229007634	NA	NA	0.0105949470252649	0.0419354838709677	0.0511627906976744	0.183333333333333	NA	0.444444444444444	0.0276872964169381	0.106870229007634	NA	NA	0.0105949470252649	0.0419354838709677	0.0511627906976744	0.183333333333333	NA	0.444444444444444	0.0276872964169381
290	0.0657894736842105	NA	NA	0.0127768313458262	0.029520295202952	0.0484581497797357	0.152542372881356	NA	0.411764705882353	0.0212121212121212	0.0657894736842105	NA	NA	0.0127768313458262	0.029520295202952	0.0484581497797357	0.152542372881356	NA	0.411764705882353	0.0212121212121212
295	0.0536912751677852	NA	NA	0.0166112956810631	0.0449438202247191	0.0412844036697248	0.136986301369863	NA	0.25	0.0257966616084977	0.0536912751677852	NA	NA	0.0166112956810631	0.0449438202247191	0.0412844036697248	0.136986301369863	NA	0.25	0.0257966616084977
300	0.0684931506849315	NA	NA	0.0119617224880383	0.0335820895522388	0.0416666666666667	0.147058823529412	NA	0.461538461538462	0.0191518467852257	0.0684931506849315	NA	NA	0.0119617224880383	0.0335820895522388	0.0416666666666667	0.147058823529412	NA	0.461538461538462	0.0191518467852257
305	0.0429447852760736	NA	NA	0.0105184072126221	0.0351437699680511	0.0411522633744856	0.128205128205128	NA	0.625	0.0184696569920844	0.0429447852760736	NA	NA	0.0105184072126221	0.0351437699680511	0.0411522633744856	0.128205128205128	NA	0.625	0.0184696569920844
310	0.0695187165775401	NA	NA	0.0109289617486339	0.0353260869565217	0.0443548387096774	0.0869565217391304	NA	0.230769230769231	0.0192837465564738	0.0695187165775401	NA	NA	0.0109289617486339	0.0353260869565217	0.0443548387096774	0.0869565217391304	NA	0.230769230769231	0.0192837465564738
315	0.0473684210526316	NA	NA	0.0130869899923018	0.0298913043478261	0.0618181818181818	0.171717171717172	NA	0.555555555555556	0.0163934426229508	0.0473684210526316	NA	NA	0.0130869899923018	0.0298913043478261	0.0618181818181818	0.171717171717172	NA	0.555555555555556	0.0163934426229508
320	0.0549450549450549	NA	NA	0.0104094378903539	0.0392670157068063	0.0549450549450549	0.0919540229885057	NA	0.642857142857143	0.0187734668335419	0.0549450549450549	NA	NA	0.0104094378903539	0.0392670157068063	0.0549450549450549	0.0919540229885057	NA	0.642857142857143	0.0187734668335419
325	0.0645161290322581	NA	NA	0.0138686131386861	0.0310880829015544	0.0383141762452107	0.1	NA	0.333333333333333	0.0167741935483871	0.0645161290322581	NA	NA	0.0138686131386861	0.0310880829015544	0.0383141762452107	0.1	NA	0.333333333333333	0.0167741935483871
330	0.0432900432900433	NA	NA	0.00960827790096083	0.0276243093922652	0.044	0.09	NA	0.285714285714286	0.0168539325842697	0.0432900432900433	NA	NA	0.00960827790096083	0.0276243093922652	0.044	0.09	NA	0.285714285714286	0.0168539325842697
335	0.0567685589519651	NA	NA	0.0117279124315872	0.0215633423180593	0.0421455938697318	0.0666666666666667	NA	0.666666666666667	0.0145903479236813	0.0567685589519651	NA	NA	0.0117279124315872	0.0215633423180593	0.0421455938697318	0.0666666666666667	NA	0.666666666666667	0.0145903479236813
340	0.0347826086956522	NA	NA	0.0114591291061879	0.0272108843537415	0.0660377358490566	0.0632911392405063	NA	1	0.0227507755946225	0.0347826086956522	NA	NA	0.0114591291061879	0.0272108843537415	0.0660377358490566	0.0632911392405063	NA	1	0.0227507755946225
345	0.0516431924882629	NA	NA	0.0119808306709265	0.0305882352941176	0.0384615384615385	0.069364161849711	NA	0.75	0.0201271186440678	0.0516431924882629	NA	NA	0.0119808306709265	0.0305882352941176	0.0384615384615385	0.069364161849711	NA	0.75	0.0201271186440678
350	0.0412844036697248	NA	NA	0.0110076206604572	0.0277777777777778	0.027027027027027	0.0466666666666667	NA	0.666666666666667	0.0174757281553398	0.0412844036697248	NA	NA	0.0110076206604572	0.0277777777777778	0.027027027027027	0.0466666666666667	NA	0.666666666666667	0.0174757281553398
355	0.0582010582010582	NA	NA	0.0135021097046414	0.0221327967806841	0.0266272189349112	0.0522388059701493	NA	1	0.0145322434150772	0.0582010582010582	NA	NA	0.0135021097046414	0.0221327967806841	0.0266272189349112	0.0522388059701493	NA	1	0.0145322434150772
360	0.0558375634517767	NA	NA	0.012326656394453	0.0309477756286267	0.0373563218390805	0.0725806451612903	NA	0.461538461538462	0.0157618213660245	0.0558375634517767	NA	NA	0.012326656394453	0.0309477756286267	0.0373563218390805	0.0725806451612903	NA	0.461538461538462	0.0157618213660245
365	0.0384615384615385	NA	NA	0.0123743232791957	0.0185185185185185	0.0486322188449848	0.0666666666666667	NA	0.333333333333333	0.0223944875107666	0.0384615384615385	NA	NA	0.0123743232791957	0.0185185185185185	0.0486322188449848	0.0666666666666667	NA	0.333333333333333	0.0223944875107666
370	0.0386266094420601	NA	NA	0.0125293657008614	0.0223880597014925	0.0292397660818713	0.144067796610169	NA	0.5	0.0145985401459854	0.0386266094420601	NA	NA	0.0125293657008614	0.0223880597014925	0.0292397660818713	0.144067796610169	NA	0.5	0.0145985401459854
375	0.0436507936507936	NA	NA	0.0114754098360656	0.0224032586558045	0.0431266846361186	0.0693069306930693	NA	0.714285714285714	0.0104803493449782	0.0436507936507936	NA	NA	0.0114754098360656	0.0224032586558045	0.0431266846361186	0.0693069306930693	NA	0.714285714285714	0.0104803493449782
380	0.0484581497797357	NA	NA	0.0120171673819742	0.021484375	0.0358126721763085	0.0851063829787234	NA	0.571428571428571	0.0139573070607553	0.0484581497797357	NA	NA	0.0120171673819742	0.021484375	0.0358126721763085	0.0851063829787234	NA	0.571428571428571	0.0139573070607553
385	0.0355731225296443	NA	NA	0.0110599078341014	0.0363247863247863	0.0263852242744063	0.0918367346938776	NA	0.5	0.0167084377610693	0.0355731225296443	NA	NA	0.0110599078341014	0.0363247863247863	0.0263852242744063	0.0918367346938776	NA	0.5	0.0167084377610693
390	0.032520325203252	NA	NA	0.0123927550047664	0.0239520958083832	0.0221674876847291	0.0720720720720721	NA	0.384615384615385	0.0161550888529887	0.032520325203252	NA	NA	0.0123927550047664	0.0239520958083832	0.0221674876847291	0.0720720720720721	NA	0.384615384615385	0.0161550888529887
395	0.037037037037037	NA	NA	0.0125391849529781	0.0245746691871456	0.0298165137614679	0.0760869565217391	NA	0.333333333333333	0.0154346060113729	0.037037037037037	NA	NA	0.0125391849529781	0.0245746691871456	0.0298165137614679	0.0760869565217391	NA	0.333333333333333	0.0154346060113729
400	0.0339506172839506	NA	NA	0.0132517838939857	0.0270793036750484	0.0248306997742664	0.155963302752294	NA	0.625	0.0194420963651733	0.0339506172839506	NA	NA	0.0132517838939857	0.0270793036750484	0.0248306997742664	0.155963302752294	NA	0.625	0.0194420963651733
405	0.0251572327044025	NA	NA	0.0273972602739726	0.020746887966805	0.0296127562642369	0.0927835051546392	NA	0.6	0.0132231404958678	0.0251572327044025	NA	NA	0.0273972602739726	0.020746887966805	0.0296127562642369	0.0927835051546392	NA	0.6	0.0132231404958678
410	0.0340136054421769	NA	NA	0.0141176470588235	0.0247933884297521	0.0248565965583174	0.112244897959184	NA	0.4	0.00933852140077821	0.0340136054421769	NA	NA	0.0141176470588235	0.0247933884297521	0.0248565965583174	0.112244897959184	NA	0.4	0.00933852140077821
415	0.0612903225806452	NA	NA	0.0128205128205128	0.0314814814814815	0.0347349177330896	0.0842105263157895	NA	0.5	0.0128102481985588	0.0612903225806452	NA	NA	0.0128205128205128	0.0314814814814815	0.0347349177330896	0.0842105263157895	NA	0.5	0.0128102481985588
420	0.033003300330033	NA	NA	0.0133333333333333	0.0204778156996587	0.0322003577817531	0.0721649484536082	NA	0.333333333333333	0.0142021720969089	0.033003300330033	NA	NA	0.0133333333333333	0.0204778156996587	0.0322003577817531	0.0721649484536082	NA	0.333333333333333	0.0142021720969089
425	0.0441176470588235	NA	NA	0.0167095115681234	0.022181146025878	0.0208695652173913	0.0825688073394495	NA	0.333333333333333	0.0110497237569061	0.0441176470588235	NA	NA	0.0167095115681234	0.022181146025878	0.0208695652173913	0.0825688073394495	NA	0.333333333333333	0.0110497237569061
430	0.0372670807453416	NA	NA	0.0161725067385445	0.0245746691871456	0.0195035460992908	0.0970149253731343	NA	0.263157894736842	0.0101954120645709	0.0372670807453416	NA	NA	0.0161725067385445	0.0245746691871456	0.0195035460992908	0.0970149253731343	NA	0.263157894736842	0.0101954120645709
435	0.03125	NA	NA	0.0196353436185133	0.0280373831775701	0.032520325203252	0.0592592592592593	NA	0.294117647058824	0.0150659133709981	0.03125	NA	NA	0.0196353436185133	0.0280373831775701	0.032520325203252	0.0592592592592593	NA	0.294117647058824	0.0150659133709981
440	0.0274725274725275	NA	NA	0.0178306092124814	0.0255402750491159	0.0205992509363296	0.0774647887323944	NA	0.3125	0.0121951219512195	0.0274725274725275	NA	NA	0.0178306092124814	0.0255402750491159	0.0205992509363296	0.0774647887323944	NA	0.3125	0.0121951219512195
445	0.0657534246575342	NA	NA	0.0202492211838006	0.0257425742574257	0.0263653483992467	0.0816326530612245	NA	0.4	0.0154888673765731	0.0657534246575342	NA	NA	0.0202492211838006	0.0257425742574257	0.0263653483992467	0.0816326530612245	NA	0.4	0.0154888673765731
450	0.027363184079602	NA	NA	0.0166666666666667	0.0245746691871456	0.0339702760084926	0.0507246376811594	NA	0.333333333333333	0.0153688524590164	0.027363184079602	NA	NA	0.0166666666666667	0.0245746691871456	0.0339702760084926	0.0507246376811594	NA	0.333333333333333	0.0153688524590164
455	0.0324825986078886	NA	NA	0.0193861066235864	0.0301953818827709	0.0222672064777328	0.0838709677419355	NA	0.21875	0.0145089285714286	0.0324825986078886	NA	NA	0.0193861066235864	0.0301953818827709	0.0222672064777328	0.0838709677419355	NA	0.21875	0.0145089285714286
460	0.0229357798165138	NA	NA	0.0212014134275618	0.0231023102310231	0.022964509394572	0.051948051948052	NA	0.176470588235294	0.0153677277716795	0.0229357798165138	NA	NA	0.0212014134275618	0.0231023102310231	0.022964509394572	0.051948051948052	NA	0.176470588235294	0.0153677277716795
465	0.0274841437632135	NA	NA	0.0324427480916031	0.0258064516129032	0.0305498981670061	0.0555555555555556	NA	0.14	0.0166666666666667	0.0274841437632135	NA	NA	0.0324427480916031	0.0258064516129032	0.0305498981670061	0.0555555555555556	NA	0.14	0.0166666666666667
470	0.0231660231660232	NA	NA	0.0409683426443203	0.0203125	0.0173913043478261	0.0538922155688623	NA	0.13953488372093	0.0151024811218986	0.0231660231660232	NA	NA	0.0409683426443203	0.0203125	0.0173913043478261	0.0538922155688623	NA	0.13953488372093	0.0151024811218986
475	0.0183028286189684	NA	NA	0.0224489795918367	0.0275650842266462	0.0166389351081531	0.0483870967741935	NA	0.177777777777778	0.00996677740863787	0.0183028286189684	NA	NA	0.0224489795918367	0.0275650842266462	0.0166389351081531	0.0483870967741935	NA	0.177777777777778	0.00996677740863787
480	0.0198776758409786	NA	NA	0.0242825607064018	0.0202312138728324	0.0180327868852459	0.0721153846153846	NA	0.127659574468085	0.0130331753554502	0.0198776758409786	NA	NA	0.0242825607064018	0.0202312138728324	0.0180327868852459	0.0721153846153846	NA	0.127659574468085	0.0130331753554502
485	0.020260492040521	NA	NA	0.0327455919395466	0.0221642764015645	0.0188383045525903	0.0754716981132075	NA	0.0833333333333333	0.0174482006543075	0.020260492040521	NA	NA	0.0327455919395466	0.0221642764015645	0.0188383045525903	0.0754716981132075	NA	0.0833333333333333	0.0174482006543075
490	0.0153417015341702	NA	NA	0.0283018867924528	0.0166666666666667	0.0145772594752187	0.055793991416309	NA	0.157894736842105	0.0125858123569794	0.0153417015341702	NA	NA	0.0283018867924528	0.0166666666666667	0.0145772594752187	0.055793991416309	NA	0.157894736842105	0.0125858123569794
495	0.0170380078636959	NA	NA	0.033003300330033	0.020746887966805	0.0151933701657459	0.0456273764258555	NA	0.147058823529412	0.0191846522781775	0.0170380078636959	NA	NA	0.033003300330033	0.020746887966805	0.0151933701657459	0.0456273764258555	NA	0.147058823529412	0.0191846522781775
500	0.0143042912873862	NA	NA	0.0318021201413428	0.0126760563380282	0.0193939393939394	0.0622568093385214	NA	0.183098591549296	0.0139049826187717	0.0143042912873862	NA	NA	0.0318021201413428	0.0126760563380282	0.0193939393939394	0.0622568093385214	NA	0.183098591549296	0.0139049826187717
505	0.0201900237529691	NA	NA	0.0441767068273092	0.0193637621023513	0.0199530516431925	0.0909090909090909	NA	0.151898734177215	0.0145310435931308	0.0201900237529691	NA	NA	0.0441767068273092	0.0193637621023513	0.0199530516431925	0.0909090909090909	NA	0.151898734177215	0.0145310435931308
510	0.013172338090011	NA	NA	0.0353982300884956	0.0163934426229508	0.0152941176470588	0.0579150579150579	NA	0.102272727272727	0.018005540166205	0.013172338090011	NA	NA	0.0353982300884956	0.0163934426229508	0.0152941176470588	0.0579150579150579	NA	0.102272727272727	0.018005540166205
515	0.0157232704402516	NA	NA	0.0877862595419847	0.0143979057591623	0.0154440154440154	0.0476190476190476	NA	0.0879120879120879	0.0149253731343284	0.0157232704402516	NA	NA	0.0877862595419847	0.0143979057591623	0.0154440154440154	0.0476190476190476	NA	0.0879120879120879	0.0149253731343284
520	0.0180275715800636	NA	NA	0.0353982300884956	0.0281124497991968	0.0159118727050184	0.0421052631578947	NA	0.0943396226415094	0.0138121546961326	0.0180275715800636	NA	NA	0.0353982300884956	0.0281124497991968	0.0159118727050184	0.0421052631578947	NA	0.0943396226415094	0.0138121546961326
525	0.0174672489082969	NA	NA	0.0540540540540541	0.0162721893491124	0.0204865556978233	0.049079754601227	NA	0.075187969924812	0.0219619326500732	0.0174672489082969	NA	NA	0.0540540540540541	0.0162721893491124	0.0204865556978233	0.049079754601227	NA	0.075187969924812	0.0219619326500732
530	0.0148571428571429	NA	NA	0.0869565217391304	0.0185449358059914	0.0195058517555267	0.036144578313253	NA	0.0984848484848485	0.0214723926380368	0.0148571428571429	NA	NA	0.0869565217391304	0.0185449358059914	0.0195058517555267	0.036144578313253	NA	0.0984848484848485	0.0214723926380368
535	0.0151843817787419	NA	NA	0.147058823529412	0.0178306092124814	0.0217669654289373	0.0343839541547278	NA	0.130434782608696	0.0183946488294314	0.0151843817787419	NA	NA	0.147058823529412	0.0178306092124814	0.0217669654289373	0.0343839541547278	NA	0.130434782608696	0.0183946488294314
540	0.0117021276595745	NA	NA	0.0538922155688623	0.0181219110378913	0.0193842645381984	0.0279187817258883	NA	0.0819672131147541	0.0154373927958834	0.0117021276595745	NA	NA	0.0538922155688623	0.0181219110378913	0.0193842645381984	0.0279187817258883	NA	0.0819672131147541	0.0154373927958834
545	0.0137420718816068	NA	NA	0.0564971751412429	0.017741935483871	0.0119565217391304	0.0247524752475248	NA	0.104166666666667	0.0192644483362522	0.0137420718816068	NA	NA	0.0564971751412429	0.017741935483871	0.0119565217391304	0.0247524752475248	NA	0.104166666666667	0.0192644483362522
550	0.0111982082866741	NA	NA	0.065359477124183	0.0214168039538715	0.019036954087346	0.0376940133037694	NA	0.133333333333333	0.0212355212355212	0.0111982082866741	NA	NA	0.065359477124183	0.0214168039538715	0.019036954087346	0.0376940133037694	NA	0.133333333333333	0.0212355212355212
555	0.0110775427995972	NA	NA	0.0866141732283465	0.0164233576642336	0.0128893662728249	0.0250965250965251	NA	0.176470588235294	0.0318181818181818	0.0110775427995972	NA	NA	0.0866141732283465	0.0164233576642336	0.0128893662728249	0.0250965250965251	NA	0.176470588235294	0.0318181818181818
560	0.0153374233128834	NA	NA	0.125	0.0190114068441065	0.010183299389002	0.0255009107468124	NA	0.134615384615385	0.0324825986078886	0.0153374233128834	NA	NA	0.125	0.0190114068441065	0.010183299389002	0.0255009107468124	NA	0.134615384615385	0.0324825986078886
565	0.0171428571428571	NA	NA	0.0763358778625954	0.0451127819548872	0.0106796116504854	0.0184873949579832	NA	0.2	0.0411622276029056	0.0171428571428571	NA	NA	0.0763358778625954	0.0451127819548872	0.0106796116504854	0.0184873949579832	NA	0.2	0.0411622276029056
570	0.011214953271028	NA	NA	0.0707964601769911	0.0294117647058824	0.0186457311089303	0.02	NA	0.121951219512195	0.0388349514563107	0.011214953271028	NA	NA	0.0707964601769911	0.0294117647058824	0.0186457311089303	0.02	NA	0.121951219512195	0.0388349514563107
575	0.0152671755725191	NA	NA	0.0652173913043478	0.0199203187250996	0.0142857142857143	0.0182370820668693	NA	0.205128205128205	0.0234375	0.0152671755725191	NA	NA	0.0652173913043478	0.0199203187250996	0.0142857142857143	0.0182370820668693	NA	0.205128205128205	0.0234375
580	0.0156862745098039	NA	NA	0.0821917808219178	0.0211946050096339	0.01329534662868	0.0189228529839884	NA	0.15625	0.0273972602739726	0.0156862745098039	NA	NA	0.0821917808219178	0.0211946050096339	0.01329534662868	0.0189228529839884	NA	0.15625	0.0273972602739726
585	0.0119402985074627	NA	NA	0.107692307692308	0.0260707635009311	0.0147058823529412	0.0220779220779221	NA	0.285714285714286	0.0284900284900285	0.0119402985074627	NA	NA	0.107692307692308	0.0260707635009311	0.0147058823529412	0.0220779220779221	NA	0.285714285714286	0.0284900284900285
590	0.0105374077976818	NA	NA	0.196078431372549	0.017825311942959	0.0138339920948617	0.015	NA	0.2	0.0354838709677419	0.0105374077976818	NA	NA	0.196078431372549	0.017825311942959	0.0138339920948617	0.015	NA	0.2	0.0354838709677419
595	0.0110552763819095	NA	NA	0.136363636363636	0.0227272727272727	0.013265306122449	0.0157068062827225	NA	0.263157894736842	0.037542662116041	0.0110552763819095	NA	NA	0.136363636363636	0.0227272727272727	0.013265306122449	0.0157068062827225	NA	0.263157894736842	0.037542662116041
600	0.0132200188857413	NA	NA	0.212765957446809	0.0291666666666667	0.0167714884696017	0.0165816326530612	NA	0.526315789473684	0.0551470588235294	0.0132200188857413	NA	NA	0.212765957446809	0.0291666666666667	0.0167714884696017	0.0165816326530612	NA	0.526315789473684	0.0551470588235294
605	0.0101102941176471	NA	NA	0.255813953488372	0.0217864923747277	0.0152905198776758	0.0161104718066743	NA	0.333333333333333	0.0285714285714286	0.0101102941176471	NA	NA	0.255813953488372	0.0217864923747277	0.0152905198776758	0.0161104718066743	NA	0.333333333333333	0.0285714285714286
610	0.024085637823372	NA	NA	0.16	0.0287610619469027	0.0133185349611543	0.0152008686210641	NA	0.416666666666667	0.0260223048327138	0.024085637823372	NA	NA	0.16	0.0287610619469027	0.0133185349611543	0.0152008686210641	NA	0.416666666666667	0.0260223048327138
615	0.014985014985015	NA	NA	0.18	0.0295454545454545	0.0134983127109111	0.0142231947483589	NA	0.384615384615385	0.0415094339622641	0.014985014985015	NA	NA	0.18	0.0295454545454545	0.0134983127109111	0.0142231947483589	NA	0.384615384615385	0.0415094339622641
620	0.015511892450879	NA	NA	0.219512195121951	0.0223214285714286	0.0164126611957796	0.0163934426229508	NA	0.333333333333333	0.0495867768595041	0.015511892450879	NA	NA	0.219512195121951	0.0223214285714286	0.0164126611957796	0.0163934426229508	NA	0.333333333333333	0.0495867768595041
625	0.01417004048583	NA	NA	0.1875	0.0328638497652582	0.0152403282532239	0.0129589632829374	NA	0.541666666666667	0.0434782608695652	0.01417004048583	NA	NA	0.1875	0.0328638497652582	0.0152403282532239	0.0129589632829374	NA	0.541666666666667	0.0434782608695652
630	0.0250783699059561	NA	NA	0.159090909090909	0.0404761904761905	0.0175438596491228	0.0133333333333333	NA	0.333333333333333	0.053639846743295	0.0250783699059561	NA	NA	0.159090909090909	0.0404761904761905	0.0175438596491228	0.0133333333333333	NA	0.333333333333333	0.053639846743295
635	0.0156087408949011	NA	NA	0.194444444444444	0.025974025974026	0.0115074798619102	0.0121951219512195	NA	0.294117647058824	0.0505415162454874	0.0156087408949011	NA	NA	0.194444444444444	0.025974025974026	0.0115074798619102	0.0121951219512195	NA	0.294117647058824	0.0505415162454874
640	0.0154525386313466	NA	NA	0.163265306122449	0.0298913043478261	0.0174825174825175	0.0130260521042084	NA	0.133333333333333	0.0338983050847458	0.0154525386313466	NA	NA	0.163265306122449	0.0298913043478261	0.0174825174825175	0.0130260521042084	NA	0.133333333333333	0.0338983050847458
645	0.013172338090011	NA	NA	0.173076923076923	0.0369318181818182	0.0135135135135135	0.0155038759689922	NA	0.151515151515152	0.0320284697508897	0.013172338090011	NA	NA	0.173076923076923	0.0369318181818182	0.0135135135135135	0.0155038759689922	NA	0.151515151515152	0.0320284697508897
650	0.0199296600234467	NA	NA	0.219512195121951	0.0369318181818182	0.0276110444177671	0.0141843971631206	NA	0.111111111111111	0.0415094339622641	0.0199296600234467	NA	NA	0.219512195121951	0.0369318181818182	0.0276110444177671	0.0141843971631206	NA	0.111111111111111	0.0415094339622641
655	0.0188902007083825	NA	NA	0.0833333333333333	0.0356083086053412	0.0153649167733675	0.0134436401240951	NA	0.226415094339623	0.0376569037656904	0.0188902007083825	NA	NA	0.0833333333333333	0.0356083086053412	0.0153649167733675	0.0134436401240951	NA	0.226415094339623	0.0376569037656904
660	0.0167464114832536	NA	NA	0.290322580645161	0.0583090379008746	0.0147058823529412	0.0130260521042084	NA	0.125	0.0418604651162791	0.0167464114832536	NA	NA	0.290322580645161	0.0583090379008746	0.0147058823529412	0.0130260521042084	NA	0.125	0.0418604651162791
665	0.0135135135135135	NA	NA	0.142857142857143	0.0303867403314917	0.0211864406779661	0.0137566137566138	NA	0.166666666666667	0.0591397849462366	0.0135135135135135	NA	NA	0.142857142857143	0.0303867403314917	0.0211864406779661	0.0137566137566138	NA	0.166666666666667	0.0591397849462366
670	0.0193939393939394	NA	NA	0.228571428571429	0.0307262569832402	0.0187667560321716	0.0134020618556701	NA	0.152542372881356	0.0365853658536585	0.0193939393939394	NA	NA	0.228571428571429	0.0307262569832402	0.0187667560321716	0.0134020618556701	NA	0.152542372881356	0.0365853658536585
675	0.0230515916575192	NA	NA	0.230769230769231	0.0353982300884956	0.0151724137931034	0.0134575569358178	NA	0.106060606060606	0.0573248407643312	0.0230515916575192	NA	NA	0.230769230769231	0.0353982300884956	0.0151724137931034	0.0134575569358178	NA	0.106060606060606	0.0573248407643312
680	0.0148148148148148	NA	NA	0.5	0.0349206349206349	0.0178326474622771	0.0183066361556064	NA	0.130434782608696	0.0920245398773006	0.0148148148148148	NA	NA	0.5	0.0349206349206349	0.0178326474622771	0.0183066361556064	NA	0.130434782608696	0.0920245398773006
685	0.0170212765957447	NA	NA	0.307692307692308	0.0382352941176471	0.0229555236728838	0.0127226463104326	NA	0.0921052631578947	0.0821917808219178	0.0170212765957447	NA	NA	0.307692307692308	0.0382352941176471	0.0229555236728838	0.0127226463104326	NA	0.0921052631578947	0.0821917808219178
690	0.0223529411764706	NA	NA	0.5	0.0319767441860465	0.0159744408945687	0.0158924205378973	NA	0.0967741935483871	0.0636363636363636	0.0223529411764706	NA	NA	0.5	0.0319767441860465	0.0159744408945687	0.0158924205378973	NA	0.0967741935483871	0.0636363636363636
695	0.0151706700379267	NA	NA	0.352941176470588	0.0431893687707641	0.0206185567010309	0.0165289256198347	NA	0.10752688172043	0.09375	0.0151706700379267	NA	NA	0.352941176470588	0.0431893687707641	0.0206185567010309	0.0165289256198347	NA	0.10752688172043	0.09375
700	0.013550135501355	NA	NA	0.380952380952381	0.0334448160535117	0.021978021978022	0.0161104718066743	NA	0.0786516853932584	0.0897435897435897	0.013550135501355	NA	NA	0.380952380952381	0.0334448160535117	0.021978021978022	0.0161104718066743	NA	0.0786516853932584	0.0897435897435897
705	0.0198863636363636	NA	NA	0.2	0.0304054054054054	0.0228571428571429	0.0196531791907514	NA	0.0786516853932584	0.173076923076923	0.0198863636363636	NA	NA	0.2	0.0304054054054054	0.0228571428571429	0.0196531791907514	NA	0.0786516853932584	0.173076923076923
710	0.0180806675938804	NA	NA	0.333333333333333	0.0385756676557863	0.0277227722772277	0.015963511972634	NA	0.12	0.18	0.0180806675938804	NA	NA	0.333333333333333	0.0385756676557863	0.0277227722772277	0.015963511972634	NA	0.12	0.18
715	0.0243243243243243	NA	NA	1	0.0516129032258065	0.0253411306042885	0.0178571428571429	NA	0.111111111111111	0.0961538461538462	0.0243243243243243	NA	NA	1	0.0516129032258065	0.0253411306042885	0.0178571428571429	NA	0.111111111111111	0.0961538461538462
720	0.0146276595744681	NA	NA	0.5	0.0512048192771084	0.0223048327137546	0.0136518771331058	NA	0.0909090909090909	0.11864406779661	0.0146276595744681	NA	NA	0.5	0.0512048192771084	0.0223048327137546	0.0136518771331058	NA	0.0909090909090909	0.11864406779661
725	0.0163265306122449	NA	NA	NA	0.05	0.0218181818181818	0.0178147268408551	NA	0.0545454545454545	0.12	0.0163265306122449	NA	NA	NA	0.05	0.0218181818181818	0.0178147268408551	NA	0.0545454545454545	0.12
730	0.0181818181818182	NA	NA	NA	0.0367892976588629	0.0202205882352941	0.0125470514429109	NA	0.0707964601769911	0.217391304347826	0.0181818181818182	NA	NA	NA	0.0367892976588629	0.0202205882352941	0.0125470514429109	NA	0.0707964601769911	0.217391304347826
735	0.0181818181818182	NA	NA	NA	0.0352112676056338	0.0340909090909091	0.0116580310880829	NA	0.079646017699115	0.173076923076923	0.0181818181818182	NA	NA	NA	0.0352112676056338	0.0340909090909091	0.0116580310880829	NA	0.079646017699115	0.173076923076923
740	0.0187793427230047	NA	NA	NA	0.0505415162454874	0.0233918128654971	0.018359853121175	NA	0.0545454545454545	0.0967741935483871	0.0187793427230047	NA	NA	NA	0.0505415162454874	0.0233918128654971	0.018359853121175	NA	0.0545454545454545	0.0967741935483871
745	0.0185185185185185	NA	NA	NA	0.0396825396825397	0.027906976744186	0.0135900339750849	NA	0.0720720720720721	0.161290322580645	0.0185185185185185	NA	NA	NA	0.0396825396825397	0.027906976744186	0.0135900339750849	NA	0.0720720720720721	0.161290322580645
750	0.020979020979021	NA	NA	NA	0.0513833992094862	0.027906976744186	0.0173010380622837	NA	0.0666666666666667	0.242424242424242	0.020979020979021	NA	NA	NA	0.0513833992094862	0.027906976744186	0.0173010380622837	NA	0.0666666666666667	0.242424242424242
755	0.0234657039711191	NA	NA	NA	0.0611353711790393	0.025974025974026	0.0176678445229682	NA	0.0638297872340425	0.230769230769231	0.0234657039711191	NA	NA	NA	0.0611353711790393	0.025974025974026	0.0176678445229682	NA	0.0638297872340425	0.230769230769231
760	0.0280898876404494	NA	NA	NA	0.0365296803652968	0.0344827586206897	0.0138364779874214	NA	0.100917431192661	0.133333333333333	0.0280898876404494	NA	NA	NA	0.0365296803652968	0.0344827586206897	0.0138364779874214	NA	0.100917431192661	0.133333333333333
765	0.0229681978798587	NA	NA	NA	0.0392156862745098	0.028328611898017	0.0142118863049096	NA	0.116666666666667	0.290322580645161	0.0229681978798587	NA	NA	NA	0.0392156862745098	0.028328611898017	0.0142118863049096	NA	0.116666666666667	0.290322580645161
770	0.024904214559387	NA	NA	NA	0.0423280423280423	0.028125	0.0151706700379267	NA	0.0735294117647059	0.129032258064516	0.024904214559387	NA	NA	NA	0.0423280423280423	0.028125	0.0151706700379267	NA	0.0735294117647059	0.129032258064516
775	0.0207547169811321	NA	NA	NA	0.0483870967741935	0.0321637426900585	0.0207756232686981	NA	0.0612244897959184	0.0967741935483871	0.0207547169811321	NA	NA	NA	0.0483870967741935	0.0321637426900585	0.0207756232686981	NA	0.0612244897959184	0.0967741935483871
780	0.0351966873706004	NA	NA	NA	0.0517241379310345	0.0564263322884013	0.0205882352941176	NA	0.0507246376811594	0.120689655172414	0.0351966873706004	NA	NA	NA	0.0517241379310345	0.0564263322884013	0.0205882352941176	NA	0.0507246376811594	0.120689655172414
785	0.0238611713665944	NA	NA	NA	0.0484848484848485	0.0397350993377483	0.0139968895800933	NA	0.133333333333333	0.101694915254237	0.0238611713665944	NA	NA	NA	0.0484848484848485	0.0397350993377483	0.0139968895800933	NA	0.133333333333333	0.101694915254237
790	0.0246406570841889	NA	NA	NA	0.0584795321637427	0.0515463917525773	0.0175182481751825	NA	0.0666666666666667	0.181818181818182	0.0246406570841889	NA	NA	NA	0.0584795321637427	0.0515463917525773	0.0175182481751825	NA	0.0666666666666667	0.181818181818182
795	0.0318091451292246	NA	NA	NA	0.0636942675159236	0.0422535211267606	0.0184397163120567	NA	0.0852713178294574	0.142857142857143	0.0318091451292246	NA	NA	NA	0.0636942675159236	0.0422535211267606	0.0184397163120567	NA	0.0852713178294574	0.142857142857143
800	0.0182926829268293	NA	NA	NA	0.0763888888888889	0.0348837209302326	0.0187861271676301	NA	0.0661764705882353	0.1875	0.0182926829268293	NA	NA	NA	0.0763888888888889	0.0348837209302326	0.0187861271676301	NA	0.0661764705882353	0.1875
805	0.0214592274678112	NA	NA	NA	0.0628930817610063	0.0297872340425532	0.0135746606334842	NA	0.0451612903225806	0.2	0.0214592274678112	NA	NA	NA	0.0628930817610063	0.0297872340425532	0.0135746606334842	NA	0.0451612903225806	0.2
810	0.027972027972028	NA	NA	NA	0.0526315789473684	0.0443548387096774	0.0190174326465927	NA	0.0584795321637427	0.227272727272727	0.027972027972028	NA	NA	NA	0.0526315789473684	0.0443548387096774	0.0190174326465927	NA	0.0584795321637427	0.227272727272727
815	0.0327455919395466	NA	NA	NA	0.122448979591837	0.0557768924302789	0.0337078651685393	NA	0.0681818181818182	0.388888888888889	0.0327455919395466	NA	NA	NA	0.122448979591837	0.0557768924302789	0.0337078651685393	NA	0.0681818181818182	0.388888888888889
820	0.0401069518716578	NA	NA	NA	0.072463768115942	0.0347826086956522	0.0207253886010363	NA	0.0773809523809524	0.352941176470588	0.0401069518716578	NA	NA	NA	0.072463768115942	0.0347826086956522	0.0207253886010363	NA	0.0773809523809524	0.352941176470588
825	0.0264705882352941	NA	NA	NA	0.0610687022900763	0.0474308300395257	0.0346153846153846	NA	0.0740740740740741	0.222222222222222	0.0264705882352941	NA	NA	NA	0.0610687022900763	0.0474308300395257	0.0346153846153846	NA	0.0740740740740741	0.222222222222222
830	0.0269360269360269	NA	NA	NA	0.0612244897959184	0.0377358490566038	0.0225140712945591	NA	0.0633802816901408	0.444444444444444	0.0269360269360269	NA	NA	NA	0.0612244897959184	0.0377358490566038	0.0225140712945591	NA	0.0633802816901408	0.444444444444444
835	0.036231884057971	NA	NA	NA	0.0723684210526316	0.0324909747292419	0.0196078431372549	NA	0.0648648648648649	0.5	0.036231884057971	NA	NA	NA	0.0723684210526316	0.0324909747292419	0.0196078431372549	NA	0.0648648648648649	0.5
840	0.0337078651685393	NA	NA	NA	0.0714285714285714	0.04296875	0.0303030303030303	NA	0.087378640776699	0.363636363636364	0.0337078651685393	NA	NA	NA	0.0714285714285714	0.04296875	0.0303030303030303	NA	0.087378640776699	0.363636363636364
845	0.044	NA	NA	NA	0.089041095890411	0.0568720379146919	0.0178890876565295	NA	0.0476190476190476	0.857142857142857	0.044	NA	NA	NA	0.089041095890411	0.0568720379146919	0.0178890876565295	NA	0.0476190476190476	0.857142857142857
850	0.0576923076923077	NA	NA	NA	0.0670731707317073	0.05625	0.0263653483992467	NA	0.0520833333333333	0.5	0.0576923076923077	NA	NA	NA	0.0670731707317073	0.05625	0.0263653483992467	NA	0.0520833333333333	0.5
855	0.0533333333333333	NA	NA	NA	0.0467836257309941	0.0701754385964912	0.0272232304900181	NA	0.0358744394618834	1	0.0533333333333333	NA	NA	NA	0.0467836257309941	0.0701754385964912	0.0272232304900181	NA	0.0358744394618834	1
860	0.0458715596330275	NA	NA	NA	0.0523255813953488	0.0509554140127389	0.0266393442622951	NA	0.0448430493273543	NA	0.0458715596330275	NA	NA	NA	0.0523255813953488	0.0509554140127389	0.0266393442622951	NA	0.0448430493273543	NA
865	0.0489795918367347	NA	NA	NA	0.0902777777777778	0.0613496932515337	0.0290178571428571	NA	0.0416666666666667	NA	0.0489795918367347	NA	NA	NA	0.0902777777777778	0.0613496932515337	0.0290178571428571	NA	0.0416666666666667	NA
870	0.056	NA	NA	NA	0.0774647887323944	0.0638297872340425	0.025	NA	0.0429447852760736	NA	0.056	NA	NA	NA	0.0774647887323944	0.0638297872340425	0.025	NA	0.0429447852760736	NA
875	0.0444444444444444	NA	NA	NA	0.072463768115942	0.0808080808080808	0.0285087719298246	NA	0.0325443786982249	NA	0.0444444444444444	NA	NA	NA	0.072463768115942	0.0808080808080808	0.0285087719298246	NA	0.0325443786982249	NA
880	0.0451127819548872	NA	NA	NA	0.0579710144927536	0.0777777777777778	0.0287958115183246	NA	0.0331491712707182	NA	0.0451127819548872	NA	NA	NA	0.0579710144927536	0.0777777777777778	0.0287958115183246	NA	0.0331491712707182	NA
885	0.0434782608695652	NA	NA	NA	0.0753424657534247	0.13	0.0419161676646707	NA	0.0340909090909091	NA	0.0434782608695652	NA	NA	NA	0.0753424657534247	0.13	0.0419161676646707	NA	0.0340909090909091	NA
890	0.0467289719626168	NA	NA	NA	0.0425531914893617	0.168224299065421	0.0369230769230769	NA	0.0284900284900285	NA	0.0467289719626168	NA	NA	NA	0.0425531914893617	0.168224299065421	0.0369230769230769	NA	0.0284900284900285	NA
895	0.0496894409937888	NA	NA	NA	0.0869565217391304	0.099236641221374	0.0383386581469649	NA	0.0346820809248555	NA	0.0496894409937888	NA	NA	NA	0.0869565217391304	0.099236641221374	0.0383386581469649	NA	0.0346820809248555	NA
900	0.0451977401129944	NA	NA	NA	0.137931034482759	0.0925925925925926	0.0572289156626506	NA	0.0326975476839237	NA	0.0451977401129944	NA	NA	NA	0.137931034482759	0.0925925925925926	0.0572289156626506	NA	0.0326975476839237	NA
905	0.051948051948052	NA	NA	NA	0.0919540229885057	0.0980392156862745	0.0338983050847458	NA	0.041871921182266	NA	0.051948051948052	NA	NA	NA	0.0919540229885057	0.0980392156862745	0.0338983050847458	NA	0.041871921182266	NA
910	0.0670731707317073	NA	NA	NA	0.0777777777777778	0.0740740740740741	0.029520295202952	NA	0.031390134529148	NA	0.0670731707317073	NA	NA	NA	0.0777777777777778	0.0740740740740741	0.029520295202952	NA	0.031390134529148	NA
915	0.0529100529100529	NA	NA	NA	0.0888888888888889	0.0701754385964912	0.0466926070038911	NA	0.0296495956873315	NA	0.0529100529100529	NA	NA	NA	0.0888888888888889	0.0701754385964912	0.0466926070038911	NA	0.0296495956873315	NA
920	0.075	NA	NA	NA	0.1	0.09375	0.0439189189189189	NA	0.0362116991643454	NA	0.075	NA	NA	NA	0.1	0.09375	0.0439189189189189	NA	0.0362116991643454	NA
925	0.0737327188940092	NA	NA	NA	0.142857142857143	0.0879120879120879	0.05	NA	0.0349462365591398	NA	0.0737327188940092	NA	NA	NA	0.142857142857143	0.0879120879120879	0.05	NA	0.0349462365591398	NA
930	0.0396039603960396	NA	NA	NA	0.175675675675676	0.0761904761904762	0.0316455696202532	NA	0.0371352785145889	NA	0.0396039603960396	NA	NA	NA	0.175675675675676	0.0761904761904762	0.0316455696202532	NA	0.0371352785145889	NA
935	0.046875	NA	NA	NA	0.205128205128205	0.0659340659340659	0.0454545454545455	NA	0.0450704225352113	NA	0.046875	NA	NA	NA	0.205128205128205	0.0659340659340659	0.0454545454545455	NA	0.0450704225352113	NA
940	0.0419161676646707	NA	NA	NA	0.0886075949367089	0.112359550561798	0.038961038961039	NA	0.0288461538461538	NA	0.0419161676646707	NA	NA	NA	0.0886075949367089	0.112359550561798	0.038961038961039	NA	0.0288461538461538	NA
945	0.0440251572327044	NA	NA	NA	0.144736842105263	0.0918367346938776	0.0538461538461538	NA	0.0245398773006135	NA	0.0440251572327044	NA	NA	NA	0.144736842105263	0.0918367346938776	0.0538461538461538	NA	0.0245398773006135	NA
950	0.0613496932515337	NA	NA	NA	0.0978260869565217	0.0776699029126214	0.0357142857142857	NA	0.0412087912087912	NA	0.0613496932515337	NA	NA	NA	0.0978260869565217	0.0776699029126214	0.0357142857142857	NA	0.0412087912087912	NA
955	0.0588235294117647	NA	NA	NA	0.0895522388059701	0.125	0.0545454545454545	NA	0.0304878048780488	NA	0.0588235294117647	NA	NA	NA	0.0895522388059701	0.125	0.0545454545454545	NA	0.0304878048780488	NA
960	0.0573770491803279	NA	NA	NA	0.109375	0.0862068965517241	0.0563380281690141	NA	0.028735632183908	NA	0.0573770491803279	NA	NA	NA	0.109375	0.0862068965517241	0.0563380281690141	NA	0.028735632183908	NA
965	0.0652173913043478	NA	NA	NA	0.10126582278481	0.0608695652173913	0.0469483568075117	NA	0.0291545189504373	NA	0.0652173913043478	NA	NA	NA	0.10126582278481	0.0608695652173913	0.0469483568075117	NA	0.0291545189504373	NA
970	0.105882352941176	NA	NA	NA	0.116279069767442	0.0840336134453782	0.0344827586206897	NA	0.0351351351351351	NA	0.105882352941176	NA	NA	NA	0.116279069767442	0.0840336134453782	0.0344827586206897	NA	0.0351351351351351	NA
975	0.0882352941176471	NA	NA	NA	0.133333333333333	0.0833333333333333	0.0404624277456647	NA	0.0359712230215827	NA	0.0882352941176471	NA	NA	NA	0.133333333333333	0.0833333333333333	0.0404624277456647	NA	0.0359712230215827	NA
980	0.119402985074627	NA	NA	NA	0.09375	0.130952380952381	0.0666666666666667	NA	0.0249376558603491	NA	0.119402985074627	NA	NA	NA	0.09375	0.130952380952381	0.0666666666666667	NA	0.0249376558603491	NA
985	0.109756097560976	NA	NA	NA	0.153846153846154	0.103448275862069	0.0596026490066225	NA	0.0340425531914894	NA	0.109756097560976	NA	NA	NA	0.153846153846154	0.103448275862069	0.0596026490066225	NA	0.0340425531914894	NA
990	0.13	NA	NA	NA	0.181818181818182	0.150943396226415	0.0540540540540541	NA	0.0507399577167019	NA	0.13	NA	NA	NA	0.181818181818182	0.150943396226415	0.0540540540540541	NA	0.0507399577167019	NA
995	0.0810810810810811	NA	NA	NA	0.208333333333333	0.113207547169811	0.0454545454545455	NA	0.0334645669291339	NA	0.0810810810810811	NA	NA	NA	0.208333333333333	0.113207547169811	0.0454545454545455	NA	0.0334645669291339	NA
1000	0.0686274509803922	NA	NA	NA	0.185185185185185	0.1	0.0683760683760684	NA	0.0211946050096339	NA	0.0686274509803922	NA	NA	NA	0.185185185185185	0.1	0.0683760683760684	NA	0.0211946050096339	NA
1005	0.0833333333333333	NA	NA	NA	0.333333333333333	0.134328358208955	0.0666666666666667	NA	0.01953125	NA	0.0833333333333333	NA	NA	NA	0.333333333333333	0.134328358208955	0.0666666666666667	NA	0.01953125	NA
1010	0.105263157894737	NA	NA	NA	0.4	0.105263157894737	0.0833333333333333	NA	0.0205607476635514	NA	0.105263157894737	NA	NA	NA	0.4	0.105263157894737	0.0833333333333333	NA	0.0205607476635514	NA
1015	0.0689655172413793	NA	NA	NA	0.260869565217391	0.164383561643836	0.123893805309735	NA	0.0242990654205607	NA	0.0689655172413793	NA	NA	NA	0.260869565217391	0.164383561643836	0.123893805309735	NA	0.0242990654205607	NA
1020	0.0909090909090909	NA	NA	NA	0.342105263157895	0.162162162162162	0.178861788617886	NA	0.0273504273504274	NA	0.0909090909090909	NA	NA	NA	0.342105263157895	0.162162162162162	0.178861788617886	NA	0.0273504273504274	NA
1025	0.115942028985507	NA	NA	NA	0.222222222222222	0.0857142857142857	0.0803571428571429	NA	0.0251572327044025	NA	0.115942028985507	NA	NA	NA	0.222222222222222	0.0857142857142857	0.0803571428571429	NA	0.0251572327044025	NA
1030	0.183333333333333	NA	NA	NA	0.217391304347826	0.0972222222222222	0.1	NA	0.0176565008025682	NA	0.183333333333333	NA	NA	NA	0.217391304347826	0.0972222222222222	0.1	NA	0.0176565008025682	NA
1035	0.1625	NA	NA	NA	0.181818181818182	0.106060606060606	0.0603448275862069	NA	0.017741935483871	NA	0.1625	NA	NA	NA	0.181818181818182	0.106060606060606	0.0603448275862069	NA	0.017741935483871	NA
1040	0.101010101010101	NA	NA	NA	0.275	0.145454545454545	0.0892857142857143	NA	0.0153846153846154	NA	0.101010101010101	NA	NA	NA	0.275	0.145454545454545	0.0892857142857143	NA	0.0153846153846154	NA
1045	0.0645161290322581	NA	NA	NA	0.166666666666667	0.0806451612903226	0.10377358490566	NA	0.0233722871452421	NA	0.0645161290322581	NA	NA	NA	0.166666666666667	0.0806451612903226	0.10377358490566	NA	0.0233722871452421	NA
1050	0.0918367346938776	NA	NA	NA	0.214285714285714	0.121212121212121	0.0775862068965517	NA	0.0282861896838602	NA	0.0918367346938776	NA	NA	NA	0.214285714285714	0.121212121212121	0.0775862068965517	NA	0.0282861896838602	NA
1055	0.0729166666666667	NA	NA	NA	0.176470588235294	0.0945945945945946	0.096	NA	0.0168918918918919	NA	0.0729166666666667	NA	NA	NA	0.176470588235294	0.0945945945945946	0.096	NA	0.0168918918918919	NA
1060	0.0930232558139535	NA	NA	NA	0.3	0.146666666666667	0.0625	NA	0.0171875	NA	0.0930232558139535	NA	NA	NA	0.3	0.146666666666667	0.0625	NA	0.0171875	NA
1065	0.0869565217391304	NA	NA	NA	0.176470588235294	0.114285714285714	0.087378640776699	NA	0.0206349206349206	NA	0.0869565217391304	NA	NA	NA	0.176470588235294	0.114285714285714	0.087378640776699	NA	0.0206349206349206	NA
1070	0.10958904109589	NA	NA	NA	0.179487179487179	0.157142857142857	0.0857142857142857	NA	0.0205278592375367	NA	0.10958904109589	NA	NA	NA	0.179487179487179	0.157142857142857	0.0857142857142857	NA	0.0205278592375367	NA
1075	0.0967741935483871	NA	NA	NA	0.148936170212766	0.107692307692308	0.0984848484848485	NA	0.016551724137931	NA	0.0967741935483871	NA	NA	NA	0.148936170212766	0.107692307692308	0.0984848484848485	NA	0.016551724137931	NA
1080	0.196078431372549	NA	NA	NA	0.161290322580645	0.188679245283019	0.127450980392157	NA	0.0203488372093023	NA	0.196078431372549	NA	NA	NA	0.161290322580645	0.188679245283019	0.127450980392157	NA	0.0203488372093023	NA
1085	0.0892857142857143	NA	NA	NA	0.104651162790698	0.160714285714286	0.0736842105263158	NA	0.0218340611353712	NA	0.0892857142857143	NA	NA	NA	0.104651162790698	0.160714285714286	0.0736842105263158	NA	0.0218340611353712	NA
1090	0.125	NA	NA	NA	0.10958904109589	0.129032258064516	0.104651162790698	NA	0.0196629213483146	NA	0.125	NA	NA	NA	0.10958904109589	0.129032258064516	0.104651162790698	NA	0.0196629213483146	NA
1095	0.28125	NA	NA	NA	0.125	0.23728813559322	0.117647058823529	NA	0.0177111716621253	NA	0.28125	NA	NA	NA	0.125	0.23728813559322	0.117647058823529	NA	0.0177111716621253	NA
1100	0.153846153846154	NA	NA	NA	0.0847457627118644	0.173913043478261	0.166666666666667	NA	0.0441988950276243	NA	0.153846153846154	NA	NA	NA	0.0847457627118644	0.173913043478261	0.166666666666667	NA	0.0441988950276243	NA
1105	0.166666666666667	NA	NA	NA	0.152777777777778	0.148936170212766	0.120879120879121	NA	0.0173661360347323	NA	0.166666666666667	NA	NA	NA	0.152777777777778	0.148936170212766	0.120879120879121	NA	0.0173661360347323	NA
1110	0.363636363636364	NA	NA	NA	0.0847457627118644	0.109090909090909	0.138613861386139	NA	0.0148849797023004	NA	0.363636363636364	NA	NA	NA	0.0847457627118644	0.109090909090909	0.138613861386139	NA	0.0148849797023004	NA
1115	0.272727272727273	NA	NA	NA	0.192307692307692	0.148936170212766	0.105882352941176	NA	0.0151706700379267	NA	0.272727272727273	NA	NA	NA	0.192307692307692	0.148936170212766	0.105882352941176	NA	0.0151706700379267	NA
1120	0.285714285714286	NA	NA	NA	0.136363636363636	0.26	0.1	NA	0.0124378109452736	NA	0.285714285714286	NA	NA	NA	0.136363636363636	0.26	0.1	NA	0.0124378109452736	NA
1125	0.222222222222222	NA	NA	NA	0.134615384615385	0.166666666666667	0.101694915254237	NA	0.0209617755856967	NA	0.222222222222222	NA	NA	NA	0.134615384615385	0.166666666666667	0.101694915254237	NA	0.0209617755856967	NA
1130	0.375	NA	NA	NA	0.155555555555556	0.153846153846154	0.123076923076923	NA	0.0208078335373317	NA	0.375	NA	NA	NA	0.155555555555556	0.153846153846154	0.123076923076923	NA	0.0208078335373317	NA
1135	0.428571428571429	NA	NA	NA	0.263157894736842	0.137931034482759	0.117647058823529	NA	0.0140485312899106	NA	0.428571428571429	NA	NA	NA	0.263157894736842	0.137931034482759	0.117647058823529	NA	0.0140485312899106	NA
1140	0.222222222222222	NA	NA	NA	0.166666666666667	0.116279069767442	0.161764705882353	NA	0.0144356955380577	NA	0.222222222222222	NA	NA	NA	0.166666666666667	0.116279069767442	0.161764705882353	NA	0.0144356955380577	NA
1145	0.333333333333333	NA	NA	NA	0.315789473684211	0.153846153846154	0.103448275862069	NA	0.0138364779874214	NA	0.333333333333333	NA	NA	NA	0.315789473684211	0.153846153846154	0.103448275862069	NA	0.0138364779874214	NA
1150	0.666666666666667	NA	NA	NA	0.125	0.266666666666667	0.136986301369863	NA	0.0223266745005875	NA	0.666666666666667	NA	NA	NA	0.125	0.266666666666667	0.136986301369863	NA	0.0223266745005875	NA
1155	0.5	NA	NA	NA	0.325	0.21875	0.0793650793650794	NA	0.0211267605633803	NA	0.5	NA	NA	NA	0.325	0.21875	0.0793650793650794	NA	0.0211267605633803	NA
1160	0.454545454545455	NA	NA	NA	0.305555555555556	0.25	0.145454545454545	NA	0.0150753768844221	NA	0.454545454545455	NA	NA	NA	0.305555555555556	0.25	0.145454545454545	NA	0.0150753768844221	NA
1165	0.3125	NA	NA	NA	0.151515151515152	0.179487179487179	0.181818181818182	NA	0.0163522012578616	NA	0.3125	NA	NA	NA	0.151515151515152	0.179487179487179	0.181818181818182	NA	0.0163522012578616	NA
1170	0.407407407407407	NA	NA	NA	0.228571428571429	0.230769230769231	0.264150943396226	NA	0.016839378238342	NA	0.407407407407407	NA	NA	NA	0.228571428571429	0.230769230769231	0.264150943396226	NA	0.016839378238342	NA
1175	0.354838709677419	NA	NA	NA	0.153846153846154	0.127659574468085	0.258064516129032	NA	0.0179487179487179	NA	0.354838709677419	NA	NA	NA	0.153846153846154	0.127659574468085	0.258064516129032	NA	0.0179487179487179	NA
1180	0.25	NA	NA	NA	0.3125	0.133333333333333	0.178571428571429	NA	0.0174346201743462	NA	0.25	NA	NA	NA	0.3125	0.133333333333333	0.178571428571429	NA	0.0174346201743462	NA
1185	0.192307692307692	NA	NA	NA	0.294117647058824	0.14	0.2	NA	0.0185676392572944	NA	0.192307692307692	NA	NA	NA	0.294117647058824	0.14	0.2	NA	0.0185676392572944	NA
1190	0.21875	NA	NA	NA	0.4	0.148148148148148	0.225806451612903	NA	0.0182072829131653	NA	0.21875	NA	NA	NA	0.4	0.148148148148148	0.225806451612903	NA	0.0182072829131653	NA
1195	0.5	NA	NA	NA	0.333333333333333	0.217391304347826	0.242424242424242	NA	0.0192572214580468	NA	0.5	NA	NA	NA	0.333333333333333	0.217391304347826	0.242424242424242	NA	0.0192572214580468	NA
1200	0.222222222222222	NA	NA	NA	0.25	0.2	0.147058823529412	NA	0.020125786163522	NA	0.222222222222222	NA	NA	NA	0.25	0.2	0.147058823529412	NA	0.020125786163522	NA
1205	0.428571428571429	NA	NA	NA	0.461538461538462	0.157894736842105	0.111111111111111	NA	0.0172185430463576	NA	0.428571428571429	NA	NA	NA	0.461538461538462	0.157894736842105	0.111111111111111	NA	0.0172185430463576	NA
1210	0.555555555555556	NA	NA	NA	0.277777777777778	0.146666666666667	0.142857142857143	NA	0.0198019801980198	NA	0.555555555555556	NA	NA	NA	0.277777777777778	0.146666666666667	0.142857142857143	NA	0.0198019801980198	NA
1215	0.222222222222222	NA	NA	NA	0.238095238095238	0.102941176470588	0.127659574468085	NA	0.0200501253132832	NA	0.222222222222222	NA	NA	NA	0.238095238095238	0.102941176470588	0.127659574468085	NA	0.0200501253132832	NA
1220	0.4	NA	NA	NA	0.25	0.122448979591837	0.162790697674419	NA	0.0185922974767596	NA	0.4	NA	NA	NA	0.25	0.122448979591837	0.162790697674419	NA	0.0185922974767596	NA
1225	0.2	NA	NA	NA	0.166666666666667	0.244444444444444	0.225806451612903	NA	0.0186666666666667	NA	0.2	NA	NA	NA	0.166666666666667	0.244444444444444	0.225806451612903	NA	0.0186666666666667	NA
1230	0.333333333333333	NA	NA	NA	0.347826086956522	0.217391304347826	0.142857142857143	NA	0.0224403927068724	NA	0.333333333333333	NA	NA	NA	0.347826086956522	0.217391304347826	0.142857142857143	NA	0.0224403927068724	NA
1235	0.863636363636364	NA	NA	NA	0.24	0.170212765957447	0.178571428571429	NA	0.0230880230880231	NA	0.863636363636364	NA	NA	NA	0.24	0.170212765957447	0.178571428571429	NA	0.0230880230880231	NA
1240	0.541666666666667	NA	NA	NA	0.227272727272727	0.169491525423729	0.375	NA	0.0209497206703911	NA	0.541666666666667	NA	NA	NA	0.227272727272727	0.169491525423729	0.375	NA	0.0209497206703911	NA
1245	0.3125	NA	NA	NA	0.181818181818182	0.137254901960784	0.2	NA	0.0177111716621253	NA	0.3125	NA	NA	NA	0.181818181818182	0.137254901960784	0.2	NA	0.0177111716621253	NA
1250	0.363636363636364	NA	NA	NA	0.230769230769231	0.173076923076923	0.272727272727273	NA	0.0268542199488491	NA	0.363636363636364	NA	NA	NA	0.230769230769231	0.173076923076923	0.272727272727273	NA	0.0268542199488491	NA
1255	0.4	NA	NA	NA	0.5	0.16	0.727272727272727	NA	0.0140485312899106	NA	0.4	NA	NA	NA	0.5	0.16	0.727272727272727	NA	0.0140485312899106	NA
1260	0.222222222222222	NA	NA	NA	0.571428571428571	0.338983050847458	0.3	NA	0.0152477763659466	NA	0.222222222222222	NA	NA	NA	0.571428571428571	0.338983050847458	0.3	NA	0.0152477763659466	NA
1265	0.666666666666667	NA	NA	NA	0.666666666666667	0.125	0.636363636363636	NA	0.0145310435931308	NA	0.666666666666667	NA	NA	NA	0.666666666666667	0.125	0.636363636363636	NA	0.0145310435931308	NA
1270	0.75	NA	NA	NA	1	0.157894736842105	0.416666666666667	NA	0.0178799489144317	NA	0.75	NA	NA	NA	1	0.157894736842105	0.416666666666667	NA	0.0178799489144317	NA
1275	1	NA	NA	NA	NA	0.169811320754717	0.8	NA	0.0145888594164456	NA	1	NA	NA	NA	NA	0.169811320754717	0.8	NA	0.0145888594164456	NA
1280	NA	NA	NA	NA	NA	0.126984126984127	0.416666666666667	NA	0.0183006535947712	NA	NA	NA	NA	NA	NA	0.126984126984127	0.416666666666667	NA	0.0183006535947712	NA
1285	NA	NA	NA	NA	NA	0.08	0.45	NA	0.0171503957783641	NA	NA	NA	NA	NA	NA	0.08	0.45	NA	0.0171503957783641	NA
1290	NA	NA	NA	NA	NA	0.172413793103448	0.333333333333333	NA	0.015850144092219	NA	NA	NA	NA	NA	NA	0.172413793103448	0.333333333333333	NA	0.015850144092219	NA
1295	NA	NA	NA	NA	NA	0.125	0.461538461538462	NA	0.0179640718562874	NA	NA	NA	NA	NA	NA	0.125	0.461538461538462	NA	0.0179640718562874	NA
1300	NA	NA	NA	NA	NA	0.114285714285714	0.5	NA	0.0205128205128205	NA	NA	NA	NA	NA	NA	0.114285714285714	0.5	NA	0.0205128205128205	NA
1305	NA	NA	NA	NA	NA	0.09375	0.6	NA	0.0197132616487455	NA	NA	NA	NA	NA	NA	0.09375	0.6	NA	0.0197132616487455	NA
1310	NA	NA	NA	NA	NA	0.192307692307692	NA	NA	0.0232974910394265	NA	NA	NA	NA	NA	NA	0.192307692307692	NA	NA	0.0232974910394265	NA
1315	NA	NA	NA	NA	NA	0.227272727272727	NA	NA	0.0218487394957983	NA	NA	NA	NA	NA	NA	0.227272727272727	NA	NA	0.0218487394957983	NA
1320	NA	NA	NA	NA	NA	0.1875	NA	NA	0.0194174757281553	NA	NA	NA	NA	NA	NA	0.1875	NA	NA	0.0194174757281553	NA
1325	NA	NA	NA	NA	NA	0.333333333333333	NA	NA	0.0265848670756646	NA	NA	NA	NA	NA	NA	0.333333333333333	NA	NA	0.0265848670756646	NA
1330	NA	NA	NA	NA	NA	0.307692307692308	NA	NA	0.0198237885462555	NA	NA	NA	NA	NA	NA	0.307692307692308	NA	NA	0.0198237885462555	NA
1335	NA	NA	NA	NA	NA	0.375	NA	NA	0.033112582781457	NA	NA	NA	NA	NA	NA	0.375	NA	NA	0.033112582781457	NA
1340	NA	NA	NA	NA	NA	0.5	NA	NA	0.0309278350515464	NA	NA	NA	NA	NA	NA	0.5	NA	NA	0.0309278350515464	NA
1345	NA	NA	NA	NA	NA	1	NA	NA	0.0212201591511936	NA	NA	NA	NA	NA	NA	1	NA	NA	0.0212201591511936	NA
1350	NA	NA	NA	NA	NA	NA	NA	NA	0.0289017341040462	NA	NA	NA	NA	NA	NA	NA	NA	NA	0.0289017341040462	NA
1355	NA	NA	NA	NA	NA	NA	NA	NA	0.032258064516129	NA	NA	NA	NA	NA	NA	NA	NA	NA	0.032258064516129	NA
1360	NA	NA	NA	NA	NA	NA	NA	NA	0.0632911392405063	NA	NA	NA	NA	NA	NA	NA	NA	NA	0.0632911392405063	NA
1365	NA	NA	NA	NA	NA	NA	NA	NA	0.0314685314685315	NA	NA	NA	NA	NA	NA	NA	NA	NA	0.0314685314685315	NA
1370	NA	NA	NA	NA	NA	NA	NA	NA	0.0553359683794466	NA	NA	NA	NA	NA	NA	NA	NA	NA	0.0553359683794466	NA
1375	NA	NA	NA	NA	NA	NA	NA	NA	0.0688259109311741	NA	NA	NA	NA	NA	NA	NA	NA	NA	0.0688259109311741	NA
1380	NA	NA	NA	NA	NA	NA	NA	NA	0.0429184549356223	NA	NA	NA	NA	NA	NA	NA	NA	NA	0.0429184549356223	NA
1385	NA	NA	NA	NA	NA	NA	NA	NA	0.0677083333333333	NA	NA	NA	NA	NA	NA	NA	NA	NA	0.0677083333333333	NA
1390	NA	NA	NA	NA	NA	NA	NA	NA	0.0460829493087558	NA	NA	NA	NA	NA	NA	NA	NA	NA	0.0460829493087558	NA
1395	NA	NA	NA	NA	NA	NA	NA	NA	0.0540540540540541	NA	NA	NA	NA	NA	NA	NA	NA	NA	0.0540540540540541	NA
1400	NA	NA	NA	NA	NA	NA	NA	NA	0.0579710144927536	NA	NA	NA	NA	NA	NA	NA	NA	NA	0.0579710144927536	NA
1405	NA	NA	NA	NA	NA	NA	NA	NA	0.0579710144927536	NA	NA	NA	NA	NA	NA	NA	NA	NA	0.0579710144927536	NA
1410	NA	NA	NA	NA	NA	NA	NA	NA	0.0526315789473684	NA	NA	NA	NA	NA	NA	NA	NA	NA	0.0526315789473684	NA
1415	NA	NA	NA	NA	NA	NA	NA	NA	0.0928571428571429	NA	NA	NA	NA	NA	NA	NA	NA	NA	0.0928571428571429	NA
1420	NA	NA	NA	NA	NA	NA	NA	NA	0.0983606557377049	NA	NA	NA	NA	NA	NA	NA	NA	NA	0.0983606557377049	NA
1425	NA	NA	NA	NA	NA	NA	NA	NA	0.0756302521008403	NA	NA	NA	NA	NA	NA	NA	NA	NA	0.0756302521008403	NA
1430	NA	NA	NA	NA	NA	NA	NA	NA	0.0952380952380952	NA	NA	NA	NA	NA	NA	NA	NA	NA	0.0952380952380952	NA
1435	NA	NA	NA	NA	NA	NA	NA	NA	0.0816326530612245	NA	NA	NA	NA	NA	NA	NA	NA	NA	0.0816326530612245	NA
1440	NA	NA	NA	NA	NA	NA	NA	NA	0.0823529411764706	NA	NA	NA	NA	NA	NA	NA	NA	NA	0.0823529411764706	NA
1445	NA	NA	NA	NA	NA	NA	NA	NA	0.118279569892473	NA	NA	NA	NA	NA	NA	NA	NA	NA	0.118279569892473	NA
1450	NA	NA	NA	NA	NA	NA	NA	NA	0.112359550561798	NA	NA	NA	NA	NA	NA	NA	NA	NA	0.112359550561798	NA
1455	NA	NA	NA	NA	NA	NA	NA	NA	0.09375	NA	NA	NA	NA	NA	NA	NA	NA	NA	0.09375	NA
1460	NA	NA	NA	NA	NA	NA	NA	NA	0.142857142857143	NA	NA	NA	NA	NA	NA	NA	NA	NA	0.142857142857143	NA
1465	NA	NA	NA	NA	NA	NA	NA	NA	0.145833333333333	NA	NA	NA	NA	NA	NA	NA	NA	NA	0.145833333333333	NA
1470	NA	NA	NA	NA	NA	NA	NA	NA	0.184210526315789	NA	NA	NA	NA	NA	NA	NA	NA	NA	0.184210526315789	NA
1475	NA	NA	NA	NA	NA	NA	NA	NA	0.157894736842105	NA	NA	NA	NA	NA	NA	NA	NA	NA	0.157894736842105	NA
1480	NA	NA	NA	NA	NA	NA	NA	NA	0.0857142857142857	NA	NA	NA	NA	NA	NA	NA	NA	NA	0.0857142857142857	NA
1485	NA	NA	NA	NA	NA	NA	NA	NA	0.268292682926829	NA	NA	NA	NA	NA	NA	NA	NA	NA	0.268292682926829	NA
1490	NA	NA	NA	NA	NA	NA	NA	NA	0.19047619047619	NA	NA	NA	NA	NA	NA	NA	NA	NA	0.19047619047619	NA
1495	NA	NA	NA	NA	NA	NA	NA	NA	0.179487179487179	NA	NA	NA	NA	NA	NA	NA	NA	NA	0.179487179487179	NA
1500	NA	NA	NA	NA	NA	NA	NA	NA	0.242424242424242	NA	NA	NA	NA	NA	NA	NA	NA	NA	0.242424242424242	NA
1505	NA	NA	NA	NA	NA	NA	NA	NA	0.142857142857143	NA	NA	NA	NA	NA	NA	NA	NA	NA	0.142857142857143	NA
1510	NA	NA	NA	NA	NA	NA	NA	NA	0.191489361702128	NA	NA	NA	NA	NA	NA	NA	NA	NA	0.191489361702128	NA
1515	NA	NA	NA	NA	NA	NA	NA	NA	0.191489361702128	NA	NA	NA	NA	NA	NA	NA	NA	NA	0.191489361702128	NA
1520	NA	NA	NA	NA	NA	NA	NA	NA	0.108695652173913	NA	NA	NA	NA	NA	NA	NA	NA	NA	0.108695652173913	NA
1525	NA	NA	NA	NA	NA	NA	NA	NA	0.256410256410256	NA	NA	NA	NA	NA	NA	NA	NA	NA	0.256410256410256	NA
1530	NA	NA	NA	NA	NA	NA	NA	NA	0.25	NA	NA	NA	NA	NA	NA	NA	NA	NA	0.25	NA
1535	NA	NA	NA	NA	NA	NA	NA	NA	0.473684210526316	NA	NA	NA	NA	NA	NA	NA	NA	NA	0.473684210526316	NA
1540	NA	NA	NA	NA	NA	NA	NA	NA	0.285714285714286	NA	NA	NA	NA	NA	NA	NA	NA	NA	0.285714285714286	NA
1545	NA	NA	NA	NA	NA	NA	NA	NA	0.333333333333333	NA	NA	NA	NA	NA	NA	NA	NA	NA	0.333333333333333	NA
1550	NA	NA	NA	NA	NA	NA	NA	NA	0.666666666666667	NA	NA	NA	NA	NA	NA	NA	NA	NA	0.666666666666667	NA
