0	1	1	1	1	1	1	1	1	1	1	1	1	1	1	1	1	1	1	1	1
5	NA	1	1	1	0.857142857142857	0.6	1	0.571428571428571	1	1	NA	1	1	1	0.857142857142857	0.6	1	0.571428571428571	1	1
10	NA	1	NA	1	0.363636363636364	0.5	0.333333333333333	0.666666666666667	1	NA	NA	1	NA	1	0.363636363636364	0.5	0.333333333333333	0.666666666666667	1	NA
15	NA	0.8125	NA	1	0.529411764705882	NA	0.3	0.230769230769231	0.473684210526316	NA	NA	0.8125	NA	1	0.529411764705882	NA	0.3	0.230769230769231	0.473684210526316	NA
20	NA	0.4	NA	NA	0.5	NA	0.21875	0.5	0.266666666666667	NA	NA	0.4	NA	NA	0.5	NA	0.21875	0.5	0.266666666666667	NA
25	NA	0.263157894736842	NA	NA	0.6	NA	0.181818181818182	0.428571428571429	0.116279069767442	NA	NA	0.263157894736842	NA	NA	0.6	NA	0.181818181818182	0.428571428571429	0.116279069767442	NA
30	NA	0.314285714285714	NA	NA	1	NA	0.15	0.363636363636364	0.126984126984127	NA	NA	0.314285714285714	NA	NA	1	NA	0.15	0.363636363636364	0.126984126984127	NA
35	NA	0.189189189189189	NA	NA	NA	NA	0.14	0.368421052631579	0.0819672131147541	NA	NA	0.189189189189189	NA	NA	NA	NA	0.14	0.368421052631579	0.0819672131147541	NA
40	NA	0.357142857142857	NA	NA	NA	NA	0.149253731343284	0.545454545454545	0.155844155844156	NA	NA	0.357142857142857	NA	NA	NA	NA	0.149253731343284	0.545454545454545	0.155844155844156	NA
45	NA	0.32	NA	NA	NA	NA	0.106060606060606	0.272727272727273	0.0666666666666667	NA	NA	0.32	NA	NA	NA	NA	0.106060606060606	0.272727272727273	0.0666666666666667	NA
50	NA	0.529411764705882	NA	NA	NA	NA	0.150684931506849	0.285714285714286	0.108108108108108	NA	NA	0.529411764705882	NA	NA	NA	NA	0.150684931506849	0.285714285714286	0.108108108108108	NA
55	NA	0.416666666666667	NA	NA	NA	NA	0.120481927710843	0.266666666666667	0.107142857142857	NA	NA	0.416666666666667	NA	NA	NA	NA	0.120481927710843	0.266666666666667	0.107142857142857	NA
60	NA	0.333333333333333	NA	NA	NA	NA	0.1375	0.384615384615385	0.133333333333333	NA	NA	0.333333333333333	NA	NA	NA	NA	0.1375	0.384615384615385	0.133333333333333	NA
65	NA	0.8	NA	NA	NA	NA	0.104166666666667	0.388888888888889	0.117241379310345	NA	NA	0.8	NA	NA	NA	NA	0.104166666666667	0.388888888888889	0.117241379310345	NA
70	NA	1	NA	NA	NA	NA	0.100917431192661	0.3125	0.100719424460432	NA	NA	1	NA	NA	NA	NA	0.100917431192661	0.3125	0.100719424460432	NA
75	NA	0.666666666666667	NA	NA	NA	NA	0.230088495575221	0.266666666666667	0.0592105263157895	NA	NA	0.666666666666667	NA	NA	NA	NA	0.230088495575221	0.266666666666667	0.0592105263157895	NA
80	NA	0.5	NA	NA	NA	NA	0.142857142857143	0.333333333333333	0.0677966101694915	NA	NA	0.5	NA	NA	NA	NA	0.142857142857143	0.333333333333333	0.0677966101694915	NA
85	NA	1	NA	NA	NA	NA	0.0927835051546392	0.3	0.0882352941176471	NA	NA	1	NA	NA	NA	NA	0.0927835051546392	0.3	0.0882352941176471	NA
90	NA	0.625	NA	NA	NA	NA	0.0847457627118644	0.266666666666667	0.0558139534883721	NA	NA	0.625	NA	NA	NA	NA	0.0847457627118644	0.266666666666667	0.0558139534883721	NA
95	NA	0.5	NA	NA	NA	NA	0.0962962962962963	0.375	0.0390243902439024	NA	NA	0.5	NA	NA	NA	NA	0.0962962962962963	0.375	0.0390243902439024	NA
100	NA	NA	NA	NA	NA	NA	0.087248322147651	0.35	0.0634920634920635	NA	NA	NA	NA	NA	NA	NA	0.087248322147651	0.35	0.0634920634920635	NA
105	NA	NA	NA	NA	NA	NA	0.112676056338028	0.375	0.0539419087136929	NA	NA	NA	NA	NA	NA	NA	0.112676056338028	0.375	0.0539419087136929	NA
110	NA	NA	NA	NA	NA	NA	0.0509554140127389	0.212121212121212	0.0429184549356223	NA	NA	NA	NA	NA	NA	NA	0.0509554140127389	0.212121212121212	0.0429184549356223	NA
115	NA	NA	NA	NA	NA	NA	0.0619047619047619	0.172413793103448	0.0492424242424242	NA	NA	NA	NA	NA	NA	NA	0.0619047619047619	0.172413793103448	0.0492424242424242	NA
120	NA	NA	NA	NA	NA	NA	0.042654028436019	0.3	0.0380952380952381	NA	NA	NA	NA	NA	NA	NA	0.042654028436019	0.3	0.0380952380952381	NA
125	NA	NA	NA	NA	NA	NA	0.0463917525773196	0.222222222222222	0.0411764705882353	NA	NA	NA	NA	NA	NA	NA	0.0463917525773196	0.222222222222222	0.0411764705882353	NA
130	NA	NA	NA	NA	NA	NA	0.0619469026548673	0.333333333333333	0.0371352785145889	NA	NA	NA	NA	NA	NA	NA	0.0619469026548673	0.333333333333333	0.0371352785145889	NA
135	NA	NA	NA	NA	NA	NA	0.0559440559440559	0.5	0.0252525252525253	NA	NA	NA	NA	NA	NA	NA	0.0559440559440559	0.5	0.0252525252525253	NA
140	NA	NA	NA	NA	NA	NA	0.0687285223367698	0.75	0.0296803652968037	NA	NA	NA	NA	NA	NA	NA	0.0687285223367698	0.75	0.0296803652968037	NA
145	NA	NA	NA	NA	NA	NA	0.0490566037735849	0.555555555555556	0.0254237288135593	NA	NA	NA	NA	NA	NA	NA	0.0490566037735849	0.555555555555556	0.0254237288135593	NA
150	NA	NA	NA	NA	NA	NA	0.0461538461538462	0.208333333333333	0.0316205533596838	NA	NA	NA	NA	NA	NA	NA	0.0461538461538462	0.208333333333333	0.0316205533596838	NA
155	NA	NA	NA	NA	NA	NA	0.0352112676056338	0.25	0.0263157894736842	NA	NA	NA	NA	NA	NA	NA	0.0352112676056338	0.25	0.0263157894736842	NA
160	NA	NA	NA	NA	NA	NA	0.0822368421052632	0.4	0.0346715328467153	NA	NA	NA	NA	NA	NA	NA	0.0822368421052632	0.4	0.0346715328467153	NA
165	NA	NA	NA	NA	NA	NA	0.0668896321070234	0.3125	0.0211267605633803	NA	NA	NA	NA	NA	NA	NA	0.0668896321070234	0.3125	0.0211267605633803	NA
170	NA	NA	NA	NA	NA	NA	0.0443686006825939	0.476190476190476	0.0344827586206897	NA	NA	NA	NA	NA	NA	NA	0.0443686006825939	0.476190476190476	0.0344827586206897	NA
175	NA	NA	NA	NA	NA	NA	0.0298507462686567	0.363636363636364	0.0166204986149584	NA	NA	NA	NA	NA	NA	NA	0.0298507462686567	0.363636363636364	0.0166204986149584	NA
180	NA	NA	NA	NA	NA	NA	0.0341614906832298	0.3	0.0144578313253012	NA	NA	NA	NA	NA	NA	NA	0.0341614906832298	0.3	0.0144578313253012	NA
185	NA	NA	NA	NA	NA	NA	0.0383480825958702	0.5	0.0134831460674157	NA	NA	NA	NA	NA	NA	NA	0.0383480825958702	0.5	0.0134831460674157	NA
190	NA	NA	NA	NA	NA	NA	0.0421052631578947	0.294117647058824	0.0171543895055499	NA	NA	NA	NA	NA	NA	NA	0.0421052631578947	0.294117647058824	0.0171543895055499	NA
195	NA	NA	NA	NA	NA	NA	0.0483091787439614	0.318181818181818	0.0165853658536585	NA	NA	NA	NA	NA	NA	NA	0.0483091787439614	0.318181818181818	0.0165853658536585	NA
200	NA	NA	NA	NA	NA	NA	0.03125	0.178571428571429	0.0179924242424242	NA	NA	NA	NA	NA	NA	NA	0.03125	0.178571428571429	0.0179924242424242	NA
205	NA	NA	NA	NA	NA	NA	0.0342298288508557	0.4	0.0123674911660777	NA	NA	NA	NA	NA	NA	NA	0.0342298288508557	0.4	0.0123674911660777	NA
210	NA	NA	NA	NA	NA	NA	0.0245535714285714	0.28125	0.0131348511383538	NA	NA	NA	NA	NA	NA	NA	0.0245535714285714	0.28125	0.0131348511383538	NA
215	NA	NA	NA	NA	NA	NA	0.0259179265658747	0.119047619047619	0.0172555464256368	NA	NA	NA	NA	NA	NA	NA	0.0259179265658747	0.119047619047619	0.0172555464256368	NA
220	NA	NA	NA	NA	NA	NA	0.0203160270880361	0.196078431372549	0.0118296529968454	NA	NA	NA	NA	NA	NA	NA	0.0203160270880361	0.196078431372549	0.0118296529968454	NA
225	NA	NA	NA	NA	NA	NA	0.0361702127659574	0.265060240963855	0.0102766798418972	NA	NA	NA	NA	NA	NA	NA	0.0361702127659574	0.265060240963855	0.0102766798418972	NA
230	NA	NA	NA	NA	NA	NA	0.0289855072463768	0.155555555555556	0.0106707317073171	NA	NA	NA	NA	NA	NA	NA	0.0289855072463768	0.155555555555556	0.0106707317073171	NA
235	NA	NA	NA	NA	NA	NA	0.0230905861456483	0.0792079207920792	0.0125391849529781	NA	NA	NA	NA	NA	NA	NA	0.0230905861456483	0.0792079207920792	0.0125391849529781	NA
240	NA	NA	NA	NA	NA	NA	0.0284191829484902	0.0727272727272727	0.0101010101010101	NA	NA	NA	NA	NA	NA	NA	0.0284191829484902	0.0727272727272727	0.0101010101010101	NA
245	NA	NA	NA	NA	NA	NA	0.0393559928443649	0.11	0.0153846153846154	NA	NA	NA	NA	NA	NA	NA	0.0393559928443649	0.11	0.0153846153846154	NA
250	NA	NA	NA	NA	NA	NA	0.0189328743545611	0.0603448275862069	0.00996884735202492	NA	NA	NA	NA	NA	NA	NA	0.0189328743545611	0.0603448275862069	0.00996884735202492	NA
255	NA	NA	NA	NA	NA	NA	0.0256410256410256	0.125	0.0106888361045131	NA	NA	NA	NA	NA	NA	NA	0.0256410256410256	0.125	0.0106888361045131	NA
260	NA	NA	NA	NA	NA	NA	0.0185922974767596	0.101910828025478	0.0102389078498294	NA	NA	NA	NA	NA	NA	NA	0.0185922974767596	0.101910828025478	0.0102389078498294	NA
265	NA	NA	NA	NA	NA	NA	0.0168350168350168	0.0751445086705202	0.0116065974343311	NA	NA	NA	NA	NA	NA	NA	0.0168350168350168	0.0751445086705202	0.0116065974343311	NA
270	NA	NA	NA	NA	NA	NA	0.0161453077699294	0.102941176470588	0.00945067926757236	NA	NA	NA	NA	NA	NA	NA	0.0161453077699294	0.102941176470588	0.00945067926757236	NA
275	NA	NA	NA	NA	NA	NA	0.0161290322580645	0.0827586206896552	0.011183048852266	NA	NA	NA	NA	NA	NA	NA	0.0161290322580645	0.0827586206896552	0.011183048852266	NA
280	NA	NA	NA	NA	NA	NA	0.0134854771784232	0.0555555555555556	0.00743281875357347	NA	NA	NA	NA	NA	NA	NA	0.0134854771784232	0.0555555555555556	0.00743281875357347	NA
285	NA	NA	NA	NA	NA	NA	0.015511892450879	0.0512820512820513	0.00866269626421224	NA	NA	NA	NA	NA	NA	NA	0.015511892450879	0.0512820512820513	0.00866269626421224	NA
290	NA	NA	NA	NA	NA	NA	0.0118110236220472	0.0576923076923077	0.00860091743119266	NA	NA	NA	NA	NA	NA	NA	0.0118110236220472	0.0576923076923077	0.00860091743119266	NA
295	NA	NA	NA	NA	NA	NA	0.0115495668912416	0.05	0.0112994350282486	NA	NA	NA	NA	NA	NA	NA	0.0115495668912416	0.05	0.0112994350282486	NA
300	NA	NA	NA	NA	NA	NA	0.0153698366954851	0.044	0.0112806901128069	NA	NA	NA	NA	NA	NA	NA	0.0153698366954851	0.044	0.0112806901128069	NA
305	NA	NA	NA	NA	NA	NA	0.0125335720680394	0.0553191489361702	0.0121951219512195	NA	NA	NA	NA	NA	NA	NA	0.0125335720680394	0.0553191489361702	0.0121951219512195	NA
310	NA	NA	NA	NA	NA	NA	0.0134228187919463	0.0562770562770563	0.0114285714285714	NA	NA	NA	NA	NA	NA	NA	0.0134228187919463	0.0562770562770563	0.0114285714285714	NA
315	NA	NA	NA	NA	NA	NA	0.0109704641350211	0.0368852459016393	0.014218009478673	NA	NA	NA	NA	NA	NA	NA	0.0109704641350211	0.0368852459016393	0.014218009478673	NA
320	NA	NA	NA	NA	NA	NA	0.0140728476821192	0.0510948905109489	0.00912280701754386	NA	NA	NA	NA	NA	NA	NA	0.0140728476821192	0.0510948905109489	0.00912280701754386	NA
325	NA	NA	NA	NA	NA	NA	0.0107615894039735	0.033434650455927	0.0128388017118402	NA	NA	NA	NA	NA	NA	NA	0.0107615894039735	0.033434650455927	0.0128388017118402	NA
330	NA	NA	NA	NA	NA	NA	0.014525993883792	0.0355029585798817	0.0136005726556908	NA	NA	NA	NA	NA	NA	NA	0.014525993883792	0.0355029585798817	0.0136005726556908	NA
335	NA	NA	NA	NA	NA	NA	0.010752688172043	0.0477453580901857	0.0133432171979244	NA	NA	NA	NA	NA	NA	NA	0.010752688172043	0.0477453580901857	0.0133432171979244	NA
340	NA	NA	NA	NA	NA	NA	0.0135424091233072	0.0348258706467662	0.00862068965517241	NA	NA	NA	NA	NA	NA	NA	0.0135424091233072	0.0348258706467662	0.00862068965517241	NA
345	NA	NA	NA	NA	NA	NA	0.0123188405797101	0.0324074074074074	0.0110497237569061	NA	NA	NA	NA	NA	NA	NA	0.0123188405797101	0.0324074074074074	0.0110497237569061	NA
350	NA	NA	NA	NA	NA	NA	0.00840336134453781	0.0221729490022173	0.0159616919393456	NA	NA	NA	NA	NA	NA	NA	0.00840336134453781	0.0221729490022173	0.0159616919393456	NA
355	NA	NA	NA	NA	NA	NA	0.0114942528735632	0.0453563714902808	0.0141313383208645	NA	NA	NA	NA	NA	NA	NA	0.0114942528735632	0.0453563714902808	0.0141313383208645	NA
360	NA	NA	NA	NA	NA	NA	0.0126206384558278	0.0326086956521739	0.0117117117117117	NA	NA	NA	NA	NA	NA	NA	0.0126206384558278	0.0326086956521739	0.0117117117117117	NA
365	NA	NA	NA	NA	NA	NA	0.0112359550561798	0.0319634703196347	0.010989010989011	NA	NA	NA	NA	NA	NA	NA	0.0112359550561798	0.0319634703196347	0.010989010989011	NA
370	NA	NA	NA	NA	NA	NA	0.0134600158353127	0.0270793036750484	0.0176991150442478	NA	NA	NA	NA	NA	NA	NA	0.0134600158353127	0.0270793036750484	0.0176991150442478	NA
375	NA	NA	NA	NA	NA	NA	0.0153061224489796	0.0182149362477231	0.0289256198347107	NA	NA	NA	NA	NA	NA	NA	0.0153061224489796	0.0182149362477231	0.0289256198347107	NA
380	NA	NA	NA	NA	NA	NA	0.0135478408128704	0.0198198198198198	0.0119047619047619	NA	NA	NA	NA	NA	NA	NA	0.0135478408128704	0.0198198198198198	0.0119047619047619	NA
385	NA	NA	NA	NA	NA	NA	0.0112359550561798	0.0181818181818182	0.0144124168514412	NA	NA	NA	NA	NA	NA	NA	0.0112359550561798	0.0181818181818182	0.0144124168514412	NA
390	NA	NA	NA	NA	NA	NA	0.0152801358234295	0.0244648318042813	0.0187134502923977	NA	NA	NA	NA	NA	NA	NA	0.0152801358234295	0.0244648318042813	0.0187134502923977	NA
395	NA	NA	NA	NA	NA	NA	0.0140721196130167	0.0179640718562874	0.0174346201743462	NA	NA	NA	NA	NA	NA	NA	0.0140721196130167	0.0179640718562874	0.0174346201743462	NA
400	NA	NA	NA	NA	NA	NA	0.0129198966408269	0.016597510373444	0.0189393939393939	NA	NA	NA	NA	NA	NA	NA	0.0129198966408269	0.016597510373444	0.0189393939393939	NA
405	NA	NA	NA	NA	NA	NA	0.0116906474820144	0.0181058495821727	0.0176151761517615	NA	NA	NA	NA	NA	NA	NA	0.0116906474820144	0.0181058495821727	0.0176151761517615	NA
410	NA	NA	NA	NA	NA	NA	0.013077593722755	0.0215568862275449	0.0309597523219814	NA	NA	NA	NA	NA	NA	NA	0.013077593722755	0.0215568862275449	0.0309597523219814	NA
415	NA	NA	NA	NA	NA	NA	0.0123456790123457	0.0190114068441065	0.0268817204301075	NA	NA	NA	NA	NA	NA	NA	0.0123456790123457	0.0190114068441065	0.0268817204301075	NA
420	NA	NA	NA	NA	NA	NA	0.0221827861579414	0.0182767624020888	0.0242914979757085	NA	NA	NA	NA	NA	NA	NA	0.0221827861579414	0.0182767624020888	0.0242914979757085	NA
425	NA	NA	NA	NA	NA	NA	0.0153291253381425	0.0191570881226054	0.0201511335012594	NA	NA	NA	NA	NA	NA	NA	0.0153291253381425	0.0191570881226054	0.0201511335012594	NA
430	NA	NA	NA	NA	NA	NA	0.0126459143968872	0.0166468489892985	0.0326975476839237	NA	NA	NA	NA	NA	NA	NA	0.0126459143968872	0.0166468489892985	0.0326975476839237	NA
435	NA	NA	NA	NA	NA	NA	0.0169491525423729	0.0176678445229682	0.0380116959064327	NA	NA	NA	NA	NA	NA	NA	0.0169491525423729	0.0176678445229682	0.0380116959064327	NA
440	NA	NA	NA	NA	NA	NA	0.02330743618202	0.0145278450363196	0.0514285714285714	NA	NA	NA	NA	NA	NA	NA	0.02330743618202	0.0145278450363196	0.0514285714285714	NA
445	NA	NA	NA	NA	NA	NA	0.0139211136890951	0.0150462962962963	0.0336391437308868	NA	NA	NA	NA	NA	NA	NA	0.0139211136890951	0.0150462962962963	0.0336391437308868	NA
450	NA	NA	NA	NA	NA	NA	0.0168728908886389	0.0227817745803357	0.0590277777777778	NA	NA	NA	NA	NA	NA	NA	0.0168728908886389	0.0227817745803357	0.0590277777777778	NA
455	NA	NA	NA	NA	NA	NA	0.0174563591022444	0.0296465222348917	0.0381679389312977	NA	NA	NA	NA	NA	NA	NA	0.0174563591022444	0.0296465222348917	0.0381679389312977	NA
460	NA	NA	NA	NA	NA	NA	0.0161507402422611	0.0219206680584551	0.0489795918367347	NA	NA	NA	NA	NA	NA	NA	0.0161507402422611	0.0219206680584551	0.0489795918367347	NA
465	NA	NA	NA	NA	NA	NA	0.0182370820668693	0.0152671755725191	0.045045045045045	NA	NA	NA	NA	NA	NA	NA	0.0182370820668693	0.0152671755725191	0.045045045045045	NA
470	NA	NA	NA	NA	NA	NA	0.0221843003412969	0.015993265993266	0.0711462450592885	NA	NA	NA	NA	NA	NA	NA	0.0221843003412969	0.015993265993266	0.0711462450592885	NA
475	NA	NA	NA	NA	NA	NA	0.0216606498194946	0.0119965724078835	0.0419847328244275	NA	NA	NA	NA	NA	NA	NA	0.0216606498194946	0.0119965724078835	0.0419847328244275	NA
480	NA	NA	NA	NA	NA	NA	0.0196078431372549	0.012636899747262	0.0483091787439614	NA	NA	NA	NA	NA	NA	NA	0.0196078431372549	0.012636899747262	0.0483091787439614	NA
485	NA	NA	NA	NA	NA	NA	0.01953125	0.0154772141014617	0.0593607305936073	NA	NA	NA	NA	NA	NA	NA	0.01953125	0.0154772141014617	0.0593607305936073	NA
490	NA	NA	NA	NA	NA	NA	0.025	0.0177966101694915	0.0543478260869565	NA	NA	NA	NA	NA	NA	NA	0.025	0.0177966101694915	0.0543478260869565	NA
495	NA	NA	NA	NA	NA	NA	0.0233160621761658	0.010797342192691	0.0526315789473684	NA	NA	NA	NA	NA	NA	NA	0.0233160621761658	0.010797342192691	0.0526315789473684	NA
500	NA	NA	NA	NA	NA	NA	0.0335365853658537	0.0104417670682731	0.0460526315789474	NA	NA	NA	NA	NA	NA	NA	0.0335365853658537	0.0104417670682731	0.0460526315789474	NA
505	NA	NA	NA	NA	NA	NA	0.0428015564202335	0.0109976433621367	0.0583941605839416	NA	NA	NA	NA	NA	NA	NA	0.0428015564202335	0.0109976433621367	0.0583941605839416	NA
510	NA	NA	NA	NA	NA	NA	0.04	0.0131274131274131	0.0789473684210526	NA	NA	NA	NA	NA	NA	NA	0.04	0.0131274131274131	0.0789473684210526	NA
515	NA	NA	NA	NA	NA	NA	0.0552995391705069	0.0130909090909091	0.0671641791044776	NA	NA	NA	NA	NA	NA	NA	0.0552995391705069	0.0130909090909091	0.0671641791044776	NA
520	NA	NA	NA	NA	NA	NA	0.04	0.0097629009762901	0.0403225806451613	NA	NA	NA	NA	NA	NA	NA	0.04	0.0097629009762901	0.0403225806451613	NA
525	NA	NA	NA	NA	NA	NA	0.0666666666666667	0.0125739644970414	0.0982142857142857	NA	NA	NA	NA	NA	NA	NA	0.0666666666666667	0.0125739644970414	0.0982142857142857	NA
530	NA	NA	NA	NA	NA	NA	0.0449438202247191	0.00967261904761905	0.09	NA	NA	NA	NA	NA	NA	NA	0.0449438202247191	0.00967261904761905	0.09	NA
535	NA	NA	NA	NA	NA	NA	0.0740740740740741	0.0122302158273381	0.117117117117117	NA	NA	NA	NA	NA	NA	NA	0.0740740740740741	0.0122302158273381	0.117117117117117	NA
540	NA	NA	NA	NA	NA	NA	0.0445859872611465	0.0125739644970414	0.0927835051546392	NA	NA	NA	NA	NA	NA	NA	0.0445859872611465	0.0125739644970414	0.0927835051546392	NA
545	NA	NA	NA	NA	NA	NA	0.0774193548387097	0.00923295454545455	0.0879120879120879	NA	NA	NA	NA	NA	NA	NA	0.0774193548387097	0.00923295454545455	0.0879120879120879	NA
550	NA	NA	NA	NA	NA	NA	0.0613496932515337	0.0109546165884194	0.172413793103448	NA	NA	NA	NA	NA	NA	NA	0.0613496932515337	0.0109546165884194	0.172413793103448	NA
555	NA	NA	NA	NA	NA	NA	0.0827067669172932	0.0104	0.177777777777778	NA	NA	NA	NA	NA	NA	NA	0.0827067669172932	0.0104	0.177777777777778	NA
560	NA	NA	NA	NA	NA	NA	0.0516129032258065	0.0107084019769358	0.3	NA	NA	NA	NA	NA	NA	NA	0.0516129032258065	0.0107084019769358	0.3	NA
565	NA	NA	NA	NA	NA	NA	0.072289156626506	0.0146551724137931	0.151515151515152	NA	NA	NA	NA	NA	NA	NA	0.072289156626506	0.0146551724137931	0.151515151515152	NA
570	NA	NA	NA	NA	NA	NA	0.0642857142857143	0.0135623869801085	0.3	NA	NA	NA	NA	NA	NA	NA	0.0642857142857143	0.0135623869801085	0.3	NA
575	NA	NA	NA	NA	NA	NA	0.078125	0.010054844606947	0.227272727272727	NA	NA	NA	NA	NA	NA	NA	0.078125	0.010054844606947	0.227272727272727	NA
580	NA	NA	NA	NA	NA	NA	0.101123595505618	0.011988011988012	0.208333333333333	NA	NA	NA	NA	NA	NA	NA	0.101123595505618	0.011988011988012	0.208333333333333	NA
585	NA	NA	NA	NA	NA	NA	0.134328358208955	0.0114702815432742	0.157894736842105	NA	NA	NA	NA	NA	NA	NA	0.134328358208955	0.0114702815432742	0.157894736842105	NA
590	NA	NA	NA	NA	NA	NA	0.12962962962963	0.0145833333333333	0.269230769230769	NA	NA	NA	NA	NA	NA	NA	0.12962962962963	0.0145833333333333	0.269230769230769	NA
595	NA	NA	NA	NA	NA	NA	0.127659574468085	0.015	0.181818181818182	NA	NA	NA	NA	NA	NA	NA	0.127659574468085	0.015	0.181818181818182	NA
600	NA	NA	NA	NA	NA	NA	0.142857142857143	0.0211640211640212	0.285714285714286	NA	NA	NA	NA	NA	NA	NA	0.142857142857143	0.0211640211640212	0.285714285714286	NA
605	NA	NA	NA	NA	NA	NA	0.22	0.0147392290249433	0.222222222222222	NA	NA	NA	NA	NA	NA	NA	0.22	0.0147392290249433	0.222222222222222	NA
610	NA	NA	NA	NA	NA	NA	0.131578947368421	0.0152284263959391	0.2	NA	NA	NA	NA	NA	NA	NA	0.131578947368421	0.0152284263959391	0.2	NA
615	NA	NA	NA	NA	NA	NA	0.260869565217391	0.0157068062827225	1	NA	NA	NA	NA	NA	NA	NA	0.260869565217391	0.0157068062827225	1	NA
620	NA	NA	NA	NA	NA	NA	0.333333333333333	0.0151745068285281	NA	NA	NA	NA	NA	NA	NA	NA	0.333333333333333	0.0151745068285281	NA	NA
625	NA	NA	NA	NA	NA	NA	0.466666666666667	0.0268006700167504	NA	NA	NA	NA	NA	NA	NA	NA	0.466666666666667	0.0268006700167504	NA	NA
630	NA	NA	NA	NA	NA	NA	0.333333333333333	0.0288461538461538	NA	NA	NA	NA	NA	NA	NA	NA	0.333333333333333	0.0288461538461538	NA	NA
635	NA	NA	NA	NA	NA	NA	0.454545454545455	0.0272536687631027	NA	NA	NA	NA	NA	NA	NA	NA	0.454545454545455	0.0272536687631027	NA	NA
640	NA	NA	NA	NA	NA	NA	0.705882352941177	0.0283018867924528	NA	NA	NA	NA	NA	NA	NA	NA	0.705882352941177	0.0283018867924528	NA	NA
645	NA	NA	NA	NA	NA	NA	0.357142857142857	0.0279187817258883	NA	NA	NA	NA	NA	NA	NA	NA	0.357142857142857	0.0279187817258883	NA	NA
650	NA	NA	NA	NA	NA	NA	0.5	0.0412371134020619	NA	NA	NA	NA	NA	NA	NA	NA	0.5	0.0412371134020619	NA	NA
655	NA	NA	NA	NA	NA	NA	1	0.059190031152648	NA	NA	NA	NA	NA	NA	NA	NA	1	0.059190031152648	NA	NA
660	NA	NA	NA	NA	NA	NA	1	0.0328467153284672	NA	NA	NA	NA	NA	NA	NA	NA	1	0.0328467153284672	NA	NA
665	NA	NA	NA	NA	NA	NA	NA	0.0390070921985816	NA	NA	NA	NA	NA	NA	NA	NA	NA	0.0390070921985816	NA	NA
670	NA	NA	NA	NA	NA	NA	NA	0.0483870967741935	NA	NA	NA	NA	NA	NA	NA	NA	NA	0.0483870967741935	NA	NA
675	NA	NA	NA	NA	NA	NA	NA	0.0402010050251256	NA	NA	NA	NA	NA	NA	NA	NA	NA	0.0402010050251256	NA	NA
680	NA	NA	NA	NA	NA	NA	NA	0.0598802395209581	NA	NA	NA	NA	NA	NA	NA	NA	NA	0.0598802395209581	NA	NA
685	NA	NA	NA	NA	NA	NA	NA	0.0714285714285714	NA	NA	NA	NA	NA	NA	NA	NA	NA	0.0714285714285714	NA	NA
690	NA	NA	NA	NA	NA	NA	NA	0.0848484848484849	NA	NA	NA	NA	NA	NA	NA	NA	NA	0.0848484848484849	NA	NA
695	NA	NA	NA	NA	NA	NA	NA	0.0783132530120482	NA	NA	NA	NA	NA	NA	NA	NA	NA	0.0783132530120482	NA	NA
700	NA	NA	NA	NA	NA	NA	NA	0.0543478260869565	NA	NA	NA	NA	NA	NA	NA	NA	NA	0.0543478260869565	NA	NA
705	NA	NA	NA	NA	NA	NA	NA	0.0787878787878788	NA	NA	NA	NA	NA	NA	NA	NA	NA	0.0787878787878788	NA	NA
710	NA	NA	NA	NA	NA	NA	NA	0.0628571428571429	NA	NA	NA	NA	NA	NA	NA	NA	NA	0.0628571428571429	NA	NA
715	NA	NA	NA	NA	NA	NA	NA	0.096969696969697	NA	NA	NA	NA	NA	NA	NA	NA	NA	0.096969696969697	NA	NA
720	NA	NA	NA	NA	NA	NA	NA	0.0574712643678161	NA	NA	NA	NA	NA	NA	NA	NA	NA	0.0574712643678161	NA	NA
725	NA	NA	NA	NA	NA	NA	NA	0.0584795321637427	NA	NA	NA	NA	NA	NA	NA	NA	NA	0.0584795321637427	NA	NA
730	NA	NA	NA	NA	NA	NA	NA	0.0510948905109489	NA	NA	NA	NA	NA	NA	NA	NA	NA	0.0510948905109489	NA	NA
735	NA	NA	NA	NA	NA	NA	NA	0.0775193798449612	NA	NA	NA	NA	NA	NA	NA	NA	NA	0.0775193798449612	NA	NA
740	NA	NA	NA	NA	NA	NA	NA	0.0875912408759124	NA	NA	NA	NA	NA	NA	NA	NA	NA	0.0875912408759124	NA	NA
745	NA	NA	NA	NA	NA	NA	NA	0.0769230769230769	NA	NA	NA	NA	NA	NA	NA	NA	NA	0.0769230769230769	NA	NA
750	NA	NA	NA	NA	NA	NA	NA	0.0866141732283465	NA	NA	NA	NA	NA	NA	NA	NA	NA	0.0866141732283465	NA	NA
755	NA	NA	NA	NA	NA	NA	NA	0.0736842105263158	NA	NA	NA	NA	NA	NA	NA	NA	NA	0.0736842105263158	NA	NA
760	NA	NA	NA	NA	NA	NA	NA	0.114583333333333	NA	NA	NA	NA	NA	NA	NA	NA	NA	0.114583333333333	NA	NA
765	NA	NA	NA	NA	NA	NA	NA	0.0987654320987654	NA	NA	NA	NA	NA	NA	NA	NA	NA	0.0987654320987654	NA	NA
770	NA	NA	NA	NA	NA	NA	NA	0.106060606060606	NA	NA	NA	NA	NA	NA	NA	NA	NA	0.106060606060606	NA	NA
775	NA	NA	NA	NA	NA	NA	NA	0.0862068965517241	NA	NA	NA	NA	NA	NA	NA	NA	NA	0.0862068965517241	NA	NA
780	NA	NA	NA	NA	NA	NA	NA	0.13953488372093	NA	NA	NA	NA	NA	NA	NA	NA	NA	0.13953488372093	NA	NA
785	NA	NA	NA	NA	NA	NA	NA	0.285714285714286	NA	NA	NA	NA	NA	NA	NA	NA	NA	0.285714285714286	NA	NA
790	NA	NA	NA	NA	NA	NA	NA	0.173076923076923	NA	NA	NA	NA	NA	NA	NA	NA	NA	0.173076923076923	NA	NA
795	NA	NA	NA	NA	NA	NA	NA	0.227272727272727	NA	NA	NA	NA	NA	NA	NA	NA	NA	0.227272727272727	NA	NA
800	NA	NA	NA	NA	NA	NA	NA	0.189655172413793	NA	NA	NA	NA	NA	NA	NA	NA	NA	0.189655172413793	NA	NA
805	NA	NA	NA	NA	NA	NA	NA	0.149253731343284	NA	NA	NA	NA	NA	NA	NA	NA	NA	0.149253731343284	NA	NA
810	NA	NA	NA	NA	NA	NA	NA	0.114754098360656	NA	NA	NA	NA	NA	NA	NA	NA	NA	0.114754098360656	NA	NA
815	NA	NA	NA	NA	NA	NA	NA	0.0975609756097561	NA	NA	NA	NA	NA	NA	NA	NA	NA	0.0975609756097561	NA	NA
820	NA	NA	NA	NA	NA	NA	NA	0.166666666666667	NA	NA	NA	NA	NA	NA	NA	NA	NA	0.166666666666667	NA	NA
825	NA	NA	NA	NA	NA	NA	NA	0.12	NA	NA	NA	NA	NA	NA	NA	NA	NA	0.12	NA	NA
830	NA	NA	NA	NA	NA	NA	NA	0.169811320754717	NA	NA	NA	NA	NA	NA	NA	NA	NA	0.169811320754717	NA	NA
835	NA	NA	NA	NA	NA	NA	NA	0.238095238095238	NA	NA	NA	NA	NA	NA	NA	NA	NA	0.238095238095238	NA	NA
840	NA	NA	NA	NA	NA	NA	NA	0.25	NA	NA	NA	NA	NA	NA	NA	NA	NA	0.25	NA	NA
845	NA	NA	NA	NA	NA	NA	NA	0.121212121212121	NA	NA	NA	NA	NA	NA	NA	NA	NA	0.121212121212121	NA	NA
850	NA	NA	NA	NA	NA	NA	NA	0.470588235294118	NA	NA	NA	NA	NA	NA	NA	NA	NA	0.470588235294118	NA	NA
855	NA	NA	NA	NA	NA	NA	NA	0.166666666666667	NA	NA	NA	NA	NA	NA	NA	NA	NA	0.166666666666667	NA	NA
860	NA	NA	NA	NA	NA	NA	NA	0.259259259259259	NA	NA	NA	NA	NA	NA	NA	NA	NA	0.259259259259259	NA	NA
865	NA	NA	NA	NA	NA	NA	NA	0.285714285714286	NA	NA	NA	NA	NA	NA	NA	NA	NA	0.285714285714286	NA	NA
870	NA	NA	NA	NA	NA	NA	NA	0.230769230769231	NA	NA	NA	NA	NA	NA	NA	NA	NA	0.230769230769231	NA	NA
875	NA	NA	NA	NA	NA	NA	NA	0.2	NA	NA	NA	NA	NA	NA	NA	NA	NA	0.2	NA	NA
880	NA	NA	NA	NA	NA	NA	NA	0.352941176470588	NA	NA	NA	NA	NA	NA	NA	NA	NA	0.352941176470588	NA	NA
885	NA	NA	NA	NA	NA	NA	NA	0.357142857142857	NA	NA	NA	NA	NA	NA	NA	NA	NA	0.357142857142857	NA	NA
890	NA	NA	NA	NA	NA	NA	NA	0.222222222222222	NA	NA	NA	NA	NA	NA	NA	NA	NA	0.222222222222222	NA	NA
895	NA	NA	NA	NA	NA	NA	NA	0.428571428571429	NA	NA	NA	NA	NA	NA	NA	NA	NA	0.428571428571429	NA	NA
900	NA	NA	NA	NA	NA	NA	NA	1	NA	NA	NA	NA	NA	NA	NA	NA	NA	1	NA	NA
