0	1	1	1	1	1	1	1	1	1	1	1	1	1	1	1	1	1	1	1	1
5	1	0.625	1	1	1	0.6	1	0.7	1	0.75	1	0.625	1	1	1	0.6	1	0.7	1	0.75
10	NA	0.75	0.545454545454545	NA	0.545454545454545	0.545454545454545	0.4	0.4375	0.235294117647059	0.7	NA	0.75	0.545454545454545	NA	0.545454545454545	0.545454545454545	0.4	0.4375	0.235294117647059	0.7
15	NA	0.6	0.35	NA	0.5	0.277777777777778	1	0.305555555555556	0.307692307692308	0.333333333333333	NA	0.6	0.35	NA	0.5	0.277777777777778	1	0.305555555555556	0.307692307692308	0.333333333333333
20	NA	0.411764705882353	0.291666666666667	NA	0.333333333333333	0.3	0.7	0.388888888888889	0.3	1	NA	0.411764705882353	0.291666666666667	NA	0.333333333333333	0.3	0.7	0.388888888888889	0.3	1
25	NA	0.382352941176471	0.227272727272727	NA	NA	0.604651162790698	0.5	0.5	0.307692307692308	NA	NA	0.382352941176471	0.227272727272727	NA	NA	0.604651162790698	0.5	0.5	0.307692307692308	NA
30	NA	0.346153846153846	0.333333333333333	NA	NA	0.215686274509804	NA	0.375	0.441176470588235	NA	NA	0.346153846153846	0.333333333333333	NA	NA	0.215686274509804	NA	0.375	0.441176470588235	NA
35	NA	0.25	0.333333333333333	NA	NA	0.214285714285714	NA	0.333333333333333	0.476923076923077	NA	NA	0.25	0.333333333333333	NA	NA	0.214285714285714	NA	0.333333333333333	0.476923076923077	NA
40	NA	0.24390243902439	0.3	NA	NA	0.333333333333333	NA	0.292682926829268	0.273972602739726	NA	NA	0.24390243902439	0.3	NA	NA	0.333333333333333	NA	0.292682926829268	0.273972602739726	NA
45	NA	0.292682926829268	0.340909090909091	NA	NA	0.428571428571429	NA	0.209302325581395	0.128205128205128	NA	NA	0.292682926829268	0.340909090909091	NA	NA	0.428571428571429	NA	0.209302325581395	0.128205128205128	NA
50	NA	0.264705882352941	0.296875	NA	NA	0.34375	NA	0.142857142857143	0.13265306122449	NA	NA	0.264705882352941	0.296875	NA	NA	0.34375	NA	0.142857142857143	0.13265306122449	NA
55	NA	0.21875	0.160714285714286	NA	NA	0.2	NA	0.158536585365854	0.105769230769231	NA	NA	0.21875	0.160714285714286	NA	NA	0.2	NA	0.158536585365854	0.105769230769231	NA
60	NA	0.170212765957447	0.212765957446809	NA	NA	0.169014084507042	NA	0.134453781512605	0.145161290322581	NA	NA	0.170212765957447	0.212765957446809	NA	NA	0.169014084507042	NA	0.134453781512605	0.145161290322581	NA
65	NA	0.152777777777778	0.178571428571429	NA	NA	0.142857142857143	NA	0.20952380952381	0.19047619047619	NA	NA	0.152777777777778	0.178571428571429	NA	NA	0.142857142857143	NA	0.20952380952381	0.19047619047619	NA
70	NA	0.137931034482759	0.142857142857143	NA	NA	0.245901639344262	NA	0.130434782608696	0.114583333333333	NA	NA	0.137931034482759	0.142857142857143	NA	NA	0.245901639344262	NA	0.130434782608696	0.114583333333333	NA
75	NA	0.117647058823529	0.163265306122449	NA	NA	0.188679245283019	NA	0.0849673202614379	0.102040816326531	NA	NA	0.117647058823529	0.163265306122449	NA	NA	0.188679245283019	NA	0.0849673202614379	0.102040816326531	NA
80	NA	0.145631067961165	0.125	NA	NA	0.277777777777778	NA	0.0635593220338983	0.104477611940299	NA	NA	0.145631067961165	0.125	NA	NA	0.277777777777778	NA	0.0635593220338983	0.104477611940299	NA
85	NA	0.2	0.0896551724137931	NA	NA	0.3	NA	0.0625	0.111111111111111	NA	NA	0.2	0.0896551724137931	NA	NA	0.3	NA	0.0625	0.111111111111111	NA
90	NA	0.171052631578947	0.0578034682080925	NA	NA	0.25	NA	0.066079295154185	0.0842105263157895	NA	NA	0.171052631578947	0.0578034682080925	NA	NA	0.25	NA	0.066079295154185	0.0842105263157895	NA
95	NA	0.172413793103448	0.0707964601769911	NA	NA	0.19672131147541	NA	0.0681818181818182	0.074235807860262	NA	NA	0.172413793103448	0.0707964601769911	NA	NA	0.19672131147541	NA	0.0681818181818182	0.074235807860262	NA
100	NA	0.148648648648649	0.120805369127517	NA	NA	0.217948717948718	NA	0.0504731861198738	0.0902527075812274	NA	NA	0.148648648648649	0.120805369127517	NA	NA	0.217948717948718	NA	0.0504731861198738	0.0902527075812274	NA
105	NA	0.191780821917808	0.138364779874214	NA	NA	0.166666666666667	NA	0.0540540540540541	0.053156146179402	NA	NA	0.191780821917808	0.138364779874214	NA	NA	0.166666666666667	NA	0.0540540540540541	0.053156146179402	NA
110	NA	0.0925925925925926	0.124183006535948	NA	NA	0.0945945945945946	NA	0.0402476780185759	0.0684931506849315	NA	NA	0.0925925925925926	0.124183006535948	NA	NA	0.0945945945945946	NA	0.0402476780185759	0.0684931506849315	NA
115	NA	0.0979020979020979	0.0895522388059701	NA	NA	0.162790697674419	NA	0.0560747663551402	0.0341463414634146	NA	NA	0.0979020979020979	0.0895522388059701	NA	NA	0.162790697674419	NA	0.0560747663551402	0.0341463414634146	NA
120	NA	0.0897435897435897	0.0751173708920188	NA	NA	0.116788321167883	NA	0.046831955922865	0.0390143737166324	NA	NA	0.0897435897435897	0.0751173708920188	NA	NA	0.116788321167883	NA	0.046831955922865	0.0390143737166324	NA
125	NA	0.0711462450592885	0.0851063829787234	NA	NA	0.0810810810810811	NA	0.0373134328358209	0.032258064516129	NA	NA	0.0711462450592885	0.0851063829787234	NA	NA	0.0810810810810811	NA	0.0373134328358209	0.032258064516129	NA
130	NA	0.0730769230769231	0.0752688172043011	NA	NA	0.0760233918128655	NA	0.0672645739910314	0.0274390243902439	NA	NA	0.0730769230769231	0.0752688172043011	NA	NA	0.0760233918128655	NA	0.0672645739910314	0.0274390243902439	NA
135	NA	0.0385674931129477	0.0748663101604278	NA	NA	0.1	NA	0.0513274336283186	0.0277044854881266	NA	NA	0.0385674931129477	0.0748663101604278	NA	NA	0.1	NA	0.0513274336283186	0.0277044854881266	NA
140	NA	0.0562060889929742	0.073394495412844	NA	NA	0.0645161290322581	NA	0.0550918196994992	0.0283768444948922	NA	NA	0.0562060889929742	0.073394495412844	NA	NA	0.0645161290322581	NA	0.0550918196994992	0.0283768444948922	NA
145	NA	0.0401785714285714	0.0421940928270042	NA	NA	0.106796116504854	NA	0.0369843527738265	0.0278422273781903	NA	NA	0.0401785714285714	0.0421940928270042	NA	NA	0.106796116504854	NA	0.0369843527738265	0.0278422273781903	NA
150	NA	0.0313725490196078	0.064638783269962	NA	NA	0.0680851063829787	NA	0.0273809523809524	0.029126213592233	NA	NA	0.0313725490196078	0.064638783269962	NA	NA	0.0680851063829787	NA	0.0273809523809524	0.029126213592233	NA
155	NA	0.0477099236641221	0.05625	NA	NA	0.0498338870431894	NA	0.0191146881287726	0.0241935483870968	NA	NA	0.0477099236641221	0.05625	NA	NA	0.0498338870431894	NA	0.0191146881287726	0.0241935483870968	NA
160	NA	0.0347682119205298	0.0608974358974359	NA	NA	0.0507936507936508	NA	0.0219298245614035	0.0164728682170543	NA	NA	0.0347682119205298	0.0608974358974359	NA	NA	0.0507936507936508	NA	0.0219298245614035	0.0164728682170543	NA
165	NA	0.0325443786982249	0.0746268656716418	NA	NA	0.0439189189189189	NA	0.0174464710547185	0.0188172043010753	NA	NA	0.0325443786982249	0.0746268656716418	NA	NA	0.0439189189189189	NA	0.0174464710547185	0.0188172043010753	NA
170	NA	0.0280970625798212	0.046831955922865	NA	NA	0.0755813953488372	NA	0.0178954903364352	0.0156636438582028	NA	NA	0.0280970625798212	0.046831955922865	NA	NA	0.0755813953488372	NA	0.0178954903364352	0.0156636438582028	NA
175	NA	0.0212765957446809	0.04149377593361	NA	NA	0.0575757575757576	NA	0.014	0.0229793977812995	NA	NA	0.0212765957446809	0.04149377593361	NA	NA	0.0575757575757576	NA	0.014	0.0229793977812995	NA
180	NA	0.0201793721973094	0.0405405405405405	NA	NA	0.0467289719626168	NA	0.0132241813602015	0.0274684484038604	NA	NA	0.0201793721973094	0.0405405405405405	NA	NA	0.0467289719626168	NA	0.0132241813602015	0.0274684484038604	NA
185	NA	0.0205278592375367	0.0275862068965517	NA	NA	0.0422535211267606	NA	0.0166975881261596	0.0158839779005525	NA	NA	0.0205278592375367	0.0275862068965517	NA	NA	0.0422535211267606	NA	0.0166975881261596	0.0158839779005525	NA
190	NA	0.0159474671669794	0.0395480225988701	NA	NA	0.0513447432762836	NA	0.0140395660497766	0.0164285714285714	NA	NA	0.0159474671669794	0.0395480225988701	NA	NA	0.0513447432762836	NA	0.0140395660497766	0.0164285714285714	NA
195	NA	0.0156794425087108	0.0266875981161695	NA	NA	0.0333333333333333	NA	0.0114068441064639	0.0141891891891892	NA	NA	0.0156794425087108	0.0266875981161695	NA	NA	0.0333333333333333	NA	0.0114068441064639	0.0141891891891892	NA
200	NA	0.020497803806735	0.0381558028616852	NA	NA	0.0548523206751055	NA	0.0151057401812689	0.0127814972611077	NA	NA	0.020497803806735	0.0381558028616852	NA	NA	0.0548523206751055	NA	0.0151057401812689	0.0127814972611077	NA
205	NA	0.0219028062970568	0.029940119760479	NA	NA	0.044280442804428	NA	0.0168634064080944	0.013118664281455	NA	NA	0.0219028062970568	0.029940119760479	NA	NA	0.044280442804428	NA	0.0168634064080944	0.013118664281455	NA
210	NA	0.0169934640522876	0.0286069651741294	NA	NA	0.0501730103806228	NA	0.00958977091102824	0.0122324159021407	NA	NA	0.0169934640522876	0.0286069651741294	NA	NA	0.0501730103806228	NA	0.00958977091102824	0.0122324159021407	NA
215	NA	0.0162945081472541	0.0198895027624309	NA	NA	0.029320987654321	NA	0.0157657657657658	0.0128048780487805	NA	NA	0.0162945081472541	0.0198895027624309	NA	NA	0.029320987654321	NA	0.0157657657657658	0.0128048780487805	NA
220	NA	0.0153211549793754	0.0217391304347826	NA	NA	0.0235783633841886	NA	0.0121816168327796	0.0144846796657382	NA	NA	0.0153211549793754	0.0217391304347826	NA	NA	0.0235783633841886	NA	0.0121816168327796	0.0144846796657382	NA
225	NA	0.0119825708061002	0.0267034990791897	NA	NA	0.0214205186020293	NA	0.0122470713525027	0.0138657792567942	NA	NA	0.0119825708061002	0.0267034990791897	NA	NA	0.0214205186020293	NA	0.0122470713525027	0.0138657792567942	NA
230	NA	0.0127161749745677	0.0187908496732026	NA	NA	0.0166177908113392	NA	0.0150899593731863	0.0139817629179331	NA	NA	0.0127161749745677	0.0187908496732026	NA	NA	0.0166177908113392	NA	0.0150899593731863	0.0139817629179331	NA
235	NA	0.0176384125428711	0.0141176470588235	NA	NA	0.0174418604651163	NA	0.0146968769136558	0.0138451856513531	NA	NA	0.0176384125428711	0.0141176470588235	NA	NA	0.0174418604651163	NA	0.0146968769136558	0.0138451856513531	NA
240	NA	0.00853080568720379	0.0260936300844206	NA	NA	0.0207305034550839	NA	0.0120627261761158	0.0140280561122244	NA	NA	0.00853080568720379	0.0260936300844206	NA	NA	0.0207305034550839	NA	0.0120627261761158	0.0140280561122244	NA
245	NA	0.0114832535885167	0.0181437543614794	NA	NA	0.0187713310580205	NA	0.0115406809001731	0.0103092783505155	NA	NA	0.0114832535885167	0.0181437543614794	NA	NA	0.0187713310580205	NA	0.0115406809001731	0.0103092783505155	NA
250	NA	0.0103305785123967	0.0138797091870456	NA	NA	0.0160880609652837	NA	0.0137149672033393	0.0185048112509252	NA	NA	0.0103305785123967	0.0138797091870456	NA	NA	0.0160880609652837	NA	0.0137149672033393	0.0185048112509252	NA
255	NA	0.0146270112140419	0.0130486358244365	NA	NA	0.0173310225303293	NA	0.014041514041514	0.0163325909428359	NA	NA	0.0146270112140419	0.0130486358244365	NA	NA	0.0173310225303293	NA	0.014041514041514	0.0163325909428359	NA
260	NA	0.0109041344843253	0.0153755174452986	NA	NA	0.0157284768211921	NA	0.012453300124533	0.0153256704980843	NA	NA	0.0109041344843253	0.0153755174452986	NA	NA	0.0157284768211921	NA	0.012453300124533	0.0153256704980843	NA
265	NA	0.00919651500484027	0.01875	NA	NA	0.0182724252491694	NA	0.0126666666666667	0.0149019607843137	NA	NA	0.00919651500484027	0.01875	NA	NA	0.0182724252491694	NA	0.0126666666666667	0.0149019607843137	NA
270	NA	0.0109942638623327	0.0122399020807834	NA	NA	0.0133437990580848	NA	0.0152823920265781	0.014821272885789	NA	NA	0.0109942638623327	0.0122399020807834	NA	NA	0.0133437990580848	NA	0.0152823920265781	0.014821272885789	NA
275	NA	0.0122086570477248	0.0137931034482759	NA	NA	0.0179856115107914	NA	0.0114632501685772	0.018348623853211	NA	NA	0.0122086570477248	0.0137931034482759	NA	NA	0.0179856115107914	NA	0.0114632501685772	0.018348623853211	NA
280	NA	0.0116214720531267	0.0124257158292815	NA	NA	0.0147783251231527	NA	0.0143988480921526	0.0176908752327747	NA	NA	0.0116214720531267	0.0124257158292815	NA	NA	0.0147783251231527	NA	0.0143988480921526	0.0176908752327747	NA
285	NA	0.0106951871657754	0.00989068193649141	NA	NA	0.0142428785607196	NA	0.0170496664195701	0.0226449275362319	NA	NA	0.0106951871657754	0.00989068193649141	NA	NA	0.0142428785607196	NA	0.0170496664195701	0.0226449275362319	NA
290	NA	0.0191292875989446	0.0145757418011452	NA	NA	0.021986353297953	NA	0.016273393002441	0.0161290322580645	NA	NA	0.0191292875989446	0.0145757418011452	NA	NA	0.021986353297953	NA	0.016273393002441	0.0161290322580645	NA
295	NA	0.0212620027434842	0.0114583333333333	NA	NA	0.0169602087410307	NA	0.0169348010160881	0.024	NA	NA	0.0212620027434842	0.0114583333333333	NA	NA	0.0169602087410307	NA	0.0169348010160881	0.024	NA
300	NA	0.0237918215613383	0.00915221579961464	NA	NA	0.0173217854763491	NA	0.016052880075543	0.0186823992133727	NA	NA	0.0237918215613383	0.00915221579961464	NA	NA	0.0173217854763491	NA	0.016052880075543	0.0186823992133727	NA
305	NA	0.0197841726618705	0.0124750499001996	NA	NA	0.0129251700680272	NA	0.0234445446348061	0.0218446601941748	NA	NA	0.0197841726618705	0.0124750499001996	NA	NA	0.0129251700680272	NA	0.0234445446348061	0.0218446601941748	NA
310	NA	0.0184466019417476	0.0120812740252608	NA	NA	0.0151415404871626	NA	0.016597510373444	0.0207756232686981	NA	NA	0.0184466019417476	0.0120812740252608	NA	NA	0.0151415404871626	NA	0.016597510373444	0.0207756232686981	NA
315	NA	0.0247167868177137	0.0121614151464898	NA	NA	0.0143051771117166	NA	0.0223713646532438	0.0407303370786517	NA	NA	0.0247167868177137	0.0121614151464898	NA	NA	0.0143051771117166	NA	0.0223713646532438	0.0407303370786517	NA
320	NA	0.0173724212812161	0.011001100110011	NA	NA	0.0150489089541008	NA	0.0242718446601942	0.0297450424929178	NA	NA	0.0173724212812161	0.011001100110011	NA	NA	0.0150489089541008	NA	0.0242718446601942	0.0297450424929178	NA
325	NA	0.0178147268408551	0.0127565169162507	NA	NA	0.0213392200147167	NA	0.0309278350515464	0.0299500831946755	NA	NA	0.0178147268408551	0.0127565169162507	NA	NA	0.0213392200147167	NA	0.0309278350515464	0.0299500831946755	NA
330	NA	0.0234375	0.0114942528735632	NA	NA	0.0154867256637168	NA	0.045016077170418	0.0272727272727273	NA	NA	0.0234375	0.0114942528735632	NA	NA	0.0154867256637168	NA	0.045016077170418	0.0272727272727273	NA
335	NA	0.0237430167597765	0.0103159252095422	NA	NA	0.0162037037037037	NA	0.0305676855895196	0.0596421471172962	NA	NA	0.0237430167597765	0.0103159252095422	NA	NA	0.0162037037037037	NA	0.0305676855895196	0.0596421471172962	NA
340	NA	0.0306748466257669	0.0120567375886525	NA	NA	0.0163170163170163	NA	0.0504347826086957	0.032258064516129	NA	NA	0.0306748466257669	0.0120567375886525	NA	NA	0.0163170163170163	NA	0.0504347826086957	0.032258064516129	NA
345	NA	0.0429042904290429	0.0128865979381443	NA	NA	0.017353579175705	NA	0.037593984962406	0.0378947368421053	NA	NA	0.0429042904290429	0.0128865979381443	NA	NA	0.017353579175705	NA	0.037593984962406	0.0378947368421053	NA
350	NA	0.0433884297520661	0.0160965794768612	NA	NA	0.0249056603773585	NA	0.0318091451292246	0.0361990950226244	NA	NA	0.0433884297520661	0.0160965794768612	NA	NA	0.0249056603773585	NA	0.0318091451292246	0.0361990950226244	NA
355	NA	0.0379746835443038	0.0197802197802198	NA	NA	0.0178419711129991	NA	0.0373831775700935	0.048	NA	NA	0.0379746835443038	0.0197802197802198	NA	NA	0.0178419711129991	NA	0.0373831775700935	0.048	NA
360	NA	0.0386100386100386	0.0180940892641737	NA	NA	0.0179282868525896	NA	0.0485714285714286	0.0731707317073171	NA	NA	0.0386100386100386	0.0180940892641737	NA	NA	0.0179282868525896	NA	0.0485714285714286	0.0731707317073171	NA
365	NA	0.0361702127659574	0.0381062355658199	NA	NA	0.0216400911161731	NA	0.0652173913043478	0.0454545454545455	NA	NA	0.0361702127659574	0.0381062355658199	NA	NA	0.0216400911161731	NA	0.0652173913043478	0.0454545454545455	NA
370	NA	0.0435729847494553	0.0271546635182999	NA	NA	0.0177580466148724	NA	0.0736842105263158	0.041044776119403	NA	NA	0.0435729847494553	0.0271546635182999	NA	NA	0.0177580466148724	NA	0.0736842105263158	0.041044776119403	NA
375	NA	0.0314009661835749	0.0278940027894003	NA	NA	0.0196483971044467	NA	0.0714285714285714	0.0689655172413793	NA	NA	0.0314009661835749	0.0278940027894003	NA	NA	0.0196483971044467	NA	0.0714285714285714	0.0689655172413793	NA
380	NA	0.0638977635782748	0.0274566473988439	NA	NA	0.0318407960199005	NA	0.0594795539033457	0.0682926829268293	NA	NA	0.0638977635782748	0.0274566473988439	NA	NA	0.0318407960199005	NA	0.0594795539033457	0.0682926829268293	NA
385	NA	0.0653846153846154	0.0350877192982456	NA	NA	0.0259481037924152	NA	0.0967741935483871	0.0700636942675159	NA	NA	0.0653846153846154	0.0350877192982456	NA	NA	0.0259481037924152	NA	0.0967741935483871	0.0700636942675159	NA
390	NA	0.0912698412698413	0.032520325203252	NA	NA	0.0260021668472373	NA	0.0909090909090909	0.058252427184466	NA	NA	0.0912698412698413	0.032520325203252	NA	NA	0.0260021668472373	NA	0.0909090909090909	0.058252427184466	NA
395	NA	0.0485074626865672	0.0270880361173815	NA	NA	0.025	NA	0.0827586206896552	0.108108108108108	NA	NA	0.0485074626865672	0.0270880361173815	NA	NA	0.025	NA	0.0827586206896552	0.108108108108108	NA
400	NA	0.0722433460076046	0.0455764075067024	NA	NA	0.0255591054313099	NA	0.120879120879121	0.107438016528926	NA	NA	0.0722433460076046	0.0455764075067024	NA	NA	0.0255591054313099	NA	0.120879120879121	0.107438016528926	NA
405	NA	0.0846774193548387	0.046831955922865	NA	NA	0.025830258302583	NA	0.106796116504854	0.164383561643836	NA	NA	0.0846774193548387	0.046831955922865	NA	NA	0.025830258302583	NA	0.106796116504854	0.164383561643836	NA
410	NA	0.0473933649289099	0.0474777448071217	NA	NA	0.0437375745526839	NA	0.208791208791209	0.146067415730337	NA	NA	0.0473933649289099	0.0474777448071217	NA	NA	0.0437375745526839	NA	0.208791208791209	0.146067415730337	NA
415	NA	0.076555023923445	0.065015479876161	NA	NA	0.0337837837837838	NA	0.161764705882353	0.130434782608696	NA	NA	0.076555023923445	0.065015479876161	NA	NA	0.0337837837837838	NA	0.161764705882353	0.130434782608696	NA
420	NA	0.0942408376963351	0.0674603174603175	NA	NA	0.0297482837528604	NA	0.17741935483871	0.157142857142857	NA	NA	0.0942408376963351	0.0674603174603175	NA	NA	0.0297482837528604	NA	0.17741935483871	0.157142857142857	NA
425	NA	0.10828025477707	0.09375	NA	NA	0.076271186440678	NA	0.153846153846154	0.177777777777778	NA	NA	0.10828025477707	0.09375	NA	NA	0.076271186440678	NA	0.153846153846154	0.177777777777778	NA
430	NA	0.0838709677419355	0.0824742268041237	NA	NA	0.0488888888888889	NA	0.146666666666667	0.227272727272727	NA	NA	0.0838709677419355	0.0824742268041237	NA	NA	0.0488888888888889	NA	0.146666666666667	0.227272727272727	NA
435	NA	0.089041095890411	0.0685714285714286	NA	NA	0.0425055928411633	NA	0.128571428571429	0.25	NA	NA	0.089041095890411	0.0685714285714286	NA	NA	0.0425055928411633	NA	0.128571428571429	0.25	NA
440	NA	0.0684931506849315	0.106060606060606	NA	NA	0.0476190476190476	NA	0.224489795918367	0.21875	NA	NA	0.0684931506849315	0.106060606060606	NA	NA	0.0476190476190476	NA	0.224489795918367	0.21875	NA
445	NA	0.0875912408759124	0.144578313253012	NA	NA	0.051980198019802	NA	0.388888888888889	0.26530612244898	NA	NA	0.0875912408759124	0.144578313253012	NA	NA	0.051980198019802	NA	0.388888888888889	0.26530612244898	NA
450	NA	0.216216216216216	0.0898876404494382	NA	NA	0.0581113801452785	NA	0.361111111111111	0.208333333333333	NA	NA	0.216216216216216	0.0898876404494382	NA	NA	0.0581113801452785	NA	0.361111111111111	0.208333333333333	NA
455	NA	0.130434782608696	0.3	NA	NA	0.0486322188449848	NA	0.217391304347826	0.211538461538462	NA	NA	0.130434782608696	0.3	NA	NA	0.0486322188449848	NA	0.217391304347826	0.211538461538462	NA
460	NA	0.115789473684211	0.271428571428571	NA	NA	0.0446096654275093	NA	0.260869565217391	0.25	NA	NA	0.115789473684211	0.271428571428571	NA	NA	0.0446096654275093	NA	0.260869565217391	0.25	NA
465	NA	0.150537634408602	0.176470588235294	NA	NA	0.0714285714285714	NA	0.238095238095238	0.30188679245283	NA	NA	0.150537634408602	0.176470588235294	NA	NA	0.0714285714285714	NA	0.238095238095238	0.30188679245283	NA
470	NA	0.127659574468085	0.296296296296296	NA	NA	0.0634920634920635	NA	0.454545454545455	0.25	NA	NA	0.127659574468085	0.296296296296296	NA	NA	0.0634920634920635	NA	0.454545454545455	0.25	NA
475	NA	0.114754098360656	0.238095238095238	NA	NA	0.0805687203791469	NA	1	0.219512195121951	NA	NA	0.114754098360656	0.238095238095238	NA	NA	0.0805687203791469	NA	1	0.219512195121951	NA
480	NA	0.224489795918367	0.571428571428571	NA	NA	0.0648648648648649	NA	1	0.191176470588235	NA	NA	0.224489795918367	0.571428571428571	NA	NA	0.0648648648648649	NA	1	0.191176470588235	NA
485	NA	0.347826086956522	0.277777777777778	NA	NA	0.0697674418604651	NA	1	0.23943661971831	NA	NA	0.347826086956522	0.277777777777778	NA	NA	0.0697674418604651	NA	1	0.23943661971831	NA
490	NA	0.666666666666667	0.375	NA	NA	0.0804597701149425	NA	1	0.333333333333333	NA	NA	0.666666666666667	0.375	NA	NA	0.0804597701149425	NA	1	0.333333333333333	NA
495	NA	0.6	0.689655172413793	NA	NA	0.126582278481013	NA	NA	0.222222222222222	NA	NA	0.6	0.689655172413793	NA	NA	0.126582278481013	NA	NA	0.222222222222222	NA
500	NA	0.291666666666667	0.608695652173913	NA	NA	0.103030303030303	NA	NA	0.235294117647059	NA	NA	0.291666666666667	0.608695652173913	NA	NA	0.103030303030303	NA	NA	0.235294117647059	NA
505	NA	0.5	0.375	NA	NA	0.0848484848484849	NA	NA	0.48	NA	NA	0.5	0.375	NA	NA	0.0848484848484849	NA	NA	0.48	NA
510	NA	0.3	0.714285714285714	NA	NA	0.0921052631578947	NA	NA	0.323529411764706	NA	NA	0.3	0.714285714285714	NA	NA	0.0921052631578947	NA	NA	0.323529411764706	NA
515	NA	0.428571428571429	0.666666666666667	NA	NA	0.0810810810810811	NA	NA	0.28	NA	NA	0.428571428571429	0.666666666666667	NA	NA	0.0810810810810811	NA	NA	0.28	NA
520	NA	NA	NA	NA	NA	0.154545454545455	NA	NA	0.615384615384615	NA	NA	NA	NA	NA	NA	0.154545454545455	NA	NA	0.615384615384615	NA
525	NA	NA	NA	NA	NA	0.133333333333333	NA	NA	0.6	NA	NA	NA	NA	NA	NA	0.133333333333333	NA	NA	0.6	NA
530	NA	NA	NA	NA	NA	0.183098591549296	NA	NA	NA	NA	NA	NA	NA	NA	NA	0.183098591549296	NA	NA	NA	NA
535	NA	NA	NA	NA	NA	0.244444444444444	NA	NA	NA	NA	NA	NA	NA	NA	NA	0.244444444444444	NA	NA	NA	NA
540	NA	NA	NA	NA	NA	0.193877551020408	NA	NA	NA	NA	NA	NA	NA	NA	NA	0.193877551020408	NA	NA	NA	NA
545	NA	NA	NA	NA	NA	0.103896103896104	NA	NA	NA	NA	NA	NA	NA	NA	NA	0.103896103896104	NA	NA	NA	NA
550	NA	NA	NA	NA	NA	0.109375	NA	NA	NA	NA	NA	NA	NA	NA	NA	0.109375	NA	NA	NA	NA
555	NA	NA	NA	NA	NA	0.157894736842105	NA	NA	NA	NA	NA	NA	NA	NA	NA	0.157894736842105	NA	NA	NA	NA
560	NA	NA	NA	NA	NA	0.266666666666667	NA	NA	NA	NA	NA	NA	NA	NA	NA	0.266666666666667	NA	NA	NA	NA
565	NA	NA	NA	NA	NA	0.228571428571429	NA	NA	NA	NA	NA	NA	NA	NA	NA	0.228571428571429	NA	NA	NA	NA
570	NA	NA	NA	NA	NA	0.363636363636364	NA	NA	NA	NA	NA	NA	NA	NA	NA	0.363636363636364	NA	NA	NA	NA
575	NA	NA	NA	NA	NA	0.14	NA	NA	NA	NA	NA	NA	NA	NA	NA	0.14	NA	NA	NA	NA
580	NA	NA	NA	NA	NA	0.2	NA	NA	NA	NA	NA	NA	NA	NA	NA	0.2	NA	NA	NA	NA
585	NA	NA	NA	NA	NA	0.255813953488372	NA	NA	NA	NA	NA	NA	NA	NA	NA	0.255813953488372	NA	NA	NA	NA
590	NA	NA	NA	NA	NA	0.238095238095238	NA	NA	NA	NA	NA	NA	NA	NA	NA	0.238095238095238	NA	NA	NA	NA
595	NA	NA	NA	NA	NA	0.222222222222222	NA	NA	NA	NA	NA	NA	NA	NA	NA	0.222222222222222	NA	NA	NA	NA
600	NA	NA	NA	NA	NA	0.533333333333333	NA	NA	NA	NA	NA	NA	NA	NA	NA	0.533333333333333	NA	NA	NA	NA
605	NA	NA	NA	NA	NA	0.269230769230769	NA	NA	NA	NA	NA	NA	NA	NA	NA	0.269230769230769	NA	NA	NA	NA
610	NA	NA	NA	NA	NA	0.4	NA	NA	NA	NA	NA	NA	NA	NA	NA	0.4	NA	NA	NA	NA
615	NA	NA	NA	NA	NA	1	NA	NA	NA	NA	NA	NA	NA	NA	NA	1	NA	NA	NA	NA
620	NA	NA	NA	NA	NA	1	NA	NA	NA	NA	NA	NA	NA	NA	NA	1	NA	NA	NA	NA
