0	1	1	1	1	1	1	1	1	1	1	1	1	1	1	1	1	1	1	1	1
5	0.928571428571429	1	1	0.5	0.9	0.857142857142857	0.333333333333333	1	1	1	0.928571428571429	1	1	0.5	0.9	0.857142857142857	0.333333333333333	1	1	1
10	0.363636363636364	0.625	0.6	0.5	0.384615384615385	0.444444444444444	0.888888888888889	0.307692307692308	0.666666666666667	1	0.363636363636364	0.625	0.6	0.5	0.384615384615385	0.444444444444444	0.888888888888889	0.307692307692308	0.666666666666667	1
15	0.333333333333333	0.692307692307692	0.9	0.318181818181818	0.333333333333333	0.666666666666667	0.4	0.315789473684211	0.714285714285714	NA	0.333333333333333	0.692307692307692	0.9	0.318181818181818	0.333333333333333	0.666666666666667	0.4	0.315789473684211	0.714285714285714	NA
20	0.409090909090909	0.5625	0.5	0.388888888888889	1	0.5	0.5	0.333333333333333	1	NA	0.409090909090909	0.5625	0.5	0.388888888888889	1	0.5	0.5	0.333333333333333	1	NA
25	0.230769230769231	0.5	0.4	0.25	NA	0.5	0.4	0.454545454545455	0.571428571428571	NA	0.230769230769231	0.5	0.4	0.25	NA	0.5	0.4	0.454545454545455	0.571428571428571	NA
30	0.444444444444444	0.368421052631579	0.230769230769231	0.318181818181818	NA	0.545454545454545	0.65	0.333333333333333	0.333333333333333	NA	0.444444444444444	0.368421052631579	0.230769230769231	0.318181818181818	NA	0.545454545454545	0.65	0.333333333333333	0.333333333333333	NA
35	0.285714285714286	0.25	0.214285714285714	0.216216216216216	NA	0.409090909090909	0.444444444444444	0.25	0.6	NA	0.285714285714286	0.25	0.214285714285714	0.216216216216216	NA	0.409090909090909	0.444444444444444	0.25	0.6	NA
40	0.5	0.444444444444444	0.159090909090909	0.125	NA	0.272727272727273	0.454545454545455	0.307692307692308	0.833333333333333	NA	0.5	0.444444444444444	0.159090909090909	0.125	NA	0.272727272727273	0.454545454545455	0.307692307692308	0.833333333333333	NA
45	0.272727272727273	0.272727272727273	0.204545454545455	0.176470588235294	NA	0.421052631578947	0.909090909090909	0.411764705882353	0.333333333333333	NA	0.272727272727273	0.272727272727273	0.204545454545455	0.176470588235294	NA	0.421052631578947	0.909090909090909	0.411764705882353	0.333333333333333	NA
50	0.6	0.411764705882353	0.19047619047619	0.129032258064516	NA	0.210526315789474	0.466666666666667	0.333333333333333	0.333333333333333	NA	0.6	0.411764705882353	0.19047619047619	0.129032258064516	NA	0.210526315789474	0.466666666666667	0.333333333333333	0.333333333333333	NA
55	1	0.384615384615385	0.12	0.135135135135135	NA	0.259259259259259	0.375	0.3125	0.333333333333333	NA	1	0.384615384615385	0.12	0.135135135135135	NA	0.259259259259259	0.375	0.3125	0.333333333333333	NA
60	0.5	0.222222222222222	0.214285714285714	0.0952380952380952	NA	0.378378378378378	0.285714285714286	0.470588235294118	0.625	NA	0.5	0.222222222222222	0.214285714285714	0.0952380952380952	NA	0.378378378378378	0.285714285714286	0.470588235294118	0.625	NA
65	0.625	0.8	0.277777777777778	0.078125	NA	0.214285714285714	0.333333333333333	0.45	0.388888888888889	NA	0.625	0.8	0.277777777777778	0.078125	NA	0.214285714285714	0.333333333333333	0.45	0.388888888888889	NA
70	0.65	0.666666666666667	0.3	0.156626506024096	NA	0.5	0.25	0.217391304347826	0.416666666666667	NA	0.65	0.666666666666667	0.3	0.156626506024096	NA	0.5	0.25	0.217391304347826	0.416666666666667	NA
75	0.5	0.6	0.222222222222222	0.123456790123457	NA	0.466666666666667	0.333333333333333	0.441176470588235	0.529411764705882	NA	0.5	0.6	0.222222222222222	0.123456790123457	NA	0.466666666666667	0.333333333333333	0.441176470588235	0.529411764705882	NA
80	0.5	0.428571428571429	0.227272727272727	0.105263157894737	NA	0.294117647058824	0.176470588235294	0.208333333333333	0.277777777777778	NA	0.5	0.428571428571429	0.227272727272727	0.105263157894737	NA	0.294117647058824	0.176470588235294	0.208333333333333	0.277777777777778	NA
85	0.5	0.555555555555556	0.1875	0.152941176470588	NA	0.333333333333333	0.216216216216216	0.416666666666667	0.380952380952381	NA	0.5	0.555555555555556	0.1875	0.152941176470588	NA	0.333333333333333	0.216216216216216	0.416666666666667	0.380952380952381	NA
90	0.363636363636364	0.444444444444444	0.162790697674419	0.0857142857142857	NA	0.36	0.3	0.571428571428571	0.25	NA	0.363636363636364	0.444444444444444	0.162790697674419	0.0857142857142857	NA	0.36	0.3	0.571428571428571	0.25	NA
95	0.444444444444444	0.578947368421053	0.142857142857143	0.1	NA	0.259259259259259	0.333333333333333	0.666666666666667	0.375	NA	0.444444444444444	0.578947368421053	0.142857142857143	0.1	NA	0.259259259259259	0.333333333333333	0.666666666666667	0.375	NA
100	1	0.277777777777778	0.09375	0.101694915254237	NA	0.384615384615385	0.25	0.4	0.857142857142857	NA	1	0.277777777777778	0.09375	0.101694915254237	NA	0.384615384615385	0.25	0.4	0.857142857142857	NA
105	NA	0.222222222222222	0.126436781609195	0.149532710280374	NA	0.8	0.227272727272727	0.5	0.666666666666667	NA	NA	0.222222222222222	0.126436781609195	0.149532710280374	NA	0.8	0.227272727272727	0.5	0.666666666666667	NA
110	NA	0.238095238095238	0.0983606557377049	0.164179104477612	NA	0.4	0.3	0.428571428571429	0.5	NA	NA	0.238095238095238	0.0983606557377049	0.164179104477612	NA	0.4	0.3	0.428571428571429	0.5	NA
115	NA	0.227272727272727	0.1	0.0826446280991736	NA	0.4	0.2	0.615384615384615	0.428571428571429	NA	NA	0.227272727272727	0.1	0.0826446280991736	NA	0.4	0.2	0.615384615384615	0.428571428571429	NA
120	NA	0.230769230769231	0.133333333333333	0.0816326530612245	NA	0.818181818181818	0.48	0.733333333333333	0.5	NA	NA	0.230769230769231	0.133333333333333	0.0816326530612245	NA	0.818181818181818	0.48	0.733333333333333	0.5	NA
125	NA	0.166666666666667	0.136363636363636	0.127659574468085	NA	0.666666666666667	0.142857142857143	0.272727272727273	1	NA	NA	0.166666666666667	0.136363636363636	0.127659574468085	NA	0.666666666666667	0.142857142857143	0.272727272727273	1	NA
130	NA	0.178571428571429	0.212121212121212	0.087378640776699	NA	0.625	0.294117647058824	0.5	NA	NA	NA	0.178571428571429	0.212121212121212	0.087378640776699	NA	0.625	0.294117647058824	0.5	NA	NA
135	NA	0.1875	0.25	0.0891089108910891	NA	0.846153846153846	0.333333333333333	0.25	NA	NA	NA	0.1875	0.25	0.0891089108910891	NA	0.846153846153846	0.333333333333333	0.25	NA	NA
140	NA	0.4	0.184210526315789	0.08	NA	0.5	0.2	NA	NA	NA	NA	0.4	0.184210526315789	0.08	NA	0.5	0.2	NA	NA	NA
145	NA	0.466666666666667	0.25	0.0655737704918033	NA	0.333333333333333	0.307692307692308	NA	NA	NA	NA	0.466666666666667	0.25	0.0655737704918033	NA	0.333333333333333	0.307692307692308	NA	NA	NA
150	NA	0.666666666666667	0.25	0.0579710144927536	NA	0.4	0.361111111111111	NA	NA	NA	NA	0.666666666666667	0.25	0.0579710144927536	NA	0.4	0.361111111111111	NA	NA	NA
155	NA	0.4	0.275	0.106194690265487	NA	0.272727272727273	0.185185185185185	NA	NA	NA	NA	0.4	0.275	0.106194690265487	NA	0.272727272727273	0.185185185185185	NA	NA	NA
160	NA	0.6	0.232558139534884	0.0873015873015873	NA	0.684210526315789	0.214285714285714	NA	NA	NA	NA	0.6	0.232558139534884	0.0873015873015873	NA	0.684210526315789	0.214285714285714	NA	NA	NA
165	NA	0.5	0.170212765957447	0.0839160839160839	NA	0.24	0.227272727272727	NA	NA	NA	NA	0.5	0.170212765957447	0.0839160839160839	NA	0.24	0.227272727272727	NA	NA	NA
170	NA	0.428571428571429	0.126984126984127	0.0538461538461538	NA	0.217391304347826	0.192307692307692	NA	NA	NA	NA	0.428571428571429	0.126984126984127	0.0538461538461538	NA	0.217391304347826	0.192307692307692	NA	NA	NA
175	NA	0.5	0.126582278481013	0.0596026490066225	NA	0.242424242424242	0.146341463414634	NA	NA	NA	NA	0.5	0.126582278481013	0.0596026490066225	NA	0.242424242424242	0.146341463414634	NA	NA	NA
180	NA	0.5	0.125	0.0608695652173913	NA	0.195121951219512	0.274509803921569	NA	NA	NA	NA	0.5	0.125	0.0608695652173913	NA	0.195121951219512	0.274509803921569	NA	NA	NA
185	NA	0.625	0.0833333333333333	0.0638297872340425	NA	0.254901960784314	0.121951219512195	NA	NA	NA	NA	0.625	0.0833333333333333	0.0638297872340425	NA	0.254901960784314	0.121951219512195	NA	NA	NA
190	NA	0.875	0.163934426229508	0.0891089108910891	NA	0.341463414634146	0.19047619047619	NA	NA	NA	NA	0.875	0.163934426229508	0.0891089108910891	NA	0.341463414634146	0.19047619047619	NA	NA	NA
195	NA	0.294117647058824	0.114285714285714	0.108910891089109	NA	0.218181818181818	0.235294117647059	NA	NA	NA	NA	0.294117647058824	0.114285714285714	0.108910891089109	NA	0.218181818181818	0.235294117647059	NA	NA	NA
200	NA	0.5	0.144927536231884	0.0775862068965517	NA	0.164179104477612	0.173913043478261	NA	NA	NA	NA	0.5	0.144927536231884	0.0775862068965517	NA	0.164179104477612	0.173913043478261	NA	NA	NA
205	NA	0.461538461538462	0.170731707317073	0.0769230769230769	NA	0.196428571428571	0.4	NA	NA	NA	NA	0.461538461538462	0.170731707317073	0.0769230769230769	NA	0.196428571428571	0.4	NA	NA	NA
210	NA	0.333333333333333	0.105263157894737	0.0860215053763441	NA	0.0819672131147541	1	NA	NA	NA	NA	0.333333333333333	0.105263157894737	0.0860215053763441	NA	0.0819672131147541	1	NA	NA	NA
215	NA	0.238095238095238	0.0784313725490196	0.123809523809524	NA	0.120879120879121	0.6	NA	NA	NA	NA	0.238095238095238	0.0784313725490196	0.123809523809524	NA	0.120879120879121	0.6	NA	NA	NA
220	NA	0.297297297297297	0.114754098360656	0.0875	NA	0.1	0.571428571428571	NA	NA	NA	NA	0.297297297297297	0.114754098360656	0.0875	NA	0.1	0.571428571428571	NA	NA	NA
225	NA	0.19047619047619	0.0917431192660551	0.104477611940299	NA	0.0847457627118644	1	NA	NA	NA	NA	0.19047619047619	0.0917431192660551	0.104477611940299	NA	0.0847457627118644	1	NA	NA	NA
230	NA	0.259259259259259	0.102272727272727	0.103448275862069	NA	0.171052631578947	NA	NA	NA	NA	NA	0.259259259259259	0.102272727272727	0.103448275862069	NA	0.171052631578947	NA	NA	NA	NA
235	NA	0.207547169811321	0.145161290322581	0.117647058823529	NA	0.168831168831169	NA	NA	NA	NA	NA	0.207547169811321	0.145161290322581	0.117647058823529	NA	0.168831168831169	NA	NA	NA	NA
240	NA	0.166666666666667	0.186440677966102	0.160714285714286	NA	0.102564102564103	NA	NA	NA	NA	NA	0.166666666666667	0.186440677966102	0.160714285714286	NA	0.102564102564103	NA	NA	NA	NA
245	NA	0.153846153846154	0.0958904109589041	0.122448979591837	NA	0.0923076923076923	NA	NA	NA	NA	NA	0.153846153846154	0.0958904109589041	0.122448979591837	NA	0.0923076923076923	NA	NA	NA	NA
250	NA	0.177777777777778	0.148936170212766	0.169230769230769	NA	0.158536585365854	NA	NA	NA	NA	NA	0.177777777777778	0.148936170212766	0.169230769230769	NA	0.158536585365854	NA	NA	NA	NA
255	NA	0.175	0.153846153846154	0.241935483870968	NA	0.116666666666667	NA	NA	NA	NA	NA	0.175	0.153846153846154	0.241935483870968	NA	0.116666666666667	NA	NA	NA	NA
260	NA	0.205128205128205	0.153846153846154	0.217948717948718	NA	0.12	NA	NA	NA	NA	NA	0.205128205128205	0.153846153846154	0.217948717948718	NA	0.12	NA	NA	NA	NA
265	NA	0.2	0.125	0.132352941176471	NA	0.125	NA	NA	NA	NA	NA	0.2	0.125	0.132352941176471	NA	0.125	NA	NA	NA	NA
270	NA	0.129032258064516	0.169014084507042	0.120689655172414	NA	0.196969696969697	NA	NA	NA	NA	NA	0.129032258064516	0.169014084507042	0.120689655172414	NA	0.196969696969697	NA	NA	NA	NA
275	NA	0.12962962962963	0.169230769230769	0.135135135135135	NA	0.222222222222222	NA	NA	NA	NA	NA	0.12962962962963	0.169230769230769	0.135135135135135	NA	0.222222222222222	NA	NA	NA	NA
280	NA	0.256410256410256	0.147540983606557	0.162790697674419	NA	0.122448979591837	NA	NA	NA	NA	NA	0.256410256410256	0.147540983606557	0.162790697674419	NA	0.122448979591837	NA	NA	NA	NA
285	NA	0.1875	0.106060606060606	0.357142857142857	NA	0.153846153846154	NA	NA	NA	NA	NA	0.1875	0.106060606060606	0.357142857142857	NA	0.153846153846154	NA	NA	NA	NA
290	NA	0.235294117647059	0.169491525423729	0.235294117647059	NA	0.128205128205128	NA	NA	NA	NA	NA	0.235294117647059	0.169491525423729	0.235294117647059	NA	0.128205128205128	NA	NA	NA	NA
295	NA	0.315789473684211	0.161290322580645	0.230769230769231	NA	0.261904761904762	NA	NA	NA	NA	NA	0.315789473684211	0.161290322580645	0.230769230769231	NA	0.261904761904762	NA	NA	NA	NA
300	NA	0.375	0.109090909090909	0.294117647058824	NA	0.133333333333333	NA	NA	NA	NA	NA	0.375	0.109090909090909	0.294117647058824	NA	0.133333333333333	NA	NA	NA	NA
305	NA	0.5	0.122448979591837	0.857142857142857	NA	0.138461538461538	NA	NA	NA	NA	NA	0.5	0.122448979591837	0.857142857142857	NA	0.138461538461538	NA	NA	NA	NA
310	NA	1	0.1875	0.666666666666667	NA	0.192982456140351	NA	NA	NA	NA	NA	1	0.1875	0.666666666666667	NA	0.192982456140351	NA	NA	NA	NA
315	NA	0.333333333333333	0.101449275362319	0.666666666666667	NA	0.12962962962963	NA	NA	NA	NA	NA	0.333333333333333	0.101449275362319	0.666666666666667	NA	0.12962962962963	NA	NA	NA	NA
320	NA	1	0.145833333333333	1	NA	0.128571428571429	NA	NA	NA	NA	NA	1	0.145833333333333	1	NA	0.128571428571429	NA	NA	NA	NA
325	NA	NA	0.155555555555556	0.5	NA	0.0862068965517241	NA	NA	NA	NA	NA	NA	0.155555555555556	0.5	NA	0.0862068965517241	NA	NA	NA	NA
330	NA	NA	0.189189189189189	0.444444444444444	NA	0.136363636363636	NA	NA	NA	NA	NA	NA	0.189189189189189	0.444444444444444	NA	0.136363636363636	NA	NA	NA	NA
335	NA	NA	0.225806451612903	0.666666666666667	NA	0.186046511627907	NA	NA	NA	NA	NA	NA	0.225806451612903	0.666666666666667	NA	0.186046511627907	NA	NA	NA	NA
340	NA	NA	0.238095238095238	0.307692307692308	NA	0.106382978723404	NA	NA	NA	NA	NA	NA	0.238095238095238	0.307692307692308	NA	0.106382978723404	NA	NA	NA	NA
345	NA	NA	0.173913043478261	0.25	NA	0.25531914893617	NA	NA	NA	NA	NA	NA	0.173913043478261	0.25	NA	0.25531914893617	NA	NA	NA	NA
350	NA	NA	0.236842105263158	0.4	NA	0.140350877192982	NA	NA	NA	NA	NA	NA	0.236842105263158	0.4	NA	0.140350877192982	NA	NA	NA	NA
355	NA	NA	0.14	0.25	NA	0.183673469387755	NA	NA	NA	NA	NA	NA	0.14	0.25	NA	0.183673469387755	NA	NA	NA	NA
360	NA	NA	0.156862745098039	0.333333333333333	NA	0.120689655172414	NA	NA	NA	NA	NA	NA	0.156862745098039	0.333333333333333	NA	0.120689655172414	NA	NA	NA	NA
365	NA	NA	0.196078431372549	0.5	NA	0.135593220338983	NA	NA	NA	NA	NA	NA	0.196078431372549	0.5	NA	0.135593220338983	NA	NA	NA	NA
370	NA	NA	0.2	0.4	NA	0.169230769230769	NA	NA	NA	NA	NA	NA	0.2	0.4	NA	0.169230769230769	NA	NA	NA	NA
375	NA	NA	0.185185185185185	NA	NA	0.261904761904762	NA	NA	NA	NA	NA	NA	0.185185185185185	NA	NA	0.261904761904762	NA	NA	NA	NA
380	NA	NA	0.205128205128205	NA	NA	0.0975609756097561	NA	NA	NA	NA	NA	NA	0.205128205128205	NA	NA	0.0975609756097561	NA	NA	NA	NA
385	NA	NA	0.25	NA	NA	0.140845070422535	NA	NA	NA	NA	NA	NA	0.25	NA	NA	0.140845070422535	NA	NA	NA	NA
390	NA	NA	0.173913043478261	NA	NA	0.166666666666667	NA	NA	NA	NA	NA	NA	0.173913043478261	NA	NA	0.166666666666667	NA	NA	NA	NA
395	NA	NA	0.25	NA	NA	0.142857142857143	NA	NA	NA	NA	NA	NA	0.25	NA	NA	0.142857142857143	NA	NA	NA	NA
400	NA	NA	0.307692307692308	NA	NA	0.126760563380282	NA	NA	NA	NA	NA	NA	0.307692307692308	NA	NA	0.126760563380282	NA	NA	NA	NA
405	NA	NA	0.277777777777778	NA	NA	0.130434782608696	NA	NA	NA	NA	NA	NA	0.277777777777778	NA	NA	0.130434782608696	NA	NA	NA	NA
410	NA	NA	0.263157894736842	NA	NA	0.180555555555556	NA	NA	NA	NA	NA	NA	0.263157894736842	NA	NA	0.180555555555556	NA	NA	NA	NA
415	NA	NA	0.333333333333333	NA	NA	0.145454545454545	NA	NA	NA	NA	NA	NA	0.333333333333333	NA	NA	0.145454545454545	NA	NA	NA	NA
420	NA	NA	0.333333333333333	NA	NA	0.157894736842105	NA	NA	NA	NA	NA	NA	0.333333333333333	NA	NA	0.157894736842105	NA	NA	NA	NA
425	NA	NA	0.285714285714286	NA	NA	0.108108108108108	NA	NA	NA	NA	NA	NA	0.285714285714286	NA	NA	0.108108108108108	NA	NA	NA	NA
430	NA	NA	0.384615384615385	NA	NA	0.2	NA	NA	NA	NA	NA	NA	0.384615384615385	NA	NA	0.2	NA	NA	NA	NA
435	NA	NA	0.583333333333333	NA	NA	0.212765957446809	NA	NA	NA	NA	NA	NA	0.583333333333333	NA	NA	0.212765957446809	NA	NA	NA	NA
440	NA	NA	0.272727272727273	NA	NA	0.16	NA	NA	NA	NA	NA	NA	0.272727272727273	NA	NA	0.16	NA	NA	NA	NA
445	NA	NA	0.416666666666667	NA	NA	0.0925925925925926	NA	NA	NA	NA	NA	NA	0.416666666666667	NA	NA	0.0925925925925926	NA	NA	NA	NA
450	NA	NA	0.428571428571429	NA	NA	0.125	NA	NA	NA	NA	NA	NA	0.428571428571429	NA	NA	0.125	NA	NA	NA	NA
455	NA	NA	0.333333333333333	NA	NA	0.134328358208955	NA	NA	NA	NA	NA	NA	0.333333333333333	NA	NA	0.134328358208955	NA	NA	NA	NA
460	NA	NA	0.428571428571429	NA	NA	0.0892857142857143	NA	NA	NA	NA	NA	NA	0.428571428571429	NA	NA	0.0892857142857143	NA	NA	NA	NA
465	NA	NA	0.272727272727273	NA	NA	0.1875	NA	NA	NA	NA	NA	NA	0.272727272727273	NA	NA	0.1875	NA	NA	NA	NA
470	NA	NA	0.666666666666667	NA	NA	0.1	NA	NA	NA	NA	NA	NA	0.666666666666667	NA	NA	0.1	NA	NA	NA	NA
475	NA	NA	0.75	NA	NA	0.140350877192982	NA	NA	NA	NA	NA	NA	0.75	NA	NA	0.140350877192982	NA	NA	NA	NA
480	NA	NA	1	NA	NA	0.150943396226415	NA	NA	NA	NA	NA	NA	1	NA	NA	0.150943396226415	NA	NA	NA	NA
485	NA	NA	1	NA	NA	0.363636363636364	NA	NA	NA	NA	NA	NA	1	NA	NA	0.363636363636364	NA	NA	NA	NA
490	NA	NA	1	NA	NA	0.166666666666667	NA	NA	NA	NA	NA	NA	1	NA	NA	0.166666666666667	NA	NA	NA	NA
495	NA	NA	0.75	NA	NA	0.153846153846154	NA	NA	NA	NA	NA	NA	0.75	NA	NA	0.153846153846154	NA	NA	NA	NA
500	NA	NA	1	NA	NA	0.2	NA	NA	NA	NA	NA	NA	1	NA	NA	0.2	NA	NA	NA	NA
505	NA	NA	0.5	NA	NA	0.1	NA	NA	NA	NA	NA	NA	0.5	NA	NA	0.1	NA	NA	NA	NA
510	NA	NA	0.444444444444444	NA	NA	0.162162162162162	NA	NA	NA	NA	NA	NA	0.444444444444444	NA	NA	0.162162162162162	NA	NA	NA	NA
515	NA	NA	0.444444444444444	NA	NA	0.230769230769231	NA	NA	NA	NA	NA	NA	0.444444444444444	NA	NA	0.230769230769231	NA	NA	NA	NA
520	NA	NA	0.25	NA	NA	0.192307692307692	NA	NA	NA	NA	NA	NA	0.25	NA	NA	0.192307692307692	NA	NA	NA	NA
525	NA	NA	0.833333333333333	NA	NA	0.205128205128205	NA	NA	NA	NA	NA	NA	0.833333333333333	NA	NA	0.205128205128205	NA	NA	NA	NA
530	NA	NA	1	NA	NA	0.131578947368421	NA	NA	NA	NA	NA	NA	1	NA	NA	0.131578947368421	NA	NA	NA	NA
535	NA	NA	NA	NA	NA	0.209302325581395	NA	NA	NA	NA	NA	NA	NA	NA	NA	0.209302325581395	NA	NA	NA	NA
540	NA	NA	NA	NA	NA	0.310344827586207	NA	NA	NA	NA	NA	NA	NA	NA	NA	0.310344827586207	NA	NA	NA	NA
545	NA	NA	NA	NA	NA	0.178571428571429	NA	NA	NA	NA	NA	NA	NA	NA	NA	0.178571428571429	NA	NA	NA	NA
550	NA	NA	NA	NA	NA	0.210526315789474	NA	NA	NA	NA	NA	NA	NA	NA	NA	0.210526315789474	NA	NA	NA	NA
555	NA	NA	NA	NA	NA	0.363636363636364	NA	NA	NA	NA	NA	NA	NA	NA	NA	0.363636363636364	NA	NA	NA	NA
560	NA	NA	NA	NA	NA	0.466666666666667	NA	NA	NA	NA	NA	NA	NA	NA	NA	0.466666666666667	NA	NA	NA	NA
565	NA	NA	NA	NA	NA	0.733333333333333	NA	NA	NA	NA	NA	NA	NA	NA	NA	0.733333333333333	NA	NA	NA	NA
570	NA	NA	NA	NA	NA	0.5	NA	NA	NA	NA	NA	NA	NA	NA	NA	0.5	NA	NA	NA	NA
575	NA	NA	NA	NA	NA	0.25	NA	NA	NA	NA	NA	NA	NA	NA	NA	0.25	NA	NA	NA	NA
580	NA	NA	NA	NA	NA	0.636363636363636	NA	NA	NA	NA	NA	NA	NA	NA	NA	0.636363636363636	NA	NA	NA	NA
585	NA	NA	NA	NA	NA	0.181818181818182	NA	NA	NA	NA	NA	NA	NA	NA	NA	0.181818181818182	NA	NA	NA	NA
590	NA	NA	NA	NA	NA	0.266666666666667	NA	NA	NA	NA	NA	NA	NA	NA	NA	0.266666666666667	NA	NA	NA	NA
595	NA	NA	NA	NA	NA	0.2	NA	NA	NA	NA	NA	NA	NA	NA	NA	0.2	NA	NA	NA	NA
600	NA	NA	NA	NA	NA	0.228571428571429	NA	NA	NA	NA	NA	NA	NA	NA	NA	0.228571428571429	NA	NA	NA	NA
605	NA	NA	NA	NA	NA	0.172413793103448	NA	NA	NA	NA	NA	NA	NA	NA	NA	0.172413793103448	NA	NA	NA	NA
610	NA	NA	NA	NA	NA	0.192307692307692	NA	NA	NA	NA	NA	NA	NA	NA	NA	0.192307692307692	NA	NA	NA	NA
615	NA	NA	NA	NA	NA	0.3	NA	NA	NA	NA	NA	NA	NA	NA	NA	0.3	NA	NA	NA	NA
620	NA	NA	NA	NA	NA	0.235294117647059	NA	NA	NA	NA	NA	NA	NA	NA	NA	0.235294117647059	NA	NA	NA	NA
625	NA	NA	NA	NA	NA	0.25	NA	NA	NA	NA	NA	NA	NA	NA	NA	0.25	NA	NA	NA	NA
630	NA	NA	NA	NA	NA	0.142857142857143	NA	NA	NA	NA	NA	NA	NA	NA	NA	0.142857142857143	NA	NA	NA	NA
635	NA	NA	NA	NA	NA	0.172413793103448	NA	NA	NA	NA	NA	NA	NA	NA	NA	0.172413793103448	NA	NA	NA	NA
640	NA	NA	NA	NA	NA	0.194029850746269	NA	NA	NA	NA	NA	NA	NA	NA	NA	0.194029850746269	NA	NA	NA	NA
645	NA	NA	NA	NA	NA	0.192307692307692	NA	NA	NA	NA	NA	NA	NA	NA	NA	0.192307692307692	NA	NA	NA	NA
650	NA	NA	NA	NA	NA	0.242424242424242	NA	NA	NA	NA	NA	NA	NA	NA	NA	0.242424242424242	NA	NA	NA	NA
655	NA	NA	NA	NA	NA	0.2	NA	NA	NA	NA	NA	NA	NA	NA	NA	0.2	NA	NA	NA	NA
660	NA	NA	NA	NA	NA	0.333333333333333	NA	NA	NA	NA	NA	NA	NA	NA	NA	0.333333333333333	NA	NA	NA	NA
665	NA	NA	NA	NA	NA	0.375	NA	NA	NA	NA	NA	NA	NA	NA	NA	0.375	NA	NA	NA	NA
670	NA	NA	NA	NA	NA	0.35	NA	NA	NA	NA	NA	NA	NA	NA	NA	0.35	NA	NA	NA	NA
675	NA	NA	NA	NA	NA	0.277777777777778	NA	NA	NA	NA	NA	NA	NA	NA	NA	0.277777777777778	NA	NA	NA	NA
680	NA	NA	NA	NA	NA	0.25	NA	NA	NA	NA	NA	NA	NA	NA	NA	0.25	NA	NA	NA	NA
685	NA	NA	NA	NA	NA	0.307692307692308	NA	NA	NA	NA	NA	NA	NA	NA	NA	0.307692307692308	NA	NA	NA	NA
690	NA	NA	NA	NA	NA	0.294117647058824	NA	NA	NA	NA	NA	NA	NA	NA	NA	0.294117647058824	NA	NA	NA	NA
695	NA	NA	NA	NA	NA	0.4	NA	NA	NA	NA	NA	NA	NA	NA	NA	0.4	NA	NA	NA	NA
700	NA	NA	NA	NA	NA	0.533333333333333	NA	NA	NA	NA	NA	NA	NA	NA	NA	0.533333333333333	NA	NA	NA	NA
705	NA	NA	NA	NA	NA	0.5	NA	NA	NA	NA	NA	NA	NA	NA	NA	0.5	NA	NA	NA	NA
710	NA	NA	NA	NA	NA	0.4375	NA	NA	NA	NA	NA	NA	NA	NA	NA	0.4375	NA	NA	NA	NA
715	NA	NA	NA	NA	NA	0.75	NA	NA	NA	NA	NA	NA	NA	NA	NA	0.75	NA	NA	NA	NA
720	NA	NA	NA	NA	NA	0.555555555555556	NA	NA	NA	NA	NA	NA	NA	NA	NA	0.555555555555556	NA	NA	NA	NA
725	NA	NA	NA	NA	NA	0.428571428571429	NA	NA	NA	NA	NA	NA	NA	NA	NA	0.428571428571429	NA	NA	NA	NA
730	NA	NA	NA	NA	NA	0.714285714285714	NA	NA	NA	NA	NA	NA	NA	NA	NA	0.714285714285714	NA	NA	NA	NA
735	NA	NA	NA	NA	NA	0.8	NA	NA	NA	NA	NA	NA	NA	NA	NA	0.8	NA	NA	NA	NA
740	NA	NA	NA	NA	NA	0.666666666666667	NA	NA	NA	NA	NA	NA	NA	NA	NA	0.666666666666667	NA	NA	NA	NA
