0	1	1	1	1	1	1	1	1	1	1	1	1	1	1	1	1	1	1	1	1	1	1	1	1	1	1	1	1	1	1	1	1	1	1	1	1	1	1	1	1	1	1	1	1	1	1	1	1	1	1	1	1	1	1	1	1	1	1	1	1	1	1	1	1	1	1	1	1	1	1	1	1	1	1	1	1	1	1	1	1	1	1	1	1	1	1	1	1	1	1	1	1	1	1	1	1	1	1	1	1
1	1	1	1	1	1	1	1	1	1	1	1	1	1	1	1	1	1	1	1	1	1	1	1	1	1	1	1	1	1	1	1	1	1	1	1	1	1	1	1	1	1	1	1	1	1	1	1	1	1	1	1	1	1	1	1	1	1	1	1	1	1	1	1	1	1	1	1	1	1	1	1	1	1	1	1	1	1	1	1	1	1	1	1	1	1	1	1	1	1	NA	1	1	1	1	1	1	1	1	1	1
2	1	NA	1	1	1	1	1	1	1	1	1	1	1	1	1	1	1	1	1	1	1	1	1	1	1	1	1	1	1	1	1	1	1	1	1	1	1	1	1	1	1	1	1	1	1	1	1	1	1	1	1	1	1	1	1	1	1	1	1	1	1	1	1	1	0.5	1	1	1	1	1	1	1	1	1	1	1	1	1	1	1	1	1	1	1	1	1	1	1	1	NA	1	1	1	1	1	1	1	1	1	1
3	1	NA	1	1	0.666666666666667	1	1	1	1	1	1	1	1	1	1	1	1	1	1	1	1	1	1	1	1	1	1	1	1	1	1	1	1	1	1	1	1	1	1	1	1	1	1	1	1	1	1	1	1	1	1	1	1	1	1	1	1	1	1	1	1	1	1	1	0.5	1	1	0.8	1	1	1	1	1	1	1	1	1	1	1	1	1	1	1	1	1	1	1	1	1	NA	1	1	1	1	1	1	1	1	1	1
4	1	NA	1	1	0.5	1	1	1	1	1	1	0.8	1	1	NA	1	1	1	1	1	1	1	1	1	1	1	1	1	1	1	1	1	1	1	1	0.333333333333333	1	0.8	1	1	1	1	1	1	1	1	1	1	1	0.75	1	1	1	1	1	1	1	1	1	1	1	1	1	1	0.5	0.333333333333333	1	0.857142857142857	0.8	1	1	0.8	1	1	1	1	1	1	1	1	1	1	0.5	0.333333333333333	1	1	1	1	1	NA	1	1	1	1	1	1	1	1	1	1
5	1	NA	1	1	0.5	1	1	1	1	1	1	0.6	0.5	1	NA	1	1	1	1	1	1	1	1	1	1	1	1	1	0.833333333333333	1	1	1	1	1	1	0.6	0.714285714285714	1	0.6	1	0.555555555555556	1	1	1	1	NA	1	1	0.5	0.714285714285714	1	1	1	1	1	1	1	0.9	1	1	1	1	1	1	0.666666666666667	0.333333333333333	1	0.4	0.857142857142857	NA	1	0.8	1	1	1	1	1	1	1	0.555555555555556	1	1	0.666666666666667	0.5	1	1	1	0.75	1	NA	1	1	1	0.714285714285714	1	1	1	1	1	0.833333333333333
6	0.5	NA	1	1	1	1	1	1	0.5	0.666666666666667	1	0.6	0.666666666666667	1	NA	0.5	0.75	1	1	0.75	NA	1	1	1	1	0.5	1	1	0.777777777777778	1	1	1	1	1	0.333333333333333	0.6	0.571428571428571	1	0.75	0.8	0.5	0.8	1	0.666666666666667	1	NA	0.5	1	0.6	0.625	1	1	1	1	NA	1	0.5	0.933333333333333	0.75	1	0.333333333333333	1	1	1	0.75	0.666666666666667	0.75	0.571428571428571	0.75	NA	1	0.714285714285714	1	1	1	0.5	NA	1	0.8	0.545454545454545	1	1	1	1	1	1	1	1	1	NA	1	1	1	0.909090909090909	1	1	1	1	1	0.833333333333333
7	0.666666666666667	NA	1	1	1	1	1	1	0.333333333333333	0.571428571428571	1	0.6	0.666666666666667	1	NA	0.5	0.8	1	1	0.6	NA	0.666666666666667	1	1	1	0.428571428571429	1	1	0.6	1	1	0.5	0.5	1	1	0.5	0.5	0.666666666666667	0.666666666666667	0.666666666666667	0.444444444444444	0.5	0.5	0.75	1	NA	0.5	0.5	0.75	0.666666666666667	1	1	1	0.5	NA	NA	0.6	0.642857142857143	0.833333333333333	0.666666666666667	0.5	1	1	1	0.75	1	0.666666666666667	0.5	0.375	NA	1	0.5	1	1	1	1	NA	1	0.857142857142857	0.6	1	0.5	1	1	NA	0.5	1	1	NA	NA	1	0.5	1	0.642857142857143	1	0.5	1	1	1	0.75
8	0.75	NA	1	0.666666666666667	NA	0.444444444444444	1	1	0.333333333333333	0.555555555555556	1	0.6	0.5	1	NA	0.5	0.5	1	1	1	NA	0.4	0.666666666666667	1	1	0.6	1	1	0.5	0.666666666666667	1	0.555555555555556	0.666666666666667	1	1	0.571428571428571	1	0.666666666666667	0.6	0.5	0.375	0.4	1	0.666666666666667	1	NA	0.5	0.545454545454545	0.6	0.444444444444444	1	0.444444444444444	1	0.5	NA	NA	0.333333333333333	0.384615384615385	0.5	0.666666666666667	0.6	1	0.25	0.333333333333333	0.833333333333333	1	0.6	0.625	0.5	NA	1	0.4	1	1	1	1	NA	0.75	0.875	0.6	1	0.5	1	1	NA	0.5	1	1	NA	NA	1	0.5	NA	0.6	1	0.5	0.8	1	1	1
9	0.8	NA	1	0.5	NA	0.5	1	0.5	0.333333333333333	0.6	1	0.666666666666667	0.666666666666667	1	NA	1	0.5	1	1	0.8	NA	0.4	0.6	0.666666666666667	1	0.555555555555556	0.5	1	0.4	1	1	0.9	0.6	1	1	0.857142857142857	1	0.5	0.6	1	0.428571428571429	0.375	1	0.666666666666667	0.5	NA	0.666666666666667	0.538461538461538	0.6	0.454545454545455	1	0.5	1	0.5	NA	NA	0.5	0.416666666666667	0.666666666666667	1	0.666666666666667	0.6	0.333333333333333	0.333333333333333	0.571428571428571	1	0.5	0.666666666666667	0.444444444444444	NA	1	0.4	1	0.5	1	0.5	NA	0.666666666666667	0.625	0.454545454545455	1	0.8	1	1	NA	0.5	1	1	NA	NA	0.333333333333333	NA	NA	0.571428571428571	0.9	0.5	0.8	0.571428571428571	1	0.6
10	0.75	NA	1	NA	NA	0.6	1	1	0.5	0.583333333333333	1	0.5	0.666666666666667	1	NA	1	0.333333333333333	1	0.5	0.5	NA	0.4	0.75	0.666666666666667	1	0.5	0.5	1	0.4	1	NA	0.833333333333333	0.6	1	1	1	1	0.428571428571429	0.6	NA	0.444444444444444	0.444444444444444	1	0.75	0.2	NA	0.666666666666667	0.444444444444444	0.5	0.375	1	0.333333333333333	1	0.666666666666667	NA	NA	0.6	0.454545454545455	0.5	1	0.833333333333333	0.4	0.5	0.5	0.333333333333333	1	0.6	0.5	0.5	NA	1	0.5	1	0.5	0.8	0.5	NA	0.666666666666667	0.625	0.555555555555556	NA	0.666666666666667	0.6	1	NA	1	1	1	NA	NA	0.5	NA	NA	0.466666666666667	0.666666666666667	0.6	0.333333333333333	0.625	NA	0.5
11	0.375	NA	1	NA	NA	0.4	1	1	0.583333333333333	0.5	0.5	0.666666666666667	0.666666666666667	1	NA	NA	1	1	0.666666666666667	0.5	NA	0.5	0.75	0.8	0.5	0.444444444444444	0.9	1	0.4	1	NA	0.5	0.571428571428571	1	1	1	1	0.5	0.571428571428571	NA	0.285714285714286	0.375	0.666666666666667	0.5	0.333333333333333	NA	1	0.444444444444444	0.75	0.333333333333333	1	0.5	1	1	NA	NA	0.8	0.454545454545455	0.5	1	0.8	0.4	1	0.666666666666667	0.333333333333333	1	0.75	0.5	0.5	NA	1	0.428571428571429	1	0.6	1	0.5	NA	0.5	0.714285714285714	0.428571428571429	NA	0.666666666666667	0.6	1	NA	1	1	1	NA	NA	1	NA	NA	0.6	0.6	0.666666666666667	0.333333333333333	0.555555555555556	NA	0.571428571428571
12	0.333333333333333	NA	0.916666666666667	NA	NA	0.4	1	1	0.615384615384615	0.454545454545455	0.5	0.666666666666667	0.6	1	NA	NA	1	1	0.666666666666667	1	NA	0.444444444444444	0.75	0.8	0.4	0.555555555555556	0.375	1	0.333333333333333	1	NA	0.6	0.625	1	1	0.857142857142857	0.666666666666667	0.6	0.375	NA	0.25	0.333333333333333	0.5	0.5	0.333333333333333	NA	1	0.5	1	0.6	1	0.222222222222222	0.5	1	NA	NA	1	0.333333333333333	0.5	1	1	0.5	1	1	0.5	1	0.5	0.5	0.545454545454545	NA	1	0.5	1	0.6	1	1	NA	0.666666666666667	0.75	0.333333333333333	NA	1	0.6	1	NA	NA	0.666666666666667	1	NA	NA	1	NA	NA	0.571428571428571	0.777777777777778	0.8	0.333333333333333	0.75	NA	0.571428571428571
13	0.375	NA	0.545454545454545	NA	NA	0.5	1	1	0.363636363636364	0.4	0.5	0.666666666666667	0.833333333333333	1	NA	NA	0.75	1	0.666666666666667	0.6	NA	0.4	0.333333333333333	0.666666666666667	0.5	0.444444444444444	0.625	0.8	0.5	1	NA	0.666666666666667	0.75	1	1	0.428571428571429	1	0.75	0.5	NA	0.4	0.5	1	0.75	0.428571428571429	NA	1	0.5	1	0.5	1	0.25	0.666666666666667	1	NA	NA	0.666666666666667	0.444444444444444	1	1	1	0.5	NA	1	0.571428571428571	1	0.5	0.666666666666667	0.636363636363636	NA	1	0.428571428571429	1	0.5	1	1	NA	0.666666666666667	1	0.6	NA	1	0.75	1	NA	NA	0.666666666666667	1	NA	NA	1	NA	NA	0.642857142857143	0.375	0.833333333333333	0.333333333333333	0.571428571428571	NA	0.6
14	0.444444444444444	NA	0.555555555555556	NA	NA	0.571428571428571	1	1	0.333333333333333	0.5	1	1	0.75	1	NA	NA	0.75	1	0.5	0.6	NA	0.4	1	0.666666666666667	0.625	0.583333333333333	0.285714285714286	0.6	0.428571428571429	1	NA	0.666666666666667	0.555555555555556	1	1	0.571428571428571	1	0.4	0.4	NA	0.4	0.5	1	0.333333333333333	0.5	NA	1	0.363636363636364	1	0.5	0.333333333333333	0.375	0.75	1	NA	NA	1	0.555555555555556	1	1	1	0.5	NA	1	0.666666666666667	1	0.5	0.8	0.666666666666667	NA	1	0.5	0.6	0.6	1	1	NA	0.666666666666667	1	0.428571428571429	NA	1	1	1	NA	NA	0.5	0.75	NA	NA	1	NA	NA	0.555555555555556	0.3	1	0.5	0.5	NA	0.727272727272727
15	0.285714285714286	NA	0.333333333333333	NA	NA	0.666666666666667	NA	1	0.5	0.7	1	NA	0.75	1	NA	NA	0.75	1	0.5	0.8	NA	0.375	NA	0.6	0.714285714285714	0.583333333333333	0.333333333333333	0.8	0.5	1	NA	0.666666666666667	0.555555555555556	0.8	1	0.625	1	0.5	0.4	NA	0.6	0.75	0.571428571428571	0.5	0.5	NA	0.75	0.4	0.5	0.454545454545455	0.5	0.285714285714286	1	1	NA	NA	1	0.6	1	1	0.4	0.4	NA	1	0.8	1	1	0.75	0.636363636363636	NA	1	0.5	1	0.75	1	NA	NA	0.666666666666667	1	0.5	NA	0.5	1	NA	NA	NA	0.5	0.5	NA	NA	1	NA	NA	0.571428571428571	0.666666666666667	1	1	0.5	NA	0.416666666666667
16	0.5	NA	0.333333333333333	NA	NA	0.8	NA	1	0.666666666666667	0.75	1	NA	0.444444444444444	NA	NA	NA	0.6	1	0.5	0.857142857142857	NA	0.333333333333333	NA	0.571428571428571	0.666666666666667	0.692307692307692	0.5	1	0.5	1	NA	0.666666666666667	0.625	0.8	NA	0.625	1	0.5	0.333333333333333	NA	0.75	0.75	0.333333333333333	0.5	0.5	NA	0.666666666666667	0.3	0.5	0.454545454545455	0.5	0.428571428571429	1	1	NA	NA	1	0.5	NA	1	0.5	0.5	NA	1	0.833333333333333	1	1	0.75	0.583333333333333	NA	1	0.6	1	0.8	0.5	NA	NA	0.666666666666667	1	0.5	NA	1	1	NA	NA	NA	0.5	0.5	NA	NA	1	NA	NA	0.285714285714286	0.8	1	NA	0.428571428571429	NA	0.5
17	0.375	NA	0.6	NA	NA	0.8	NA	1	0.5	0.375	1	NA	0.428571428571429	NA	NA	NA	0.75	1	1	0.833333333333333	NA	0.333333333333333	NA	0.571428571428571	0.571428571428571	0.5	0.5	1	0.5	1	NA	1	0.666666666666667	0.833333333333333	NA	0.555555555555556	1	0.5	0.5	NA	0.8	0.75	0.5	0.4	0.666666666666667	NA	0.8	0.444444444444444	0.5	0.384615384615385	0.5	0.428571428571429	1	NA	NA	NA	1	0.571428571428571	NA	NA	0.666666666666667	0.4	NA	NA	1	1	1	0.5	0.777777777777778	NA	1	0.6	1	0.8	0.5	NA	NA	0.8	1	0.625	NA	1	1	NA	NA	NA	1	0.666666666666667	NA	NA	1	NA	NA	0.25	0.777777777777778	1	NA	0.571428571428571	NA	0.461538461538462
18	0.428571428571429	NA	0.75	NA	NA	0.6	NA	1	0.25	0.5	NA	NA	0.428571428571429	NA	NA	NA	0.75	1	1	0.333333333333333	NA	0.222222222222222	NA	0.375	0.5	0.461538461538462	0.666666666666667	0.5	0.571428571428571	1	NA	1	1	0.833333333333333	NA	0.444444444444444	1	1	0.5	NA	0.6	0.5	0.428571428571429	0.333333333333333	0.333333333333333	NA	0.8	0.4	1	0.363636363636364	0.6	0.428571428571429	1	NA	NA	NA	1	0.5	NA	NA	0.833333333333333	0.4	NA	NA	0.8	1	1	0.5	0.818181818181818	NA	1	0.4	0.8	0.5	0.5	NA	NA	0.833333333333333	1	0.625	NA	1	1	NA	NA	NA	1	0.666666666666667	NA	NA	1	NA	NA	0.333333333333333	0.428571428571429	1	NA	0.428571428571429	NA	0.545454545454545
19	0.5	NA	0.666666666666667	NA	NA	0.666666666666667	NA	1	0.333333333333333	0.25	NA	NA	0.333333333333333	NA	NA	NA	0.333333333333333	1	1	0.333333333333333	NA	0.4	NA	0.5	0.636363636363636	0.2	0.666666666666667	0.571428571428571	0.666666666666667	1	NA	1	1	1	NA	0.555555555555556	1	1	0.666666666666667	NA	0.5	0.666666666666667	0.5	0.4	0.25	NA	0.5	0.272727272727273	1	0.363636363636364	0.6	0.444444444444444	1	NA	NA	NA	0.5	0.6	NA	NA	0.875	0.333333333333333	NA	NA	0.8	1	0.75	0.75	0.909090909090909	NA	0.75	0.5	0.5	0.333333333333333	0.5	NA	NA	1	1	0.285714285714286	NA	1	1	NA	NA	NA	1	0.75	NA	NA	1	NA	NA	0.285714285714286	0.333333333333333	1	NA	0.428571428571429	NA	0.6
20	0.5	NA	0.75	NA	NA	0.333333333333333	NA	0.5	0.5	0.333333333333333	NA	NA	0.363636363636364	NA	NA	NA	0.666666666666667	0.75	1	0.5	NA	0.666666666666667	NA	0.5	0.6	0.307692307692308	0.666666666666667	0.571428571428571	0.428571428571429	1	NA	1	1	1	NA	0.555555555555556	1	1	0.8	NA	0.428571428571429	0.733333333333333	0.6	0.333333333333333	0.4	NA	0.5	0.357142857142857	0.666666666666667	0.285714285714286	0.5	0.444444444444444	1	NA	NA	NA	0.5	0.666666666666667	NA	NA	0.727272727272727	0.333333333333333	NA	NA	0.5	1	0.75	0.8	0.8	NA	0.8	0.5	0.333333333333333	0.5	0.666666666666667	NA	NA	1	1	0.5	NA	1	1	NA	NA	NA	1	0.75	NA	NA	1	NA	NA	0.4	0.4	1	NA	0.375	NA	0.333333333333333
21	0.6	NA	0.333333333333333	NA	NA	0.4	NA	1	0.5	0.428571428571429	NA	NA	0.444444444444444	NA	NA	NA	1	0.75	1	0.5	NA	1	NA	0.571428571428571	0.6	0.307692307692308	0.5	0.5	0.428571428571429	0.75	NA	1	1	1	NA	0.333333333333333	1	1	0.833333333333333	NA	0.75	0.764705882352941	0.666666666666667	0.4	0.428571428571429	NA	0.666666666666667	0.375	0.666666666666667	0.4	0.666666666666667	0.4	1	NA	NA	NA	0.727272727272727	0.5	NA	NA	0.6	0.5	NA	NA	1	1	0.75	1	0.777777777777778	NA	0.833333333333333	0.5	0.333333333333333	1	0.5	NA	NA	1	1	0.555555555555556	NA	1	1	NA	NA	NA	1	1	NA	NA	1	NA	NA	0.5	0.714285714285714	NA	NA	0.5	NA	0.5
22	0.5	NA	0.333333333333333	NA	NA	0.666666666666667	NA	1	0.666666666666667	0.166666666666667	NA	NA	0.6	NA	NA	NA	1	0.8	1	1	NA	1	NA	0.5	0.375	0.333333333333333	1	0.5	0.5	0.75	NA	1	1	0.571428571428571	NA	0.25	1	NA	0.571428571428571	NA	0.8	0.35	0.8	0.4	0.444444444444444	NA	0.5	0.411764705882353	0.75	0.666666666666667	0.625	0.5	NA	NA	NA	NA	0.714285714285714	0.5	NA	NA	0.545454545454545	0.5	NA	NA	1	1	1	1	0.615384615384615	NA	0.333333333333333	0.666666666666667	0.333333333333333	1	1	NA	NA	1	1	0.6	NA	1	1	NA	NA	NA	1	1	NA	NA	1	NA	NA	0.571428571428571	0.777777777777778	NA	NA	0.555555555555556	NA	0.333333333333333
23	0.666666666666667	NA	0.333333333333333	NA	NA	0.6	NA	1	1	0.4	NA	NA	0.7	NA	NA	NA	1	0.833333333333333	1	NA	NA	0.666666666666667	NA	0.555555555555556	0.529411764705882	0.181818181818182	NA	0.75	0.5	1	NA	0.857142857142857	1	0.666666666666667	NA	0.375	1	NA	0.444444444444444	NA	0.888888888888889	0.363636363636364	0.6	0.6	0.5	NA	0.5	0.6	0.75	0.777777777777778	0.625	0.428571428571429	NA	NA	NA	NA	0.764705882352941	0.6	NA	NA	0.384615384615385	1	NA	NA	1	1	1	1	0.333333333333333	NA	0.714285714285714	0.666666666666667	1	1	1	NA	NA	0.666666666666667	1	0.428571428571429	NA	1	1	NA	NA	NA	1	1	NA	NA	1	NA	NA	0.571428571428571	0.7	NA	NA	0.5	NA	0.363636363636364
24	0.333333333333333	NA	0.5	NA	NA	0.5	NA	0.857142857142857	1	0.333333333333333	NA	NA	0.555555555555556	NA	NA	NA	1	0.666666666666667	1	NA	NA	0.666666666666667	NA	0.6	0.5	0.272727272727273	NA	1	0.4	1	NA	0.777777777777778	1	1	NA	0.375	1	NA	0.5	NA	0.777777777777778	0.352941176470588	0.6	0.4	0.6	NA	0.5	0.473684210526316	0.5	0.8	0.714285714285714	0.533333333333333	NA	NA	NA	NA	0.5	0.5	NA	NA	0.411764705882353	1	NA	NA	1	NA	1	1	0.4	NA	0.4	1	1	NA	1	NA	NA	1	1	0.375	NA	1	1	NA	NA	NA	1	1	NA	NA	1	NA	NA	0.5	0.4	NA	NA	0.444444444444444	NA	0.363636363636364
25	0.333333333333333	NA	0.666666666666667	NA	NA	0.6	NA	0.875	1	0.333333333333333	NA	NA	0.666666666666667	NA	NA	NA	1	0.666666666666667	1	NA	NA	1	NA	0.545454545454545	0.541666666666667	0.272727272727273	NA	1	0.4	1	NA	0.777777777777778	1	1	NA	0.666666666666667	1	NA	0.4	NA	0.625	0.4	0.4	0.4	0.545454545454545	NA	0.666666666666667	0.333333333333333	0.5	0.777777777777778	0.75	0.666666666666667	NA	NA	NA	NA	0.9375	1	NA	NA	0.5	1	NA	NA	1	NA	1	0.666666666666667	0.4	NA	0.4	1	1	NA	1	NA	NA	1	1	0.5	NA	0.714285714285714	1	NA	NA	NA	1	1	NA	NA	1	NA	NA	0.5	0.5	NA	NA	0.4	NA	0.6
26	0.428571428571429	NA	0.5	NA	NA	0.75	NA	0.75	1	1	NA	NA	0.428571428571429	NA	NA	NA	1	0.714285714285714	1	NA	NA	1	NA	0.4	0.333333333333333	0.285714285714286	NA	1	0.571428571428571	1	NA	0.461538461538462	1	1	NA	0.625	1	NA	0.428571428571429	NA	0.625	0.272727272727273	0.6	0.4	0.375	NA	0.75	0.333333333333333	0.428571428571429	0.75	0.888888888888889	0.615384615384615	NA	NA	NA	NA	0.411764705882353	NA	NA	NA	0.470588235294118	1	NA	NA	1	NA	1	0.5	0.5	NA	0.666666666666667	1	1	NA	1	NA	NA	1	1	0.625	NA	0.714285714285714	1	NA	NA	NA	1	0.666666666666667	NA	NA	0.5	NA	NA	0.666666666666667	0.444444444444444	NA	NA	0.5	NA	0.5
27	0.666666666666667	NA	0.5	NA	NA	0.75	NA	0.571428571428571	1	1	NA	NA	0.428571428571429	NA	NA	NA	1	0.666666666666667	1	NA	NA	1	NA	0.4	0.391304347826087	0.285714285714286	NA	1	0.833333333333333	1	NA	0.538461538461538	NA	1	NA	0.428571428571429	1	NA	0.5	NA	0.5	0.285714285714286	0.5	0.5	0.2	NA	1	0.428571428571429	0.5	0.6	0.5	0.230769230769231	NA	NA	NA	NA	0.333333333333333	NA	NA	NA	0.5	NA	NA	NA	1	NA	1	0.5	0.5	NA	0.625	1	1	NA	1	NA	NA	1	1	0.333333333333333	NA	0.8	1	NA	NA	NA	1	0.666666666666667	NA	NA	0.5	NA	NA	0.666666666666667	0.714285714285714	NA	NA	0.6	NA	0.5
28	0.833333333333333	NA	1	NA	NA	0.8	NA	0.75	0.6	NA	NA	NA	0.4	NA	NA	NA	1	0.5	1	NA	NA	1	NA	0.363636363636364	0.4	0.25	NA	1	0.75	1	NA	0.307692307692308	NA	1	NA	0.375	1	NA	0.5	NA	0.5	0.571428571428571	0.6	0.6	0.4	NA	1	0.315789473684211	0.5	0.6	0.333333333333333	0.307692307692308	NA	NA	NA	NA	0.266666666666667	NA	NA	NA	0.428571428571429	NA	NA	NA	1	NA	1	0.571428571428571	0.5	NA	0.428571428571429	1	1	NA	1	NA	NA	1	1	0.363636363636364	NA	0.666666666666667	1	NA	NA	NA	1	0.75	NA	NA	0.666666666666667	NA	NA	1	0.571428571428571	NA	NA	0.8	NA	0.545454545454545
29	1	NA	1	NA	NA	0.857142857142857	NA	0.428571428571429	0.75	NA	NA	NA	0.333333333333333	NA	NA	NA	1	0.5	1	NA	NA	0.5	NA	0.444444444444444	0.333333333333333	0.4	NA	1	0.75	1	NA	0.214285714285714	NA	1	NA	0.571428571428571	1	NA	0.5	NA	0.5	0.75	0.75	0.5	0.4	NA	0.5	0.230769230769231	0.588235294117647	0.375	0.4	0.416666666666667	NA	NA	NA	NA	0.214285714285714	NA	NA	NA	0.4	NA	NA	NA	NA	NA	0.5	0.666666666666667	0.833333333333333	NA	0.375	1	1	NA	1	NA	NA	1	0.5	0.363636363636364	NA	0.666666666666667	1	NA	NA	NA	0.5	1	NA	NA	1	NA	NA	1	0.571428571428571	NA	NA	1	NA	0.272727272727273
30	1	NA	1	NA	NA	0.875	NA	0.375	0.75	NA	NA	NA	0.285714285714286	NA	NA	NA	0.666666666666667	0.416666666666667	1	NA	NA	0.666666666666667	NA	0.5	0.25	0.25	NA	1	0.75	1	NA	0.307692307692308	NA	1	NA	0.555555555555556	1	NA	0.5	NA	1	0.8	0.75	0.6	1	NA	1	0.307692307692308	0.444444444444444	0.285714285714286	0.4	0.333333333333333	NA	NA	NA	NA	0.3125	NA	NA	NA	0.25	NA	NA	NA	NA	NA	0.5	0.8	0.666666666666667	NA	0.333333333333333	1	1	NA	1	NA	NA	1	0.6	0.363636363636364	NA	0.5	1	NA	NA	NA	0.5	1	NA	NA	1	NA	NA	1	0.666666666666667	NA	NA	1	NA	0.25
31	1	NA	1	NA	NA	0.375	NA	0.428571428571429	0.75	NA	NA	NA	0.333333333333333	NA	NA	NA	0.5	0.466666666666667	NA	NA	NA	0.5	NA	0.25	0.230769230769231	0.25	NA	1	0.714285714285714	1	NA	0.25	NA	1	NA	0.375	1	NA	0.5	NA	1	0.9	1	0.6	NA	NA	1	0.25	0.4	0.375	0.4	0.272727272727273	NA	NA	NA	NA	0.545454545454545	NA	NA	NA	0.3	NA	NA	NA	NA	NA	0.571428571428571	0.818181818181818	0.714285714285714	NA	0.636363636363636	NA	1	NA	1	NA	NA	1	0.75	0.4	NA	0.666666666666667	1	NA	NA	NA	0.5	0.5	NA	NA	1	NA	NA	NA	0.625	NA	NA	1	NA	0.363636363636364
32	1	NA	1	NA	NA	0.777777777777778	NA	0.6	1	NA	NA	NA	0.363636363636364	NA	NA	NA	1	0.428571428571429	NA	NA	NA	0.5	NA	0.3	0.3	0.25	NA	1	0.8	0.666666666666667	NA	0.25	NA	1	NA	0.555555555555556	1	NA	NA	NA	1	0.6	1	0.8	NA	NA	1	0.368421052631579	0.368421052631579	0.4	0.5	0.272727272727273	NA	NA	NA	NA	0.375	NA	NA	NA	0.363636363636364	NA	NA	NA	NA	NA	0.666666666666667	0.454545454545455	0.4	NA	0.571428571428571	NA	1	NA	1	NA	NA	1	0.333333333333333	0.444444444444444	NA	0.571428571428571	1	NA	NA	NA	0.666666666666667	0.666666666666667	NA	NA	1	NA	NA	NA	0.5	NA	NA	0.5	NA	0.466666666666667
33	1	NA	1	NA	NA	0.636363636363636	NA	0.571428571428571	1	NA	NA	NA	0.333333333333333	NA	NA	NA	1	0.444444444444444	NA	NA	NA	0.5	NA	0.363636363636364	0.333333333333333	0.333333333333333	NA	1	0.333333333333333	0.75	NA	0.307692307692308	NA	1	NA	0.4	0.5	NA	NA	NA	1	0.666666666666667	0.5	0.75	NA	NA	1	0.4	0.318181818181818	0.666666666666667	0.666666666666667	0.363636363636364	NA	NA	NA	NA	0.333333333333333	NA	NA	NA	0.3	NA	NA	NA	NA	NA	0.454545454545455	0.454545454545455	0.4	NA	0.5	NA	1	NA	1	NA	NA	1	0.5	0.444444444444444	NA	0.666666666666667	1	NA	NA	NA	0.75	0.666666666666667	NA	NA	1	NA	NA	NA	0.5	NA	NA	0.5	NA	0.5
34	1	NA	0.5	NA	NA	0.636363636363636	NA	0.571428571428571	NA	NA	NA	NA	0.333333333333333	NA	NA	NA	1	0.470588235294118	NA	NA	NA	0.666666666666667	NA	0.333333333333333	0.4	0.375	NA	1	0.333333333333333	0.75	NA	0.444444444444444	NA	1	NA	0.454545454545455	0.666666666666667	NA	NA	NA	1	0.666666666666667	0.6	0.666666666666667	NA	NA	0.5	0.357142857142857	0.368421052631579	0.5	1	0.5	NA	NA	NA	NA	0.333333333333333	NA	NA	NA	0.357142857142857	NA	NA	NA	NA	NA	0.454545454545455	0.454545454545455	0.5	NA	0.7	NA	1	NA	0.75	NA	NA	1	0.333333333333333	0.571428571428571	NA	0.714285714285714	NA	NA	NA	NA	1	0.5	NA	NA	1	NA	NA	NA	0.75	NA	NA	1	NA	0.4
35	1	NA	0.5	NA	NA	0.636363636363636	NA	0.5	NA	NA	NA	NA	0.461538461538462	NA	NA	NA	0.5	0.533333333333333	NA	NA	NA	1	NA	0.4	0.5	0.444444444444444	NA	1	1	1	NA	0.375	NA	NA	NA	0.545454545454545	0.75	NA	NA	NA	1	0.8	0.666666666666667	0.5	NA	NA	0.5	0.25	0.266666666666667	0.5	1	0.444444444444444	NA	NA	NA	NA	0.4	NA	NA	NA	0.411764705882353	NA	NA	NA	NA	NA	0.555555555555556	0.461538461538462	0.5	NA	0.636363636363636	NA	0.714285714285714	NA	0.5	NA	NA	1	0.5	0.5	NA	0.444444444444444	NA	NA	NA	NA	1	1	NA	NA	1	NA	NA	NA	0.666666666666667	NA	NA	1	NA	0.307692307692308
36	1	NA	0.75	NA	NA	0.727272727272727	NA	0.6	NA	NA	NA	NA	0.5	NA	NA	NA	0.5	0.571428571428571	NA	NA	NA	1	NA	0.333333333333333	0.6	0.333333333333333	NA	1	NA	1	NA	0.285714285714286	NA	NA	NA	0.636363636363636	0.75	NA	NA	NA	1	0.666666666666667	0.5	0.666666666666667	NA	NA	1	0.375	0.25	0.538461538461538	1	0.4	NA	NA	NA	NA	0.666666666666667	NA	NA	NA	0.4	NA	NA	NA	NA	NA	0.636363636363636	0.333333333333333	0.5	NA	0.454545454545455	NA	0.714285714285714	NA	1	NA	NA	1	0.5	0.4	NA	0.444444444444444	NA	NA	NA	NA	1	1	NA	NA	1	NA	NA	NA	0.666666666666667	NA	NA	NA	NA	0.416666666666667
37	1	NA	0.75	NA	NA	0.818181818181818	NA	0.714285714285714	NA	NA	NA	NA	0.6	NA	NA	NA	0.666666666666667	0.272727272727273	NA	NA	NA	0.5	NA	0.4	0.571428571428571	0.384615384615385	NA	1	NA	1	NA	0.25	NA	NA	NA	0.5	0.833333333333333	NA	NA	NA	1	1	0.5	0.666666666666667	NA	NA	1	0.166666666666667	0.333333333333333	0.428571428571429	1	0.25	NA	NA	NA	NA	1	NA	NA	NA	0.5	NA	NA	NA	NA	NA	0.555555555555556	0.333333333333333	1	NA	0.363636363636364	NA	0.375	NA	1	NA	NA	NA	1	0.6	NA	0.375	NA	NA	NA	NA	1	1	NA	NA	1	NA	NA	NA	0.75	NA	NA	NA	NA	0.428571428571429
38	NA	NA	0.4	NA	NA	0.5	NA	0.8	NA	NA	NA	NA	0.583333333333333	NA	NA	NA	1	0.545454545454545	NA	NA	NA	1	NA	0.333333333333333	0.5	0.461538461538462	NA	1	NA	0.75	NA	0.25	NA	NA	NA	0.3	0.857142857142857	NA	NA	NA	0.666666666666667	1	0.375	0.75	NA	NA	1	0.333333333333333	0.25	0.357142857142857	1	0.333333333333333	NA	NA	NA	NA	NA	NA	NA	NA	0.411764705882353	NA	NA	NA	NA	NA	0.545454545454545	0.222222222222222	1	NA	0.428571428571429	NA	0.375	NA	NA	NA	NA	NA	1	0.75	NA	0.285714285714286	NA	NA	NA	NA	1	NA	NA	NA	0.75	NA	NA	NA	0.5	NA	NA	NA	NA	0.4
39	NA	NA	0.4	NA	NA	0.333333333333333	NA	0.8	NA	NA	NA	NA	0.5	NA	NA	NA	1	0.6	NA	NA	NA	1	NA	0.333333333333333	0.555555555555556	0.466666666666667	NA	1	NA	0.75	NA	0.5	NA	NA	NA	0.333333333333333	0.5	NA	NA	NA	0.666666666666667	1	0.285714285714286	1	NA	NA	NA	0.4	0.25	0.3	1	0.5	NA	NA	NA	NA	NA	NA	NA	NA	0.631578947368421	NA	NA	NA	NA	NA	0.727272727272727	0.333333333333333	NA	NA	0.461538461538462	NA	0.375	NA	NA	NA	NA	NA	1	1	NA	0.285714285714286	NA	NA	NA	NA	0.5	NA	NA	NA	0.75	NA	NA	NA	0.5	NA	NA	NA	NA	0.5
40	NA	NA	0.6	NA	NA	0.333333333333333	NA	0.8	NA	NA	NA	NA	0.363636363636364	NA	NA	NA	1	0.583333333333333	NA	NA	NA	1	NA	0.375	0.636363636363636	0.4	NA	1	NA	1	NA	0.5	NA	NA	NA	0.375	0.6	NA	NA	NA	0.75	1	0.375	1	NA	NA	NA	0.5	0.333333333333333	0.333333333333333	1	1	NA	NA	NA	NA	NA	NA	NA	NA	0.277777777777778	NA	NA	NA	NA	NA	0.454545454545455	0.125	NA	NA	0.25	NA	0.6	NA	NA	NA	NA	NA	1	1	NA	0.4	NA	NA	NA	NA	0.5	NA	NA	NA	0.75	NA	NA	NA	1	NA	NA	NA	NA	0.4
41	NA	NA	0.5	NA	NA	0.5	NA	0.5	NA	NA	NA	NA	0.384615384615385	NA	NA	NA	1	0.444444444444444	NA	NA	NA	1	NA	0.5	0.4	0.45	NA	1	NA	1	NA	0.5	NA	NA	NA	0.428571428571429	0.5	NA	NA	NA	0.75	NA	0.5	1	NA	NA	NA	0.6	0.363636363636364	0.222222222222222	1	1	NA	NA	NA	NA	NA	NA	NA	NA	0.333333333333333	NA	NA	NA	NA	NA	0.4	0.428571428571429	NA	NA	0.285714285714286	NA	0.333333333333333	NA	NA	NA	NA	NA	1	1	NA	0.6	NA	NA	NA	NA	0.5	NA	NA	NA	0.75	NA	NA	NA	1	NA	NA	NA	NA	0.666666666666667
42	NA	NA	0.5	NA	NA	0.5	NA	0.6	NA	NA	NA	NA	0.3	NA	NA	NA	1	0.666666666666667	NA	NA	NA	1	NA	0.571428571428571	0.555555555555556	0.272727272727273	NA	1	NA	0.5	NA	1	NA	NA	NA	0.285714285714286	0.666666666666667	NA	NA	NA	1	NA	0.571428571428571	1	NA	NA	NA	0.6	0.416666666666667	0.4	1	1	NA	NA	NA	NA	NA	NA	NA	NA	0.428571428571429	NA	NA	NA	NA	NA	0.4	0.428571428571429	NA	NA	0.388888888888889	NA	0.5	NA	NA	NA	NA	NA	1	1	NA	0.75	NA	NA	NA	NA	1	NA	NA	NA	0.75	NA	NA	NA	1	NA	NA	NA	NA	0.5
43	NA	NA	0.5	NA	NA	0.8	NA	0.666666666666667	NA	NA	NA	NA	0.333333333333333	NA	NA	NA	1	0.545454545454545	NA	NA	NA	1	NA	0.5	0.454545454545455	0.217391304347826	NA	1	NA	0.6	NA	1	NA	NA	NA	0.5	1	NA	NA	NA	1	NA	0.666666666666667	1	NA	NA	NA	0.5	0.5	0.545454545454545	1	1	NA	NA	NA	NA	NA	NA	NA	NA	0.461538461538462	NA	NA	NA	NA	NA	0.375	0.454545454545455	NA	NA	0.444444444444444	NA	0.5	NA	NA	NA	NA	NA	1	1	NA	0.75	NA	NA	NA	NA	1	NA	NA	NA	0.75	NA	NA	NA	NA	NA	NA	NA	NA	0.5
44	NA	NA	0.571428571428571	NA	NA	0.75	NA	0.75	NA	NA	NA	NA	0.333333333333333	NA	NA	NA	0.666666666666667	0.636363636363636	NA	NA	NA	1	NA	0.5	0.545454545454545	0.272727272727273	NA	1	NA	0.6	NA	1	NA	NA	NA	0.6	1	NA	NA	NA	0.5	NA	0.75	NA	NA	NA	NA	0.5	0.5	0.6	1	NA	NA	NA	NA	NA	NA	NA	NA	NA	0.333333333333333	NA	NA	NA	NA	NA	0.333333333333333	0.454545454545455	NA	NA	0.5625	NA	0.571428571428571	NA	NA	NA	NA	NA	NA	NA	NA	1	NA	NA	NA	NA	NA	NA	NA	NA	0.333333333333333	NA	NA	NA	NA	NA	NA	NA	NA	0.5
45	NA	NA	0.428571428571429	NA	NA	1	NA	0.75	NA	NA	NA	NA	0.235294117647059	NA	NA	NA	0.333333333333333	0.529411764705882	NA	NA	NA	0.5	NA	0.5	0.545454545454545	0.238095238095238	NA	1	NA	0.571428571428571	NA	0.5	NA	NA	NA	0.5	1	NA	NA	NA	0.75	NA	0.555555555555556	NA	NA	NA	NA	0.5	0.4	0.636363636363636	1	NA	NA	NA	NA	NA	NA	NA	NA	NA	0.5	NA	NA	NA	NA	NA	0.2	0.692307692307692	NA	NA	0.8125	NA	0.571428571428571	NA	NA	NA	NA	NA	NA	NA	NA	1	NA	NA	NA	NA	NA	NA	NA	NA	0.666666666666667	NA	NA	NA	NA	NA	NA	NA	NA	0.5
46	NA	NA	0.5	NA	NA	1	NA	0.571428571428571	NA	NA	NA	NA	0.375	NA	NA	NA	0.333333333333333	0.5625	NA	NA	NA	0.5	NA	0.666666666666667	0.384615384615385	0.263157894736842	NA	1	NA	0.625	NA	0.5	NA	NA	NA	0.666666666666667	1	NA	NA	NA	1	NA	0.625	NA	NA	NA	NA	0.5	0.4	0.285714285714286	1	NA	NA	NA	NA	NA	NA	NA	NA	NA	0.555555555555556	NA	NA	NA	NA	NA	0.25	0.769230769230769	NA	NA	0.5	NA	0.625	NA	NA	NA	NA	NA	NA	NA	NA	1	NA	NA	NA	NA	NA	NA	NA	NA	0.333333333333333	NA	NA	NA	NA	NA	NA	NA	NA	1
47	NA	NA	0.375	NA	NA	1	NA	0.375	NA	NA	NA	NA	0.705882352941177	NA	NA	NA	0.75	0.375	NA	NA	NA	1	NA	0.666666666666667	0.416666666666667	0.285714285714286	NA	1	NA	0.6	NA	0.5	NA	NA	NA	0.666666666666667	1	NA	NA	NA	1	NA	0.363636363636364	NA	NA	NA	NA	0.5	0.444444444444444	0.285714285714286	1	NA	NA	NA	NA	NA	NA	NA	NA	NA	0.7	NA	NA	NA	NA	NA	0.333333333333333	0.8	NA	NA	0.384615384615385	NA	0.625	NA	NA	NA	NA	NA	NA	NA	NA	NA	NA	NA	NA	NA	NA	NA	NA	NA	0.333333333333333	NA	NA	NA	NA	NA	NA	NA	NA	1
48	NA	NA	0.571428571428571	NA	NA	1	NA	0.571428571428571	NA	NA	NA	NA	0.75	NA	NA	NA	0.75	0.5	NA	NA	NA	1	NA	0.5	0.363636363636364	0.333333333333333	NA	1	NA	0.833333333333333	NA	0.5	NA	NA	NA	0.5	1	NA	NA	NA	1	NA	0.5	NA	NA	NA	NA	0.5	0.538461538461538	0.428571428571429	1	NA	NA	NA	NA	NA	NA	NA	NA	NA	0.428571428571429	NA	NA	NA	NA	NA	1	0.8	NA	NA	0.363636363636364	NA	0.4	NA	NA	NA	NA	NA	NA	NA	NA	NA	NA	NA	NA	NA	NA	NA	NA	NA	0.333333333333333	NA	NA	NA	NA	NA	NA	NA	NA	1
49	NA	NA	0.5	NA	NA	0.8	NA	0.555555555555556	NA	NA	NA	NA	0.473684210526316	NA	NA	NA	0.5	0.375	NA	NA	NA	NA	NA	0.5	0.555555555555556	0.230769230769231	NA	1	NA	0.714285714285714	NA	1	NA	NA	NA	0.5	NA	NA	NA	NA	1	NA	0.5	NA	NA	NA	NA	0.5	0.5	0.4	1	NA	NA	NA	NA	NA	NA	NA	NA	NA	0.428571428571429	NA	NA	NA	NA	NA	NA	0.583333333333333	NA	NA	0.3	NA	0.25	NA	NA	NA	NA	NA	NA	NA	NA	NA	NA	NA	NA	NA	NA	NA	NA	NA	0.5	NA	NA	NA	NA	NA	NA	NA	NA	1
50	NA	NA	0.428571428571429	NA	NA	0.833333333333333	NA	0.375	NA	NA	NA	NA	0.428571428571429	NA	NA	NA	0.5	0.333333333333333	NA	NA	NA	NA	NA	0.75	0.6	0.230769230769231	NA	NA	NA	0.5	NA	NA	NA	NA	NA	0.5	NA	NA	NA	NA	0.5	NA	0.538461538461538	NA	NA	NA	NA	0.5	0.5	0.3125	1	NA	NA	NA	NA	NA	NA	NA	NA	NA	0.444444444444444	NA	NA	NA	NA	NA	NA	0.615384615384615	NA	NA	0.333333333333333	NA	0.4	NA	NA	NA	NA	NA	NA	NA	NA	NA	NA	NA	NA	NA	NA	NA	NA	NA	1	NA	NA	NA	NA	NA	NA	NA	NA	1
51	NA	NA	0.571428571428571	NA	NA	0.857142857142857	NA	0.5	NA	NA	NA	NA	0.285714285714286	NA	NA	NA	0.75	0.285714285714286	NA	NA	NA	NA	NA	0.75	0.583333333333333	0.272727272727273	NA	NA	NA	0.6	NA	NA	NA	NA	NA	0.5	NA	NA	NA	NA	0.5	NA	0.272727272727273	NA	NA	NA	NA	1	0.333333333333333	0.333333333333333	1	NA	NA	NA	NA	NA	NA	NA	NA	NA	0.6	NA	NA	NA	NA	NA	NA	0.333333333333333	NA	NA	0.384615384615385	NA	0.428571428571429	NA	NA	NA	NA	NA	NA	NA	NA	NA	NA	NA	NA	NA	NA	NA	NA	NA	1	NA	NA	NA	NA	NA	NA	NA	NA	1
52	NA	NA	0.666666666666667	NA	NA	1	NA	0.625	NA	NA	NA	NA	0.380952380952381	NA	NA	NA	1	0.384615384615385	NA	NA	NA	NA	NA	1	0.384615384615385	0.428571428571429	NA	NA	NA	0.75	NA	NA	NA	NA	NA	0.666666666666667	NA	NA	NA	NA	0.5	NA	0.3	NA	NA	NA	NA	1	0.375	0.428571428571429	1	NA	NA	NA	NA	NA	NA	NA	NA	NA	0.583333333333333	NA	NA	NA	NA	NA	NA	0.4	NA	NA	0.538461538461538	NA	0.9	NA	NA	NA	NA	NA	NA	NA	NA	NA	NA	NA	NA	NA	NA	NA	NA	NA	1	NA	NA	NA	NA	NA	NA	NA	NA	NA
53	NA	NA	0.4	NA	NA	0.833333333333333	NA	0.375	NA	NA	NA	NA	0.409090909090909	NA	NA	NA	1	0.307692307692308	NA	NA	NA	NA	NA	1	0.583333333333333	0.444444444444444	NA	NA	NA	1	NA	NA	NA	NA	NA	0.5	NA	NA	NA	NA	0.5	NA	0.461538461538462	NA	NA	NA	NA	1	0.428571428571429	0.428571428571429	0.5	NA	NA	NA	NA	NA	NA	NA	NA	NA	0.642857142857143	NA	NA	NA	NA	NA	NA	0.272727272727273	NA	NA	0.583333333333333	NA	0.545454545454545	NA	NA	NA	NA	NA	NA	NA	NA	NA	NA	NA	NA	NA	NA	NA	NA	NA	1	NA	NA	NA	NA	NA	NA	NA	NA	NA
54	NA	NA	0.4	NA	NA	0.75	NA	0.571428571428571	NA	NA	NA	NA	0.571428571428571	NA	NA	NA	1	0.3	NA	NA	NA	NA	NA	1	0.545454545454545	0.4	NA	NA	NA	1	NA	NA	NA	NA	NA	0.5	NA	NA	NA	NA	0.666666666666667	NA	0.5	NA	NA	NA	NA	1	0.285714285714286	0.411764705882353	0.5	NA	NA	NA	NA	NA	NA	NA	NA	NA	0.583333333333333	NA	NA	NA	NA	NA	NA	0.307692307692308	NA	NA	0.222222222222222	NA	0.7	NA	NA	NA	NA	NA	NA	NA	NA	NA	NA	NA	NA	NA	NA	NA	NA	NA	1	NA	NA	NA	NA	NA	NA	NA	NA	NA
55	NA	NA	0.5	NA	NA	0.8	NA	0.6	NA	NA	NA	NA	0.25	NA	NA	NA	0.5	0.272727272727273	NA	NA	NA	NA	NA	1	0.666666666666667	0.444444444444444	NA	NA	NA	1	NA	NA	NA	NA	NA	0.5	NA	NA	NA	NA	0.5	NA	0.272727272727273	NA	NA	NA	NA	1	0.4	0.4375	1	NA	NA	NA	NA	NA	NA	NA	NA	NA	0.3	NA	NA	NA	NA	NA	NA	0.25	NA	NA	0.375	NA	0.636363636363636	NA	NA	NA	NA	NA	NA	NA	NA	NA	NA	NA	NA	NA	NA	NA	NA	NA	1	NA	NA	NA	NA	NA	NA	NA	NA	NA
56	NA	NA	0.5	NA	NA	0.833333333333333	NA	0.625	NA	NA	NA	NA	0.411764705882353	NA	NA	NA	0.5	0.3	NA	NA	NA	NA	NA	1	0.545454545454545	0.5	NA	NA	NA	1	NA	NA	NA	NA	NA	0.5	NA	NA	NA	NA	0.666666666666667	NA	0.333333333333333	NA	NA	NA	NA	1	0.5	0.5	1	NA	NA	NA	NA	NA	NA	NA	NA	NA	0.3	NA	NA	NA	NA	NA	NA	0.272727272727273	NA	NA	0.4	NA	0.666666666666667	NA	NA	NA	NA	NA	NA	NA	NA	NA	NA	NA	NA	NA	NA	NA	NA	NA	1	NA	NA	NA	NA	NA	NA	NA	NA	NA
57	NA	NA	0.5	NA	NA	0.4	NA	0.75	NA	NA	NA	NA	0.4	NA	NA	NA	1	0.727272727272727	NA	NA	NA	NA	NA	1	0.25	0.5	NA	NA	NA	1	NA	NA	NA	NA	NA	0.5	NA	NA	NA	NA	0.833333333333333	NA	0.5	NA	NA	NA	NA	1	0.333333333333333	0.631578947368421	1	NA	NA	NA	NA	NA	NA	NA	NA	NA	0.25	NA	NA	NA	NA	NA	NA	0.333333333333333	NA	NA	0.4	NA	0.583333333333333	NA	NA	NA	NA	NA	NA	NA	NA	NA	NA	NA	NA	NA	NA	NA	NA	NA	0.6	NA	NA	NA	NA	NA	NA	NA	NA	NA
58	NA	NA	0.571428571428571	NA	NA	0.5	NA	0.777777777777778	NA	NA	NA	NA	0.4	NA	NA	NA	1	0.375	NA	NA	NA	NA	NA	1	0.3	0.428571428571429	NA	NA	NA	1	NA	NA	NA	NA	NA	1	NA	NA	NA	NA	0.5	NA	0.4	NA	NA	NA	NA	1	0.666666666666667	0.444444444444444	1	NA	NA	NA	NA	NA	NA	NA	NA	NA	0.5	NA	NA	NA	NA	NA	NA	0.333333333333333	NA	NA	0.4	NA	0.363636363636364	NA	NA	NA	NA	NA	NA	NA	NA	NA	NA	NA	NA	NA	NA	NA	NA	NA	0.666666666666667	NA	NA	NA	NA	NA	NA	NA	NA	NA
59	NA	NA	0.571428571428571	NA	NA	0.5	NA	0.666666666666667	NA	NA	NA	NA	0.19047619047619	NA	NA	NA	1	0.444444444444444	NA	NA	NA	NA	NA	1	0.272727272727273	0.428571428571429	NA	NA	NA	1	NA	NA	NA	NA	NA	1	NA	NA	NA	NA	0.428571428571429	NA	0.4	NA	NA	NA	NA	1	0.571428571428571	0.285714285714286	1	NA	NA	NA	NA	NA	NA	NA	NA	NA	0.4	NA	NA	NA	NA	NA	NA	0.545454545454545	NA	NA	0.333333333333333	NA	0.5	NA	NA	NA	NA	NA	NA	NA	NA	NA	NA	NA	NA	NA	NA	NA	NA	NA	0.5	NA	NA	NA	NA	NA	NA	NA	NA	NA
60	NA	NA	0.6	NA	NA	0.75	NA	0.666666666666667	NA	NA	NA	NA	0.210526315789474	NA	NA	NA	1	0.571428571428571	NA	NA	NA	NA	NA	NA	0.416666666666667	0.428571428571429	NA	NA	NA	1	NA	NA	NA	NA	NA	1	NA	NA	NA	NA	0.5	NA	0.333333333333333	NA	NA	NA	NA	NA	0.571428571428571	0.259259259259259	0.75	NA	NA	NA	NA	NA	NA	NA	NA	NA	0.5	NA	NA	NA	NA	NA	NA	0.571428571428571	NA	NA	0.571428571428571	NA	0.375	NA	NA	NA	NA	NA	NA	NA	NA	NA	NA	NA	NA	NA	NA	NA	NA	NA	0.666666666666667	NA	NA	NA	NA	NA	NA	NA	NA	NA
61	NA	NA	0.555555555555556	NA	NA	0.75	NA	0.444444444444444	NA	NA	NA	NA	0.388888888888889	NA	NA	NA	1	0.4	NA	NA	NA	NA	NA	NA	0.461538461538462	0.4	NA	NA	NA	1	NA	NA	NA	NA	NA	1	NA	NA	NA	NA	0.625	NA	0.666666666666667	NA	NA	NA	NA	NA	0.555555555555556	0.304347826086957	0.5	NA	NA	NA	NA	NA	NA	NA	NA	NA	0.6	NA	NA	NA	NA	NA	NA	0.571428571428571	NA	NA	0.75	NA	0.444444444444444	NA	NA	NA	NA	NA	NA	NA	NA	NA	NA	NA	NA	NA	NA	NA	NA	NA	0.666666666666667	NA	NA	NA	NA	NA	NA	NA	NA	NA
62	NA	NA	0.428571428571429	NA	NA	1	NA	0.571428571428571	NA	NA	NA	NA	0.3125	NA	NA	NA	1	0.6	NA	NA	NA	NA	NA	NA	0.545454545454545	0.4	NA	NA	NA	NA	NA	NA	NA	NA	NA	1	NA	NA	NA	NA	0.875	NA	0.666666666666667	NA	NA	NA	NA	NA	0.545454545454545	0.208333333333333	0.666666666666667	NA	NA	NA	NA	NA	NA	NA	NA	NA	0.5	NA	NA	NA	NA	NA	NA	0.333333333333333	NA	NA	0.75	NA	0.555555555555556	NA	NA	NA	NA	NA	NA	NA	NA	NA	NA	NA	NA	NA	NA	NA	NA	NA	0.571428571428571	NA	NA	NA	NA	NA	NA	NA	NA	NA
63	NA	NA	0.666666666666667	NA	NA	1	NA	0.285714285714286	NA	NA	NA	NA	0.333333333333333	NA	NA	NA	1	0.6	NA	NA	NA	NA	NA	NA	0.545454545454545	0.75	NA	NA	NA	NA	NA	NA	NA	NA	NA	1	NA	NA	NA	NA	0.75	NA	0.5	NA	NA	NA	NA	NA	0.4	0.157894736842105	0.5	NA	NA	NA	NA	NA	NA	NA	NA	NA	0.6	NA	NA	NA	NA	NA	NA	0.4	NA	NA	0.75	NA	0.428571428571429	NA	NA	NA	NA	NA	NA	NA	NA	NA	NA	NA	NA	NA	NA	NA	NA	NA	0.625	NA	NA	NA	NA	NA	NA	NA	NA	NA
64	NA	NA	0.666666666666667	NA	NA	1	NA	0.333333333333333	NA	NA	NA	NA	0.210526315789474	NA	NA	NA	1	0.666666666666667	NA	NA	NA	NA	NA	NA	0.3	1	NA	NA	NA	NA	NA	NA	NA	NA	NA	1	NA	NA	NA	NA	0.777777777777778	NA	0.666666666666667	NA	NA	NA	NA	NA	0.4	0.238095238095238	1	NA	NA	NA	NA	NA	NA	NA	NA	NA	0.8	NA	NA	NA	NA	NA	NA	0.333333333333333	NA	NA	0.833333333333333	NA	0.285714285714286	NA	NA	NA	NA	NA	NA	NA	NA	NA	NA	NA	NA	NA	NA	NA	NA	NA	0.428571428571429	NA	NA	NA	NA	NA	NA	NA	NA	NA
65	NA	NA	0.8	NA	NA	1	NA	0.4	NA	NA	NA	NA	0.19047619047619	NA	NA	NA	1	0.6	NA	NA	NA	NA	NA	NA	0.363636363636364	1	NA	NA	NA	NA	NA	NA	NA	NA	NA	1	NA	NA	NA	NA	0.714285714285714	NA	0.666666666666667	NA	NA	NA	NA	NA	0.5	0.222222222222222	1	NA	NA	NA	NA	NA	NA	NA	NA	NA	0.833333333333333	NA	NA	NA	NA	NA	NA	0.666666666666667	NA	NA	0.666666666666667	NA	0.375	NA	NA	NA	NA	NA	NA	NA	NA	NA	NA	NA	NA	NA	NA	NA	NA	NA	0.5	NA	NA	NA	NA	NA	NA	NA	NA	NA
66	NA	NA	0.8	NA	NA	NA	NA	0.333333333333333	NA	NA	NA	NA	0.32	NA	NA	NA	1	0.4	NA	NA	NA	NA	NA	NA	0.5	1	NA	NA	NA	NA	NA	NA	NA	NA	NA	1	NA	NA	NA	NA	0.428571428571429	NA	0.666666666666667	NA	NA	NA	NA	NA	0.555555555555556	0.25	NA	NA	NA	NA	NA	NA	NA	NA	NA	NA	0.857142857142857	NA	NA	NA	NA	NA	NA	0.666666666666667	NA	NA	1	NA	0.333333333333333	NA	NA	NA	NA	NA	NA	NA	NA	NA	NA	NA	NA	NA	NA	NA	NA	NA	0.3	NA	NA	NA	NA	NA	NA	NA	NA	NA
67	NA	NA	0.666666666666667	NA	NA	NA	NA	0.285714285714286	NA	NA	NA	NA	0.384615384615385	NA	NA	NA	1	1	NA	NA	NA	NA	NA	NA	0.454545454545455	0.8	NA	NA	NA	NA	NA	NA	NA	NA	NA	0.6	NA	NA	NA	NA	0.5	NA	0.666666666666667	NA	NA	NA	NA	NA	0.5	0.307692307692308	NA	NA	NA	NA	NA	NA	NA	NA	NA	NA	1	NA	NA	NA	NA	NA	NA	0.5	NA	NA	1	NA	0.636363636363636	NA	NA	NA	NA	NA	NA	NA	NA	NA	NA	NA	NA	NA	NA	NA	NA	NA	0.4	NA	NA	NA	NA	NA	NA	NA	NA	NA
68	NA	NA	0.666666666666667	NA	NA	NA	NA	0.4	NA	NA	NA	NA	0.173913043478261	NA	NA	NA	1	1	NA	NA	NA	NA	NA	NA	0.333333333333333	0.666666666666667	NA	NA	NA	NA	NA	NA	NA	NA	NA	0.75	NA	NA	NA	NA	0.571428571428571	NA	0.5	NA	NA	NA	NA	NA	0.363636363636364	0.384615384615385	NA	NA	NA	NA	NA	NA	NA	NA	NA	NA	1	NA	NA	NA	NA	NA	NA	0.5	NA	NA	1	NA	0.454545454545455	NA	NA	NA	NA	NA	NA	NA	NA	NA	NA	NA	NA	NA	NA	NA	NA	NA	0.545454545454545	NA	NA	NA	NA	NA	NA	NA	NA	NA
69	NA	NA	NA	NA	NA	NA	NA	0.4	NA	NA	NA	NA	0.181818181818182	NA	NA	NA	1	1	NA	NA	NA	NA	NA	NA	0.428571428571429	1	NA	NA	NA	NA	NA	NA	NA	NA	NA	1	NA	NA	NA	NA	0.571428571428571	NA	1	NA	NA	NA	NA	NA	0.5	0.25	NA	NA	NA	NA	NA	NA	NA	NA	NA	NA	1	NA	NA	NA	NA	NA	NA	0.5	NA	NA	1	NA	0.416666666666667	NA	NA	NA	NA	NA	NA	NA	NA	NA	NA	NA	NA	NA	NA	NA	NA	NA	0.4	NA	NA	NA	NA	NA	NA	NA	NA	NA
70	NA	NA	NA	NA	NA	NA	NA	0.4	NA	NA	NA	NA	0.227272727272727	NA	NA	NA	1	0.714285714285714	NA	NA	NA	NA	NA	NA	0.5	1	NA	NA	NA	NA	NA	NA	NA	NA	NA	1	NA	NA	NA	NA	0.5	NA	1	NA	NA	NA	NA	NA	0.555555555555556	0.307692307692308	NA	NA	NA	NA	NA	NA	NA	NA	NA	NA	0.625	NA	NA	NA	NA	NA	NA	0.5	NA	NA	0.666666666666667	NA	0.363636363636364	NA	NA	NA	NA	NA	NA	NA	NA	NA	NA	NA	NA	NA	NA	NA	NA	NA	0.375	NA	NA	NA	NA	NA	NA	NA	NA	NA
71	NA	NA	NA	NA	NA	NA	NA	0.4	NA	NA	NA	NA	0.227272727272727	NA	NA	NA	0.5	0.714285714285714	NA	NA	NA	NA	NA	NA	0.375	1	NA	NA	NA	NA	NA	NA	NA	NA	NA	1	NA	NA	NA	NA	0.666666666666667	NA	1	NA	NA	NA	NA	NA	0.428571428571429	0.166666666666667	NA	NA	NA	NA	NA	NA	NA	NA	NA	NA	0.75	NA	NA	NA	NA	NA	NA	0.5	NA	NA	1	NA	0.428571428571429	NA	NA	NA	NA	NA	NA	NA	NA	NA	NA	NA	NA	NA	NA	NA	NA	NA	0.375	NA	NA	NA	NA	NA	NA	NA	NA	NA
72	NA	NA	NA	NA	NA	NA	NA	0.375	NA	NA	NA	NA	0.263157894736842	NA	NA	NA	0.833333333333333	0.4	NA	NA	NA	NA	NA	NA	0.428571428571429	1	NA	NA	NA	NA	NA	NA	NA	NA	NA	1	NA	NA	NA	NA	0.666666666666667	NA	1	NA	NA	NA	NA	NA	0.444444444444444	0.181818181818182	NA	NA	NA	NA	NA	NA	NA	NA	NA	NA	0.625	NA	NA	NA	NA	NA	NA	NA	NA	NA	1	NA	0.461538461538462	NA	NA	NA	NA	NA	NA	NA	NA	NA	NA	NA	NA	NA	NA	NA	NA	NA	0.428571428571429	NA	NA	NA	NA	NA	NA	NA	NA	NA
73	NA	NA	NA	NA	NA	NA	NA	0.5	NA	NA	NA	NA	0.176470588235294	NA	NA	NA	1	0.5	NA	NA	NA	NA	NA	NA	0.333333333333333	0.75	NA	NA	NA	NA	NA	NA	NA	NA	NA	0.8	NA	NA	NA	NA	0.571428571428571	NA	1	NA	NA	NA	NA	NA	0.5	0.222222222222222	NA	NA	NA	NA	NA	NA	NA	NA	NA	NA	0.714285714285714	NA	NA	NA	NA	NA	NA	NA	NA	NA	1	NA	0.416666666666667	NA	NA	NA	NA	NA	NA	NA	NA	NA	NA	NA	NA	NA	NA	NA	NA	NA	0.5	NA	NA	NA	NA	NA	NA	NA	NA	NA
74	NA	NA	NA	NA	NA	NA	NA	0.444444444444444	NA	NA	NA	NA	0.2	NA	NA	NA	1	0.333333333333333	NA	NA	NA	NA	NA	NA	0.5	0.6	NA	NA	NA	NA	NA	NA	NA	NA	NA	0.6	NA	NA	NA	NA	0.6	NA	1	NA	NA	NA	NA	NA	0.6	0.375	NA	NA	NA	NA	NA	NA	NA	NA	NA	NA	0.666666666666667	NA	NA	NA	NA	NA	NA	NA	NA	NA	0.75	NA	0.5	NA	NA	NA	NA	NA	NA	NA	NA	NA	NA	NA	NA	NA	NA	NA	NA	NA	0.6	NA	NA	NA	NA	NA	NA	NA	NA	NA
75	NA	NA	NA	NA	NA	NA	NA	0.6	NA	NA	NA	NA	0.285714285714286	NA	NA	NA	0.75	0.4	NA	NA	NA	NA	NA	NA	0.571428571428571	0.6	NA	NA	NA	NA	NA	NA	NA	NA	NA	0.714285714285714	NA	NA	NA	NA	0.6	NA	1	NA	NA	NA	NA	NA	0.75	0.3	NA	NA	NA	NA	NA	NA	NA	NA	NA	NA	0.5	NA	NA	NA	NA	NA	NA	NA	NA	NA	0.8	NA	0.363636363636364	NA	NA	NA	NA	NA	NA	NA	NA	NA	NA	NA	NA	NA	NA	NA	NA	NA	0.5	NA	NA	NA	NA	NA	NA	NA	NA	NA
76	NA	NA	NA	NA	NA	NA	NA	0.666666666666667	NA	NA	NA	NA	0.315789473684211	NA	NA	NA	0.75	0.4	NA	NA	NA	NA	NA	NA	0.5	0.833333333333333	NA	NA	NA	NA	NA	NA	NA	NA	NA	0.833333333333333	NA	NA	NA	NA	0.5	NA	1	NA	NA	NA	NA	NA	0.75	0.3	NA	NA	NA	NA	NA	NA	NA	NA	NA	NA	0.666666666666667	NA	NA	NA	NA	NA	NA	NA	NA	NA	1	NA	0.4	NA	NA	NA	NA	NA	NA	NA	NA	NA	NA	NA	NA	NA	NA	NA	NA	NA	0.5	NA	NA	NA	NA	NA	NA	NA	NA	NA
77	NA	NA	NA	NA	NA	NA	NA	0.5	NA	NA	NA	NA	0.227272727272727	NA	NA	NA	1	0.5	NA	NA	NA	NA	NA	NA	0.5	0.571428571428571	NA	NA	NA	NA	NA	NA	NA	NA	NA	0.833333333333333	NA	NA	NA	NA	1	NA	1	NA	NA	NA	NA	NA	0.5	0.181818181818182	NA	NA	NA	NA	NA	NA	NA	NA	NA	NA	1	NA	NA	NA	NA	NA	NA	NA	NA	NA	1	NA	0.285714285714286	NA	NA	NA	NA	NA	NA	NA	NA	NA	NA	NA	NA	NA	NA	NA	NA	NA	1	NA	NA	NA	NA	NA	NA	NA	NA	NA
78	NA	NA	NA	NA	NA	NA	NA	0.5	NA	NA	NA	NA	0.238095238095238	NA	NA	NA	1	0.5	NA	NA	NA	NA	NA	NA	0.5	0.571428571428571	NA	NA	NA	NA	NA	NA	NA	NA	NA	0.8	NA	NA	NA	NA	1	NA	1	NA	NA	NA	NA	NA	0.5	0.25	NA	NA	NA	NA	NA	NA	NA	NA	NA	NA	NA	NA	NA	NA	NA	NA	NA	NA	NA	NA	1	NA	0.5	NA	NA	NA	NA	NA	NA	NA	NA	NA	NA	NA	NA	NA	NA	NA	NA	NA	1	NA	NA	NA	NA	NA	NA	NA	NA	NA
79	NA	NA	NA	NA	NA	NA	NA	0.454545454545455	NA	NA	NA	NA	0.363636363636364	NA	NA	NA	1	0.6	NA	NA	NA	NA	NA	NA	1	0.714285714285714	NA	NA	NA	NA	NA	NA	NA	NA	NA	0.25	NA	NA	NA	NA	NA	NA	1	NA	NA	NA	NA	NA	0.5	0.307692307692308	NA	NA	NA	NA	NA	NA	NA	NA	NA	NA	NA	NA	NA	NA	NA	NA	NA	NA	NA	NA	1	NA	0.666666666666667	NA	NA	NA	NA	NA	NA	NA	NA	NA	NA	NA	NA	NA	NA	NA	NA	NA	1	NA	NA	NA	NA	NA	NA	NA	NA	NA
80	NA	NA	NA	NA	NA	NA	NA	0.363636363636364	NA	NA	NA	NA	0.380952380952381	NA	NA	NA	1	0.4	NA	NA	NA	NA	NA	NA	1	0.4	NA	NA	NA	NA	NA	NA	NA	NA	NA	0.25	NA	NA	NA	NA	NA	NA	1	NA	NA	NA	NA	NA	0.5	0.5	NA	NA	NA	NA	NA	NA	NA	NA	NA	NA	NA	NA	NA	NA	NA	NA	NA	NA	NA	NA	1	NA	0.285714285714286	NA	NA	NA	NA	NA	NA	NA	NA	NA	NA	NA	NA	NA	NA	NA	NA	NA	1	NA	NA	NA	NA	NA	NA	NA	NA	NA
81	NA	NA	NA	NA	NA	NA	NA	0.444444444444444	NA	NA	NA	NA	0.2	NA	NA	NA	1	0.4	NA	NA	NA	NA	NA	NA	1	0.4	NA	NA	NA	NA	NA	NA	NA	NA	NA	0.4	NA	NA	NA	NA	NA	NA	0.75	NA	NA	NA	NA	NA	1	0.615384615384615	NA	NA	NA	NA	NA	NA	NA	NA	NA	NA	NA	NA	NA	NA	NA	NA	NA	NA	NA	NA	0.5	NA	0.25	NA	NA	NA	NA	NA	NA	NA	NA	NA	NA	NA	NA	NA	NA	NA	NA	NA	1	NA	NA	NA	NA	NA	NA	NA	NA	NA
82	NA	NA	NA	NA	NA	NA	NA	0.375	NA	NA	NA	NA	0.277777777777778	NA	NA	NA	0.666666666666667	0.4	NA	NA	NA	NA	NA	NA	1	0.333333333333333	NA	NA	NA	NA	NA	NA	NA	NA	NA	0.333333333333333	NA	NA	NA	NA	NA	NA	0.75	NA	NA	NA	NA	NA	1	0.357142857142857	NA	NA	NA	NA	NA	NA	NA	NA	NA	NA	NA	NA	NA	NA	NA	NA	NA	NA	NA	NA	NA	NA	0.333333333333333	NA	NA	NA	NA	NA	NA	NA	NA	NA	NA	NA	NA	NA	NA	NA	NA	NA	1	NA	NA	NA	NA	NA	NA	NA	NA	NA
83	NA	NA	NA	NA	NA	NA	NA	0.5	NA	NA	NA	NA	0.333333333333333	NA	NA	NA	0.714285714285714	0.4	NA	NA	NA	NA	NA	NA	0.5	0.5	NA	NA	NA	NA	NA	NA	NA	NA	NA	0.333333333333333	NA	NA	NA	NA	NA	NA	1	NA	NA	NA	NA	NA	1	0.416666666666667	NA	NA	NA	NA	NA	NA	NA	NA	NA	NA	NA	NA	NA	NA	NA	NA	NA	NA	NA	NA	NA	NA	0.333333333333333	NA	NA	NA	NA	NA	NA	NA	NA	NA	NA	NA	NA	NA	NA	NA	NA	NA	1	NA	NA	NA	NA	NA	NA	NA	NA	NA
84	NA	NA	NA	NA	NA	NA	NA	0.428571428571429	NA	NA	NA	NA	0.352941176470588	NA	NA	NA	0.428571428571429	0.5	NA	NA	NA	NA	NA	NA	0.333333333333333	0.7	NA	NA	NA	NA	NA	NA	NA	NA	NA	0.333333333333333	NA	NA	NA	NA	NA	NA	0.75	NA	NA	NA	NA	NA	1	0.25	NA	NA	NA	NA	NA	NA	NA	NA	NA	NA	NA	NA	NA	NA	NA	NA	NA	NA	NA	NA	NA	NA	0.6	NA	NA	NA	NA	NA	NA	NA	NA	NA	NA	NA	NA	NA	NA	NA	NA	NA	1	NA	NA	NA	NA	NA	NA	NA	NA	NA
85	NA	NA	NA	NA	NA	NA	NA	0.444444444444444	NA	NA	NA	NA	0.411764705882353	NA	NA	NA	0.5	0.5	NA	NA	NA	NA	NA	NA	0.333333333333333	0.7	NA	NA	NA	NA	NA	NA	NA	NA	NA	0.333333333333333	NA	NA	NA	NA	NA	NA	1	NA	NA	NA	NA	NA	1	0.285714285714286	NA	NA	NA	NA	NA	NA	NA	NA	NA	NA	NA	NA	NA	NA	NA	NA	NA	NA	NA	NA	NA	NA	0.714285714285714	NA	NA	NA	NA	NA	NA	NA	NA	NA	NA	NA	NA	NA	NA	NA	NA	NA	1	NA	NA	NA	NA	NA	NA	NA	NA	NA
86	NA	NA	NA	NA	NA	NA	NA	0.444444444444444	NA	NA	NA	NA	0.375	NA	NA	NA	0.571428571428571	0.333333333333333	NA	NA	NA	NA	NA	NA	0.5	0.444444444444444	NA	NA	NA	NA	NA	NA	NA	NA	NA	0.5	NA	NA	NA	NA	NA	NA	1	NA	NA	NA	NA	NA	1	0.384615384615385	NA	NA	NA	NA	NA	NA	NA	NA	NA	NA	NA	NA	NA	NA	NA	NA	NA	NA	NA	NA	NA	NA	0.833333333333333	NA	NA	NA	NA	NA	NA	NA	NA	NA	NA	NA	NA	NA	NA	NA	NA	NA	1	NA	NA	NA	NA	NA	NA	NA	NA	NA
87	NA	NA	NA	NA	NA	NA	NA	0.5	NA	NA	NA	NA	0.222222222222222	NA	NA	NA	1	0.333333333333333	NA	NA	NA	NA	NA	NA	0.5	0.636363636363636	NA	NA	NA	NA	NA	NA	NA	NA	NA	0.5	NA	NA	NA	NA	NA	NA	1	NA	NA	NA	NA	NA	NA	0.454545454545455	NA	NA	NA	NA	NA	NA	NA	NA	NA	NA	NA	NA	NA	NA	NA	NA	NA	NA	NA	NA	NA	NA	0.833333333333333	NA	NA	NA	NA	NA	NA	NA	NA	NA	NA	NA	NA	NA	NA	NA	NA	NA	0.666666666666667	NA	NA	NA	NA	NA	NA	NA	NA	NA
88	NA	NA	NA	NA	NA	NA	NA	0.428571428571429	NA	NA	NA	NA	0.25	NA	NA	NA	0.722222222222222	0.5	NA	NA	NA	NA	NA	NA	0.5	0.5	NA	NA	NA	NA	NA	NA	NA	NA	NA	0.5	NA	NA	NA	NA	NA	NA	1	NA	NA	NA	NA	NA	NA	0.5	NA	NA	NA	NA	NA	NA	NA	NA	NA	NA	NA	NA	NA	NA	NA	NA	NA	NA	NA	NA	NA	NA	0.8	NA	NA	NA	NA	NA	NA	NA	NA	NA	NA	NA	NA	NA	NA	NA	NA	NA	0.75	NA	NA	NA	NA	NA	NA	NA	NA	NA
89	NA	NA	NA	NA	NA	NA	NA	0.357142857142857	NA	NA	NA	NA	0.315789473684211	NA	NA	NA	0.722222222222222	0.5	NA	NA	NA	NA	NA	NA	0.5	0.461538461538462	NA	NA	NA	NA	NA	NA	NA	NA	NA	1	NA	NA	NA	NA	NA	NA	1	NA	NA	NA	NA	NA	NA	0.625	NA	NA	NA	NA	NA	NA	NA	NA	NA	NA	NA	NA	NA	NA	NA	NA	NA	NA	NA	NA	NA	NA	0.8	NA	NA	NA	NA	NA	NA	NA	NA	NA	NA	NA	NA	NA	NA	NA	NA	NA	0.6	NA	NA	NA	NA	NA	NA	NA	NA	NA
90	NA	NA	NA	NA	NA	NA	NA	0.375	NA	NA	NA	NA	0.3125	NA	NA	NA	0.578947368421053	0.666666666666667	NA	NA	NA	NA	NA	NA	1	0.333333333333333	NA	NA	NA	NA	NA	NA	NA	NA	NA	1	NA	NA	NA	NA	NA	NA	1	NA	NA	NA	NA	NA	NA	0.666666666666667	NA	NA	NA	NA	NA	NA	NA	NA	NA	NA	NA	NA	NA	NA	NA	NA	NA	NA	NA	NA	NA	NA	0.75	NA	NA	NA	NA	NA	NA	NA	NA	NA	NA	NA	NA	NA	NA	NA	NA	NA	0.6	NA	NA	NA	NA	NA	NA	NA	NA	NA
91	NA	NA	NA	NA	NA	NA	NA	0.466666666666667	NA	NA	NA	NA	0.3125	NA	NA	NA	0.444444444444444	0.75	NA	NA	NA	NA	NA	NA	NA	0.3	NA	NA	NA	NA	NA	NA	NA	NA	NA	1	NA	NA	NA	NA	NA	NA	0.8	NA	NA	NA	NA	NA	NA	0.777777777777778	NA	NA	NA	NA	NA	NA	NA	NA	NA	NA	NA	NA	NA	NA	NA	NA	NA	NA	NA	NA	NA	NA	0.5	NA	NA	NA	NA	NA	NA	NA	NA	NA	NA	NA	NA	NA	NA	NA	NA	NA	0.7	NA	NA	NA	NA	NA	NA	NA	NA	NA
92	NA	NA	NA	NA	NA	NA	NA	0.25	NA	NA	NA	NA	0.3125	NA	NA	NA	0.4375	0.666666666666667	NA	NA	NA	NA	NA	NA	NA	0.333333333333333	NA	NA	NA	NA	NA	NA	NA	NA	NA	NA	NA	NA	NA	NA	NA	NA	1	NA	NA	NA	NA	NA	NA	0.777777777777778	NA	NA	NA	NA	NA	NA	NA	NA	NA	NA	NA	NA	NA	NA	NA	NA	NA	NA	NA	NA	NA	NA	0.666666666666667	NA	NA	NA	NA	NA	NA	NA	NA	NA	NA	NA	NA	NA	NA	NA	NA	NA	0.333333333333333	NA	NA	NA	NA	NA	NA	NA	NA	NA
93	NA	NA	NA	NA	NA	NA	NA	0.3125	NA	NA	NA	NA	0.25	NA	NA	NA	0.411764705882353	0.571428571428571	NA	NA	NA	NA	NA	NA	NA	0.375	NA	NA	NA	NA	NA	NA	NA	NA	NA	NA	NA	NA	NA	NA	NA	NA	1	NA	NA	NA	NA	NA	NA	0.5	NA	NA	NA	NA	NA	NA	NA	NA	NA	NA	NA	NA	NA	NA	NA	NA	NA	NA	NA	NA	NA	NA	0.666666666666667	NA	NA	NA	NA	NA	NA	NA	NA	NA	NA	NA	NA	NA	NA	NA	NA	NA	0.5	NA	NA	NA	NA	NA	NA	NA	NA	NA
94	NA	NA	NA	NA	NA	NA	NA	0.4375	NA	NA	NA	NA	0.307692307692308	NA	NA	NA	0.333333333333333	0.666666666666667	NA	NA	NA	NA	NA	NA	NA	0.333333333333333	NA	NA	NA	NA	NA	NA	NA	NA	NA	NA	NA	NA	NA	NA	NA	NA	0.8	NA	NA	NA	NA	NA	NA	0.5	NA	NA	NA	NA	NA	NA	NA	NA	NA	NA	NA	NA	NA	NA	NA	NA	NA	NA	NA	NA	NA	NA	0.5	NA	NA	NA	NA	NA	NA	NA	NA	NA	NA	NA	NA	NA	NA	NA	NA	NA	0.5	NA	NA	NA	NA	NA	NA	NA	NA	NA
95	NA	NA	NA	NA	NA	NA	NA	0.461538461538462	NA	NA	NA	NA	0.333333333333333	NA	NA	NA	0.375	0.777777777777778	NA	NA	NA	NA	NA	NA	NA	0.5	NA	NA	NA	NA	NA	NA	NA	NA	NA	NA	NA	NA	NA	NA	NA	NA	0.833333333333333	NA	NA	NA	NA	NA	NA	0.625	NA	NA	NA	NA	NA	NA	NA	NA	NA	NA	NA	NA	NA	NA	NA	NA	NA	NA	NA	NA	NA	NA	0.5	NA	NA	NA	NA	NA	NA	NA	NA	NA	NA	NA	NA	NA	NA	NA	NA	NA	0.615384615384615	NA	NA	NA	NA	NA	NA	NA	NA	NA
96	NA	NA	NA	NA	NA	NA	NA	0.4375	NA	NA	NA	NA	0.428571428571429	NA	NA	NA	0.230769230769231	0.777777777777778	NA	NA	NA	NA	NA	NA	NA	0.4	NA	NA	NA	NA	NA	NA	NA	NA	NA	NA	NA	NA	NA	NA	NA	NA	0.833333333333333	NA	NA	NA	NA	NA	NA	0.75	NA	NA	NA	NA	NA	NA	NA	NA	NA	NA	NA	NA	NA	NA	NA	NA	NA	NA	NA	NA	NA	NA	0.5	NA	NA	NA	NA	NA	NA	NA	NA	NA	NA	NA	NA	NA	NA	NA	NA	NA	0.666666666666667	NA	NA	NA	NA	NA	NA	NA	NA	NA
97	NA	NA	NA	NA	NA	NA	NA	0.388888888888889	NA	NA	NA	NA	0.333333333333333	NA	NA	NA	0.333333333333333	0.444444444444444	NA	NA	NA	NA	NA	NA	NA	0.333333333333333	NA	NA	NA	NA	NA	NA	NA	NA	NA	NA	NA	NA	NA	NA	NA	NA	1	NA	NA	NA	NA	NA	NA	0.666666666666667	NA	NA	NA	NA	NA	NA	NA	NA	NA	NA	NA	NA	NA	NA	NA	NA	NA	NA	NA	NA	NA	NA	1	NA	NA	NA	NA	NA	NA	NA	NA	NA	NA	NA	NA	NA	NA	NA	NA	NA	0.625	NA	NA	NA	NA	NA	NA	NA	NA	NA
98	NA	NA	NA	NA	NA	NA	NA	0.421052631578947	NA	NA	NA	NA	0.333333333333333	NA	NA	NA	0.272727272727273	0.5	NA	NA	NA	NA	NA	NA	NA	0.5	NA	NA	NA	NA	NA	NA	NA	NA	NA	NA	NA	NA	NA	NA	NA	NA	0.75	NA	NA	NA	NA	NA	NA	0.5	NA	NA	NA	NA	NA	NA	NA	NA	NA	NA	NA	NA	NA	NA	NA	NA	NA	NA	NA	NA	NA	NA	1	NA	NA	NA	NA	NA	NA	NA	NA	NA	NA	NA	NA	NA	NA	NA	NA	NA	0.375	NA	NA	NA	NA	NA	NA	NA	NA	NA
99	NA	NA	NA	NA	NA	NA	NA	0.523809523809524	NA	NA	NA	NA	0.5	NA	NA	NA	0.307692307692308	0.444444444444444	NA	NA	NA	NA	NA	NA	NA	0.5	NA	NA	NA	NA	NA	NA	NA	NA	NA	NA	NA	NA	NA	NA	NA	NA	1	NA	NA	NA	NA	NA	NA	0.571428571428571	NA	NA	NA	NA	NA	NA	NA	NA	NA	NA	NA	NA	NA	NA	NA	NA	NA	NA	NA	NA	NA	NA	0.666666666666667	NA	NA	NA	NA	NA	NA	NA	NA	NA	NA	NA	NA	NA	NA	NA	NA	NA	0.375	NA	NA	NA	NA	NA	NA	NA	NA	NA
100	NA	NA	NA	NA	NA	NA	NA	0.45	NA	NA	NA	NA	1	NA	NA	NA	0.4375	0.4	NA	NA	NA	NA	NA	NA	NA	0.5	NA	NA	NA	NA	NA	NA	NA	NA	NA	NA	NA	NA	NA	NA	NA	NA	1	NA	NA	NA	NA	NA	NA	0.428571428571429	NA	NA	NA	NA	NA	NA	NA	NA	NA	NA	NA	NA	NA	NA	NA	NA	NA	NA	NA	NA	NA	NA	0.5	NA	NA	NA	NA	NA	NA	NA	NA	NA	NA	NA	NA	NA	NA	NA	NA	NA	0.5	NA	NA	NA	NA	NA	NA	NA	NA	NA
101	NA	NA	NA	NA	NA	NA	NA	0.454545454545455	NA	NA	NA	NA	1	NA	NA	NA	0.466666666666667	0.333333333333333	NA	NA	NA	NA	NA	NA	NA	1	NA	NA	NA	NA	NA	NA	NA	NA	NA	NA	NA	NA	NA	NA	NA	NA	1	NA	NA	NA	NA	NA	NA	0.333333333333333	NA	NA	NA	NA	NA	NA	NA	NA	NA	NA	NA	NA	NA	NA	NA	NA	NA	NA	NA	NA	NA	NA	0.75	NA	NA	NA	NA	NA	NA	NA	NA	NA	NA	NA	NA	NA	NA	NA	NA	NA	0.333333333333333	NA	NA	NA	NA	NA	NA	NA	NA	NA
102	NA	NA	NA	NA	NA	NA	NA	0.521739130434783	NA	NA	NA	NA	1	NA	NA	NA	0.470588235294118	0.444444444444444	NA	NA	NA	NA	NA	NA	NA	1	NA	NA	NA	NA	NA	NA	NA	NA	NA	NA	NA	NA	NA	NA	NA	NA	1	NA	NA	NA	NA	NA	NA	0.333333333333333	NA	NA	NA	NA	NA	NA	NA	NA	NA	NA	NA	NA	NA	NA	NA	NA	NA	NA	NA	NA	NA	NA	0.75	NA	NA	NA	NA	NA	NA	NA	NA	NA	NA	NA	NA	NA	NA	NA	NA	NA	0.375	NA	NA	NA	NA	NA	NA	NA	NA	NA
103	NA	NA	NA	NA	NA	NA	NA	0.458333333333333	NA	NA	NA	NA	1	NA	NA	NA	0.45	0.375	NA	NA	NA	NA	NA	NA	NA	1	NA	NA	NA	NA	NA	NA	NA	NA	NA	NA	NA	NA	NA	NA	NA	NA	1	NA	NA	NA	NA	NA	NA	0.5	NA	NA	NA	NA	NA	NA	NA	NA	NA	NA	NA	NA	NA	NA	NA	NA	NA	NA	NA	NA	NA	NA	1	NA	NA	NA	NA	NA	NA	NA	NA	NA	NA	NA	NA	NA	NA	NA	NA	NA	0.428571428571429	NA	NA	NA	NA	NA	NA	NA	NA	NA
104	NA	NA	NA	NA	NA	NA	NA	0.260869565217391	NA	NA	NA	NA	1	NA	NA	NA	0.375	0.75	NA	NA	NA	NA	NA	NA	NA	1	NA	NA	NA	NA	NA	NA	NA	NA	NA	NA	NA	NA	NA	NA	NA	NA	1	NA	NA	NA	NA	NA	NA	0.5	NA	NA	NA	NA	NA	NA	NA	NA	NA	NA	NA	NA	NA	NA	NA	NA	NA	NA	NA	NA	NA	NA	0.5	NA	NA	NA	NA	NA	NA	NA	NA	NA	NA	NA	NA	NA	NA	NA	NA	NA	0.428571428571429	NA	NA	NA	NA	NA	NA	NA	NA	NA
105	NA	NA	NA	NA	NA	NA	NA	0.3	NA	NA	NA	NA	1	NA	NA	NA	0.333333333333333	0.8	NA	NA	NA	NA	NA	NA	NA	1	NA	NA	NA	NA	NA	NA	NA	NA	NA	NA	NA	NA	NA	NA	NA	NA	0.666666666666667	NA	NA	NA	NA	NA	NA	1	NA	NA	NA	NA	NA	NA	NA	NA	NA	NA	NA	NA	NA	NA	NA	NA	NA	NA	NA	NA	NA	NA	0.5	NA	NA	NA	NA	NA	NA	NA	NA	NA	NA	NA	NA	NA	NA	NA	NA	NA	0.5	NA	NA	NA	NA	NA	NA	NA	NA	NA
106	NA	NA	NA	NA	NA	NA	NA	0.222222222222222	NA	NA	NA	NA	1	NA	NA	NA	0.1875	0.75	NA	NA	NA	NA	NA	NA	NA	1	NA	NA	NA	NA	NA	NA	NA	NA	NA	NA	NA	NA	NA	NA	NA	NA	0.666666666666667	NA	NA	NA	NA	NA	NA	1	NA	NA	NA	NA	NA	NA	NA	NA	NA	NA	NA	NA	NA	NA	NA	NA	NA	NA	NA	NA	NA	NA	0.5	NA	NA	NA	NA	NA	NA	NA	NA	NA	NA	NA	NA	NA	NA	NA	NA	NA	0.5	NA	NA	NA	NA	NA	NA	NA	NA	NA
107	NA	NA	NA	NA	NA	NA	NA	0.25	NA	NA	NA	NA	0.8	NA	NA	NA	0.3125	0.8	NA	NA	NA	NA	NA	NA	NA	1	NA	NA	NA	NA	NA	NA	NA	NA	NA	NA	NA	NA	NA	NA	NA	NA	0.833333333333333	NA	NA	NA	NA	NA	NA	1	NA	NA	NA	NA	NA	NA	NA	NA	NA	NA	NA	NA	NA	NA	NA	NA	NA	NA	NA	NA	NA	NA	1	NA	NA	NA	NA	NA	NA	NA	NA	NA	NA	NA	NA	NA	NA	NA	NA	NA	0.3	NA	NA	NA	NA	NA	NA	NA	NA	NA
108	NA	NA	NA	NA	NA	NA	NA	0.333333333333333	NA	NA	NA	NA	0.75	NA	NA	NA	0.3125	0.666666666666667	NA	NA	NA	NA	NA	NA	NA	1	NA	NA	NA	NA	NA	NA	NA	NA	NA	NA	NA	NA	NA	NA	NA	NA	0.8	NA	NA	NA	NA	NA	NA	1	NA	NA	NA	NA	NA	NA	NA	NA	NA	NA	NA	NA	NA	NA	NA	NA	NA	NA	NA	NA	NA	NA	1	NA	NA	NA	NA	NA	NA	NA	NA	NA	NA	NA	NA	NA	NA	NA	NA	NA	0.416666666666667	NA	NA	NA	NA	NA	NA	NA	NA	NA
109	NA	NA	NA	NA	NA	NA	NA	0.375	NA	NA	NA	NA	0.666666666666667	NA	NA	NA	0.285714285714286	0.4	NA	NA	NA	NA	NA	NA	NA	1	NA	NA	NA	NA	NA	NA	NA	NA	NA	NA	NA	NA	NA	NA	NA	NA	1	NA	NA	NA	NA	NA	NA	1	NA	NA	NA	NA	NA	NA	NA	NA	NA	NA	NA	NA	NA	NA	NA	NA	NA	NA	NA	NA	NA	NA	NA	NA	NA	NA	NA	NA	NA	NA	NA	NA	NA	NA	NA	NA	NA	NA	NA	NA	0.571428571428571	NA	NA	NA	NA	NA	NA	NA	NA	NA
110	NA	NA	NA	NA	NA	NA	NA	0.444444444444444	NA	NA	NA	NA	0.75	NA	NA	NA	0.25	0.4	NA	NA	NA	NA	NA	NA	NA	1	NA	NA	NA	NA	NA	NA	NA	NA	NA	NA	NA	NA	NA	NA	NA	NA	1	NA	NA	NA	NA	NA	NA	1	NA	NA	NA	NA	NA	NA	NA	NA	NA	NA	NA	NA	NA	NA	NA	NA	NA	NA	NA	NA	NA	NA	NA	NA	NA	NA	NA	NA	NA	NA	NA	NA	NA	NA	NA	NA	NA	NA	NA	NA	0.611111111111111	NA	NA	NA	NA	NA	NA	NA	NA	NA
111	NA	NA	NA	NA	NA	NA	NA	0.5	NA	NA	NA	NA	0.75	NA	NA	NA	0.235294117647059	0.25	NA	NA	NA	NA	NA	NA	NA	1	NA	NA	NA	NA	NA	NA	NA	NA	NA	NA	NA	NA	NA	NA	NA	NA	NA	NA	NA	NA	NA	NA	NA	1	NA	NA	NA	NA	NA	NA	NA	NA	NA	NA	NA	NA	NA	NA	NA	NA	NA	NA	NA	NA	NA	NA	NA	NA	NA	NA	NA	NA	NA	NA	NA	NA	NA	NA	NA	NA	NA	NA	NA	NA	0.684210526315789	NA	NA	NA	NA	NA	NA	NA	NA	NA
112	NA	NA	NA	NA	NA	NA	NA	0.75	NA	NA	NA	NA	0.75	NA	NA	NA	0.285714285714286	0.5	NA	NA	NA	NA	NA	NA	NA	1	NA	NA	NA	NA	NA	NA	NA	NA	NA	NA	NA	NA	NA	NA	NA	NA	NA	NA	NA	NA	NA	NA	NA	1	NA	NA	NA	NA	NA	NA	NA	NA	NA	NA	NA	NA	NA	NA	NA	NA	NA	NA	NA	NA	NA	NA	NA	NA	NA	NA	NA	NA	NA	NA	NA	NA	NA	NA	NA	NA	NA	NA	NA	NA	0.578947368421053	NA	NA	NA	NA	NA	NA	NA	NA	NA
113	NA	NA	NA	NA	NA	NA	NA	0.625	NA	NA	NA	NA	1	NA	NA	NA	0.294117647058824	0.666666666666667	NA	NA	NA	NA	NA	NA	NA	1	NA	NA	NA	NA	NA	NA	NA	NA	NA	NA	NA	NA	NA	NA	NA	NA	NA	NA	NA	NA	NA	NA	NA	NA	NA	NA	NA	NA	NA	NA	NA	NA	NA	NA	NA	NA	NA	NA	NA	NA	NA	NA	NA	NA	NA	NA	NA	NA	NA	NA	NA	NA	NA	NA	NA	NA	NA	NA	NA	NA	NA	NA	NA	NA	0.526315789473684	NA	NA	NA	NA	NA	NA	NA	NA	NA
114	NA	NA	NA	NA	NA	NA	NA	0.444444444444444	NA	NA	NA	NA	NA	NA	NA	NA	0.304347826086957	0.5	NA	NA	NA	NA	NA	NA	NA	1	NA	NA	NA	NA	NA	NA	NA	NA	NA	NA	NA	NA	NA	NA	NA	NA	NA	NA	NA	NA	NA	NA	NA	NA	NA	NA	NA	NA	NA	NA	NA	NA	NA	NA	NA	NA	NA	NA	NA	NA	NA	NA	NA	NA	NA	NA	NA	NA	NA	NA	NA	NA	NA	NA	NA	NA	NA	NA	NA	NA	NA	NA	NA	NA	0.333333333333333	NA	NA	NA	NA	NA	NA	NA	NA	NA
115	NA	NA	NA	NA	NA	NA	NA	0.571428571428571	NA	NA	NA	NA	NA	NA	NA	NA	0.25	0.5	NA	NA	NA	NA	NA	NA	NA	0.666666666666667	NA	NA	NA	NA	NA	NA	NA	NA	NA	NA	NA	NA	NA	NA	NA	NA	NA	NA	NA	NA	NA	NA	NA	NA	NA	NA	NA	NA	NA	NA	NA	NA	NA	NA	NA	NA	NA	NA	NA	NA	NA	NA	NA	NA	NA	NA	NA	NA	NA	NA	NA	NA	NA	NA	NA	NA	NA	NA	NA	NA	NA	NA	NA	NA	0.315789473684211	NA	NA	NA	NA	NA	NA	NA	NA	NA
116	NA	NA	NA	NA	NA	NA	NA	0.428571428571429	NA	NA	NA	NA	NA	NA	NA	NA	0.217391304347826	0.666666666666667	NA	NA	NA	NA	NA	NA	NA	0.75	NA	NA	NA	NA	NA	NA	NA	NA	NA	NA	NA	NA	NA	NA	NA	NA	NA	NA	NA	NA	NA	NA	NA	NA	NA	NA	NA	NA	NA	NA	NA	NA	NA	NA	NA	NA	NA	NA	NA	NA	NA	NA	NA	NA	NA	NA	NA	NA	NA	NA	NA	NA	NA	NA	NA	NA	NA	NA	NA	NA	NA	NA	NA	NA	0.1875	NA	NA	NA	NA	NA	NA	NA	NA	NA
117	NA	NA	NA	NA	NA	NA	NA	0.5	NA	NA	NA	NA	NA	NA	NA	NA	0.28	0.5	NA	NA	NA	NA	NA	NA	NA	0.8	NA	NA	NA	NA	NA	NA	NA	NA	NA	NA	NA	NA	NA	NA	NA	NA	NA	NA	NA	NA	NA	NA	NA	NA	NA	NA	NA	NA	NA	NA	NA	NA	NA	NA	NA	NA	NA	NA	NA	NA	NA	NA	NA	NA	NA	NA	NA	NA	NA	NA	NA	NA	NA	NA	NA	NA	NA	NA	NA	NA	NA	NA	NA	NA	0.2	NA	NA	NA	NA	NA	NA	NA	NA	NA
118	NA	NA	NA	NA	NA	NA	NA	0.444444444444444	NA	NA	NA	NA	NA	NA	NA	NA	0.368421052631579	1	NA	NA	NA	NA	NA	NA	NA	0.75	NA	NA	NA	NA	NA	NA	NA	NA	NA	NA	NA	NA	NA	NA	NA	NA	NA	NA	NA	NA	NA	NA	NA	NA	NA	NA	NA	NA	NA	NA	NA	NA	NA	NA	NA	NA	NA	NA	NA	NA	NA	NA	NA	NA	NA	NA	NA	NA	NA	NA	NA	NA	NA	NA	NA	NA	NA	NA	NA	NA	NA	NA	NA	NA	0.3	NA	NA	NA	NA	NA	NA	NA	NA	NA
119	NA	NA	NA	NA	NA	NA	NA	0.333333333333333	NA	NA	NA	NA	NA	NA	NA	NA	0.1875	1	NA	NA	NA	NA	NA	NA	NA	1	NA	NA	NA	NA	NA	NA	NA	NA	NA	NA	NA	NA	NA	NA	NA	NA	NA	NA	NA	NA	NA	NA	NA	NA	NA	NA	NA	NA	NA	NA	NA	NA	NA	NA	NA	NA	NA	NA	NA	NA	NA	NA	NA	NA	NA	NA	NA	NA	NA	NA	NA	NA	NA	NA	NA	NA	NA	NA	NA	NA	NA	NA	NA	NA	0.333333333333333	NA	NA	NA	NA	NA	NA	NA	NA	NA
120	NA	NA	NA	NA	NA	NA	NA	0.444444444444444	NA	NA	NA	NA	NA	NA	NA	NA	0.2	1	NA	NA	NA	NA	NA	NA	NA	1	NA	NA	NA	NA	NA	NA	NA	NA	NA	NA	NA	NA	NA	NA	NA	NA	NA	NA	NA	NA	NA	NA	NA	NA	NA	NA	NA	NA	NA	NA	NA	NA	NA	NA	NA	NA	NA	NA	NA	NA	NA	NA	NA	NA	NA	NA	NA	NA	NA	NA	NA	NA	NA	NA	NA	NA	NA	NA	NA	NA	NA	NA	NA	NA	0.4	NA	NA	NA	NA	NA	NA	NA	NA	NA
121	NA	NA	NA	NA	NA	NA	NA	0.625	NA	NA	NA	NA	NA	NA	NA	NA	0.230769230769231	1	NA	NA	NA	NA	NA	NA	NA	1	NA	NA	NA	NA	NA	NA	NA	NA	NA	NA	NA	NA	NA	NA	NA	NA	NA	NA	NA	NA	NA	NA	NA	NA	NA	NA	NA	NA	NA	NA	NA	NA	NA	NA	NA	NA	NA	NA	NA	NA	NA	NA	NA	NA	NA	NA	NA	NA	NA	NA	NA	NA	NA	NA	NA	NA	NA	NA	NA	NA	NA	NA	NA	NA	0.571428571428571	NA	NA	NA	NA	NA	NA	NA	NA	NA
122	NA	NA	NA	NA	NA	NA	NA	0.833333333333333	NA	NA	NA	NA	NA	NA	NA	NA	0.363636363636364	1	NA	NA	NA	NA	NA	NA	NA	1	NA	NA	NA	NA	NA	NA	NA	NA	NA	NA	NA	NA	NA	NA	NA	NA	NA	NA	NA	NA	NA	NA	NA	NA	NA	NA	NA	NA	NA	NA	NA	NA	NA	NA	NA	NA	NA	NA	NA	NA	NA	NA	NA	NA	NA	NA	NA	NA	NA	NA	NA	NA	NA	NA	NA	NA	NA	NA	NA	NA	NA	NA	NA	NA	0.6	NA	NA	NA	NA	NA	NA	NA	NA	NA
123	NA	NA	NA	NA	NA	NA	NA	0.8	NA	NA	NA	NA	NA	NA	NA	NA	0.444444444444444	NA	NA	NA	NA	NA	NA	NA	NA	1	NA	NA	NA	NA	NA	NA	NA	NA	NA	NA	NA	NA	NA	NA	NA	NA	NA	NA	NA	NA	NA	NA	NA	NA	NA	NA	NA	NA	NA	NA	NA	NA	NA	NA	NA	NA	NA	NA	NA	NA	NA	NA	NA	NA	NA	NA	NA	NA	NA	NA	NA	NA	NA	NA	NA	NA	NA	NA	NA	NA	NA	NA	NA	NA	0.571428571428571	NA	NA	NA	NA	NA	NA	NA	NA	NA
124	NA	NA	NA	NA	NA	NA	NA	0.666666666666667	NA	NA	NA	NA	NA	NA	NA	NA	0.5	NA	NA	NA	NA	NA	NA	NA	NA	1	NA	NA	NA	NA	NA	NA	NA	NA	NA	NA	NA	NA	NA	NA	NA	NA	NA	NA	NA	NA	NA	NA	NA	NA	NA	NA	NA	NA	NA	NA	NA	NA	NA	NA	NA	NA	NA	NA	NA	NA	NA	NA	NA	NA	NA	NA	NA	NA	NA	NA	NA	NA	NA	NA	NA	NA	NA	NA	NA	NA	NA	NA	NA	NA	0.571428571428571	NA	NA	NA	NA	NA	NA	NA	NA	NA
125	NA	NA	NA	NA	NA	NA	NA	0.5	NA	NA	NA	NA	NA	NA	NA	NA	0.4	NA	NA	NA	NA	NA	NA	NA	NA	NA	NA	NA	NA	NA	NA	NA	NA	NA	NA	NA	NA	NA	NA	NA	NA	NA	NA	NA	NA	NA	NA	NA	NA	NA	NA	NA	NA	NA	NA	NA	NA	NA	NA	NA	NA	NA	NA	NA	NA	NA	NA	NA	NA	NA	NA	NA	NA	NA	NA	NA	NA	NA	NA	NA	NA	NA	NA	NA	NA	NA	NA	NA	NA	NA	0.294117647058824	NA	NA	NA	NA	NA	NA	NA	NA	NA
126	NA	NA	NA	NA	NA	NA	NA	0.5	NA	NA	NA	NA	NA	NA	NA	NA	0.4	NA	NA	NA	NA	NA	NA	NA	NA	NA	NA	NA	NA	NA	NA	NA	NA	NA	NA	NA	NA	NA	NA	NA	NA	NA	NA	NA	NA	NA	NA	NA	NA	NA	NA	NA	NA	NA	NA	NA	NA	NA	NA	NA	NA	NA	NA	NA	NA	NA	NA	NA	NA	NA	NA	NA	NA	NA	NA	NA	NA	NA	NA	NA	NA	NA	NA	NA	NA	NA	NA	NA	NA	NA	0.3125	NA	NA	NA	NA	NA	NA	NA	NA	NA
127	NA	NA	NA	NA	NA	NA	NA	0.5	NA	NA	NA	NA	NA	NA	NA	NA	0.75	NA	NA	NA	NA	NA	NA	NA	NA	NA	NA	NA	NA	NA	NA	NA	NA	NA	NA	NA	NA	NA	NA	NA	NA	NA	NA	NA	NA	NA	NA	NA	NA	NA	NA	NA	NA	NA	NA	NA	NA	NA	NA	NA	NA	NA	NA	NA	NA	NA	NA	NA	NA	NA	NA	NA	NA	NA	NA	NA	NA	NA	NA	NA	NA	NA	NA	NA	NA	NA	NA	NA	NA	NA	0.470588235294118	NA	NA	NA	NA	NA	NA	NA	NA	NA
128	NA	NA	NA	NA	NA	NA	NA	NA	NA	NA	NA	NA	NA	NA	NA	NA	0.8	NA	NA	NA	NA	NA	NA	NA	NA	NA	NA	NA	NA	NA	NA	NA	NA	NA	NA	NA	NA	NA	NA	NA	NA	NA	NA	NA	NA	NA	NA	NA	NA	NA	NA	NA	NA	NA	NA	NA	NA	NA	NA	NA	NA	NA	NA	NA	NA	NA	NA	NA	NA	NA	NA	NA	NA	NA	NA	NA	NA	NA	NA	NA	NA	NA	NA	NA	NA	NA	NA	NA	NA	NA	0.666666666666667	NA	NA	NA	NA	NA	NA	NA	NA	NA
129	NA	NA	NA	NA	NA	NA	NA	NA	NA	NA	NA	NA	NA	NA	NA	NA	0.8	NA	NA	NA	NA	NA	NA	NA	NA	NA	NA	NA	NA	NA	NA	NA	NA	NA	NA	NA	NA	NA	NA	NA	NA	NA	NA	NA	NA	NA	NA	NA	NA	NA	NA	NA	NA	NA	NA	NA	NA	NA	NA	NA	NA	NA	NA	NA	NA	NA	NA	NA	NA	NA	NA	NA	NA	NA	NA	NA	NA	NA	NA	NA	NA	NA	NA	NA	NA	NA	NA	NA	NA	NA	0.428571428571429	NA	NA	NA	NA	NA	NA	NA	NA	NA
130	NA	NA	NA	NA	NA	NA	NA	NA	NA	NA	NA	NA	NA	NA	NA	NA	0.8	NA	NA	NA	NA	NA	NA	NA	NA	NA	NA	NA	NA	NA	NA	NA	NA	NA	NA	NA	NA	NA	NA	NA	NA	NA	NA	NA	NA	NA	NA	NA	NA	NA	NA	NA	NA	NA	NA	NA	NA	NA	NA	NA	NA	NA	NA	NA	NA	NA	NA	NA	NA	NA	NA	NA	NA	NA	NA	NA	NA	NA	NA	NA	NA	NA	NA	NA	NA	NA	NA	NA	NA	NA	0.272727272727273	NA	NA	NA	NA	NA	NA	NA	NA	NA
131	NA	NA	NA	NA	NA	NA	NA	NA	NA	NA	NA	NA	NA	NA	NA	NA	1	NA	NA	NA	NA	NA	NA	NA	NA	NA	NA	NA	NA	NA	NA	NA	NA	NA	NA	NA	NA	NA	NA	NA	NA	NA	NA	NA	NA	NA	NA	NA	NA	NA	NA	NA	NA	NA	NA	NA	NA	NA	NA	NA	NA	NA	NA	NA	NA	NA	NA	NA	NA	NA	NA	NA	NA	NA	NA	NA	NA	NA	NA	NA	NA	NA	NA	NA	NA	NA	NA	NA	NA	NA	0.416666666666667	NA	NA	NA	NA	NA	NA	NA	NA	NA
132	NA	NA	NA	NA	NA	NA	NA	NA	NA	NA	NA	NA	NA	NA	NA	NA	0.666666666666667	NA	NA	NA	NA	NA	NA	NA	NA	NA	NA	NA	NA	NA	NA	NA	NA	NA	NA	NA	NA	NA	NA	NA	NA	NA	NA	NA	NA	NA	NA	NA	NA	NA	NA	NA	NA	NA	NA	NA	NA	NA	NA	NA	NA	NA	NA	NA	NA	NA	NA	NA	NA	NA	NA	NA	NA	NA	NA	NA	NA	NA	NA	NA	NA	NA	NA	NA	NA	NA	NA	NA	NA	NA	0.4	NA	NA	NA	NA	NA	NA	NA	NA	NA
133	NA	NA	NA	NA	NA	NA	NA	NA	NA	NA	NA	NA	NA	NA	NA	NA	1	NA	NA	NA	NA	NA	NA	NA	NA	NA	NA	NA	NA	NA	NA	NA	NA	NA	NA	NA	NA	NA	NA	NA	NA	NA	NA	NA	NA	NA	NA	NA	NA	NA	NA	NA	NA	NA	NA	NA	NA	NA	NA	NA	NA	NA	NA	NA	NA	NA	NA	NA	NA	NA	NA	NA	NA	NA	NA	NA	NA	NA	NA	NA	NA	NA	NA	NA	NA	NA	NA	NA	NA	NA	0.4	NA	NA	NA	NA	NA	NA	NA	NA	NA
134	NA	NA	NA	NA	NA	NA	NA	NA	NA	NA	NA	NA	NA	NA	NA	NA	NA	NA	NA	NA	NA	NA	NA	NA	NA	NA	NA	NA	NA	NA	NA	NA	NA	NA	NA	NA	NA	NA	NA	NA	NA	NA	NA	NA	NA	NA	NA	NA	NA	NA	NA	NA	NA	NA	NA	NA	NA	NA	NA	NA	NA	NA	NA	NA	NA	NA	NA	NA	NA	NA	NA	NA	NA	NA	NA	NA	NA	NA	NA	NA	NA	NA	NA	NA	NA	NA	NA	NA	NA	NA	0.375	NA	NA	NA	NA	NA	NA	NA	NA	NA
135	NA	NA	NA	NA	NA	NA	NA	NA	NA	NA	NA	NA	NA	NA	NA	NA	NA	NA	NA	NA	NA	NA	NA	NA	NA	NA	NA	NA	NA	NA	NA	NA	NA	NA	NA	NA	NA	NA	NA	NA	NA	NA	NA	NA	NA	NA	NA	NA	NA	NA	NA	NA	NA	NA	NA	NA	NA	NA	NA	NA	NA	NA	NA	NA	NA	NA	NA	NA	NA	NA	NA	NA	NA	NA	NA	NA	NA	NA	NA	NA	NA	NA	NA	NA	NA	NA	NA	NA	NA	NA	0.25	NA	NA	NA	NA	NA	NA	NA	NA	NA
136	NA	NA	NA	NA	NA	NA	NA	NA	NA	NA	NA	NA	NA	NA	NA	NA	NA	NA	NA	NA	NA	NA	NA	NA	NA	NA	NA	NA	NA	NA	NA	NA	NA	NA	NA	NA	NA	NA	NA	NA	NA	NA	NA	NA	NA	NA	NA	NA	NA	NA	NA	NA	NA	NA	NA	NA	NA	NA	NA	NA	NA	NA	NA	NA	NA	NA	NA	NA	NA	NA	NA	NA	NA	NA	NA	NA	NA	NA	NA	NA	NA	NA	NA	NA	NA	NA	NA	NA	NA	NA	1	NA	NA	NA	NA	NA	NA	NA	NA	NA
137	NA	NA	NA	NA	NA	NA	NA	NA	NA	NA	NA	NA	NA	NA	NA	NA	NA	NA	NA	NA	NA	NA	NA	NA	NA	NA	NA	NA	NA	NA	NA	NA	NA	NA	NA	NA	NA	NA	NA	NA	NA	NA	NA	NA	NA	NA	NA	NA	NA	NA	NA	NA	NA	NA	NA	NA	NA	NA	NA	NA	NA	NA	NA	NA	NA	NA	NA	NA	NA	NA	NA	NA	NA	NA	NA	NA	NA	NA	NA	NA	NA	NA	NA	NA	NA	NA	NA	NA	NA	NA	1	NA	NA	NA	NA	NA	NA	NA	NA	NA
138	NA	NA	NA	NA	NA	NA	NA	NA	NA	NA	NA	NA	NA	NA	NA	NA	NA	NA	NA	NA	NA	NA	NA	NA	NA	NA	NA	NA	NA	NA	NA	NA	NA	NA	NA	NA	NA	NA	NA	NA	NA	NA	NA	NA	NA	NA	NA	NA	NA	NA	NA	NA	NA	NA	NA	NA	NA	NA	NA	NA	NA	NA	NA	NA	NA	NA	NA	NA	NA	NA	NA	NA	NA	NA	NA	NA	NA	NA	NA	NA	NA	NA	NA	NA	NA	NA	NA	NA	NA	NA	1	NA	NA	NA	NA	NA	NA	NA	NA	NA
139	NA	NA	NA	NA	NA	NA	NA	NA	NA	NA	NA	NA	NA	NA	NA	NA	NA	NA	NA	NA	NA	NA	NA	NA	NA	NA	NA	NA	NA	NA	NA	NA	NA	NA	NA	NA	NA	NA	NA	NA	NA	NA	NA	NA	NA	NA	NA	NA	NA	NA	NA	NA	NA	NA	NA	NA	NA	NA	NA	NA	NA	NA	NA	NA	NA	NA	NA	NA	NA	NA	NA	NA	NA	NA	NA	NA	NA	NA	NA	NA	NA	NA	NA	NA	NA	NA	NA	NA	NA	NA	1	NA	NA	NA	NA	NA	NA	NA	NA	NA
140	NA	NA	NA	NA	NA	NA	NA	NA	NA	NA	NA	NA	NA	NA	NA	NA	NA	NA	NA	NA	NA	NA	NA	NA	NA	NA	NA	NA	NA	NA	NA	NA	NA	NA	NA	NA	NA	NA	NA	NA	NA	NA	NA	NA	NA	NA	NA	NA	NA	NA	NA	NA	NA	NA	NA	NA	NA	NA	NA	NA	NA	NA	NA	NA	NA	NA	NA	NA	NA	NA	NA	NA	NA	NA	NA	NA	NA	NA	NA	NA	NA	NA	NA	NA	NA	NA	NA	NA	NA	NA	1	NA	NA	NA	NA	NA	NA	NA	NA	NA
141	NA	NA	NA	NA	NA	NA	NA	NA	NA	NA	NA	NA	NA	NA	NA	NA	NA	NA	NA	NA	NA	NA	NA	NA	NA	NA	NA	NA	NA	NA	NA	NA	NA	NA	NA	NA	NA	NA	NA	NA	NA	NA	NA	NA	NA	NA	NA	NA	NA	NA	NA	NA	NA	NA	NA	NA	NA	NA	NA	NA	NA	NA	NA	NA	NA	NA	NA	NA	NA	NA	NA	NA	NA	NA	NA	NA	NA	NA	NA	NA	NA	NA	NA	NA	NA	NA	NA	NA	NA	NA	1	NA	NA	NA	NA	NA	NA	NA	NA	NA
142	NA	NA	NA	NA	NA	NA	NA	NA	NA	NA	NA	NA	NA	NA	NA	NA	NA	NA	NA	NA	NA	NA	NA	NA	NA	NA	NA	NA	NA	NA	NA	NA	NA	NA	NA	NA	NA	NA	NA	NA	NA	NA	NA	NA	NA	NA	NA	NA	NA	NA	NA	NA	NA	NA	NA	NA	NA	NA	NA	NA	NA	NA	NA	NA	NA	NA	NA	NA	NA	NA	NA	NA	NA	NA	NA	NA	NA	NA	NA	NA	NA	NA	NA	NA	NA	NA	NA	NA	NA	NA	1	NA	NA	NA	NA	NA	NA	NA	NA	NA
143	NA	NA	NA	NA	NA	NA	NA	NA	NA	NA	NA	NA	NA	NA	NA	NA	NA	NA	NA	NA	NA	NA	NA	NA	NA	NA	NA	NA	NA	NA	NA	NA	NA	NA	NA	NA	NA	NA	NA	NA	NA	NA	NA	NA	NA	NA	NA	NA	NA	NA	NA	NA	NA	NA	NA	NA	NA	NA	NA	NA	NA	NA	NA	NA	NA	NA	NA	NA	NA	NA	NA	NA	NA	NA	NA	NA	NA	NA	NA	NA	NA	NA	NA	NA	NA	NA	NA	NA	NA	NA	0.8	NA	NA	NA	NA	NA	NA	NA	NA	NA
144	NA	NA	NA	NA	NA	NA	NA	NA	NA	NA	NA	NA	NA	NA	NA	NA	NA	NA	NA	NA	NA	NA	NA	NA	NA	NA	NA	NA	NA	NA	NA	NA	NA	NA	NA	NA	NA	NA	NA	NA	NA	NA	NA	NA	NA	NA	NA	NA	NA	NA	NA	NA	NA	NA	NA	NA	NA	NA	NA	NA	NA	NA	NA	NA	NA	NA	NA	NA	NA	NA	NA	NA	NA	NA	NA	NA	NA	NA	NA	NA	NA	NA	NA	NA	NA	NA	NA	NA	NA	NA	0.8	NA	NA	NA	NA	NA	NA	NA	NA	NA
145	NA	NA	NA	NA	NA	NA	NA	NA	NA	NA	NA	NA	NA	NA	NA	NA	NA	NA	NA	NA	NA	NA	NA	NA	NA	NA	NA	NA	NA	NA	NA	NA	NA	NA	NA	NA	NA	NA	NA	NA	NA	NA	NA	NA	NA	NA	NA	NA	NA	NA	NA	NA	NA	NA	NA	NA	NA	NA	NA	NA	NA	NA	NA	NA	NA	NA	NA	NA	NA	NA	NA	NA	NA	NA	NA	NA	NA	NA	NA	NA	NA	NA	NA	NA	NA	NA	NA	NA	NA	NA	0.833333333333333	NA	NA	NA	NA	NA	NA	NA	NA	NA
146	NA	NA	NA	NA	NA	NA	NA	NA	NA	NA	NA	NA	NA	NA	NA	NA	NA	NA	NA	NA	NA	NA	NA	NA	NA	NA	NA	NA	NA	NA	NA	NA	NA	NA	NA	NA	NA	NA	NA	NA	NA	NA	NA	NA	NA	NA	NA	NA	NA	NA	NA	NA	NA	NA	NA	NA	NA	NA	NA	NA	NA	NA	NA	NA	NA	NA	NA	NA	NA	NA	NA	NA	NA	NA	NA	NA	NA	NA	NA	NA	NA	NA	NA	NA	NA	NA	NA	NA	NA	NA	0.8	NA	NA	NA	NA	NA	NA	NA	NA	NA
147	NA	NA	NA	NA	NA	NA	NA	NA	NA	NA	NA	NA	NA	NA	NA	NA	NA	NA	NA	NA	NA	NA	NA	NA	NA	NA	NA	NA	NA	NA	NA	NA	NA	NA	NA	NA	NA	NA	NA	NA	NA	NA	NA	NA	NA	NA	NA	NA	NA	NA	NA	NA	NA	NA	NA	NA	NA	NA	NA	NA	NA	NA	NA	NA	NA	NA	NA	NA	NA	NA	NA	NA	NA	NA	NA	NA	NA	NA	NA	NA	NA	NA	NA	NA	NA	NA	NA	NA	NA	NA	1	NA	NA	NA	NA	NA	NA	NA	NA	NA
148	NA	NA	NA	NA	NA	NA	NA	NA	NA	NA	NA	NA	NA	NA	NA	NA	NA	NA	NA	NA	NA	NA	NA	NA	NA	NA	NA	NA	NA	NA	NA	NA	NA	NA	NA	NA	NA	NA	NA	NA	NA	NA	NA	NA	NA	NA	NA	NA	NA	NA	NA	NA	NA	NA	NA	NA	NA	NA	NA	NA	NA	NA	NA	NA	NA	NA	NA	NA	NA	NA	NA	NA	NA	NA	NA	NA	NA	NA	NA	NA	NA	NA	NA	NA	NA	NA	NA	NA	NA	NA	0.75	NA	NA	NA	NA	NA	NA	NA	NA	NA
149	NA	NA	NA	NA	NA	NA	NA	NA	NA	NA	NA	NA	NA	NA	NA	NA	NA	NA	NA	NA	NA	NA	NA	NA	NA	NA	NA	NA	NA	NA	NA	NA	NA	NA	NA	NA	NA	NA	NA	NA	NA	NA	NA	NA	NA	NA	NA	NA	NA	NA	NA	NA	NA	NA	NA	NA	NA	NA	NA	NA	NA	NA	NA	NA	NA	NA	NA	NA	NA	NA	NA	NA	NA	NA	NA	NA	NA	NA	NA	NA	NA	NA	NA	NA	NA	NA	NA	NA	NA	NA	1	NA	NA	NA	NA	NA	NA	NA	NA	NA
150	NA	NA	NA	NA	NA	NA	NA	NA	NA	NA	NA	NA	NA	NA	NA	NA	NA	NA	NA	NA	NA	NA	NA	NA	NA	NA	NA	NA	NA	NA	NA	NA	NA	NA	NA	NA	NA	NA	NA	NA	NA	NA	NA	NA	NA	NA	NA	NA	NA	NA	NA	NA	NA	NA	NA	NA	NA	NA	NA	NA	NA	NA	NA	NA	NA	NA	NA	NA	NA	NA	NA	NA	NA	NA	NA	NA	NA	NA	NA	NA	NA	NA	NA	NA	NA	NA	NA	NA	NA	NA	1	NA	NA	NA	NA	NA	NA	NA	NA	NA
151	NA	NA	NA	NA	NA	NA	NA	NA	NA	NA	NA	NA	NA	NA	NA	NA	NA	NA	NA	NA	NA	NA	NA	NA	NA	NA	NA	NA	NA	NA	NA	NA	NA	NA	NA	NA	NA	NA	NA	NA	NA	NA	NA	NA	NA	NA	NA	NA	NA	NA	NA	NA	NA	NA	NA	NA	NA	NA	NA	NA	NA	NA	NA	NA	NA	NA	NA	NA	NA	NA	NA	NA	NA	NA	NA	NA	NA	NA	NA	NA	NA	NA	NA	NA	NA	NA	NA	NA	NA	NA	1	NA	NA	NA	NA	NA	NA	NA	NA	NA
152	NA	NA	NA	NA	NA	NA	NA	NA	NA	NA	NA	NA	NA	NA	NA	NA	NA	NA	NA	NA	NA	NA	NA	NA	NA	NA	NA	NA	NA	NA	NA	NA	NA	NA	NA	NA	NA	NA	NA	NA	NA	NA	NA	NA	NA	NA	NA	NA	NA	NA	NA	NA	NA	NA	NA	NA	NA	NA	NA	NA	NA	NA	NA	NA	NA	NA	NA	NA	NA	NA	NA	NA	NA	NA	NA	NA	NA	NA	NA	NA	NA	NA	NA	NA	NA	NA	NA	NA	NA	NA	0.666666666666667	NA	NA	NA	NA	NA	NA	NA	NA	NA
153	NA	NA	NA	NA	NA	NA	NA	NA	NA	NA	NA	NA	NA	NA	NA	NA	NA	NA	NA	NA	NA	NA	NA	NA	NA	NA	NA	NA	NA	NA	NA	NA	NA	NA	NA	NA	NA	NA	NA	NA	NA	NA	NA	NA	NA	NA	NA	NA	NA	NA	NA	NA	NA	NA	NA	NA	NA	NA	NA	NA	NA	NA	NA	NA	NA	NA	NA	NA	NA	NA	NA	NA	NA	NA	NA	NA	NA	NA	NA	NA	NA	NA	NA	NA	NA	NA	NA	NA	NA	NA	0.666666666666667	NA	NA	NA	NA	NA	NA	NA	NA	NA
154	NA	NA	NA	NA	NA	NA	NA	NA	NA	NA	NA	NA	NA	NA	NA	NA	NA	NA	NA	NA	NA	NA	NA	NA	NA	NA	NA	NA	NA	NA	NA	NA	NA	NA	NA	NA	NA	NA	NA	NA	NA	NA	NA	NA	NA	NA	NA	NA	NA	NA	NA	NA	NA	NA	NA	NA	NA	NA	NA	NA	NA	NA	NA	NA	NA	NA	NA	NA	NA	NA	NA	NA	NA	NA	NA	NA	NA	NA	NA	NA	NA	NA	NA	NA	NA	NA	NA	NA	NA	NA	0.5	NA	NA	NA	NA	NA	NA	NA	NA	NA
155	NA	NA	NA	NA	NA	NA	NA	NA	NA	NA	NA	NA	NA	NA	NA	NA	NA	NA	NA	NA	NA	NA	NA	NA	NA	NA	NA	NA	NA	NA	NA	NA	NA	NA	NA	NA	NA	NA	NA	NA	NA	NA	NA	NA	NA	NA	NA	NA	NA	NA	NA	NA	NA	NA	NA	NA	NA	NA	NA	NA	NA	NA	NA	NA	NA	NA	NA	NA	NA	NA	NA	NA	NA	NA	NA	NA	NA	NA	NA	NA	NA	NA	NA	NA	NA	NA	NA	NA	NA	NA	1	NA	NA	NA	NA	NA	NA	NA	NA	NA
