0	1	4	1	1	2	1	2	1	1	3	2	2	2	3	4	1	1	1	2	2	1	1	1	1	2	2	1	3	3	3	1	1	1	2	2	2	1	2	3	1	1	1	2	1	2	3	4	3	4	2	1	2	1	1	3	2	2	1	1	1	2	3	2	2	1	2	1	2	3	2	2	2	1	2	1	1	3	2	2	2	3	2	1	2	2	1	1	1	1	2	1	2	2	3	3	1	1	1	1	1
1	1	5	2	2	3	1	3	1	1	3	2	2	5	4	6	1	2	2	5	2	1	2	2	2	3	3	2	7	3	6	1	3	2	4	4	5	1	5	5	1	1	1	3	2	2	6	6	3	5	2	1	1	1	3	3	3	3	3	1	1	2	5	6	3	1	3	2	2	4	3	6	4	1	6	2	2	6	4	3	5	5	3	2	4	4	1	1	2	3	2	1	4	3	5	7	3	2	1	1	1
2	1	8	4	2	3	2	4	2	3	3	2	2	6	6	8	2	2	3	7	2	2	3	5	3	4	2	4	12	4	7	3	3	2	4	7	6	1	6	3	2	1	2	3	3	3	10	9	4	7	3	2	2	3	1	3	6	5	4	3	1	3	8	9	3	1	4	3	5	6	6	9	5	3	8	3	1	8	6	3	9	7	3	3	6	6	1	1	3	4	3	2	5	5	7	13	6	3	3	3	1
3	4	8	7	4	3	2	5	1	4	4	4	4	9	8	5	4	3	6	8	2	1	2	9	4	6	3	5	17	6	10	5	5	3	5	7	7	1	7	4	4	3	4	4	5	6	15	4	1	8	5	2	2	5	4	7	8	6	9	2	1	4	10	10	2	1	3	4	9	8	8	11	4	4	13	3	2	11	11	5	13	10	2	5	9	7	1	1	5	6	3	3	6	7	7	17	8	5	6	4	1
4	6	11	10	6	5	3	6	1	6	8	6	7	11	13	7	6	4	7	10	3	5	2	4	4	7	4	7	21	8	12	7	8	4	6	10	8	1	9	5	5	4	3	5	7	9	20	7	2	8	6	2	2	9	6	12	13	8	10	2	1	6	14	8	2	2	3	5	14	9	11	15	4	7	18	5	3	13	13	6	16	15	1	4	11	12	1	1	5	8	5	2	9	10	10	20	12	6	9	6	2
5	9	13	16	7	7	3	6	1	6	10	7	8	14	17	11	6	3	8	10	2	6	4	13	5	7	4	12	9	5	11	5	10	4	9	13	9	1	15	6	6	6	3	6	9	6	22	11	4	6	7	3	3	11	10	11	14	7	14	4	0	11	20	11	2	4	3	8	8	7	12	10	5	10	23	7	5	9	16	2	13	19	1	8	16	8	2	2	4	11	8	4	9	11	10	22	15	8	4	3	3
6	4	16	18	6	8	8	15	1	7	13	7	6	16	15	15	4	5	11	7	3	8	5	13	9	8	6	16	10	4	11	5	11	6	7	14	12	1	17	6	5	6	5	7	13	14	28	16	2	2	10	3	3	14	14	7	15	8	14	6	NA	9	24	8	2	4	3	11	10	11	15	13	3	15	23	9	7	19	5	2	14	23	1	11	12	10	2	1	2	12	10	4	8	6	5	25	19	7	6	4	6
7	8	15	21	9	12	11	6	0	5	12	4	13	10	16	18	4	6	10	4	4	5	5	8	12	5	4	9	10	4	15	6	9	6	6	15	9	1	17	9	3	8	4	8	12	18	20	15	2	2	6	3	5	12	19	10	10	7	12	7	NA	17	25	5	1	5	6	11	11	9	8	24	3	18	19	7	9	21	6	3	18	17	1	5	18	13	2	3	6	14	11	7	10	5	6	17	13	4	6	11	10
8	10	17	10	13	15	13	6	NA	6	7	3	16	16	10	18	5	6	13	6	4	9	11	5	18	7	2	14	11	4	10	9	11	7	5	12	10	2	10	9	4	11	3	11	12	11	15	18	1	1	14	1	9	15	20	21	9	4	16	18	NA	19	23	9	1	7	6	13	6	18	14	21	2	22	17	7	11	22	8	3	14	14	1	3	17	14	3	7	14	23	6	12	15	6	6	11	14	8	7	10	12
9	8	20	12	12	9	12	11	NA	7	11	3	18	20	8	19	3	5	18	7	5	16	9	7	20	10	4	11	8	8	10	19	9	3	6	10	9	2	9	9	5	12	2	18	6	14	11	20	2	1	10	2	9	19	10	17	11	5	10	20	NA	21	23	10	3	10	8	8	8	14	17	30	2	23	20	5	10	19	8	5	12	12	1	4	10	14	4	5	17	12	5	15	14	8	9	10	11	7	6	6	15
10	11	10	16	4	9	9	4	NA	6	12	3	13	22	10	19	3	8	16	9	6	9	11	8	18	13	6	19	8	5	10	17	10	4	4	11	10	3	12	9	7	14	4	16	7	33	11	23	2	1	9	3	11	20	10	7	10	4	13	20	NA	17	24	13	4	8	8	9	4	29	8	28	2	23	12	7	11	12	10	5	13	8	0	6	10	12	5	6	13	22	11	18	13	7	13	9	10	9	11	9	18
11	14	12	11	8	7	5	3	NA	9	8	4	14	15	18	14	5	4	14	13	7	21	10	9	23	14	10	8	11	6	11	22	13	5	4	6	9	6	9	9	10	12	9	19	8	25	13	24	1	0	5	3	12	21	7	10	19	7	8	14	NA	18	20	15	3	5	13	5	6	16	7	14	2	12	14	9	12	12	6	5	8	9	NA	7	7	13	7	17	18	25	18	8	8	8	14	14	17	10	6	8	9
12	16	13	15	7	8	4	5	NA	9	10	2	10	17	22	8	4	8	17	10	7	24	11	13	19	14	11	11	11	6	10	28	16	6	5	9	7	10	8	6	13	9	11	20	7	18	17	9	1	NA	8	3	5	16	7	10	14	4	9	10	NA	21	16	16	5	12	9	5	7	16	8	34	6	9	7	10	15	9	6	5	8	11	NA	5	9	14	7	18	18	14	6	8	14	10	16	14	11	5	7	10	12
13	13	24	14	6	11	3	12	NA	9	11	2	8	12	23	10	4	12	16	20	8	23	10	12	20	15	5	6	10	7	12	17	12	9	5	10	6	9	10	7	7	11	6	19	7	14	14	10	0	NA	13	4	8	15	4	13	15	5	6	7	NA	16	14	12	7	9	20	7	4	12	10	18	5	23	9	8	16	13	9	2	8	11	NA	6	13	13	8	17	12	19	5	9	11	13	12	6	10	4	9	12	14
14	16	24	15	8	12	4	13	NA	12	12	2	13	24	28	12	5	15	19	21	11	8	11	11	10	18	4	10	11	6	12	13	10	11	4	13	7	11	13	8	9	18	13	7	7	16	18	14	NA	NA	6	4	11	12	4	10	15	7	7	9	NA	15	18	12	9	11	13	9	8	13	14	13	13	36	8	8	19	17	7	3	11	12	NA	9	19	10	11	20	21	23	11	8	12	13	8	13	9	3	7	11	17
15	16	15	18	10	13	6	14	NA	12	13	2	10	22	38	13	5	6	22	23	11	6	13	6	14	12	9	7	10	9	9	15	19	18	5	14	5	20	21	8	13	17	12	15	5	16	18	12	NA	NA	14	4	16	8	8	11	12	8	11	9	NA	16	19	11	11	23	6	10	5	27	8	15	17	38	12	12	17	31	9	5	19	23	NA	16	26	6	7	14	21	21	16	10	9	8	11	15	13	3	9	11	22
16	17	22	10	7	11	6	7	NA	14	14	3	13	21	13	9	7	6	13	20	10	5	11	5	20	10	6	9	20	6	18	19	21	22	6	11	4	17	27	9	14	15	17	11	3	16	16	9	NA	NA	17	5	19	8	5	14	21	8	8	15	NA	16	19	11	15	13	7	12	6	23	12	16	19	16	18	13	13	35	10	5	7	28	NA	20	25	7	5	12	19	14	20	14	12	7	21	17	18	2	13	10	20
17	15	28	11	9	12	12	13	NA	17	10	3	15	12	25	17	9	7	12	18	16	6	13	7	14	10	17	10	16	6	25	15	15	22	3	18	3	21	21	6	21	15	12	22	2	16	8	9	NA	NA	22	5	25	16	3	9	27	10	14	21	NA	18	12	9	16	10	7	13	5	22	12	20	21	18	19	15	14	32	15	8	8	31	NA	15	23	6	6	6	32	9	21	14	14	6	22	12	22	3	9	18	11
18	9	34	17	11	14	13	14	NA	15	13	4	9	11	29	18	13	5	7	10	14	5	13	7	13	11	22	11	17	6	19	15	14	15	4	23	5	23	21	5	12	11	12	8	4	14	9	11	NA	NA	20	5	24	17	5	7	28	8	16	18	NA	18	14	7	16	9	13	16	6	26	9	23	10	20	20	14	17	27	20	7	9	25	NA	12	18	12	6	9	19	11	20	7	11	6	28	11	13	4	11	24	10
19	11	21	14	15	11	14	14	NA	13	13	6	8	16	15	13	14	10	8	11	16	5	14	14	8	5	11	12	18	9	21	26	12	15	9	23	5	23	12	7	14	11	11	8	6	13	10	18	NA	NA	22	5	22	20	6	6	25	9	11	16	NA	25	10	8	8	7	16	18	11	23	8	27	12	21	27	7	18	34	15	3	9	14	NA	12	15	9	6	11	14	12	13	7	15	8	17	8	15	5	13	26	9
20	12	14	16	15	13	14	15	NA	13	17	7	8	10	10	17	17	5	9	31	7	5	9	14	9	7	14	10	12	10	18	30	17	17	11	13	6	25	13	13	17	6	13	10	6	13	14	15	NA	NA	21	4	36	12	8	7	21	8	15	27	NA	24	14	14	13	6	10	11	14	24	14	13	15	23	9	8	15	28	14	4	13	15	NA	22	14	15	9	11	15	8	10	8	28	7	17	8	13	6	8	18	11
21	13	15	23	10	10	10	9	NA	8	16	4	5	12	10	23	10	14	9	17	9	10	9	16	10	8	16	8	20	12	25	29	19	25	15	17	8	23	13	16	10	7	24	9	7	14	15	19	NA	NA	12	10	21	12	9	10	21	8	14	18	NA	16	15	14	11	8	22	13	19	24	18	14	16	31	13	5	18	13	18	3	10	14	NA	20	17	11	10	9	33	8	15	8	32	6	16	7	13	7	11	23	14
22	11	18	9	6	8	10	11	NA	8	20	6	6	14	23	18	8	17	11	18	10	11	11	14	10	10	19	9	20	24	20	20	20	26	17	14	8	14	9	17	17	8	17	11	8	19	16	15	NA	NA	7	10	18	13	10	10	11	8	30	25	NA	12	13	15	16	9	21	13	20	23	23	16	19	17	9	5	20	12	20	4	12	14	NA	26	32	13	19	9	12	10	11	9	13	10	13	9	11	9	16	16	11
23	5	22	12	9	9	9	15	NA	10	13	4	7	17	26	13	8	21	11	15	10	16	10	7	8	11	13	9	19	27	18	14	19	13	17	14	11	15	10	18	19	9	11	12	11	15	17	17	NA	NA	10	11	13	11	10	10	17	12	28	23	NA	15	15	12	9	7	18	17	18	22	13	23	18	24	13	9	13	8	11	5	12	13	NA	16	28	20	22	12	11	7	9	10	11	9	12	11	15	12	16	15	13
24	4	25	12	11	14	13	21	NA	8	11	4	10	14	21	10	10	29	14	13	8	17	10	12	9	13	11	9	16	14	25	10	16	8	9	11	10	17	11	9	22	11	14	12	12	13	23	24	NA	NA	11	8	12	9	7	11	19	15	25	18	NA	13	18	13	14	8	19	20	30	25	11	20	20	29	21	11	17	8	8	8	14	11	NA	17	25	14	26	12	19	8	9	11	12	10	17	13	17	17	21	12	15
25	7	18	18	13	11	10	10	NA	8	9	6	11	12	26	21	19	15	13	13	8	21	8	13	10	17	8	10	26	16	31	15	15	8	7	12	4	19	12	11	22	8	14	12	26	12	15	21	NA	NA	11	10	17	11	4	10	22	16	22	20	NA	10	17	13	18	10	9	9	47	16	12	14	19	29	26	17	16	9	9	9	15	15	NA	20	19	19	15	15	11	14	10	14	15	13	11	21	15	20	10	12	13
26	10	17	22	29	11	12	14	NA	9	15	6	8	10	25	15	12	8	16	19	10	22	12	13	16	15	15	14	27	24	31	17	16	10	11	18	7	13	21	8	18	10	9	19	13	14	16	28	NA	NA	10	10	24	13	6	20	21	12	14	18	NA	14	21	14	19	12	10	15	32	16	11	22	20	11	30	17	15	12	10	11	16	10	NA	20	16	32	21	19	23	15	10	6	24	14	20	20	15	21	13	14	17
27	14	12	21	33	31	13	14	NA	27	25	12	8	30	19	17	11	13	12	14	14	10	16	22	12	11	14	12	17	23	29	15	18	11	10	14	6	16	18	11	17	16	16	24	13	15	15	24	NA	NA	12	6	16	17	8	23	16	28	14	18	NA	11	30	17	18	13	9	8	19	19	9	11	14	18	29	6	18	11	12	12	18	10	NA	15	14	15	11	24	12	14	7	7	27	13	17	18	17	11	17	13	16
28	11	22	17	18	24	6	13	NA	14	14	8	12	28	23	18	11	12	17	12	12	10	12	16	11	14	15	14	16	15	33	45	22	12	9	23	8	22	19	6	12	22	18	21	10	13	17	14	NA	NA	10	6	18	21	6	25	17	27	17	23	NA	10	20	19	15	9	10	24	14	21	13	14	29	18	23	14	13	13	10	12	22	15	NA	10	21	14	11	26	11	11	8	8	14	23	31	10	20	21	17	15	13
29	11	20	20	13	38	7	22	NA	15	12	11	21	18	29	26	14	13	9	8	10	12	15	20	13	28	14	17	26	11	24	25	20	8	9	28	9	19	19	11	13	28	16	24	14	13	17	15	NA	NA	13	5	23	21	8	24	21	29	14	16	NA	9	24	23	18	12	12	18	19	19	13	13	23	36	40	15	14	9	10	15	20	17	NA	13	11	23	9	29	11	14	11	10	18	14	30	17	21	23	17	15	20
30	10	20	23	8	22	8	23	NA	11	14	12	24	16	26	20	17	12	11	15	12	13	15	9	17	30	14	14	22	15	26	15	26	9	11	17	10	14	12	10	16	30	13	9	12	24	17	17	NA	NA	14	4	15	18	11	23	16	19	28	20	NA	9	13	18	12	16	13	15	17	42	13	24	20	18	27	7	15	12	12	12	24	25	NA	17	34	16	10	37	12	17	13	13	18	11	34	18	20	23	25	14	13
31	11	23	24	8	28	9	19	NA	22	20	12	25	14	14	18	17	11	12	7	28	7	15	13	16	14	20	16	32	20	19	15	20	9	12	17	12	35	9	21	17	12	16	17	10	26	12	14	NA	NA	9	8	18	14	16	19	11	20	25	21	NA	16	14	17	20	30	10	22	21	23	12	28	19	20	27	13	22	13	8	14	19	27	NA	10	27	25	15	21	17	20	15	14	13	9	19	17	25	13	13	17	24
32	26	26	18	7	32	14	19	NA	15	15	8	11	14	17	18	28	10	12	10	11	10	21	10	15	14	24	17	17	15	24	15	24	9	10	14	11	25	13	14	15	12	20	24	13	22	19	18	NA	NA	9	8	16	13	13	25	13	16	22	11	NA	14	17	15	20	34	8	26	16	51	14	28	15	18	29	12	21	12	9	17	12	36	NA	22	29	23	18	13	18	15	15	15	19	7	17	18	25	13	23	17	24
33	36	21	14	8	22	18	16	NA	30	14	9	10	14	17	25	31	10	16	16	18	11	23	15	22	12	19	12	24	24	23	14	17	5	8	19	9	20	13	12	11	11	19	26	15	23	13	14	NA	NA	13	11	15	16	12	30	13	14	31	22	NA	19	21	15	12	42	19	29	12	29	22	28	15	16	16	15	21	11	13	11	17	43	NA	27	34	18	12	21	18	13	16	17	20	15	15	23	24	14	29	17	18
34	25	19	14	9	14	14	13	NA	26	11	11	9	13	22	31	23	12	14	23	19	10	18	18	12	22	20	10	27	22	24	19	39	5	11	35	7	21	18	7	12	12	17	43	14	24	22	14	NA	NA	14	8	16	18	10	18	14	14	31	16	NA	18	19	14	25	19	19	18	20	33	23	19	10	25	15	10	19	14	16	12	14	39	NA	21	15	20	12	15	18	11	18	12	24	10	20	27	19	11	30	22	17
35	20	13	14	11	20	20	12	NA	29	15	14	9	14	19	25	24	14	15	19	13	15	24	17	13	22	19	10	44	18	23	19	20	6	13	32	13	21	16	7	11	14	20	17	16	28	23	16	NA	NA	10	8	14	16	11	20	17	10	23	19	NA	15	19	12	16	34	32	19	14	19	26	35	14	29	15	10	17	20	15	11	13	47	NA	16	14	30	18	19	19	10	13	10	31	16	25	13	20	10	21	20	18
36	18	13	17	14	14	16	16	NA	30	17	10	12	13	14	23	18	17	14	22	13	22	27	16	13	24	13	13	22	19	19	30	17	9	16	25	21	24	16	10	14	12	23	19	18	25	23	15	NA	NA	11	8	14	13	10	20	17	9	28	15	NA	18	16	16	31	28	16	16	15	20	21	24	15	16	19	13	22	19	10	13	12	23	NA	13	15	21	22	19	16	10	9	13	26	24	30	19	21	11	19	13	25
37	11	23	18	14	14	18	10	NA	17	26	10	19	15	14	23	17	21	42	17	13	26	32	12	17	29	15	16	24	28	22	23	20	13	15	22	13	22	23	15	17	14	22	12	19	35	20	21	NA	NA	11	9	18	16	9	26	23	15	31	17	NA	17	17	17	22	27	19	27	14	23	17	18	19	23	18	12	24	20	9	28	16	23	NA	27	18	21	18	20	17	13	11	14	26	14	43	18	29	7	26	17	27
38	8	17	23	16	12	17	16	NA	15	32	13	16	10	16	20	26	17	33	23	15	26	19	13	22	29	17	13	23	30	15	22	19	14	16	24	12	23	19	18	26	16	23	15	21	27	12	26	NA	NA	9	11	9	20	11	29	27	17	23	17	NA	24	17	20	23	20	20	24	16	27	19	16	24	24	20	12	27	23	12	19	13	20	NA	32	19	28	18	24	14	18	18	16	28	8	17	23	18	10	25	19	25
39	21	28	20	13	11	11	12	NA	13	17	16	19	14	20	18	33	24	21	22	19	28	27	16	13	20	13	18	25	28	30	26	18	10	13	20	14	24	16	14	20	18	24	16	18	25	30	27	NA	NA	13	13	12	18	10	28	25	14	18	24	NA	21	19	24	33	22	22	15	18	21	16	17	16	20	21	17	29	18	13	15	16	29	NA	34	14	20	24	32	21	25	22	10	18	10	13	19	23	10	22	19	32
40	27	23	23	14	12	16	17	NA	17	24	32	24	14	16	24	21	31	13	27	18	17	26	22	18	18	17	23	19	29	31	21	14	8	14	19	12	25	15	20	22	18	27	23	20	30	32	22	NA	NA	13	14	12	18	11	32	22	21	15	24	NA	19	21	13	20	22	46	17	19	21	18	24	13	19	25	21	16	33	12	13	18	26	NA	32	21	17	28	29	33	24	19	15	20	16	19	23	13	7	23	19	12
41	22	22	22	18	17	24	12	NA	16	24	26	23	20	19	27	18	15	12	27	16	20	27	18	25	21	18	17	24	25	36	20	19	7	12	20	10	20	23	12	16	23	30	18	23	21	38	17	NA	NA	12	10	20	20	13	26	20	23	25	17	NA	21	19	9	22	19	27	15	19	21	21	26	16	25	21	15	16	24	11	23	16	20	NA	21	26	16	23	31	28	23	22	15	24	19	23	20	18	6	23	25	16
42	18	33	14	20	21	15	14	NA	26	26	16	16	21	20	25	18	12	13	21	13	21	27	24	24	15	13	18	24	25	35	25	15	8	13	20	16	25	20	9	19	21	34	26	31	22	30	16	NA	NA	14	9	23	20	21	17	26	25	26	22	NA	19	31	12	18	15	26	16	27	24	15	21	16	25	21	30	19	25	20	19	20	26	NA	20	32	17	29	32	20	25	33	17	38	22	18	21	19	6	28	22	14
43	28	30	21	26	25	16	22	NA	18	39	11	24	21	32	35	27	13	14	20	13	15	18	27	27	13	28	22	29	17	37	21	18	7	19	27	17	34	15	12	31	23	23	30	14	32	29	15	NA	NA	16	12	23	28	14	17	33	16	23	21	NA	20	36	13	32	22	27	30	33	25	14	35	21	29	41	30	19	28	26	15	23	27	NA	35	23	16	22	32	22	22	35	18	29	19	27	28	18	7	35	24	14
44	33	32	23	15	28	18	20	NA	15	28	10	23	18	25	34	35	13	20	21	15	20	20	26	28	16	34	27	22	20	40	28	16	10	14	32	21	31	16	16	28	22	23	18	17	34	19	17	NA	NA	11	12	23	20	22	21	20	14	24	20	NA	22	32	14	19	25	15	28	29	40	13	34	20	31	43	16	18	33	30	15	32	24	NA	19	16	12	20	29	23	21	18	22	29	28	27	17	17	9	31	26	16
45	19	26	20	17	15	14	19	NA	16	33	13	24	20	23	43	30	10	17	23	34	20	22	19	35	24	43	14	22	34	30	29	21	12	16	27	23	33	16	14	27	26	24	18	14	39	18	19	NA	NA	11	15	14	24	17	16	23	16	24	16	NA	24	25	12	33	28	13	34	20	34	16	37	31	35	25	15	20	30	37	14	23	20	NA	13	17	16	21	28	26	20	16	18	33	22	28	11	24	9	37	23	13
46	27	24	44	17	12	14	20	NA	22	40	15	15	21	20	55	18	11	23	29	30	23	23	30	37	16	16	15	29	20	14	26	17	13	22	38	21	27	16	17	22	16	15	21	18	45	28	20	NA	NA	11	15	18	25	24	26	25	13	23	27	NA	19	21	14	21	29	15	25	17	36	20	22	15	35	24	19	22	18	17	13	19	20	NA	19	21	16	24	26	35	23	19	21	25	29	43	21	37	9	19	35	15
47	19	33	50	16	15	16	16	NA	28	27	18	13	27	19	35	21	8	37	18	23	16	24	31	21	21	27	16	27	26	26	17	18	10	12	36	13	23	23	24	25	19	21	27	15	23	35	18	NA	NA	14	16	14	28	26	23	27	16	22	16	NA	26	24	26	22	33	18	21	18	32	18	24	15	32	37	26	24	21	16	12	18	25	NA	15	18	21	19	24	38	19	24	18	32	19	38	23	38	12	20	28	17
48	20	29	28	18	16	13	22	NA	22	23	22	12	16	29	30	19	17	24	21	30	26	21	23	22	14	29	19	27	39	36	14	19	17	12	32	8	27	18	20	21	20	34	33	17	21	20	20	NA	NA	24	14	16	24	27	24	24	19	29	30	NA	38	22	21	35	40	17	21	34	33	27	23	10	35	32	20	27	17	18	12	17	28	NA	17	12	19	17	29	36	23	34	21	34	23	20	28	28	13	21	22	16
49	19	21	45	13	16	26	21	NA	26	32	25	16	15	22	39	20	11	27	24	29	19	18	17	30	24	37	17	29	38	26	14	20	14	15	19	11	18	24	21	35	26	26	19	23	25	20	20	NA	NA	21	10	18	23	23	28	27	21	35	18	NA	40	24	13	38	26	15	29	33	28	20	25	12	31	35	27	23	18	16	18	25	30	NA	18	17	19	19	36	34	28	19	15	30	30	17	30	22	7	23	20	16
50	22	24	26	18	22	23	21	NA	23	33	30	25	18	19	25	22	12	33	25	19	25	26	14	19	22	27	19	29	40	24	14	26	16	25	21	12	27	27	20	29	26	24	20	15	26	18	21	NA	NA	26	21	19	29	19	24	31	22	23	16	NA	21	21	15	35	22	24	30	25	25	18	29	9	33	21	21	24	21	19	18	18	27	NA	17	21	22	20	32	27	18	28	16	40	23	24	36	36	16	24	24	15
51	23	28	32	35	22	18	19	NA	28	43	18	15	25	26	18	22	13	20	27	16	26	17	17	21	20	41	22	29	25	32	17	16	16	22	23	11	23	16	21	26	19	27	26	12	38	24	27	NA	NA	28	15	17	23	27	20	30	25	25	27	NA	17	17	12	37	20	23	28	30	25	15	29	11	37	22	18	24	29	22	12	12	27	NA	19	19	20	24	35	30	21	31	16	24	24	25	28	32	15	22	29	14
52	30	31	31	33	23	16	12	NA	23	41	30	28	33	24	30	27	13	19	24	17	18	19	19	15	17	22	22	31	18	37	30	17	13	8	31	14	29	19	22	24	24	27	21	17	48	24	27	NA	NA	18	15	17	30	13	18	18	16	25	28	NA	36	23	13	35	21	23	25	45	22	24	29	20	24	23	12	30	28	24	17	22	25	NA	15	23	26	23	34	28	21	24	15	24	20	23	20	27	16	23	32	16
53	44	28	24	27	30	25	16	NA	17	30	32	18	31	31	23	23	12	24	23	21	31	16	20	17	18	25	17	36	25	38	28	15	9	18	26	15	25	19	18	25	30	27	24	20	47	26	22	NA	NA	15	17	21	19	25	24	17	20	25	34	NA	27	18	15	26	22	29	35	23	28	22	35	24	24	26	16	32	26	24	23	20	27	NA	28	20	29	27	34	30	20	26	13	30	26	25	22	30	16	24	33	19
54	41	40	32	24	30	15	16	NA	19	29	25	12	20	21	24	30	13	25	33	18	33	23	22	23	21	40	20	32	19	23	16	16	11	13	23	18	22	22	12	27	26	25	36	24	36	27	27	NA	NA	14	18	20	22	29	40	22	25	26	22	NA	26	24	17	25	26	37	40	25	29	20	38	19	24	27	18	24	28	29	24	22	26	NA	23	25	22	24	23	20	27	26	16	26	23	24	24	26	10	26	35	23
55	24	35	32	34	18	12	27	NA	19	33	24	18	25	35	25	36	19	25	30	20	27	20	14	26	20	25	21	31	20	36	19	17	9	19	30	20	24	22	22	26	32	24	28	36	25	23	35	NA	NA	20	19	22	20	30	30	23	17	23	23	NA	25	27	22	25	21	37	34	22	27	28	36	22	27	21	23	25	31	36	21	35	27	NA	18	26	27	30	35	23	22	24	19	28	27	24	17	26	12	37	22	27
56	22	42	31	15	14	21	23	NA	23	35	24	43	23	44	40	33	18	26	32	26	28	16	17	26	22	32	25	36	18	36	30	16	8	21	34	20	24	31	12	26	28	25	31	33	32	24	22	NA	NA	17	21	23	16	25	28	30	18	23	22	NA	29	35	17	23	24	23	27	25	35	32	32	25	36	23	16	26	27	30	15	39	29	NA	15	30	34	22	25	21	32	20	22	29	31	25	28	24	9	35	24	18
57	26	32	24	18	15	21	25	NA	19	23	27	33	21	34	31	44	19	30	19	27	22	22	20	25	16	27	26	30	21	36	28	22	8	24	26	18	24	18	12	23	22	25	18	26	30	21	29	NA	NA	30	25	22	28	18	22	35	16	24	19	NA	22	21	25	19	23	26	25	17	31	21	36	25	37	28	22	35	17	34	18	34	29	NA	17	30	40	17	27	27	37	21	19	26	23	24	25	28	10	45	25	20
58	25	24	29	18	16	21	28	NA	21	38	32	20	25	34	33	35	16	35	24	35	23	26	25	31	19	30	24	26	29	37	20	39	10	23	28	18	21	21	11	20	21	35	19	29	29	21	25	NA	NA	29	29	24	25	29	21	48	16	25	29	NA	18	25	37	24	33	25	30	21	33	21	36	22	37	34	26	29	28	27	21	32	22	NA	21	38	36	23	35	20	25	25	19	22	16	25	24	32	17	33	30	22
59	23	24	21	15	15	17	24	NA	22	31	43	19	26	36	33	21	13	26	26	29	31	30	32	24	18	20	22	32	39	41	31	21	12	15	36	15	29	21	11	19	21	33	26	27	31	44	24	NA	NA	30	18	21	28	30	24	24	13	24	25	NA	18	26	19	22	27	24	23	32	31	25	29	23	24	30	24	28	30	38	20	22	26	NA	34	37	32	24	26	32	29	22	28	29	17	26	22	32	14	34	36	24
60	24	23	26	18	18	14	27	NA	24	35	24	18	18	30	23	24	14	31	26	29	22	22	19	23	19	22	26	29	23	58	29	29	13	17	24	19	37	25	10	19	21	31	32	28	27	29	28	NA	NA	26	18	50	29	20	27	37	18	27	29	NA	19	30	31	23	25	21	36	24	43	27	33	19	26	29	15	27	26	26	17	25	26	NA	37	30	33	24	29	22	39	27	29	31	20	25	26	31	12	34	47	26
61	30	24	29	20	15	18	28	NA	24	37	22	13	18	34	42	22	16	25	30	26	28	24	23	23	29	25	23	26	42	33	30	28	17	23	23	22	49	22	16	19	29	33	36	30	23	34	28	NA	NA	20	20	44	31	21	27	43	18	26	27	NA	18	34	37	28	31	21	31	24	30	24	31	28	27	32	20	25	42	54	24	29	27	NA	28	51	29	18	29	24	40	19	33	28	33	29	29	33	8	35	24	32
62	32	29	30	21	16	16	30	NA	26	23	28	15	16	34	42	26	16	28	23	28	24	26	17	28	33	24	22	29	37	34	29	28	19	25	26	21	38	26	13	20	21	39	32	34	24	29	23	NA	NA	21	16	26	38	26	23	29	20	30	34	NA	18	30	36	28	25	22	23	28	37	19	31	16	33	41	21	38	48	27	19	28	30	NA	20	31	38	25	37	22	31	23	22	30	29	34	27	37	8	26	30	28
63	26	31	33	20	17	19	22	NA	25	21	30	19	19	43	40	26	14	20	28	27	25	27	21	28	22	25	33	28	38	29	25	30	12	17	29	14	26	22	15	19	24	35	31	25	30	23	28	NA	NA	23	22	25	27	22	33	32	22	25	34	NA	23	33	26	22	25	21	30	30	55	22	25	22	39	48	38	36	32	21	26	35	25	NA	22	29	32	26	29	34	32	35	27	29	30	38	22	38	9	35	33	27
64	25	34	25	19	23	19	24	NA	23	25	27	22	21	47	28	30	16	22	26	28	34	29	21	28	28	27	38	31	26	28	27	27	14	14	34	19	26	23	16	30	15	41	35	22	35	22	34	NA	NA	27	19	26	30	26	23	41	22	27	33	NA	30	36	35	22	34	20	33	34	36	23	34	18	32	38	46	29	27	22	17	36	32	NA	24	46	25	20	35	26	26	33	29	38	22	40	25	52	12	37	25	24
65	30	31	41	31	33	22	25	NA	34	30	24	18	30	28	29	25	20	27	23	25	22	29	27	30	37	28	35	28	23	31	27	26	27	21	31	18	31	31	20	38	19	44	25	21	41	27	32	NA	NA	26	23	22	33	34	24	45	25	33	36	NA	25	25	37	27	31	22	26	36	33	25	29	18	29	24	22	32	25	27	30	37	31	NA	31	38	24	26	33	28	23	34	32	38	15	32	23	67	14	22	24	27
66	35	32	34	23	23	24	29	NA	40	29	31	21	31	38	22	29	35	19	24	26	21	19	22	55	34	39	28	32	26	29	23	31	20	18	28	19	34	24	15	21	26	35	29	19	47	30	39	NA	NA	21	12	24	36	30	26	29	26	25	29	NA	22	30	35	26	27	19	26	35	44	27	31	22	35	23	35	39	27	21	21	29	30	NA	32	31	31	23	24	30	26	25	36	39	32	39	24	30	19	30	29	29
67	21	33	36	34	26	42	30	NA	25	32	39	20	35	35	29	26	43	34	29	30	27	18	25	32	32	54	21	35	31	28	24	27	21	17	33	22	30	29	17	25	25	33	30	24	31	31	33	NA	NA	22	19	18	30	25	26	25	26	25	23	NA	24	24	54	23	61	22	46	24	39	31	34	18	32	29	27	30	28	21	21	24	47	NA	32	28	35	22	37	23	26	33	25	41	25	37	22	38	16	28	35	23
68	26	24	40	27	21	35	27	NA	38	39	41	15	26	48	22	38	28	39	28	38	18	21	26	23	24	47	32	23	25	34	32	27	22	21	30	18	22	36	20	37	24	37	36	24	30	35	42	NA	NA	24	29	17	30	24	26	29	28	28	37	NA	29	24	37	27	53	25	23	40	40	39	37	27	26	29	29	41	24	23	25	26	54	NA	33	24	32	25	36	27	37	32	25	38	22	42	31	39	14	33	29	29
69	27	29	30	37	22	29	38	NA	29	40	26	14	32	40	39	44	29	20	33	28	21	21	27	30	33	31	47	41	31	37	30	23	22	31	40	22	31	37	25	42	22	32	38	22	28	34	29	NA	NA	25	29	21	24	34	24	31	24	26	30	NA	21	27	27	32	53	22	28	23	41	33	35	25	27	36	30	39	23	27	28	29	59	NA	22	29	23	29	40	31	36	23	23	42	22	33	37	40	18	32	24	28
70	49	28	25	31	17	32	44	NA	24	39	31	20	34	38	31	33	26	28	33	29	24	26	28	29	26	26	30	45	31	38	32	22	18	20	34	21	37	30	29	27	29	56	38	34	46	37	35	NA	NA	21	31	29	28	25	42	32	25	36	34	NA	20	30	31	27	26	28	30	23	34	29	31	23	52	29	25	31	21	21	26	29	50	NA	25	34	27	30	43	24	27	20	33	46	25	31	31	43	12	30	23	28
71	36	33	30	25	23	26	33	NA	18	42	21	24	25	35	35	26	31	32	39	28	29	25	29	35	24	27	33	51	37	33	36	18	16	19	33	18	37	28	29	29	28	55	22	32	39	40	43	NA	NA	28	15	26	31	22	46	28	24	37	26	NA	24	38	31	32	44	30	23	28	40	25	36	27	50	37	18	30	44	34	22	24	52	NA	26	29	29	25	51	23	29	31	24	42	25	40	34	30	13	38	38	27
72	28	39	42	25	25	24	24	NA	29	44	23	28	27	48	31	25	34	34	32	39	23	27	28	33	21	42	32	32	39	44	34	20	12	18	42	16	28	33	34	30	21	31	28	31	38	42	26	NA	NA	25	22	28	30	28	43	30	27	30	38	NA	27	39	39	29	48	33	25	32	44	23	49	34	44	37	22	30	30	27	25	36	43	NA	22	27	23	27	44	31	24	22	36	39	18	41	23	39	18	34	40	28
73	25	28	50	21	23	14	23	NA	29	31	27	32	23	37	30	22	29	23	37	31	23	31	30	36	27	47	28	38	37	55	27	25	18	22	44	26	34	32	34	27	22	36	35	30	44	31	36	NA	NA	22	24	33	23	26	42	43	22	32	35	NA	34	38	26	35	27	30	34	34	57	31	34	24	32	42	19	37	26	29	23	41	47	NA	27	37	23	28	57	28	25	23	51	36	18	32	27	40	14	39	35	24
74	24	24	48	22	22	19	21	NA	28	32	22	26	40	38	35	32	31	22	34	32	26	27	36	27	18	60	29	49	31	46	27	24	17	22	38	14	34	36	34	36	24	46	40	27	39	42	33	NA	NA	25	31	32	34	29	33	41	18	29	36	NA	26	35	35	31	35	23	35	32	37	23	38	30	41	36	24	44	32	24	21	39	33	NA	25	33	28	28	32	30	32	22	32	27	21	46	25	32	22	36	37	26
75	23	38	38	34	23	21	28	NA	25	25	29	22	41	36	35	34	19	32	24	33	21	30	27	35	28	41	34	54	35	37	32	31	18	23	38	14	35	60	26	36	26	45	32	30	35	28	37	NA	NA	24	23	38	29	31	28	46	20	32	28	NA	20	35	30	26	38	30	33	32	33	30	33	38	29	33	24	38	37	28	24	30	26	NA	43	29	29	30	44	29	38	29	26	40	26	34	33	34	16	26	35	33
76	21	39	29	26	23	25	30	NA	32	38	25	27	36	41	48	33	22	41	28	23	23	32	37	31	32	30	30	47	50	45	30	25	21	28	32	16	35	29	29	44	34	43	29	33	37	31	33	NA	NA	32	27	40	30	24	26	38	21	27	38	NA	26	29	27	32	39	37	22	31	33	32	36	28	26	33	27	48	37	26	41	30	39	NA	27	28	30	40	70	32	30	25	35	21	31	36	28	39	29	32	32	36
77	20	31	29	25	22	29	25	NA	33	32	31	21	37	35	35	25	25	32	29	30	28	46	36	40	29	36	28	46	36	40	53	23	15	24	34	17	40	36	25	27	39	43	36	33	36	30	37	NA	NA	34	19	24	37	22	29	38	18	28	30	NA	20	36	27	30	47	35	20	37	27	32	34	42	29	31	28	41	29	37	35	31	30	NA	28	25	28	32	45	37	30	23	26	32	32	40	34	39	16	31	35	22
78	21	28	29	23	25	27	24	NA	36	31	40	27	33	29	40	22	30	31	31	34	34	31	32	49	23	35	31	58	27	40	49	33	13	26	33	17	45	33	22	24	43	52	40	32	38	34	45	NA	NA	28	21	27	29	21	36	33	23	34	26	NA	35	42	37	26	33	36	32	47	34	38	40	43	31	39	27	37	41	30	31	35	29	NA	23	27	30	43	44	34	32	25	27	25	32	33	30	32	28	34	42	31
79	22	31	51	35	25	25	30	NA	29	30	36	27	44	30	43	26	31	29	28	30	25	40	36	65	21	41	28	46	31	36	23	36	10	26	33	22	42	38	23	28	26	47	36	28	43	36	51	NA	NA	26	24	26	35	30	37	38	24	39	44	NA	25	38	39	31	28	27	37	31	36	40	39	29	33	35	23	39	42	28	27	40	46	NA	23	28	35	33	35	47	36	25	29	31	28	28	35	29	26	51	31	28
80	25	27	57	57	27	24	30	NA	37	34	33	36	28	32	42	29	29	38	33	37	23	41	24	33	30	43	30	40	35	43	25	25	15	22	39	21	37	30	21	22	28	35	35	31	28	35	41	NA	NA	26	18	28	28	36	32	38	28	31	34	NA	24	36	49	25	33	27	46	36	41	48	33	33	40	31	23	41	34	27	27	47	53	NA	26	36	49	29	44	35	40	34	30	28	28	36	36	37	28	46	35	38
81	18	32	37	25	24	30	24	NA	43	36	35	36	48	32	38	31	24	36	32	35	27	27	26	35	26	37	36	52	39	53	26	28	24	26	43	20	30	33	25	26	57	42	41	37	34	40	33	NA	NA	20	29	29	49	41	41	40	31	28	53	NA	25	34	54	32	39	32	48	38	68	32	34	42	42	48	28	39	41	27	32	46	30	NA	27	37	54	29	49	35	34	23	38	32	22	38	25	45	28	40	28	27
82	38	57	37	28	32	25	33	NA	35	45	30	36	38	35	36	23	25	33	35	39	38	23	28	31	29	31	43	34	46	42	29	33	18	38	56	25	31	28	32	30	48	31	43	39	41	33	38	NA	NA	31	21	54	32	45	44	35	32	32	35	NA	25	51	41	33	40	34	42	35	76	30	43	34	47	38	30	42	35	39	28	45	32	NA	28	54	42	28	60	40	43	28	30	51	29	34	29	36	31	45	30	25
83	25	31	40	33	30	26	28	NA	35	34	24	26	31	56	34	23	25	34	39	37	28	34	22	40	30	36	35	49	48	45	30	36	18	22	58	31	39	25	29	34	44	37	38	31	36	44	38	NA	NA	36	20	38	30	27	36	41	31	36	35	NA	26	40	32	28	36	37	47	34	47	36	47	37	45	39	23	52	33	39	38	29	37	NA	32	50	36	27	46	36	28	29	35	52	34	62	39	37	22	39	29	33
84	33	32	36	36	23	28	28	NA	26	35	30	31	45	59	25	34	26	36	34	42	29	35	23	31	29	36	33	50	44	48	27	33	19	42	34	32	54	26	21	38	52	34	36	45	34	49	37	NA	NA	24	21	49	47	39	41	36	29	67	34	NA	28	34	33	36	48	33	43	27	50	37	37	43	37	31	30	31	28	36	24	32	46	NA	36	34	30	28	41	32	35	31	37	42	32	41	30	43	23	61	35	29
85	34	42	46	32	22	28	22	NA	31	28	28	43	40	51	31	33	29	33	36	30	37	45	29	41	25	36	27	43	39	61	27	30	19	31	73	31	50	29	24	39	41	45	41	45	40	41	34	NA	NA	30	21	33	35	31	61	30	32	54	28	NA	33	37	44	27	33	31	31	33	58	35	48	35	39	32	30	37	35	34	24	34	41	NA	24	35	30	29	49	24	40	35	39	40	35	38	37	47	33	36	43	30
86	35	41	45	24	25	29	30	NA	33	33	30	32	33	43	29	64	34	38	38	34	24	40	33	40	25	38	36	43	39	60	31	30	22	28	37	23	40	33	26	35	30	41	46	39	40	42	37	NA	NA	31	21	35	34	31	37	36	26	41	35	NA	38	53	48	36	33	27	38	30	60	26	59	51	49	36	34	45	25	34	27	52	34	NA	26	44	39	27	33	33	35	43	24	37	35	43	47	47	23	42	36	27
87	41	41	45	29	27	29	25	NA	31	41	29	26	35	35	30	52	42	40	41	41	28	28	30	40	27	48	30	39	35	49	36	33	30	40	34	16	46	31	28	31	34	45	34	43	61	51	35	NA	NA	27	43	40	34	44	38	36	27	45	39	NA	48	49	45	34	40	31	34	34	67	38	36	46	54	33	35	47	36	30	38	35	48	NA	43	43	35	42	43	65	47	28	25	32	30	44	52	37	17	40	43	25
88	29	33	47	27	35	28	26	NA	33	62	32	26	42	45	32	35	33	45	29	53	26	33	31	48	51	41	25	44	37	49	39	32	41	41	33	17	45	34	44	31	37	48	48	46	58	51	42	NA	NA	25	28	29	42	48	35	41	35	37	36	NA	36	43	67	59	33	29	37	30	61	46	45	37	51	32	37	40	32	31	21	38	38	NA	27	35	32	35	45	54	32	38	29	40	32	62	31	51	20	41	60	24
89	31	42	49	28	29	26	32	NA	27	39	41	25	42	36	38	29	33	47	32	37	32	35	36	45	38	44	32	38	47	50	32	25	40	25	32	25	34	32	23	34	38	41	47	38	39	35	32	NA	NA	24	25	30	57	37	45	44	34	52	37	NA	32	31	32	56	33	38	36	38	44	54	46	39	54	53	36	52	46	34	25	31	36	NA	32	35	32	48	41	57	36	39	32	43	29	54	31	58	26	47	50	26
90	34	50	49	25	25	29	29	NA	26	45	41	38	26	37	39	35	42	29	33	34	47	42	30	51	46	51	40	43	42	38	34	35	41	36	34	15	38	31	33	45	35	38	46	36	44	47	45	NA	NA	33	19	36	45	36	42	48	31	44	40	NA	36	43	29	59	49	38	44	31	49	35	35	38	58	40	37	50	33	41	21	34	35	NA	54	41	37	41	53	41	31	29	32	54	29	45	41	39	27	39	41	33
91	35	39	57	47	35	31	39	NA	32	46	32	40	38	42	50	47	31	31	34	31	34	35	42	47	28	42	45	46	29	43	47	41	28	35	39	24	40	54	34	43	46	39	51	37	37	39	44	NA	NA	27	23	30	40	38	47	46	33	42	31	NA	46	48	57	57	38	35	38	35	40	32	35	40	54	44	40	42	35	43	28	61	42	NA	38	42	37	41	33	40	40	34	33	42	26	71	27	69	33	36	40	52
92	32	38	49	30	25	35	30	NA	35	48	33	37	46	41	39	39	36	39	40	38	54	33	36	45	26	48	48	71	47	44	42	29	25	36	42	27	52	31	31	33	33	51	44	44	47	38	47	NA	NA	31	23	36	50	33	43	38	49	40	32	NA	49	57	34	35	33	37	35	34	44	36	39	39	45	42	34	42	33	48	33	62	41	NA	31	41	40	36	67	42	36	37	30	33	38	52	31	49	40	44	35	37
93	37	39	52	29	30	39	29	NA	30	36	33	39	51	52	51	37	46	30	35	43	43	40	36	46	27	48	34	38	36	66	47	29	28	27	50	20	42	39	28	27	51	39	45	34	72	51	47	NA	NA	39	27	37	48	32	36	41	43	42	37	NA	52	45	29	38	41	36	34	41	74	52	47	26	39	62	38	50	31	30	34	54	46	NA	30	36	55	31	49	45	40	33	32	42	40	41	32	41	31	37	41	44
94	42	38	46	32	28	33	34	NA	28	42	33	32	47	52	50	40	28	48	34	44	42	43	46	51	37	51	40	50	39	46	41	33	29	29	41	28	39	30	35	34	51	49	51	38	61	40	36	NA	NA	38	25	49	37	38	40	44	42	43	37	NA	31	43	32	29	38	51	38	47	55	34	33	36	37	53	34	43	31	43	24	42	37	NA	32	39	41	40	46	48	38	34	31	50	43	39	53	49	23	38	47	40
95	43	40	43	33	27	36	37	NA	27	64	35	38	47	68	45	58	30	42	40	42	38	35	66	43	43	66	34	39	37	55	31	34	34	33	35	27	54	46	32	43	44	57	40	39	60	42	57	NA	NA	41	31	43	38	39	38	55	24	43	43	NA	40	52	63	32	40	40	36	61	54	41	40	29	43	51	44	44	47	34	25	40	47	NA	37	41	41	40	53	94	38	37	39	44	41	49	56	38	22	39	38	39
96	37	36	67	41	30	35	38	NA	37	42	34	33	32	51	37	45	52	48	47	43	42	37	43	41	34	69	38	42	31	47	28	48	21	30	48	35	78	44	41	49	41	45	37	48	57	56	58	NA	NA	45	30	54	34	35	46	49	28	42	62	NA	33	38	55	44	49	48	52	61	72	42	47	33	40	45	53	50	48	39	29	36	40	NA	38	48	72	43	50	59	40	35	34	58	41	41	39	42	19	54	40	44
97	37	52	89	32	30	38	29	NA	32	43	35	33	36	53	48	51	38	31	52	47	59	36	36	42	38	42	35	38	37	55	34	47	26	32	48	24	50	32	43	51	35	57	58	59	46	39	49	NA	NA	49	34	52	63	38	46	51	31	47	40	NA	28	39	31	56	51	63	38	46	56	67	45	48	44	45	41	52	58	37	35	32	58	NA	46	59	80	47	50	43	32	42	34	38	41	41	32	44	20	48	51	48
98	38	50	81	39	31	31	30	NA	34	35	40	39	40	55	57	31	39	33	51	34	51	43	33	42	42	41	32	45	39	53	30	39	21	44	48	37	44	43	32	33	31	44	38	47	56	48	50	NA	NA	35	29	43	49	41	47	43	42	40	53	NA	38	55	37	49	38	54	47	41	63	48	61	43	52	47	39	65	58	33	40	42	59	NA	49	49	63	35	49	43	39	53	38	39	40	40	39	52	23	45	45	38
99	54	48	67	44	35	28	35	NA	42	50	43	43	42	49	49	39	44	50	34	40	40	37	35	49	32	46	33	41	36	70	39	31	41	35	51	49	43	31	38	39	26	52	52	34	46	51	43	NA	NA	31	27	43	52	29	38	45	45	39	36	NA	38	37	37	41	39	56	35	41	66	53	61	39	51	41	50	53	43	40	34	59	46	NA	36	48	56	36	40	42	36	92	41	76	44	48	38	56	19	56	50	55
100	46	77	51	54	39	33	39	NA	38	58	35	39	78	48	48	41	41	48	48	34	58	54	42	40	29	46	39	53	44	80	32	51	51	35	66	37	54	36	32	37	42	50	46	42	65	57	46	NA	NA	27	31	40	76	39	45	82	35	38	40	NA	29	48	34	46	39	47	49	52	51	44	47	34	54	47	36	70	44	34	33	48	41	NA	35	43	48	47	39	36	64	38	32	54	45	33	52	60	28	51	58	37
101	54	47	55	42	28	27	38	NA	39	63	66	35	38	52	54	45	32	44	42	48	42	41	39	45	46	39	45	58	39	53	33	36	47	38	49	30	49	49	30	36	40	73	48	43	56	57	49	NA	NA	38	34	40	61	38	64	49	33	68	36	NA	33	43	31	47	38	32	40	63	48	49	39	36	42	37	35	61	48	39	48	53	86	NA	44	55	47	40	43	38	33	46	51	40	57	52	55	70	31	55	56	29
102	43	64	52	27	35	29	67	NA	53	59	44	49	36	56	42	43	37	51	38	36	41	52	41	40	32	53	47	53	61	54	41	41	40	30	51	37	56	41	37	28	34	62	62	44	49	47	49	NA	NA	32	35	39	39	34	50	51	29	59	70	NA	36	65	34	47	46	37	46	44	48	54	49	36	48	47	41	57	36	44	43	49	82	NA	53	65	40	46	65	53	41	36	43	40	54	52	58	70	41	46	59	42
103	41	58	46	45	48	30	37	NA	38	48	49	38	35	58	50	36	43	41	41	58	38	53	41	53	30	49	44	63	42	63	49	39	31	35	40	36	44	56	47	38	50	51	60	39	46	41	46	NA	NA	38	29	51	53	40	45	50	29	48	75	NA	41	54	50	59	60	44	79	72	48	40	52	43	52	51	33	39	34	47	35	61	51	NA	43	56	46	37	62	49	39	38	41	36	42	52	40	60	69	47	58	47
104	51	42	65	64	47	37	37	NA	34	51	52	36	39	45	45	42	52	55	40	57	44	39	40	52	31	54	47	56	70	67	44	47	23	40	44	35	58	68	34	35	60	55	74	51	45	44	51	NA	NA	33	31	47	50	45	41	65	36	59	46	NA	30	49	43	37	42	53	49	63	54	53	63	35	58	53	33	48	45	38	32	41	49	NA	42	52	72	42	51	62	39	31	38	36	40	53	46	57	38	59	55	46
105	38	46	59	53	40	36	36	NA	49	39	40	34	46	50	42	37	43	50	44	63	48	39	44	59	39	51	49	44	53	56	47	42	22	42	42	24	53	43	30	37	33	61	56	50	52	47	64	NA	NA	39	31	51	39	45	50	73	30	61	41	NA	33	60	55	41	44	46	48	59	63	47	47	36	52	48	38	47	37	40	41	47	57	NA	39	47	41	59	50	42	36	34	36	44	51	42	38	51	32	48	55	48
106	40	44	67	43	31	36	33	NA	61	45	32	41	67	58	43	51	34	62	37	59	48	54	63	49	37	44	48	58	51	53	43	50	26	48	52	31	56	49	32	33	34	47	58	41	49	66	44	NA	NA	46	34	45	40	37	41	67	41	61	56	NA	39	48	43	50	51	42	54	41	52	60	48	36	53	58	33	55	36	60	48	41	49	NA	34	57	47	47	51	68	54	43	39	95	41	56	68	52	30	40	50	50
107	39	41	68	53	38	35	51	NA	52	47	42	35	39	64	73	46	43	75	40	46	37	37	71	56	37	41	50	57	55	65	43	50	27	61	80	31	50	39	39	34	37	50	53	42	56	53	71	NA	NA	44	32	39	51	43	44	67	33	51	62	NA	67	46	44	71	58	45	52	56	53	87	58	47	61	51	34	42	35	36	56	54	48	NA	40	48	50	50	51	63	45	36	51	67	43	53	58	64	26	43	50	48
108	43	49	72	42	37	28	34	NA	44	44	39	54	42	54	51	42	32	65	53	61	41	54	60	60	51	52	42	50	53	61	43	45	26	39	81	31	59	58	35	35	47	54	51	41	74	42	68	NA	NA	47	32	40	57	38	72	45	28	62	62	NA	49	60	48	54	55	47	57	66	61	60	76	58	47	60	43	38	45	47	31	73	47	NA	45	58	74	43	65	54	39	38	43	48	41	45	63	50	31	44	49	47
109	63	56	54	61	56	34	43	NA	33	52	37	59	38	53	54	47	51	45	45	53	42	47	55	55	39	49	41	91	50	69	35	51	21	36	54	60	47	53	38	41	77	52	51	57	59	48	52	NA	NA	34	41	64	63	39	51	46	33	77	56	NA	37	68	50	55	47	41	49	49	69	58	53	45	59	49	35	53	43	38	31	69	50	NA	39	74	54	61	50	55	55	36	47	64	51	45	49	57	26	48	41	45
110	46	47	67	45	60	52	70	NA	41	78	41	64	41	60	61	46	41	49	57	38	42	51	55	58	43	72	40	73	57	63	42	55	24	39	49	46	39	48	37	43	58	51	42	48	99	52	89	NA	NA	48	29	66	74	39	45	57	29	47	48	NA	43	47	57	53	53	42	52	61	53	45	73	67	42	52	51	47	56	42	42	84	45	NA	46	70	54	65	60	73	61	37	50	40	53	39	43	66	26	65	53	36
111	39	51	60	34	62	46	73	NA	55	53	38	50	46	58	61	40	34	55	65	53	60	42	54	69	35	57	50	76	43	58	43	73	21	40	68	43	53	46	43	41	62	55	53	43	67	62	65	NA	NA	37	39	74	63	36	46	63	37	35	51	NA	43	56	51	56	51	57	58	50	56	48	55	39	48	45	38	51	66	46	31	58	45	NA	44	57	43	45	50	68	41	40	54	50	40	47	50	54	44	49	42	49
112	44	65	51	39	55	41	53	NA	46	70	44	51	47	79	73	55	51	59	48	102	64	54	43	56	47	60	54	52	59	59	52	90	27	38	84	35	50	43	42	37	51	51	45	47	45	81	75	NA	NA	37	37	47	106	34	62	55	48	48	50	NA	41	58	44	48	46	62	41	45	106	45	52	42	62	50	48	73	57	61	33	72	49	NA	50	62	52	41	45	51	44	56	35	56	47	48	54	50	24	53	61	63
113	39	59	61	45	57	48	43	NA	40	52	45	40	58	51	79	38	39	54	69	83	45	62	52	43	63	56	42	71	46	72	43	64	23	41	76	37	68	43	39	41	58	51	44	47	46	53	53	NA	NA	36	39	53	58	43	57	63	36	48	61	NA	41	51	66	65	49	44	49	50	78	67	62	52	65	51	68	96	49	44	33	52	70	NA	51	53	49	48	55	40	53	55	47	64	43	71	51	67	31	62	60	57
114	52	49	120	54	44	43	45	NA	48	63	48	37	55	72	64	61	45	49	72	74	56	41	49	64	37	78	42	57	45	86	48	46	23	37	82	49	62	66	35	37	49	46	49	60	53	65	50	NA	NA	41	44	50	43	45	51	75	41	55	53	NA	41	56	50	55	65	54	67	44	78	52	50	45	59	65	48	81	42	45	33	57	48	NA	49	52	40	51	51	57	54	39	56	51	50	48	64	46	46	53	45	48
115	38	61	55	35	55	40	48	NA	71	60	46	35	56	45	81	43	40	54	57	60	50	46	62	61	58	70	72	60	51	51	38	59	27	40	61	51	85	73	44	43	52	63	60	61	48	61	47	NA	NA	51	45	64	63	47	50	55	51	46	57	NA	39	46	63	55	50	55	50	46	73	47	63	47	61	73	48	56	50	52	39	68	81	NA	42	56	51	53	63	54	51	56	54	73	40	51	64	75	55	62	50	78
116	41	62	56	40	39	41	43	NA	74	54	40	46	39	64	48	38	47	58	66	46	50	42	55	57	58	98	60	41	73	80	45	51	28	41	44	57	65	58	27	37	68	51	71	58	67	62	43	NA	NA	44	41	64	57	53	65	55	34	47	54	NA	52	58	64	52	54	59	68	53	81	68	56	41	51	56	51	48	45	42	43	50	63	NA	41	69	92	78	51	49	56	44	64	60	60	55	56	49	37	59	53	54
117	43	56	43	39	51	41	75	NA	56	41	38	53	41	54	55	40	51	56	40	49	56	47	66	82	54	82	41	56	61	68	71	55	27	43	75	36	68	67	29	38	63	56	58	50	91	51	49	NA	NA	59	48	65	71	54	49	53	41	53	58	NA	67	58	55	41	52	81	65	55	58	86	48	39	102	59	56	66	48	43	33	84	47	NA	40	55	86	91	48	54	59	36	85	66	74	57	60	70	34	53	58	62
118	55	47	51	44	58	41	82	NA	59	58	61	57	50	56	53	42	46	45	46	47	85	44	42	74	50	94	51	56	46	63	86	48	38	45	78	35	64	67	46	46	52	67	65	51	48	52	44	NA	NA	45	53	54	60	51	52	55	42	53	62	NA	66	47	44	52	52	57	52	75	82	60	78	59	61	51	60	69	84	51	37	58	57	NA	54	60	59	53	45	55	50	42	84	62	53	69	54	88	41	50	55	64
119	56	47	66	55	61	44	54	NA	61	96	51	45	55	75	67	42	43	62	56	55	58	56	49	61	45	65	48	46	59	70	72	43	32	41	55	44	57	57	38	45	48	59	63	51	52	74	46	NA	NA	54	42	80	56	39	47	63	44	60	51	NA	67	70	62	58	70	58	93	53	55	52	56	40	64	47	49	53	66	47	40	39	76	NA	41	58	53	62	63	52	70	38	59	57	44	60	46	73	40	55	56	58
120	53	45	54	45	44	51	58	NA	64	52	51	47	54	64	67	40	38	53	58	73	67	46	41	59	51	60	54	83	64	52	42	72	30	47	49	33	73	53	46	65	54	61	50	61	86	76	56	NA	NA	44	36	59	85	42	66	58	48	59	66	NA	51	55	55	50	45	63	72	50	49	70	55	39	48	51	56	43	53	44	39	74	63	NA	65	52	55	60	41	58	86	42	63	49	59	49	43	59	33	57	44	56
121	53	80	53	79	48	40	114	NA	53	56	39	42	79	86	59	43	44	64	68	54	37	54	47	50	77	41	43	91	52	50	55	56	34	43	49	40	56	49	46	55	57	48	51	51	57	54	49	NA	NA	42	40	53	68	51	61	68	43	78	67	NA	42	59	59	55	44	66	57	58	62	75	54	40	53	43	63	40	43	57	55	60	61	NA	44	47	70	59	52	57	85	47	44	38	51	56	59	59	39	52	60	50
122	51	67	56	62	41	52	52	NA	56	65	70	51	67	47	61	49	55	81	66	58	57	52	51	57	46	57	53	57	54	61	42	46	34	40	48	40	50	61	48	64	52	61	65	48	49	50	46	NA	NA	43	45	41	48	57	75	61	39	72	49	NA	40	61	44	53	41	42	62	58	55	38	61	49	57	50	66	56	49	55	55	63	59	NA	41	54	53	45	52	83	78	51	63	54	59	50	58	55	43	54	58	47
123	53	58	52	70	62	39	49	NA	69	87	64	49	66	52	71	50	53	93	64	50	52	51	47	84	45	49	56	57	42	58	100	57	24	52	88	57	45	53	46	47	53	71	48	56	50	60	65	NA	NA	69	35	56	56	64	66	60	39	47	45	NA	49	79	59	57	44	48	70	67	51	58	75	58	55	60	59	72	60	56	44	49	51	NA	52	52	68	48	57	79	49	59	62	59	68	95	63	52	41	55	54	51
124	43	48	65	63	48	42	58	NA	66	85	52	49	57	52	68	59	50	50	52	47	39	81	48	98	42	45	70	65	72	58	47	57	29	44	52	32	48	46	40	46	37	56	54	80	51	58	52	NA	NA	72	50	51	52	49	62	56	47	62	80	NA	41	50	43	48	49	57	67	65	47	49	49	52	50	66	56	60	42	47	65	50	53	NA	82	53	68	70	56	69	65	66	62	93	36	77	70	61	39	57	57	70
125	63	52	65	52	50	42	63	NA	57	68	56	56	52	68	55	55	53	60	47	58	53	66	64	59	49	52	51	68	49	37	41	56	32	84	57	37	62	61	41	55	55	67	51	66	77	55	47	NA	NA	68	42	47	42	58	49	56	59	59	66	NA	47	44	48	51	54	54	72	53	71	56	48	50	44	48	58	51	42	45	71	60	65	NA	48	53	85	66	63	52	73	77	53	62	43	57	67	68	34	45	65	64
126	48	44	54	59	82	47	40	NA	52	77	55	75	43	54	66	60	61	52	59	57	40	52	48	60	44	55	58	61	48	54	50	76	23	85	48	34	40	53	53	46	59	54	111	54	67	62	52	NA	NA	53	38	43	54	53	51	65	37	57	61	NA	44	59	63	54	70	49	51	58	44	73	72	45	53	56	58	71	44	77	48	61	51	NA	51	48	72	63	39	54	72	72	73	103	40	111	82	46	29	52	76	58
127	48	49	40	70	51	40	42	NA	63	68	41	46	50	55	53	52	45	61	47	50	51	52	45	60	44	49	68	66	52	49	42	58	36	47	69	36	48	54	47	46	50	62	75	87	47	46	52	NA	NA	63	52	48	51	54	43	48	56	70	61	NA	44	54	78	56	47	56	79	49	41	109	72	45	58	48	62	67	64	59	56	78	55	NA	45	52	53	63	57	57	50	66	70	56	49	55	56	52	44	82	78	63
128	50	59	43	86	46	44	50	NA	74	57	57	53	52	46	45	46	47	52	55	47	49	53	66	59	62	56	64	56	47	51	49	55	49	53	48	38	54	57	44	51	40	75	77	62	50	71	57	NA	NA	48	49	60	70	43	56	60	55	55	71	NA	51	60	122	66	47	70	62	50	41	89	51	58	50	57	47	60	63	57	56	59	53	NA	43	50	67	51	43	72	58	54	51	73	61	48	70	45	34	40	66	66
129	56	69	36	62	45	68	43	NA	82	52	50	60	63	53	62	74	56	59	47	47	69	76	83	49	63	72	75	36	66	45	60	63	38	57	46	42	47	63	51	56	47	45	83	57	50	60	51	NA	NA	44	45	57	43	63	47	59	39	63	57	NA	45	64	55	53	45	72	79	71	40	116	65	62	46	78	42	50	58	51	55	54	48	NA	47	52	70	56	53	63	61	50	52	90	46	64	73	45	44	50	62	51
130	58	46	43	51	47	47	48	NA	66	54	58	68	66	41	52	69	60	67	56	59	45	63	62	49	73	50	73	44	54	51	64	72	31	55	73	39	51	49	53	44	48	63	53	55	72	57	56	NA	NA	50	50	66	51	52	49	59	39	43	59	NA	43	56	64	59	48	62	52	57	49	67	45	91	64	55	49	45	47	49	48	50	68	NA	75	40	65	52	68	70	72	53	52	47	49	58	53	48	48	31	45	68
131	43	55	44	57	48	51	62	NA	56	41	56	48	54	39	56	51	47	73	58	68	98	54	66	45	62	47	69	51	52	35	47	58	35	68	57	54	49	62	56	58	53	49	45	62	63	59	63	NA	NA	61	50	40	59	47	52	43	42	103	65	NA	53	49	48	52	39	81	73	53	41	52	47	91	45	54	44	46	51	53	60	39	42	NA	49	78	56	48	79	47	65	82	54	56	53	81	62	44	49	40	56	52
132	58	66	58	89	49	48	60	NA	50	38	58	57	44	38	67	73	58	104	55	70	68	69	56	76	69	61	68	47	52	36	45	53	46	54	51	62	54	50	82	53	65	50	47	49	59	56	74	NA	NA	60	44	61	45	60	47	60	44	65	50	NA	49	51	64	46	46	111	50	54	36	64	50	68	53	52	47	42	77	48	87	40	43	NA	59	48	58	63	79	64	74	55	67	64	51	66	57	48	36	41	48	50
133	50	43	38	64	73	50	66	NA	69	44	51	59	58	52	81	47	40	54	51	50	56	46	48	41	68	58	48	38	45	37	53	53	38	46	55	90	45	47	84	62	63	39	50	47	50	60	45	NA	NA	50	72	54	44	60	52	54	56	43	53	NA	55	52	85	47	49	69	50	44	41	55	72	66	45	59	85	43	69	52	95	40	47	NA	60	46	43	55	76	53	40	56	54	68	42	83	69	53	50	32	54	67
134	46	49	38	54	73	56	74	NA	60	48	39	51	50	42	67	52	35	60	52	54	58	52	63	44	66	47	47	34	61	30	60	51	37	57	55	59	55	45	52	65	59	42	40	45	52	60	41	NA	NA	61	68	49	44	61	44	67	51	57	57	NA	58	52	51	45	54	72	49	62	30	52	50	69	39	61	107	47	65	47	61	38	42	NA	47	62	51	56	48	44	45	54	49	39	58	60	41	37	41	44	62	63
135	54	40	30	53	52	57	87	NA	65	50	58	45	60	73	51	50	64	47	61	52	55	50	50	48	82	40	50	41	65	40	72	49	36	64	44	58	47	81	60	55	63	65	39	49	39	62	44	NA	NA	69	52	65	50	71	66	48	53	53	47	NA	66	53	56	86	68	53	64	48	37	52	46	54	42	58	125	52	61	51	83	40	52	NA	54	44	50	51	43	65	51	56	58	53	56	49	59	49	42	44	55	52
136	46	60	38	58	51	56	64	NA	49	52	90	68	82	55	52	48	83	52	50	42	71	63	60	50	79	44	51	34	53	26	79	60	35	69	39	78	43	48	46	46	49	34	40	58	43	65	57	NA	NA	48	52	71	62	50	56	57	54	61	60	NA	61	38	60	60	47	53	89	49	45	59	48	73	47	53	64	43	50	51	54	46	58	NA	53	61	59	57	65	47	58	72	55	62	59	49	63	30	53	36	53	67
137	58	59	45	104	69	56	58	NA	46	53	50	59	65	42	53	60	48	51	47	37	62	56	42	56	81	43	49	30	55	32	67	61	33	65	38	69	67	59	52	42	79	52	50	69	50	47	56	NA	NA	89	51	53	50	50	51	53	51	59	49	NA	54	38	50	53	39	65	74	47	44	77	56	60	41	54	68	42	43	51	66	65	46	NA	56	55	59	53	58	60	49	62	75	60	47	52	61	43	46	40	39	63
138	55	58	42	58	44	55	67	NA	53	40	49	57	59	43	52	58	51	50	41	41	42	48	63	43	51	40	50	31	44	33	57	53	38	52	62	54	35	46	78	53	79	43	44	43	42	59	56	NA	NA	65	58	44	47	52	66	47	64	59	47	NA	45	43	50	47	40	66	75	52	36	74	58	72	32	47	54	43	44	62	39	40	45	NA	55	55	58	64	46	58	65	71	51	62	56	41	66	35	46	38	45	60
139	54	61	35	55	56	53	54	NA	43	41	61	46	51	32	54	68	52	54	53	41	47	71	59	44	65	56	51	30	57	28	67	62	44	82	38	64	39	44	52	56	67	35	51	58	50	43	41	NA	NA	54	61	41	72	48	57	43	60	48	47	NA	70	36	44	53	37	57	89	49	34	40	51	58	40	39	56	42	77	55	59	50	47	NA	59	38	37	63	56	59	61	80	67	48	66	54	44	49	47	40	52	56
140	60	40	47	65	55	64	60	NA	43	66	59	54	54	32	39	79	59	52	47	71	77	51	49	63	52	62	61	39	47	23	60	64	31	70	42	49	43	60	53	45	63	45	38	40	44	37	48	NA	NA	52	52	49	63	69	39	40	57	51	40	NA	55	38	49	50	47	53	69	54	22	50	55	54	44	44	55	32	56	50	49	62	45	NA	57	46	50	87	51	54	51	52	77	52	80	52	40	36	65	37	63	69
141	49	35	38	64	55	63	57	NA	60	49	52	46	51	29	41	61	44	52	42	42	65	55	48	36	82	55	49	35	57	25	90	50	50	56	50	47	58	52	49	44	51	37	49	47	39	55	51	NA	NA	82	54	47	58	47	44	37	61	69	59	NA	45	49	52	53	44	63	44	53	30	47	46	47	29	41	61	30	46	63	49	67	47	NA	60	37	42	52	41	79	57	57	50	61	82	55	67	42	45	31	58	62
142	75	37	43	49	57	46	51	NA	38	41	49	63	51	28	37	50	40	59	32	40	52	60	47	62	59	46	53	26	46	22	48	40	51	52	46	54	41	54	44	72	52	34	40	45	41	49	49	NA	NA	73	57	55	68	49	41	30	65	54	44	NA	50	36	52	51	56	58	50	55	39	47	50	58	30	38	48	36	48	53	52	46	44	NA	62	65	48	59	47	71	49	62	61	58	66	44	61	39	47	46	51	54
143	89	51	28	52	57	56	47	NA	41	54	61	47	54	32	40	88	52	61	41	49	64	68	60	59	51	51	55	30	46	19	44	53	48	52	43	51	32	62	68	58	51	37	61	39	32	39	44	NA	NA	59	59	49	64	61	31	30	98	55	43	NA	49	44	45	43	51	65	41	48	38	45	47	61	27	38	51	37	38	63	51	44	33	NA	47	50	53	41	37	45	45	47	57	45	66	37	97	38	69	37	60	53
144	61	53	26	61	50	45	47	NA	45	39	59	53	54	34	38	50	58	54	45	48	43	73	67	52	49	40	51	34	37	20	69	55	48	52	51	58	32	55	48	63	61	65	44	53	34	33	34	NA	NA	47	53	39	67	60	40	27	58	54	79	NA	86	77	50	64	41	53	52	34	27	44	33	45	28	38	49	38	55	53	48	59	59	NA	95	38	33	40	32	60	57	48	52	45	49	46	60	36	67	36	43	82
145	63	40	24	50	95	53	54	NA	56	48	102	61	53	47	42	50	78	39	54	52	44	59	54	53	49	41	50	33	48	23	81	44	45	59	46	51	39	68	46	54	48	61	27	69	31	29	37	NA	NA	47	71	49	47	57	33	26	44	52	57	NA	92	46	58	47	34	45	55	35	26	40	36	48	29	37	53	49	76	65	57	51	29	NA	50	42	33	37	34	52	62	53	41	49	53	39	39	34	58	21	42	50
146	49	34	20	47	57	41	52	NA	50	39	40	57	51	45	43	46	45	35	64	39	37	42	68	49	43	45	50	24	39	21	103	43	43	49	48	57	34	52	41	68	48	31	34	44	28	30	36	NA	NA	68	61	59	42	59	41	24	62	33	52	NA	56	43	43	62	44	38	35	39	26	43	30	48	23	26	51	43	58	65	59	50	29	NA	42	37	40	38	35	29	47	55	42	34	44	32	50	38	63	21	33	49
147	59	34	17	52	60	48	55	NA	49	43	50	48	41	34	35	68	59	58	42	52	50	37	52	57	57	44	61	32	31	13	57	54	53	49	33	54	34	57	47	69	82	44	38	40	34	28	32	NA	NA	60	55	46	41	47	38	31	63	41	46	NA	59	27	44	45	49	72	49	30	25	53	31	59	29	33	51	33	52	43	68	38	36	NA	52	32	37	42	36	32	48	85	51	52	98	62	47	30	71	25	48	49
148	56	52	23	54	66	51	45	NA	45	30	46	48	45	29	43	48	47	49	37	53	46	52	54	29	61	31	55	30	38	14	52	51	32	58	40	91	29	58	59	60	55	37	59	42	26	33	29	NA	NA	60	50	54	45	51	41	28	45	47	40	NA	56	35	50	47	35	69	45	27	24	49	29	68	26	44	55	32	38	48	44	36	33	NA	65	36	24	34	29	36	38	90	53	58	56	59	51	50	71	22	49	44
149	44	33	22	92	64	62	52	NA	44	43	63	63	48	20	36	55	47	46	38	42	55	72	36	29	44	23	42	25	38	17	44	54	36	58	27	66	42	40	74	45	58	32	39	87	25	32	39	NA	NA	62	46	44	56	54	36	28	70	26	39	NA	45	34	53	37	45	63	52	37	20	39	25	54	20	34	55	44	62	52	46	35	36	NA	65	53	25	35	41	40	36	61	49	39	81	46	84	40	67	22	76	46
150	59	39	24	52	69	48	71	NA	47	47	57	63	50	29	77	44	103	45	32	42	44	41	47	23	63	34	56	22	39	15	41	47	39	48	41	62	28	53	72	75	84	38	40	60	28	32	37	NA	NA	47	56	54	57	94	31	25	45	27	53	NA	46	33	37	33	39	63	41	38	16	39	39	48	31	27	60	42	44	56	76	44	28	NA	70	50	21	50	29	45	39	50	47	44	47	36	49	34	72	21	48	52
151	52	46	22	49	69	82	52	NA	52	43	45	53	41	26	102	40	53	54	36	46	40	43	38	23	59	31	39	31	43	17	41	48	58	41	32	52	27	51	55	70	56	42	34	40	26	36	33	NA	NA	46	50	62	39	54	48	20	50	26	34	NA	48	37	40	35	39	62	64	24	17	34	32	55	21	27	52	28	50	49	53	37	27	NA	66	44	24	52	22	56	52	52	39	53	53	32	52	34	94	21	35	54
152	55	30	20	40	41	55	69	NA	54	31	46	53	45	16	32	71	93	35	37	35	37	36	38	20	55	29	40	27	55	12	63	41	62	48	26	60	26	31	67	50	51	35	33	41	22	40	37	NA	NA	48	48	45	35	42	44	17	45	29	37	NA	50	37	43	32	33	55	61	23	22	48	38	54	29	24	46	28	46	44	56	53	24	NA	60	37	29	65	23	46	37	49	44	44	46	32	38	23	47	28	32	56
153	57	28	16	60	42	54	61	NA	42	34	44	65	64	17	28	42	58	52	36	26	35	55	41	23	57	27	51	38	37	15	70	37	59	48	24	45	21	45	70	52	47	26	29	40	25	25	35	NA	NA	49	70	47	37	62	40	26	48	50	26	NA	44	48	41	52	25	41	33	24	19	36	38	62	25	22	47	29	51	30	58	42	18	NA	42	27	28	73	37	29	40	55	34	48	38	30	50	37	57	15	34	42
154	34	22	11	41	48	65	66	NA	38	53	35	54	49	20	40	43	44	45	41	55	32	30	46	26	50	27	46	51	41	18	69	38	59	52	24	47	24	37	67	38	40	23	28	36	25	18	40	NA	NA	41	69	49	32	49	33	23	44	51	36	NA	43	33	71	45	18	47	32	44	23	36	29	40	27	23	46	19	53	42	44	30	27	NA	41	29	27	47	34	39	42	57	48	27	47	26	35	26	53	18	31	47
155	34	26	11	45	64	58	58	NA	51	67	48	49	41	19	26	54	43	45	32	35	35	35	39	50	57	25	37	33	28	27	40	39	51	51	28	42	20	41	54	33	48	24	30	44	24	26	42	NA	NA	64	50	46	29	42	33	26	56	36	35	NA	40	24	60	34	51	37	29	33	23	33	27	39	20	28	45	38	38	44	51	26	24	NA	37	28	20	74	29	39	32	57	38	30	45	20	39	19	59	15	28	36
156	42	26	12	50	64	57	39	NA	54	47	40	64	37	15	25	52	46	31	29	25	43	35	47	21	41	22	36	21	37	25	47	39	56	45	36	50	19	28	46	42	46	20	35	49	22	20	36	NA	NA	84	55	48	36	59	27	27	50	34	35	NA	34	32	73	45	50	38	24	51	22	37	40	39	25	50	47	39	42	64	52	19	24	NA	42	24	14	54	26	46	34	49	39	30	41	27	32	20	50	14	24	48
157	44	15	11	38	72	50	45	NA	59	33	39	61	28	16	46	54	49	34	34	29	43	37	32	25	47	21	38	17	34	21	46	40	51	35	39	85	21	35	49	45	47	18	29	48	16	15	24	NA	NA	72	50	31	27	71	27	29	53	24	28	NA	55	22	35	43	43	43	27	68	19	29	31	51	14	44	41	25	53	34	61	27	21	NA	38	24	11	39	27	31	50	48	47	31	42	19	33	19	54	14	35	35
158	38	15	12	46	81	48	57	NA	49	18	31	47	27	16	38	52	61	32	29	22	31	34	48	16	35	17	28	17	22	18	36	42	74	56	23	67	16	31	46	47	41	23	29	32	13	13	18	NA	NA	39	57	25	41	51	27	29	53	30	19	NA	48	19	44	39	30	38	32	29	17	37	23	38	13	37	41	25	38	25	47	25	18	NA	44	28	13	35	20	28	40	40	49	27	34	22	31	18	53	18	32	32
159	43	24	20	34	69	53	49	NA	34	24	59	50	40	12	22	38	60	30	30	21	53	23	96	16	38	16	34	18	24	18	59	40	64	69	31	59	16	31	44	45	45	38	36	37	9	13	18	NA	NA	54	64	40	29	50	24	27	40	39	18	NA	50	22	39	25	21	35	27	21	22	28	13	33	14	25	38	23	39	29	44	29	14	NA	41	24	13	28	13	28	48	47	44	25	47	16	42	26	63	14	34	27
160	35	23	17	30	67	46	48	NA	28	28	68	60	39	7	29	41	51	34	26	51	37	31	94	18	34	20	30	9	27	12	48	28	62	63	30	39	27	30	42	45	38	31	34	36	8	13	19	NA	NA	40	44	30	25	51	25	15	44	26	17	NA	42	28	41	26	21	39	22	22	24	28	14	57	14	27	49	12	41	38	55	24	9	NA	37	19	14	25	15	32	31	43	31	28	40	16	30	34	60	17	23	31
161	41	28	13	50	54	57	40	NA	47	28	68	63	47	7	18	42	40	32	30	53	33	27	69	18	33	14	30	15	29	8	39	40	84	98	29	55	33	31	43	35	51	22	27	35	9	13	16	NA	NA	35	47	29	20	60	24	23	50	25	36	NA	40	29	31	25	14	39	22	20	26	22	16	47	8	23	36	13	28	41	57	14	9	NA	40	20	11	24	17	34	42	38	38	31	41	12	31	28	48	21	19	30
162	42	19	8	46	44	69	45	NA	40	21	41	50	55	8	17	31	56	31	36	25	27	23	62	17	36	13	35	19	25	6	40	42	52	44	17	54	30	37	53	43	26	15	26	29	16	18	14	NA	NA	35	50	31	19	43	17	17	40	19	59	NA	34	24	30	46	16	53	24	23	18	28	17	46	9	22	42	13	53	34	47	17	9	NA	45	47	15	28	16	27	31	41	32	31	49	14	33	8	60	16	17	42
163	43	9	7	50	43	56	45	NA	29	22	32	37	48	6	21	33	40	29	31	38	33	26	47	26	35	16	19	17	24	4	44	43	53	36	19	90	21	40	55	35	34	22	20	42	17	19	19	NA	NA	42	49	36	25	25	20	15	54	28	33	NA	66	18	32	28	15	61	21	26	11	17	13	44	11	17	36	17	32	30	45	14	10	NA	33	45	8	42	10	24	29	40	22	29	46	12	25	8	45	9	17	35
164	32	21	7	54	45	50	42	NA	22	29	27	40	44	6	19	34	37	33	32	26	24	34	34	35	50	15	31	16	20	3	36	30	42	52	18	63	25	50	54	26	34	18	29	42	17	18	32	NA	NA	39	45	37	20	45	25	11	49	27	30	NA	59	18	31	33	16	36	29	25	13	15	21	36	10	15	39	13	24	30	45	16	9	NA	56	28	9	28	9	22	31	29	34	27	50	15	26	7	62	9	16	40
165	32	18	7	38	43	52	42	NA	19	12	41	31	54	5	16	36	36	26	32	21	24	18	31	38	37	14	22	16	24	3	39	30	51	54	15	57	29	27	44	38	25	13	25	25	7	10	27	NA	NA	45	49	16	22	35	34	11	42	18	27	NA	59	12	31	32	13	32	17	19	14	14	24	39	9	14	29	12	28	27	36	10	9	NA	35	32	5	25	11	17	30	34	26	28	33	13	19	11	55	6	14	48
166	30	8	8	34	36	76	52	NA	23	8	32	41	51	7	18	27	38	28	35	23	27	22	25	35	31	10	25	25	23	3	36	35	62	39	19	58	21	27	51	25	35	10	22	20	9	7	16	NA	NA	32	47	20	18	30	25	12	51	15	32	NA	46	20	37	30	12	28	48	18	10	15	22	28	8	14	34	13	33	24	35	9	7	NA	35	67	7	24	11	16	31	35	30	33	46	13	15	6	65	6	16	39
167	24	8	9	27	53	36	46	NA	23	10	40	47	23	9	25	30	33	18	28	17	33	26	28	22	36	12	33	16	18	3	33	41	63	39	17	40	17	46	36	28	23	8	20	19	6	7	16	NA	NA	33	66	18	18	37	12	14	29	13	29	NA	39	15	23	34	14	22	39	16	10	13	20	37	4	10	25	7	29	23	38	8	6	NA	25	75	7	22	9	21	31	36	25	26	31	8	22	6	61	8	10	40
168	31	8	9	39	38	33	31	NA	20	10	34	45	24	10	25	25	42	32	15	13	28	34	21	19	42	8	18	27	19	2	43	33	59	41	15	50	12	29	40	28	29	9	18	15	5	10	19	NA	NA	34	61	16	24	55	14	12	61	11	24	NA	36	41	19	26	9	39	31	16	7	12	17	48	5	12	35	10	32	25	42	7	5	NA	36	42	6	34	7	16	24	40	21	13	42	7	24	6	51	8	12	30
169	38	11	12	50	41	62	53	NA	16	11	37	19	29	8	27	26	32	20	16	24	22	22	44	12	36	10	17	17	19	2	37	28	69	39	11	55	11	28	41	27	22	8	17	12	5	7	16	NA	NA	30	53	21	17	28	18	14	39	16	23	NA	36	22	16	18	11	34	26	13	4	10	14	29	6	20	34	8	32	25	36	8	6	NA	36	29	7	34	7	11	24	26	29	19	36	5	20	6	57	5	15	23
170	33	12	11	39	33	46	35	NA	31	36	50	21	30	8	20	30	28	20	20	24	19	28	23	12	33	8	18	19	15	2	33	26	57	38	11	79	10	36	42	30	25	8	20	12	6	10	11	NA	NA	28	42	33	11	31	15	7	32	10	19	NA	53	21	18	18	11	29	16	11	4	8	14	30	8	20	35	6	33	25	52	10	9	NA	31	26	13	27	6	16	19	26	29	19	42	7	21	6	60	3	12	28
171	34	12	11	35	42	50	22	NA	37	35	46	31	26	5	21	16	21	15	20	24	21	36	18	19	37	9	27	16	11	1	26	23	53	32	12	83	7	33	47	22	25	8	21	10	5	12	11	NA	NA	22	36	55	21	32	13	6	35	13	22	NA	51	25	30	14	9	23	16	10	2	8	8	32	9	19	22	6	46	23	42	11	9	NA	32	27	16	14	8	11	16	24	25	20	43	6	26	6	38	5	11	18
172	30	15	10	35	30	37	26	NA	17	18	32	22	20	6	15	21	24	15	13	14	19	27	15	15	47	9	16	16	13	1	27	32	50	43	15	67	5	29	46	29	24	9	25	11	5	16	8	NA	NA	19	51	49	26	50	22	6	30	11	22	NA	47	23	21	13	9	19	16	9	2	8	6	23	7	8	36	5	34	20	42	8	11	NA	38	14	15	13	5	13	14	25	28	18	43	5	25	7	44	5	10	22
173	23	11	5	28	29	30	28	NA	12	15	32	23	27	7	14	22	18	18	10	15	17	21	21	15	37	9	14	9	8	1	29	37	71	42	15	58	5	15	45	30	23	10	22	9	7	12	8	NA	NA	27	59	53	29	26	34	7	34	10	19	NA	42	15	33	14	7	25	28	13	2	15	5	18	3	6	30	6	23	23	30	7	11	NA	31	13	16	12	5	12	10	21	27	11	33	4	16	8	46	3	8	16
174	28	10	6	37	20	32	33	NA	13	9	24	27	24	6	13	25	20	18	24	15	21	11	21	14	22	11	13	10	7	1	32	19	75	32	15	50	3	14	31	23	20	8	12	9	9	10	7	NA	NA	23	41	44	17	26	36	5	29	9	16	NA	24	14	33	12	6	24	18	8	2	6	6	17	2	4	19	6	21	19	28	10	8	NA	30	21	14	16	3	11	14	22	20	11	26	6	19	3	47	3	9	12
175	31	9	5	38	22	27	26	NA	13	9	28	29	18	6	15	37	23	23	21	12	18	11	17	16	30	12	13	14	8	1	30	24	54	40	14	46	4	17	28	18	13	7	10	10	11	5	9	NA	NA	29	33	43	10	29	33	6	26	8	8	NA	21	10	37	10	5	22	15	13	2	10	5	17	2	4	30	8	21	16	34	11	8	NA	27	21	6	14	3	9	16	30	14	11	30	5	16	3	48	4	9	9
176	16	6	12	34	33	36	24	NA	12	10	26	37	21	4	8	19	15	13	15	10	17	10	17	16	20	9	14	11	7	0	29	19	60	27	8	47	5	22	37	21	13	5	8	7	9	3	8	NA	NA	22	41	11	9	32	30	5	33	5	7	NA	19	10	19	12	7	20	16	11	2	4	5	20	2	4	15	4	21	16	48	11	8	NA	35	14	7	11	3	10	12	20	13	9	32	7	17	3	59	4	8	11
177	16	6	14	26	45	33	22	NA	12	15	21	32	23	2	16	12	13	18	14	7	17	13	28	11	16	9	16	12	8	NA	16	11	79	27	4	32	2	20	33	19	8	4	8	5	9	5	6	NA	NA	18	39	10	7	27	10	6	26	5	3	NA	22	7	21	9	7	22	23	15	1	3	5	13	2	4	21	4	22	12	43	9	3	NA	31	12	9	10	2	8	13	22	22	10	34	4	14	3	57	3	6	10
178	33	7	14	21	28	26	24	NA	11	17	20	33	17	2	14	11	13	15	11	6	18	10	20	6	24	7	14	13	7	NA	16	20	55	26	4	46	4	24	28	12	11	5	7	8	7	6	11	NA	NA	22	37	8	5	25	11	4	26	7	4	NA	23	7	18	9	8	27	19	6	1	5	6	16	1	4	27	4	17	13	28	6	4	NA	27	8	8	9	3	9	14	20	22	9	24	5	12	3	63	3	5	11
179	33	6	10	21	37	40	39	NA	9	18	21	18	14	2	15	17	10	13	9	5	17	11	18	4	19	6	11	15	8	NA	21	11	53	27	3	49	5	21	31	18	9	6	8	5	5	3	11	NA	NA	19	35	5	6	27	11	6	36	6	4	NA	19	7	15	6	8	30	15	9	1	5	5	17	0	3	18	6	17	14	32	7	4	NA	19	9	7	8	2	9	14	26	18	8	42	5	16	4	50	3	5	19
180	38	10	7	24	22	38	31	NA	9	8	34	17	11	2	13	13	8	11	12	3	12	12	25	5	12	6	10	13	8	NA	21	8	59	13	3	70	6	17	26	15	8	5	8	5	3	3	11	NA	NA	17	42	5	7	25	13	7	25	6	5	NA	24	7	15	6	8	30	18	4	1	6	5	21	NA	2	16	7	11	12	26	9	4	NA	18	7	5	7	3	9	10	26	15	5	36	8	15	3	39	2	5	22
181	26	13	6	36	21	26	18	NA	5	6	32	13	10	1	11	12	11	13	12	3	12	10	46	5	10	7	5	12	8	NA	19	10	46	12	3	43	8	10	26	12	20	5	6	6	2	3	10	NA	NA	15	40	5	7	30	11	4	39	6	6	NA	20	4	14	6	8	26	18	6	0	9	3	19	NA	2	20	5	14	10	21	8	2	NA	18	5	6	9	1	11	8	26	19	5	25	18	13	3	83	1	5	16
182	20	15	2	34	23	20	16	NA	7	7	29	13	8	1	12	9	11	12	9	3	12	10	13	5	11	5	5	9	7	NA	22	9	44	13	3	40	8	7	21	8	19	6	6	6	1	3	13	NA	NA	13	27	8	7	19	9	2	22	8	4	NA	21	2	14	3	7	24	13	7	NA	5	2	15	NA	2	10	4	11	12	21	6	4	NA	31	5	5	9	1	12	11	23	12	5	22	20	10	3	54	1	5	17
183	15	13	3	32	16	41	14	NA	6	5	35	11	8	1	7	11	12	13	8	3	11	9	10	5	11	4	6	8	5	NA	10	6	58	12	3	41	6	9	21	9	18	6	6	4	1	2	15	NA	NA	14	43	8	5	14	8	5	31	10	5	NA	14	3	12	3	3	23	12	7	NA	5	2	15	NA	2	9	6	14	12	33	7	8	NA	37	5	4	12	1	10	13	27	10	5	20	18	9	2	69	1	4	14
184	13	7	3	14	13	24	14	NA	6	6	14	10	8	0	6	19	10	8	7	5	10	6	15	3	14	2	4	1	5	NA	14	6	54	13	6	30	6	10	21	9	11	5	8	4	1	2	14	NA	NA	16	38	7	5	13	8	3	28	8	6	NA	14	2	11	2	2	17	7	7	NA	6	2	13	NA	2	7	6	17	12	33	4	8	NA	37	4	4	12	0	10	13	19	8	4	13	15	8	1	41	1	5	14
185	10	7	3	17	14	24	12	NA	6	7	11	10	11	NA	6	27	12	14	5	6	9	5	11	3	15	2	4	1	8	NA	9	6	45	13	6	28	3	17	21	11	9	4	8	3	0	2	7	NA	NA	14	22	6	1	17	6	3	26	6	5	NA	8	2	6	2	2	15	8	8	NA	5	1	17	NA	3	5	7	17	12	19	3	5	NA	12	3	2	13	NA	5	13	23	4	6	8	11	5	1	40	1	3	8
186	11	6	3	16	13	22	11	NA	4	8	9	12	9	NA	7	13	12	12	3	6	6	5	9	4	12	2	2	1	7	NA	9	7	46	13	7	26	4	14	25	14	9	6	8	3	NA	2	6	NA	NA	12	36	5	1	27	6	2	23	6	4	NA	11	2	5	2	2	27	6	10	NA	3	1	10	NA	2	5	4	11	17	28	3	5	NA	11	3	1	7	NA	7	4	29	5	7	7	7	5	1	35	0	4	6
187	12	5	4	17	9	20	9	NA	2	7	9	16	7	NA	8	10	11	11	4	4	5	3	7	2	7	2	3	1	6	NA	10	7	60	13	8	40	4	15	21	20	8	5	3	3	NA	2	6	NA	NA	21	35	5	1	23	4	4	13	3	2	NA	8	1	4	1	2	25	4	9	NA	3	1	11	NA	2	5	4	7	17	17	3	5	NA	17	2	1	6	NA	4	4	32	7	5	7	4	5	2	42	NA	6	6
188	10	5	4	11	7	15	6	NA	3	7	10	19	7	NA	3	7	11	4	4	4	5	1	6	2	8	2	3	1	6	NA	9	6	40	9	10	43	3	17	14	20	8	6	4	3	NA	2	5	NA	NA	22	58	5	1	34	11	4	12	3	3	NA	19	1	4	1	2	19	5	6	NA	3	1	9	NA	2	7	3	7	11	15	1	7	NA	17	3	1	6	NA	3	4	34	6	5	11	4	4	1	43	NA	6	7
189	7	2	2	8	9	14	6	NA	4	5	10	12	7	NA	4	6	6	4	4	4	8	1	5	3	9	3	2	0	7	NA	9	7	39	10	9	38	3	9	10	11	3	10	4	3	NA	2	5	NA	NA	18	32	3	1	16	12	4	12	2	3	NA	25	1	3	1	1	21	7	4	NA	2	0	6	NA	2	8	2	8	6	28	2	5	NA	16	2	1	6	NA	3	2	37	4	5	18	4	5	1	30	NA	6	5
190	8	3	4	14	6	13	7	NA	3	8	7	7	6	NA	2	7	6	6	4	4	5	1	5	1	6	2	2	NA	7	NA	9	5	31	15	12	38	2	15	10	8	2	6	3	2	NA	2	5	NA	NA	17	26	4	0	17	13	5	12	2	4	NA	18	1	4	1	1	16	8	4	NA	2	NA	4	NA	3	9	2	7	5	24	2	5	NA	14	2	0	6	NA	4	1	36	4	5	17	6	4	1	34	NA	2	3
191	7	3	2	13	5	16	7	NA	2	6	5	8	6	NA	1	3	4	8	4	3	4	1	5	1	6	2	2	NA	6	NA	8	6	28	14	12	30	3	14	9	8	2	6	3	2	NA	1	5	NA	NA	6	21	4	NA	17	9	7	10	2	3	NA	11	1	4	1	0	11	5	3	NA	2	NA	6	NA	2	8	1	5	4	16	1	7	NA	7	2	NA	5	NA	3	1	32	4	5	13	8	5	1	64	NA	1	3
192	8	2	1	13	6	18	5	NA	2	6	6	5	8	NA	1	4	4	9	5	2	6	1	3	1	6	1	1	NA	7	NA	8	6	29	7	10	24	3	5	9	5	1	7	2	1	NA	1	3	NA	NA	12	25	3	NA	14	4	5	11	2	3	NA	7	1	6	1	NA	3	5	3	NA	1	NA	5	NA	3	7	1	5	4	20	2	8	NA	6	2	NA	2	NA	5	1	28	5	5	10	6	4	0	52	NA	1	3
193	8	2	2	11	7	15	5	NA	2	7	7	6	5	NA	2	4	5	9	2	1	7	0	3	1	4	0	1	NA	8	NA	9	14	31	8	4	23	3	6	9	4	1	7	1	1	NA	2	3	NA	NA	5	16	3	NA	10	4	5	10	1	3	NA	8	1	5	0	NA	3	5	4	NA	2	NA	5	NA	3	8	1	10	6	20	3	7	NA	6	2	NA	2	NA	6	1	19	3	4	11	6	5	NA	39	NA	1	2
194	9	1	3	7	4	15	7	NA	1	12	5	6	4	NA	1	4	2	7	1	0	6	NA	3	1	5	NA	0	NA	10	NA	9	9	48	4	4	26	2	3	11	4	1	3	1	0	NA	2	3	NA	NA	4	21	3	NA	12	4	3	12	2	3	NA	9	0	3	NA	NA	4	4	5	NA	1	NA	4	NA	3	8	1	11	7	8	3	4	NA	11	1	NA	1	NA	6	1	9	2	3	9	5	6	NA	36	NA	1	3
195	9	1	4	8	4	14	9	NA	0	6	4	6	4	NA	1	4	4	6	1	NA	4	NA	2	1	5	NA	NA	NA	3	NA	9	8	49	4	4	21	2	2	15	4	1	3	1	NA	NA	2	5	NA	NA	2	17	1	NA	8	3	2	13	2	3	NA	9	NA	2	NA	NA	4	3	3	NA	1	NA	4	NA	2	7	0	16	8	6	3	4	NA	9	1	NA	1	NA	4	2	8	2	5	8	4	7	NA	29	NA	0	3
196	7	1	11	4	4	17	12	NA	NA	6	3	8	3	NA	1	4	4	3	1	NA	4	NA	2	1	6	NA	NA	NA	4	NA	8	15	53	4	8	23	1	2	13	4	1	4	0	NA	NA	3	6	NA	NA	3	24	1	NA	6	3	1	15	1	2	NA	8	NA	1	NA	NA	1	2	3	NA	1	NA	3	NA	1	6	NA	9	9	6	3	2	NA	8	0	NA	1	NA	6	2	8	2	3	16	4	8	NA	39	NA	NA	4
197	5	0	4	4	3	27	9	NA	NA	8	5	9	2	NA	0	5	3	4	1	NA	3	NA	2	0	7	NA	NA	NA	2	NA	5	8	47	2	10	21	1	2	7	5	0	3	NA	NA	NA	3	7	NA	NA	3	27	1	NA	6	4	1	9	1	1	NA	13	NA	3	NA	NA	1	2	2	NA	1	NA	3	NA	1	6	NA	5	6	7	3	1	NA	8	NA	NA	1	NA	7	2	9	2	3	15	3	6	NA	40	NA	NA	4
198	6	NA	3	4	3	19	9	NA	NA	8	4	7	2	NA	NA	5	2	5	1	NA	3	NA	2	NA	8	NA	NA	NA	2	NA	3	7	44	1	4	12	0	2	7	7	NA	7	NA	NA	NA	3	7	NA	NA	3	26	0	NA	6	4	0	10	1	0	NA	11	NA	3	NA	NA	1	1	4	NA	1	NA	3	NA	1	6	NA	4	6	7	3	1	NA	8	NA	NA	2	NA	7	2	19	3	3	9	5	6	NA	28	NA	NA	5
199	3	NA	5	5	4	15	4	NA	NA	9	4	6	3	NA	NA	5	2	4	0	NA	2	NA	2	NA	6	NA	NA	NA	1	NA	4	5	37	2	4	13	NA	1	8	7	NA	7	NA	NA	NA	3	6	NA	NA	3	29	NA	NA	7	5	NA	9	1	NA	NA	6	NA	3	NA	NA	1	1	6	NA	0	NA	3	NA	1	5	NA	5	7	7	1	1	NA	6	NA	NA	1	NA	9	1	24	1	3	9	3	6	NA	25	NA	NA	5
200	5	NA	4	5	4	8	4	NA	NA	8	6	7	3	NA	NA	6	2	4	NA	NA	2	NA	1	NA	5	NA	NA	NA	0	NA	4	6	37	2	4	13	NA	1	8	6	NA	9	NA	NA	NA	3	6	NA	NA	3	18	NA	NA	4	3	NA	5	1	NA	NA	7	NA	3	NA	NA	1	1	10	NA	NA	NA	2	NA	0	4	NA	5	10	4	0	1	NA	8	NA	NA	1	NA	9	1	13	1	3	8	3	4	NA	29	NA	NA	4
201	6	NA	2	6	6	6	5	NA	NA	5	8	3	3	NA	NA	5	2	5	NA	NA	1	NA	1	NA	5	NA	NA	NA	NA	NA	4	7	39	2	3	14	NA	0	10	4	NA	5	NA	NA	NA	1	7	NA	NA	2	15	NA	NA	4	4	NA	6	0	NA	NA	6	NA	5	NA	NA	1	1	10	NA	NA	NA	2	NA	NA	3	NA	5	7	3	NA	0	NA	6	NA	NA	1	NA	6	0	9	2	2	4	2	5	NA	24	NA	NA	3
202	5	NA	2	6	5	6	6	NA	NA	6	9	2	3	NA	NA	10	2	7	NA	NA	1	NA	3	NA	4	NA	NA	NA	NA	NA	4	6	27	2	1	12	NA	NA	12	4	NA	7	NA	NA	NA	1	3	NA	NA	2	16	NA	NA	3	3	NA	5	NA	NA	NA	3	NA	5	NA	NA	1	1	12	NA	NA	NA	3	NA	NA	4	NA	6	4	3	NA	NA	NA	5	NA	NA	1	NA	3	NA	8	2	2	4	1	4	NA	16	NA	NA	3
203	6	NA	1	5	3	3	8	NA	NA	6	11	1	4	NA	NA	11	2	8	NA	NA	1	NA	3	NA	4	NA	NA	NA	NA	NA	4	3	28	1	2	16	NA	NA	14	2	NA	8	NA	NA	NA	1	2	NA	NA	2	15	NA	NA	2	2	NA	5	NA	NA	NA	2	NA	6	NA	NA	1	1	11	NA	NA	NA	2	NA	NA	4	NA	7	3	3	NA	NA	NA	5	NA	NA	1	NA	3	NA	7	2	1	4	1	5	NA	33	NA	NA	3
204	6	NA	1	4	4	3	8	NA	NA	2	4	1	3	NA	NA	9	3	7	NA	NA	1	NA	3	NA	3	NA	NA	NA	NA	NA	2	3	24	0	4	14	NA	NA	11	2	NA	8	NA	NA	NA	0	2	NA	NA	2	12	NA	NA	2	2	NA	9	NA	NA	NA	2	NA	5	NA	NA	1	1	6	NA	NA	NA	2	NA	NA	3	NA	7	3	3	NA	NA	NA	5	NA	NA	1	NA	5	NA	6	1	1	4	1	4	NA	18	NA	NA	2
205	7	NA	2	4	6	3	9	NA	NA	2	3	2	3	NA	NA	7	3	5	NA	NA	1	NA	3	NA	3	NA	NA	NA	NA	NA	4	2	32	NA	4	14	NA	NA	14	1	NA	8	NA	NA	NA	NA	2	NA	NA	2	10	NA	NA	1	2	NA	5	NA	NA	NA	2	NA	4	NA	NA	0	1	3	NA	NA	NA	4	NA	NA	3	NA	5	3	4	NA	NA	NA	5	NA	NA	1	NA	4	NA	3	1	0	3	0	2	NA	16	NA	NA	2
206	7	NA	2	5	4	3	5	NA	NA	2	3	1	1	NA	NA	8	3	5	NA	NA	1	NA	3	NA	2	NA	NA	NA	NA	NA	5	1	32	NA	5	11	NA	NA	14	0	NA	9	NA	NA	NA	NA	1	NA	NA	2	9	NA	NA	1	2	NA	3	NA	NA	NA	2	NA	3	NA	NA	NA	0	2	NA	NA	NA	4	NA	NA	3	NA	5	2	4	NA	NA	NA	6	NA	NA	0	NA	5	NA	4	1	NA	3	NA	2	NA	13	NA	NA	3
207	4	NA	3	6	6	3	4	NA	NA	2	3	1	1	NA	NA	5	2	5	NA	NA	0	NA	4	NA	2	NA	NA	NA	NA	NA	6	1	26	NA	2	9	NA	NA	10	NA	NA	8	NA	NA	NA	NA	1	NA	NA	2	9	NA	NA	1	1	NA	2	NA	NA	NA	1	NA	1	NA	NA	NA	NA	1	NA	NA	NA	4	NA	NA	2	NA	4	2	4	NA	NA	NA	4	NA	NA	NA	NA	4	NA	2	1	NA	1	NA	2	NA	11	NA	NA	2
208	5	NA	3	4	6	4	4	NA	NA	2	5	1	1	NA	NA	6	1	3	NA	NA	NA	NA	4	NA	2	NA	NA	NA	NA	NA	6	2	25	NA	2	8	NA	NA	5	NA	NA	5	NA	NA	NA	NA	1	NA	NA	4	10	NA	NA	0	2	NA	3	NA	NA	NA	2	NA	0	NA	NA	NA	NA	1	NA	NA	NA	3	NA	NA	1	NA	5	2	4	NA	NA	NA	2	NA	NA	NA	NA	8	NA	2	0	NA	1	NA	2	NA	8	NA	NA	3
209	2	NA	2	3	6	2	4	NA	NA	2	7	1	0	NA	NA	7	1	3	NA	NA	NA	NA	7	NA	1	NA	NA	NA	NA	NA	8	2	22	NA	2	6	NA	NA	7	NA	NA	6	NA	NA	NA	NA	0	NA	NA	5	12	NA	NA	NA	1	NA	4	NA	NA	NA	2	NA	NA	NA	NA	NA	NA	1	NA	NA	NA	1	NA	NA	0	NA	4	2	3	NA	NA	NA	1	NA	NA	NA	NA	7	NA	5	NA	NA	0	NA	3	NA	7	NA	NA	4
210	1	NA	2	5	4	2	4	NA	NA	2	3	1	NA	NA	NA	4	1	2	NA	NA	NA	NA	7	NA	1	NA	NA	NA	NA	NA	7	1	28	NA	1	5	NA	NA	7	NA	NA	6	NA	NA	NA	NA	NA	NA	NA	4	8	NA	NA	NA	1	NA	6	NA	NA	NA	2	NA	NA	NA	NA	NA	NA	0	NA	NA	NA	1	NA	NA	NA	NA	2	4	2	NA	NA	NA	1	NA	NA	NA	NA	6	NA	6	NA	NA	NA	NA	2	NA	5	NA	NA	3
211	1	NA	2	5	2	2	3	NA	NA	2	4	1	NA	NA	NA	5	1	2	NA	NA	NA	NA	4	NA	1	NA	NA	NA	NA	NA	8	1	38	NA	1	4	NA	NA	6	NA	NA	4	NA	NA	NA	NA	NA	NA	NA	4	11	NA	NA	NA	1	NA	3	NA	NA	NA	1	NA	NA	NA	NA	NA	NA	NA	NA	NA	NA	1	NA	NA	NA	NA	2	5	3	NA	NA	NA	1	NA	NA	NA	NA	6	NA	7	NA	NA	NA	NA	2	NA	8	NA	NA	2
212	0	NA	0	2	1	1	8	NA	NA	2	1	1	NA	NA	NA	3	0	3	NA	NA	NA	NA	4	NA	0	NA	NA	NA	NA	NA	6	1	33	NA	1	3	NA	NA	6	NA	NA	2	NA	NA	NA	NA	NA	NA	NA	3	8	NA	NA	NA	1	NA	2	NA	NA	NA	0	NA	NA	NA	NA	NA	NA	NA	NA	NA	NA	1	NA	NA	NA	NA	1	6	3	NA	NA	NA	0	NA	NA	NA	NA	3	NA	9	NA	NA	NA	NA	2	NA	16	NA	NA	3
213	NA	NA	NA	2	1	1	8	NA	NA	1	1	1	NA	NA	NA	2	NA	1	NA	NA	NA	NA	1	NA	NA	NA	NA	NA	NA	NA	6	1	37	NA	1	3	NA	NA	5	NA	NA	1	NA	NA	NA	NA	NA	NA	NA	3	8	NA	NA	NA	0	NA	2	NA	NA	NA	NA	NA	NA	NA	NA	NA	NA	NA	NA	NA	NA	1	NA	NA	NA	NA	1	8	3	NA	NA	NA	NA	NA	NA	NA	NA	2	NA	11	NA	NA	NA	NA	2	NA	16	NA	NA	3
214	NA	NA	NA	2	1	1	6	NA	NA	1	2	1	NA	NA	NA	2	NA	1	NA	NA	NA	NA	1	NA	NA	NA	NA	NA	NA	NA	9	1	29	NA	1	2	NA	NA	6	NA	NA	1	NA	NA	NA	NA	NA	NA	NA	2	6	NA	NA	NA	NA	NA	2	NA	NA	NA	NA	NA	NA	NA	NA	NA	NA	NA	NA	NA	NA	0	NA	NA	NA	NA	1	9	2	NA	NA	NA	NA	NA	NA	NA	NA	1	NA	10	NA	NA	NA	NA	0	NA	22	NA	NA	3
215	NA	NA	NA	1	0	1	4	NA	NA	0	1	0	NA	NA	NA	0	NA	1	NA	NA	NA	NA	2	NA	NA	NA	NA	NA	NA	NA	7	0	22	NA	0	3	NA	NA	6	NA	NA	1	NA	NA	NA	NA	NA	NA	NA	2	5	NA	NA	NA	NA	NA	2	NA	NA	NA	NA	NA	NA	NA	NA	NA	NA	NA	NA	NA	NA	NA	NA	NA	NA	NA	1	5	2	NA	NA	NA	NA	NA	NA	NA	NA	0	NA	6	NA	NA	NA	NA	NA	NA	13	NA	NA	3
216	NA	NA	NA	1	NA	0	5	NA	NA	NA	1	NA	NA	NA	NA	NA	NA	1	NA	NA	NA	NA	2	NA	NA	NA	NA	NA	NA	NA	3	NA	13	NA	NA	3	NA	NA	5	NA	NA	0	NA	NA	NA	NA	NA	NA	NA	1	5	NA	NA	NA	NA	NA	1	NA	NA	NA	NA	NA	NA	NA	NA	NA	NA	NA	NA	NA	NA	NA	NA	NA	NA	NA	1	5	1	NA	NA	NA	NA	NA	NA	NA	NA	NA	NA	3	NA	NA	NA	NA	NA	NA	9	NA	NA	2
217	NA	NA	NA	0	NA	NA	3	NA	NA	NA	1	NA	NA	NA	NA	NA	NA	1	NA	NA	NA	NA	2	NA	NA	NA	NA	NA	NA	NA	4	NA	19	NA	NA	3	NA	NA	4	NA	NA	NA	NA	NA	NA	NA	NA	NA	NA	1	5	NA	NA	NA	NA	NA	1	NA	NA	NA	NA	NA	NA	NA	NA	NA	NA	NA	NA	NA	NA	NA	NA	NA	NA	NA	1	4	1	NA	NA	NA	NA	NA	NA	NA	NA	NA	NA	2	NA	NA	NA	NA	NA	NA	7	NA	NA	1
218	NA	NA	NA	NA	NA	NA	3	NA	NA	NA	1	NA	NA	NA	NA	NA	NA	1	NA	NA	NA	NA	1	NA	NA	NA	NA	NA	NA	NA	1	NA	19	NA	NA	5	NA	NA	4	NA	NA	NA	NA	NA	NA	NA	NA	NA	NA	1	2	NA	NA	NA	NA	NA	1	NA	NA	NA	NA	NA	NA	NA	NA	NA	NA	NA	NA	NA	NA	NA	NA	NA	NA	NA	0	5	0	NA	NA	NA	NA	NA	NA	NA	NA	NA	NA	3	NA	NA	NA	NA	NA	NA	6	NA	NA	1
219	NA	NA	NA	NA	NA	NA	3	NA	NA	NA	1	NA	NA	NA	NA	NA	NA	0	NA	NA	NA	NA	1	NA	NA	NA	NA	NA	NA	NA	3	NA	15	NA	NA	4	NA	NA	1	NA	NA	NA	NA	NA	NA	NA	NA	NA	NA	1	2	NA	NA	NA	NA	NA	2	NA	NA	NA	NA	NA	NA	NA	NA	NA	NA	NA	NA	NA	NA	NA	NA	NA	NA	NA	NA	6	NA	NA	NA	NA	NA	NA	NA	NA	NA	NA	NA	4	NA	NA	NA	NA	NA	NA	5	NA	NA	1
220	NA	NA	NA	NA	NA	NA	4	NA	NA	NA	1	NA	NA	NA	NA	NA	NA	NA	NA	NA	NA	NA	0	NA	NA	NA	NA	NA	NA	NA	3	NA	10	NA	NA	4	NA	NA	1	NA	NA	NA	NA	NA	NA	NA	NA	NA	NA	1	2	NA	NA	NA	NA	NA	2	NA	NA	NA	NA	NA	NA	NA	NA	NA	NA	NA	NA	NA	NA	NA	NA	NA	NA	NA	NA	4	NA	NA	NA	NA	NA	NA	NA	NA	NA	NA	NA	6	NA	NA	NA	NA	NA	NA	4	NA	NA	0
221	NA	NA	NA	NA	NA	NA	6	NA	NA	NA	1	NA	NA	NA	NA	NA	NA	NA	NA	NA	NA	NA	NA	NA	NA	NA	NA	NA	NA	NA	2	NA	7	NA	NA	3	NA	NA	0	NA	NA	NA	NA	NA	NA	NA	NA	NA	NA	0	2	NA	NA	NA	NA	NA	2	NA	NA	NA	NA	NA	NA	NA	NA	NA	NA	NA	NA	NA	NA	NA	NA	NA	NA	NA	NA	2	NA	NA	NA	NA	NA	NA	NA	NA	NA	NA	NA	7	NA	NA	NA	NA	NA	NA	3	NA	NA	NA
222	NA	NA	NA	NA	NA	NA	7	NA	NA	NA	0	NA	NA	NA	NA	NA	NA	NA	NA	NA	NA	NA	NA	NA	NA	NA	NA	NA	NA	NA	2	NA	7	NA	NA	2	NA	NA	NA	NA	NA	NA	NA	NA	NA	NA	NA	NA	NA	NA	3	NA	NA	NA	NA	NA	2	NA	NA	NA	NA	NA	NA	NA	NA	NA	NA	NA	NA	NA	NA	NA	NA	NA	NA	NA	NA	2	NA	NA	NA	NA	NA	NA	NA	NA	NA	NA	NA	8	NA	NA	NA	NA	NA	NA	2	NA	NA	NA
223	NA	NA	NA	NA	NA	NA	5	NA	NA	NA	NA	NA	NA	NA	NA	NA	NA	NA	NA	NA	NA	NA	NA	NA	NA	NA	NA	NA	NA	NA	1	NA	6	NA	NA	2	NA	NA	NA	NA	NA	NA	NA	NA	NA	NA	NA	NA	NA	NA	3	NA	NA	NA	NA	NA	2	NA	NA	NA	NA	NA	NA	NA	NA	NA	NA	NA	NA	NA	NA	NA	NA	NA	NA	NA	NA	4	NA	NA	NA	NA	NA	NA	NA	NA	NA	NA	NA	5	NA	NA	NA	NA	NA	NA	2	NA	NA	NA
224	NA	NA	NA	NA	NA	NA	6	NA	NA	NA	NA	NA	NA	NA	NA	NA	NA	NA	NA	NA	NA	NA	NA	NA	NA	NA	NA	NA	NA	NA	1	NA	11	NA	NA	1	NA	NA	NA	NA	NA	NA	NA	NA	NA	NA	NA	NA	NA	NA	3	NA	NA	NA	NA	NA	2	NA	NA	NA	NA	NA	NA	NA	NA	NA	NA	NA	NA	NA	NA	NA	NA	NA	NA	NA	NA	4	NA	NA	NA	NA	NA	NA	NA	NA	NA	NA	NA	4	NA	NA	NA	NA	NA	NA	2	NA	NA	NA
225	NA	NA	NA	NA	NA	NA	7	NA	NA	NA	NA	NA	NA	NA	NA	NA	NA	NA	NA	NA	NA	NA	NA	NA	NA	NA	NA	NA	NA	NA	0	NA	14	NA	NA	0	NA	NA	NA	NA	NA	NA	NA	NA	NA	NA	NA	NA	NA	NA	1	NA	NA	NA	NA	NA	0	NA	NA	NA	NA	NA	NA	NA	NA	NA	NA	NA	NA	NA	NA	NA	NA	NA	NA	NA	NA	4	NA	NA	NA	NA	NA	NA	NA	NA	NA	NA	NA	5	NA	NA	NA	NA	NA	NA	1	NA	NA	NA
226	NA	NA	NA	NA	NA	NA	5	NA	NA	NA	NA	NA	NA	NA	NA	NA	NA	NA	NA	NA	NA	NA	NA	NA	NA	NA	NA	NA	NA	NA	NA	NA	14	NA	NA	NA	NA	NA	NA	NA	NA	NA	NA	NA	NA	NA	NA	NA	NA	NA	1	NA	NA	NA	NA	NA	NA	NA	NA	NA	NA	NA	NA	NA	NA	NA	NA	NA	NA	NA	NA	NA	NA	NA	NA	NA	NA	3	NA	NA	NA	NA	NA	NA	NA	NA	NA	NA	NA	4	NA	NA	NA	NA	NA	NA	1	NA	NA	NA
227	NA	NA	NA	NA	NA	NA	5	NA	NA	NA	NA	NA	NA	NA	NA	NA	NA	NA	NA	NA	NA	NA	NA	NA	NA	NA	NA	NA	NA	NA	NA	NA	15	NA	NA	NA	NA	NA	NA	NA	NA	NA	NA	NA	NA	NA	NA	NA	NA	NA	1	NA	NA	NA	NA	NA	NA	NA	NA	NA	NA	NA	NA	NA	NA	NA	NA	NA	NA	NA	NA	NA	NA	NA	NA	NA	NA	2	NA	NA	NA	NA	NA	NA	NA	NA	NA	NA	NA	4	NA	NA	NA	NA	NA	NA	1	NA	NA	NA
228	NA	NA	NA	NA	NA	NA	4	NA	NA	NA	NA	NA	NA	NA	NA	NA	NA	NA	NA	NA	NA	NA	NA	NA	NA	NA	NA	NA	NA	NA	NA	NA	13	NA	NA	NA	NA	NA	NA	NA	NA	NA	NA	NA	NA	NA	NA	NA	NA	NA	1	NA	NA	NA	NA	NA	NA	NA	NA	NA	NA	NA	NA	NA	NA	NA	NA	NA	NA	NA	NA	NA	NA	NA	NA	NA	NA	2	NA	NA	NA	NA	NA	NA	NA	NA	NA	NA	NA	4	NA	NA	NA	NA	NA	NA	1	NA	NA	NA
229	NA	NA	NA	NA	NA	NA	1	NA	NA	NA	NA	NA	NA	NA	NA	NA	NA	NA	NA	NA	NA	NA	NA	NA	NA	NA	NA	NA	NA	NA	NA	NA	10	NA	NA	NA	NA	NA	NA	NA	NA	NA	NA	NA	NA	NA	NA	NA	NA	NA	2	NA	NA	NA	NA	NA	NA	NA	NA	NA	NA	NA	NA	NA	NA	NA	NA	NA	NA	NA	NA	NA	NA	NA	NA	NA	NA	1	NA	NA	NA	NA	NA	NA	NA	NA	NA	NA	NA	5	NA	NA	NA	NA	NA	NA	1	NA	NA	NA
230	NA	NA	NA	NA	NA	NA	1	NA	NA	NA	NA	NA	NA	NA	NA	NA	NA	NA	NA	NA	NA	NA	NA	NA	NA	NA	NA	NA	NA	NA	NA	NA	5	NA	NA	NA	NA	NA	NA	NA	NA	NA	NA	NA	NA	NA	NA	NA	NA	NA	2	NA	NA	NA	NA	NA	NA	NA	NA	NA	NA	NA	NA	NA	NA	NA	NA	NA	NA	NA	NA	NA	NA	NA	NA	NA	NA	2	NA	NA	NA	NA	NA	NA	NA	NA	NA	NA	NA	5	NA	NA	NA	NA	NA	NA	1	NA	NA	NA
231	NA	NA	NA	NA	NA	NA	1	NA	NA	NA	NA	NA	NA	NA	NA	NA	NA	NA	NA	NA	NA	NA	NA	NA	NA	NA	NA	NA	NA	NA	NA	NA	6	NA	NA	NA	NA	NA	NA	NA	NA	NA	NA	NA	NA	NA	NA	NA	NA	NA	2	NA	NA	NA	NA	NA	NA	NA	NA	NA	NA	NA	NA	NA	NA	NA	NA	NA	NA	NA	NA	NA	NA	NA	NA	NA	NA	2	NA	NA	NA	NA	NA	NA	NA	NA	NA	NA	NA	3	NA	NA	NA	NA	NA	NA	0	NA	NA	NA
232	NA	NA	NA	NA	NA	NA	1	NA	NA	NA	NA	NA	NA	NA	NA	NA	NA	NA	NA	NA	NA	NA	NA	NA	NA	NA	NA	NA	NA	NA	NA	NA	6	NA	NA	NA	NA	NA	NA	NA	NA	NA	NA	NA	NA	NA	NA	NA	NA	NA	4	NA	NA	NA	NA	NA	NA	NA	NA	NA	NA	NA	NA	NA	NA	NA	NA	NA	NA	NA	NA	NA	NA	NA	NA	NA	NA	2	NA	NA	NA	NA	NA	NA	NA	NA	NA	NA	NA	2	NA	NA	NA	NA	NA	NA	NA	NA	NA	NA
233	NA	NA	NA	NA	NA	NA	0	NA	NA	NA	NA	NA	NA	NA	NA	NA	NA	NA	NA	NA	NA	NA	NA	NA	NA	NA	NA	NA	NA	NA	NA	NA	8	NA	NA	NA	NA	NA	NA	NA	NA	NA	NA	NA	NA	NA	NA	NA	NA	NA	4	NA	NA	NA	NA	NA	NA	NA	NA	NA	NA	NA	NA	NA	NA	NA	NA	NA	NA	NA	NA	NA	NA	NA	NA	NA	NA	3	NA	NA	NA	NA	NA	NA	NA	NA	NA	NA	NA	1	NA	NA	NA	NA	NA	NA	NA	NA	NA	NA
234	NA	NA	NA	NA	NA	NA	NA	NA	NA	NA	NA	NA	NA	NA	NA	NA	NA	NA	NA	NA	NA	NA	NA	NA	NA	NA	NA	NA	NA	NA	NA	NA	6	NA	NA	NA	NA	NA	NA	NA	NA	NA	NA	NA	NA	NA	NA	NA	NA	NA	2	NA	NA	NA	NA	NA	NA	NA	NA	NA	NA	NA	NA	NA	NA	NA	NA	NA	NA	NA	NA	NA	NA	NA	NA	NA	NA	4	NA	NA	NA	NA	NA	NA	NA	NA	NA	NA	NA	1	NA	NA	NA	NA	NA	NA	NA	NA	NA	NA
235	NA	NA	NA	NA	NA	NA	NA	NA	NA	NA	NA	NA	NA	NA	NA	NA	NA	NA	NA	NA	NA	NA	NA	NA	NA	NA	NA	NA	NA	NA	NA	NA	6	NA	NA	NA	NA	NA	NA	NA	NA	NA	NA	NA	NA	NA	NA	NA	NA	NA	2	NA	NA	NA	NA	NA	NA	NA	NA	NA	NA	NA	NA	NA	NA	NA	NA	NA	NA	NA	NA	NA	NA	NA	NA	NA	NA	4	NA	NA	NA	NA	NA	NA	NA	NA	NA	NA	NA	1	NA	NA	NA	NA	NA	NA	NA	NA	NA	NA
236	NA	NA	NA	NA	NA	NA	NA	NA	NA	NA	NA	NA	NA	NA	NA	NA	NA	NA	NA	NA	NA	NA	NA	NA	NA	NA	NA	NA	NA	NA	NA	NA	4	NA	NA	NA	NA	NA	NA	NA	NA	NA	NA	NA	NA	NA	NA	NA	NA	NA	2	NA	NA	NA	NA	NA	NA	NA	NA	NA	NA	NA	NA	NA	NA	NA	NA	NA	NA	NA	NA	NA	NA	NA	NA	NA	NA	4	NA	NA	NA	NA	NA	NA	NA	NA	NA	NA	NA	1	NA	NA	NA	NA	NA	NA	NA	NA	NA	NA
237	NA	NA	NA	NA	NA	NA	NA	NA	NA	NA	NA	NA	NA	NA	NA	NA	NA	NA	NA	NA	NA	NA	NA	NA	NA	NA	NA	NA	NA	NA	NA	NA	3	NA	NA	NA	NA	NA	NA	NA	NA	NA	NA	NA	NA	NA	NA	NA	NA	NA	1	NA	NA	NA	NA	NA	NA	NA	NA	NA	NA	NA	NA	NA	NA	NA	NA	NA	NA	NA	NA	NA	NA	NA	NA	NA	NA	1	NA	NA	NA	NA	NA	NA	NA	NA	NA	NA	NA	1	NA	NA	NA	NA	NA	NA	NA	NA	NA	NA
238	NA	NA	NA	NA	NA	NA	NA	NA	NA	NA	NA	NA	NA	NA	NA	NA	NA	NA	NA	NA	NA	NA	NA	NA	NA	NA	NA	NA	NA	NA	NA	NA	1	NA	NA	NA	NA	NA	NA	NA	NA	NA	NA	NA	NA	NA	NA	NA	NA	NA	1	NA	NA	NA	NA	NA	NA	NA	NA	NA	NA	NA	NA	NA	NA	NA	NA	NA	NA	NA	NA	NA	NA	NA	NA	NA	NA	1	NA	NA	NA	NA	NA	NA	NA	NA	NA	NA	NA	0	NA	NA	NA	NA	NA	NA	NA	NA	NA	NA
239	NA	NA	NA	NA	NA	NA	NA	NA	NA	NA	NA	NA	NA	NA	NA	NA	NA	NA	NA	NA	NA	NA	NA	NA	NA	NA	NA	NA	NA	NA	NA	NA	1	NA	NA	NA	NA	NA	NA	NA	NA	NA	NA	NA	NA	NA	NA	NA	NA	NA	1	NA	NA	NA	NA	NA	NA	NA	NA	NA	NA	NA	NA	NA	NA	NA	NA	NA	NA	NA	NA	NA	NA	NA	NA	NA	NA	1	NA	NA	NA	NA	NA	NA	NA	NA	NA	NA	NA	NA	NA	NA	NA	NA	NA	NA	NA	NA	NA	NA
240	NA	NA	NA	NA	NA	NA	NA	NA	NA	NA	NA	NA	NA	NA	NA	NA	NA	NA	NA	NA	NA	NA	NA	NA	NA	NA	NA	NA	NA	NA	NA	NA	1	NA	NA	NA	NA	NA	NA	NA	NA	NA	NA	NA	NA	NA	NA	NA	NA	NA	0	NA	NA	NA	NA	NA	NA	NA	NA	NA	NA	NA	NA	NA	NA	NA	NA	NA	NA	NA	NA	NA	NA	NA	NA	NA	NA	1	NA	NA	NA	NA	NA	NA	NA	NA	NA	NA	NA	NA	NA	NA	NA	NA	NA	NA	NA	NA	NA	NA
241	NA	NA	NA	NA	NA	NA	NA	NA	NA	NA	NA	NA	NA	NA	NA	NA	NA	NA	NA	NA	NA	NA	NA	NA	NA	NA	NA	NA	NA	NA	NA	NA	0	NA	NA	NA	NA	NA	NA	NA	NA	NA	NA	NA	NA	NA	NA	NA	NA	NA	NA	NA	NA	NA	NA	NA	NA	NA	NA	NA	NA	NA	NA	NA	NA	NA	NA	NA	NA	NA	NA	NA	NA	NA	NA	NA	NA	1	NA	NA	NA	NA	NA	NA	NA	NA	NA	NA	NA	NA	NA	NA	NA	NA	NA	NA	NA	NA	NA	NA
242	NA	NA	NA	NA	NA	NA	NA	NA	NA	NA	NA	NA	NA	NA	NA	NA	NA	NA	NA	NA	NA	NA	NA	NA	NA	NA	NA	NA	NA	NA	NA	NA	NA	NA	NA	NA	NA	NA	NA	NA	NA	NA	NA	NA	NA	NA	NA	NA	NA	NA	NA	NA	NA	NA	NA	NA	NA	NA	NA	NA	NA	NA	NA	NA	NA	NA	NA	NA	NA	NA	NA	NA	NA	NA	NA	NA	NA	1	NA	NA	NA	NA	NA	NA	NA	NA	NA	NA	NA	NA	NA	NA	NA	NA	NA	NA	NA	NA	NA	NA
243	NA	NA	NA	NA	NA	NA	NA	NA	NA	NA	NA	NA	NA	NA	NA	NA	NA	NA	NA	NA	NA	NA	NA	NA	NA	NA	NA	NA	NA	NA	NA	NA	NA	NA	NA	NA	NA	NA	NA	NA	NA	NA	NA	NA	NA	NA	NA	NA	NA	NA	NA	NA	NA	NA	NA	NA	NA	NA	NA	NA	NA	NA	NA	NA	NA	NA	NA	NA	NA	NA	NA	NA	NA	NA	NA	NA	NA	1	NA	NA	NA	NA	NA	NA	NA	NA	NA	NA	NA	NA	NA	NA	NA	NA	NA	NA	NA	NA	NA	NA
244	NA	NA	NA	NA	NA	NA	NA	NA	NA	NA	NA	NA	NA	NA	NA	NA	NA	NA	NA	NA	NA	NA	NA	NA	NA	NA	NA	NA	NA	NA	NA	NA	NA	NA	NA	NA	NA	NA	NA	NA	NA	NA	NA	NA	NA	NA	NA	NA	NA	NA	NA	NA	NA	NA	NA	NA	NA	NA	NA	NA	NA	NA	NA	NA	NA	NA	NA	NA	NA	NA	NA	NA	NA	NA	NA	NA	NA	0	NA	NA	NA	NA	NA	NA	NA	NA	NA	NA	NA	NA	NA	NA	NA	NA	NA	NA	NA	NA	NA	NA
