0	2	2	2	2	3	3	2	1	1	2	2	1	3	2	2	2	2	3	1	2	1	1	2	4	4	1	1	3	3	1	3	1	3	2	2	3	2	2	1	1	3	4	1	2	3	3	2	2	2	2	1	2	1	2	1	1	3	2	2	1	4	1	2	2	3	3	2	2	2	1	2	4	3	1	3	1	2	4	5	2	2	3	2	4	1	1	2	1	3	2	1	2	2	1	2	1	2	2	2	3
1	5	3	6	3	7	6	2	3	3	5	2	1	3	3	2	3	3	6	2	3	1	2	4	4	5	1	2	5	5	1	3	3	4	4	5	4	2	4	2	2	5	5	1	2	4	6	6	5	3	2	3	7	3	5	1	3	3	4	5	2	7	4	4	5	4	3	3	3	4	3	3	5	5	2	6	3	3	9	9	3	5	4	4	6	2	3	5	2	5	2	3	4	4	2	3	1	5	5	2	4
2	6	5	10	5	10	8	3	7	5	9	5	2	4	3	3	5	4	9	3	2	3	4	5	2	6	2	3	7	6	2	5	7	8	6	6	6	4	5	4	5	8	7	1	5	6	8	11	7	4	4	6	10	2	6	1	3	4	8	7	4	10	9	7	9	5	5	5	6	5	4	6	7	6	2	8	3	5	11	14	3	9	7	4	8	3	4	8	4	6	4	3	5	6	5	5	1	6	7	2	8
3	5	8	15	8	14	15	3	10	6	13	10	3	4	3	4	6	6	13	4	3	4	5	8	3	8	5	2	8	9	3	5	10	12	9	10	8	11	7	5	5	9	10	1	9	7	13	14	12	6	8	8	11	3	7	1	4	5	12	10	7	15	13	6	10	6	6	6	8	6	6	9	8	7	5	12	1	6	15	20	5	10	9	5	10	5	6	10	4	8	5	3	7	8	7	6	1	6	9	1	9
4	5	12	20	10	18	19	4	11	8	16	12	4	7	4	4	7	6	15	4	5	7	7	10	4	10	9	4	9	12	4	5	13	17	10	14	10	13	9	9	5	13	12	2	12	10	15	13	4	7	11	10	14	3	7	1	5	7	12	9	8	18	17	7	12	7	4	6	9	6	11	12	10	6	6	18	1	6	17	21	7	15	13	5	10	7	3	14	5	11	6	3	9	7	10	7	0	2	15	2	13
5	7	8	19	12	25	21	7	9	12	18	15	3	7	4	4	8	6	12	7	7	14	9	13	8	14	12	6	10	12	2	6	14	20	14	19	8	17	11	11	8	15	11	2	7	9	15	13	7	5	18	11	11	3	6	1	6	9	16	10	9	9	16	9	15	11	5	7	9	3	16	16	12	2	10	18	1	7	18	26	5	21	15	6	9	7	3	21	6	7	3	3	11	9	14	11	NA	4	17	2	8
6	9	10	7	16	11	24	5	18	12	17	10	3	7	2	3	4	10	12	7	10	16	12	8	6	16	10	8	12	14	5	9	9	18	8	14	5	22	11	13	11	18	18	2	14	4	9	11	13	7	12	5	17	4	5	1	8	8	7	17	7	15	17	6	13	12	7	4	6	5	9	19	14	3	16	16	3	5	12	14	2	26	11	5	7	12	2	22	9	5	4	3	13	7	14	5	NA	3	8	3	6
7	11	8	9	9	11	27	4	14	13	17	10	3	8	2	3	4	11	13	6	11	20	8	6	7	14	21	5	12	7	6	11	12	18	8	12	7	14	14	14	5	21	8	1	17	6	9	11	16	10	21	4	7	13	4	1	11	8	7	17	8	13	8	12	9	11	12	5	7	5	8	12	9	5	9	21	5	4	6	7	3	29	15	5	10	11	6	7	7	7	7	7	14	12	12	7	NA	5	9	3	6
8	16	8	13	15	13	18	4	7	8	21	8	3	6	3	3	4	11	10	7	13	17	11	7	6	8	14	8	8	6	6	9	14	21	10	12	9	15	13	15	7	11	17	1	9	8	9	8	7	12	22	5	11	18	6	0	9	8	5	24	11	8	8	14	12	14	14	4	12	13	9	12	9	8	11	23	7	5	7	9	4	17	13	3	8	5	4	16	10	16	10	11	12	12	11	6	NA	8	15	3	5
9	19	5	13	7	12	14	8	8	10	21	11	4	13	4	4	6	4	9	16	16	19	7	10	7	6	16	11	10	7	7	8	15	12	8	9	11	16	14	12	7	12	17	2	6	15	9	8	6	10	15	9	17	21	9	NA	9	9	4	30	10	9	7	14	11	15	16	6	14	10	8	10	13	10	15	7	10	5	9	12	4	14	14	3	9	9	7	18	5	9	12	14	13	11	11	9	NA	14	16	4	4
10	24	7	16	9	10	8	11	8	13	21	13	6	14	6	7	8	6	7	10	15	14	6	10	11	9	17	11	18	9	8	8	5	4	15	15	11	16	16	16	9	10	21	3	9	16	7	6	6	12	9	10	16	17	14	NA	9	8	5	20	10	9	8	19	13	6	9	11	16	12	9	11	9	11	21	9	7	5	11	14	6	17	14	4	10	8	8	14	8	11	12	18	11	4	16	10	NA	13	12	6	4
11	16	9	19	17	10	10	14	9	8	15	10	6	14	9	8	12	7	5	12	15	7	5	12	10	9	16	10	8	8	7	7	6	5	6	11	16	14	13	12	6	10	14	4	11	9	7	3	7	15	11	12	19	19	17	NA	7	5	9	14	11	10	7	16	13	6	10	14	15	11	13	9	6	9	15	8	7	6	12	21	4	21	16	3	11	14	10	10	11	7	16	13	12	4	23	13	NA	13	16	10	5
12	22	7	17	11	9	15	14	3	11	21	11	8	9	10	4	16	9	4	11	21	4	5	9	6	14	12	14	8	9	5	8	7	6	6	8	17	10	12	13	10	5	16	7	10	11	7	2	9	8	13	10	19	21	20	NA	10	5	12	15	11	5	7	7	14	6	11	15	16	15	16	9	8	12	10	13	13	2	11	16	5	12	16	3	12	7	7	11	9	8	10	23	12	3	23	7	NA	4	15	12	4
13	18	11	13	7	15	9	7	2	5	15	11	12	13	11	4	10	10	5	11	12	6	5	9	10	17	15	14	9	5	3	6	8	7	10	7	9	16	15	11	13	4	13	8	11	10	8	2	12	8	17	11	15	12	14	NA	13	5	15	18	6	4	7	10	15	8	11	9	7	17	19	13	7	10	11	13	9	4	9	17	4	7	11	1	14	5	9	16	17	9	8	26	10	5	30	7	NA	5	18	12	6
14	25	15	16	6	17	11	8	3	8	27	9	13	12	15	4	12	12	4	5	14	5	8	10	13	14	20	17	11	8	4	14	5	8	22	7	21	12	16	10	17	6	15	10	14	13	10	4	14	11	19	10	13	23	9	NA	16	13	8	16	7	5	4	10	12	4	10	11	8	21	11	15	3	5	12	7	12	6	11	18	4	10	9	2	16	5	8	7	20	5	9	21	9	2	24	5	NA	6	17	14	8
15	31	19	11	6	21	8	10	3	11	28	10	13	19	5	6	12	9	9	7	12	6	12	8	11	19	15	11	7	10	4	12	5	7	17	8	7	35	17	13	16	8	17	10	10	18	11	5	16	8	16	19	12	20	10	NA	15	19	9	13	8	6	7	12	15	5	13	13	13	23	10	15	4	7	13	8	13	6	13	18	5	18	9	4	16	8	10	8	11	14	9	13	10	6	27	5	NA	7	21	14	16
16	28	23	8	11	25	10	13	6	10	14	10	12	13	9	6	10	14	13	13	14	6	15	14	7	20	22	21	14	18	4	15	7	8	11	11	7	22	17	9	19	12	19	10	11	15	15	5	10	8	12	10	12	13	7	NA	20	14	6	18	8	5	9	9	19	15	8	14	11	23	11	14	2	8	13	6	11	7	9	8	9	10	13	5	11	7	11	10	11	16	9	9	11	10	26	5	NA	10	20	13	11
17	18	23	8	13	17	13	17	6	12	17	13	11	11	12	6	8	19	12	14	17	8	11	18	6	13	15	14	13	23	3	15	6	9	13	16	8	21	11	10	15	15	16	11	13	17	12	7	10	6	9	10	15	15	9	NA	12	14	6	12	9	6	13	8	23	19	8	11	16	5	12	21	3	10	12	6	7	8	9	11	11	10	13	5	13	9	16	41	12	15	4	8	14	6	26	6	NA	10	15	16	12
18	13	14	8	15	14	10	16	8	15	12	10	5	12	15	8	7	20	12	16	19	10	12	17	7	8	20	11	15	28	6	18	9	7	15	16	13	23	13	12	17	15	16	14	18	20	9	7	4	7	11	14	12	22	8	NA	6	23	9	17	12	6	17	9	15	19	6	15	10	9	11	26	6	16	10	8	8	5	13	12	13	10	13	7	14	9	16	28	10	6	4	9	13	7	24	7	NA	11	16	8	11
19	15	14	11	14	17	12	13	5	11	12	11	7	13	18	6	6	27	6	15	11	11	11	25	12	5	16	13	16	20	8	18	12	14	13	10	14	15	10	14	15	15	13	4	15	24	11	9	6	7	13	13	16	19	11	NA	6	22	11	21	8	9	15	10	11	10	7	17	10	9	12	24	8	16	11	8	10	5	18	9	5	10	16	9	14	9	18	14	13	14	4	8	20	8	12	10	NA	12	22	5	9
20	22	8	14	26	15	15	15	6	12	13	15	8	19	22	5	8	19	6	18	10	7	8	26	12	7	16	18	13	23	7	20	15	16	15	9	19	19	13	12	20	11	14	6	13	8	10	7	8	9	12	14	17	18	12	NA	6	26	12	25	11	9	10	12	13	6	7	17	11	12	15	22	11	26	11	8	10	5	18	7	5	11	15	11	8	12	17	11	17	15	4	19	15	8	13	10	NA	12	12	11	15
21	30	8	15	21	17	11	12	7	15	13	10	6	15	19	5	9	14	7	25	13	11	10	35	11	8	20	22	14	16	7	17	11	17	16	11	23	21	15	9	21	8	16	9	13	8	14	7	10	12	9	19	20	16	20	NA	8	27	10	21	13	10	10	15	16	11	9	16	13	12	22	19	9	30	13	10	22	3	23	9	6	8	10	12	12	16	8	17	24	14	5	17	18	7	14	8	NA	10	14	15	14
22	23	15	16	14	16	13	10	7	19	9	10	8	14	11	6	6	22	8	20	15	9	12	26	13	6	30	26	15	22	10	14	13	16	22	22	18	14	14	21	20	9	14	11	15	19	14	2	14	14	11	22	21	21	13	NA	7	12	12	14	14	11	12	14	22	10	10	19	10	13	15	27	12	31	10	7	14	3	20	11	9	10	14	15	15	16	9	15	31	14	5	14	24	15	15	9	NA	11	16	19	19
23	19	20	21	15	22	13	13	6	20	12	11	6	10	15	6	11	23	9	15	14	10	22	20	12	4	23	21	16	24	4	16	17	16	22	10	24	14	12	26	19	11	13	12	17	14	24	2	14	19	14	23	21	22	14	NA	7	15	8	22	10	14	13	11	24	13	9	23	9	9	9	14	7	13	12	6	13	4	16	13	13	12	14	27	11	19	19	15	32	15	12	8	29	7	15	21	NA	14	13	22	19
24	21	17	28	10	23	10	22	4	17	10	11	15	9	16	11	11	22	11	16	16	12	21	22	15	4	20	14	11	24	4	21	6	13	13	13	16	11	13	30	21	11	13	29	21	12	15	0	11	21	19	24	24	13	12	NA	10	16	10	20	7	17	16	22	21	14	10	35	8	10	16	18	7	16	10	8	15	4	13	17	20	14	18	18	15	15	19	13	19	24	12	11	27	10	21	18	NA	10	15	22	9
25	15	14	17	18	30	15	19	7	17	12	20	15	8	14	13	12	16	11	15	17	11	18	21	12	7	17	23	10	16	2	10	7	12	13	16	13	16	13	16	15	13	10	15	14	9	13	NA	13	21	13	12	14	16	13	NA	14	12	16	22	10	19	14	14	18	19	16	18	13	10	20	22	7	15	11	11	12	6	16	14	23	14	19	12	17	14	23	11	18	15	12	14	18	10	14	12	NA	10	16	18	8
26	21	8	16	12	15	12	18	10	18	14	20	7	8	9	17	12	18	14	11	8	11	16	24	16	8	17	20	12	13	4	8	8	16	14	15	18	13	16	12	14	11	6	16	17	10	6	NA	11	16	16	14	31	17	13	NA	10	14	19	23	12	20	20	17	17	14	20	23	10	15	23	21	7	20	13	15	20	7	29	9	12	19	23	12	13	18	19	12	20	25	7	11	11	11	13	9	NA	10	20	16	10
27	14	12	16	18	13	18	19	15	12	15	21	9	8	19	15	9	16	5	11	9	8	16	21	18	10	19	20	8	16	5	18	7	17	13	18	16	17	15	12	16	7	9	17	14	12	8	NA	13	18	18	18	32	16	19	NA	16	15	11	24	18	18	14	15	21	9	24	26	21	9	21	27	8	13	28	8	19	8	18	13	24	19	25	9	10	16	16	9	26	28	13	14	13	7	17	13	NA	10	24	16	7
28	11	14	16	25	14	25	23	15	11	15	19	11	8	11	11	13	16	7	18	9	11	11	21	22	6	21	19	9	16	6	17	5	16	13	16	12	19	20	12	17	6	17	15	8	13	9	NA	14	17	15	22	12	15	19	NA	20	15	13	25	16	14	10	18	30	8	20	17	25	9	24	27	6	13	20	9	19	9	20	15	23	18	27	11	10	20	13	5	15	15	16	20	12	11	21	12	NA	8	17	21	8
29	14	11	13	11	15	23	16	8	11	20	17	13	8	12	13	11	17	7	17	14	13	14	21	12	7	24	21	5	28	4	19	6	13	20	21	11	20	23	12	33	9	10	18	9	14	11	NA	5	17	16	24	12	19	33	NA	12	18	22	16	10	11	15	13	32	11	19	19	29	10	23	19	6	13	18	14	25	13	18	16	26	17	24	13	23	21	9	5	17	12	18	12	24	10	24	16	NA	7	24	12	7
30	16	15	13	12	14	27	18	12	12	28	24	11	10	13	14	16	20	8	20	18	13	15	24	13	11	22	15	7	36	8	17	8	21	18	23	11	21	19	14	11	9	11	23	10	18	14	NA	7	23	20	19	12	15	21	NA	14	23	18	28	8	9	9	14	17	11	9	12	24	12	15	18	7	15	14	19	13	22	17	19	25	13	26	15	27	31	10	7	18	11	15	14	26	11	29	20	NA	7	19	11	10
31	17	15	33	16	15	17	22	12	15	18	13	14	12	23	15	13	22	11	22	20	14	17	25	15	11	25	30	7	28	9	10	10	34	23	25	11	21	16	22	18	7	11	27	14	17	11	NA	7	19	16	21	17	15	23	NA	20	27	10	25	9	12	15	16	13	11	10	14	17	22	15	21	9	13	20	26	13	25	20	18	21	28	16	20	22	19	14	6	21	16	16	15	19	11	19	16	NA	9	20	8	9
32	23	14	20	13	19	19	15	9	14	15	14	12	16	19	12	11	22	13	17	22	14	14	16	17	8	29	26	11	34	6	12	11	26	14	28	7	20	26	25	20	15	7	28	19	14	13	NA	9	15	17	14	15	20	31	NA	14	18	13	20	18	11	16	16	18	12	17	16	17	13	10	19	11	17	15	33	14	13	23	22	15	12	15	26	25	22	19	10	21	20	16	11	22	14	31	14	NA	11	25	11	11
33	27	10	24	14	17	14	17	12	10	15	17	12	16	23	10	8	15	10	22	24	17	11	20	16	11	17	16	11	33	6	11	12	18	10	38	8	20	18	19	11	22	9	29	28	10	20	NA	8	17	22	14	16	21	30	NA	13	13	17	18	12	9	20	19	19	16	26	19	15	13	13	14	10	20	17	26	17	12	18	27	12	9	16	15	18	15	18	6	23	24	14	14	31	11	18	12	NA	13	23	13	12
34	19	14	21	19	18	17	16	21	14	14	20	12	16	30	8	10	23	8	24	32	19	11	26	11	13	18	16	9	41	4	13	14	17	14	28	11	28	20	18	17	18	13	15	22	13	19	NA	10	20	23	19	15	12	29	NA	11	18	18	18	14	12	21	16	25	15	12	11	22	15	13	21	12	22	16	17	19	9	22	32	11	14	20	24	21	18	16	7	16	16	9	14	27	11	16	19	NA	14	26	20	14
35	19	18	20	22	18	20	16	25	13	13	24	14	13	17	11	9	24	7	19	36	24	10	24	10	15	16	18	7	24	4	14	11	20	12	13	12	29	20	13	15	16	15	17	25	12	16	NA	9	11	22	18	20	21	32	NA	13	16	18	25	22	10	22	14	25	10	24	11	19	14	12	22	12	24	15	15	24	12	15	25	17	9	20	12	14	19	15	8	20	40	11	13	24	7	16	16	NA	11	24	11	15
36	25	20	18	18	19	24	13	17	21	17	22	15	15	18	14	12	28	8	32	25	21	10	13	10	16	20	20	11	19	5	16	12	26	19	16	22	24	14	13	16	16	18	12	18	16	11	NA	14	12	24	21	25	18	26	NA	12	11	21	24	14	11	11	13	25	11	22	13	15	19	13	25	8	13	20	34	27	12	19	24	20	12	23	11	17	25	12	10	22	30	13	14	17	11	18	21	NA	13	24	12	9
37	23	16	19	18	22	20	15	26	12	30	27	13	10	17	14	16	37	13	24	25	18	8	15	12	16	29	23	10	19	8	16	21	32	22	19	17	16	11	16	20	17	21	15	18	11	11	NA	15	13	16	24	32	24	29	NA	14	11	25	21	12	13	10	14	18	9	21	13	17	19	22	26	10	10	20	17	28	12	19	17	21	14	25	14	19	21	10	7	17	27	8	17	23	15	17	15	NA	14	22	9	14
38	28	20	21	26	16	19	14	27	15	24	17	29	12	21	13	9	20	12	23	25	16	14	19	12	13	29	21	10	19	10	15	20	26	19	17	23	15	13	27	22	25	15	19	15	14	11	NA	11	15	19	28	33	21	30	NA	19	21	17	25	9	16	10	13	23	14	21	14	19	11	25	19	10	14	23	19	17	13	18	19	22	22	28	17	17	22	11	9	14	23	7	19	26	15	19	17	NA	9	20	14	15
39	19	20	21	21	18	16	16	17	17	27	17	20	14	23	13	7	34	14	23	24	19	15	20	17	11	33	17	10	16	11	14	20	18	24	32	27	22	12	26	16	23	26	20	19	15	8	NA	12	14	28	32	30	21	35	NA	14	11	25	19	9	20	13	17	28	15	26	14	13	10	23	21	4	19	25	17	18	17	25	19	19	28	30	19	14	25	15	13	17	20	7	24	23	14	14	19	NA	9	20	15	19
40	18	22	20	22	24	20	13	21	18	16	19	16	23	20	15	13	15	15	29	27	18	14	30	20	12	36	27	13	17	8	16	15	17	23	25	17	19	16	23	15	20	24	18	22	18	7	NA	13	15	18	23	27	33	40	NA	15	15	31	25	8	20	13	17	28	13	17	15	14	11	26	26	5	26	24	28	14	18	32	23	16	30	19	12	18	29	16	12	20	17	6	20	23	15	16	20	NA	9	15	13	22
41	26	27	22	23	19	24	14	15	16	17	18	30	31	17	13	14	18	16	23	24	19	15	21	22	8	28	23	10	25	7	18	15	21	17	27	13	16	25	22	16	17	12	21	20	24	7	NA	14	20	20	30	27	23	33	NA	13	14	17	23	10	17	18	30	28	11	13	23	17	16	25	30	7	27	27	20	16	16	33	23	27	20	17	13	20	31	17	14	18	15	8	21	18	15	23	23	NA	11	17	15	12
42	24	24	22	14	20	22	14	17	20	15	20	29	17	13	19	11	21	20	20	24	23	14	20	20	8	26	23	12	16	7	19	18	22	24	24	18	15	13	23	20	15	11	23	23	30	9	NA	12	19	17	19	21	22	45	NA	12	11	16	21	19	19	33	33	18	13	17	24	15	18	23	21	5	26	31	19	17	19	18	21	37	27	16	16	24	28	17	15	20	15	8	14	17	17	24	16	NA	10	19	18	14
43	21	16	17	20	19	33	24	25	20	16	19	28	19	18	12	12	26	14	24	22	31	12	21	22	11	32	24	9	25	8	18	22	26	28	14	17	17	16	29	20	16	16	17	20	34	11	NA	13	23	16	19	20	22	28	NA	12	12	28	24	12	17	20	20	19	16	18	16	16	14	16	33	7	19	17	27	12	21	19	15	42	24	17	15	30	23	10	12	20	15	7	19	21	14	23	14	NA	12	29	11	17
44	25	23	19	31	34	20	26	19	12	18	20	27	23	19	13	12	27	14	19	29	36	12	24	19	12	35	21	11	30	6	15	11	28	19	16	17	12	21	28	23	19	27	19	22	22	11	NA	10	13	20	18	21	23	28	NA	12	19	23	22	7	14	32	20	21	16	13	17	18	13	20	34	10	17	20	32	12	23	21	21	39	17	18	19	22	23	11	16	28	18	8	24	21	14	20	17	NA	10	28	15	11
45	30	24	23	28	20	18	27	35	18	19	15	31	25	24	14	14	23	10	20	18	32	12	23	17	13	21	21	13	18	10	12	13	26	24	20	16	13	20	22	26	27	24	15	29	19	10	NA	12	22	23	25	23	23	20	NA	10	24	14	24	9	13	26	25	26	23	15	24	19	13	18	21	12	21	24	37	25	16	27	30	21	21	19	14	24	18	14	18	38	22	8	27	20	14	17	11	NA	16	37	19	14
46	23	24	22	26	19	23	22	19	21	18	18	33	17	25	18	9	24	16	20	22	28	11	28	15	13	27	25	16	25	9	12	13	28	25	20	24	20	18	20	19	28	15	22	18	18	12	NA	16	19	25	24	24	24	20	NA	13	23	17	30	8	14	45	25	21	14	16	24	14	14	19	23	14	19	18	29	19	20	23	29	15	27	20	17	27	37	11	30	25	14	12	20	23	16	19	13	NA	16	29	14	12
47	20	22	18	23	22	26	23	21	21	18	21	23	21	28	12	10	29	9	19	27	23	12	22	27	12	20	26	18	23	8	13	9	34	23	22	20	25	19	18	16	18	17	26	20	29	11	NA	21	24	37	25	22	16	22	NA	15	20	19	18	10	19	27	20	24	10	16	26	25	21	12	23	15	22	27	23	24	14	19	24	19	22	17	17	24	24	14	28	28	16	11	17	18	18	19	14	NA	17	32	15	16
48	21	17	20	26	24	26	23	21	22	21	15	19	20	30	30	13	19	9	15	29	24	10	25	30	16	19	18	15	24	11	18	27	30	25	20	25	17	17	13	18	21	17	19	13	33	13	NA	22	24	26	25	18	16	27	NA	20	16	18	23	12	25	22	21	21	12	16	29	18	20	19	22	19	15	25	23	30	16	22	19	20	27	24	22	24	18	13	13	19	16	9	23	22	20	23	10	NA	14	23	12	18
49	24	21	24	31	26	43	25	17	26	21	16	21	19	26	26	16	21	13	18	31	26	11	27	19	16	27	31	13	20	12	16	18	23	29	23	19	12	17	19	22	20	20	23	21	29	10	NA	21	21	20	22	22	18	32	NA	25	20	22	22	17	15	21	17	29	10	20	20	21	38	19	17	12	17	21	23	30	18	23	30	16	23	34	26	24	19	29	17	23	15	11	11	26	20	24	15	NA	25	24	22	25
50	24	22	24	31	28	28	25	19	28	22	22	21	18	19	32	14	21	19	21	30	21	11	26	21	21	21	30	13	16	12	16	22	24	31	23	21	17	19	18	18	27	14	23	24	21	12	NA	13	27	24	24	20	25	28	NA	32	20	14	27	19	22	17	22	26	11	26	25	21	32	9	20	11	19	23	26	25	10	21	26	15	21	29	20	25	25	23	14	22	19	12	13	17	26	30	14	NA	17	28	25	19
51	26	25	29	28	30	45	28	21	32	23	13	24	21	24	21	13	21	19	17	27	24	13	22	16	23	26	30	14	18	14	11	22	24	19	23	22	25	20	17	19	25	13	22	25	22	15	NA	14	19	24	24	26	29	29	NA	32	17	16	30	24	18	29	25	25	11	27	25	19	24	13	24	9	25	17	27	26	22	25	29	15	16	22	17	30	18	27	11	25	22	15	21	17	15	26	9	NA	10	23	26	25
52	28	22	33	31	34	46	23	15	33	28	15	26	21	21	20	11	24	18	18	27	26	11	18	20	24	27	27	18	22	13	12	13	20	17	22	21	29	17	14	16	24	26	29	25	23	18	NA	10	22	21	30	25	24	38	NA	39	22	16	22	14	20	17	29	23	9	33	29	23	23	18	31	8	29	15	27	27	26	22	32	15	12	26	22	22	24	19	15	22	19	31	22	21	14	26	13	NA	12	32	21	16
53	30	25	23	24	17	38	31	18	27	28	14	17	28	21	20	15	30	25	18	29	22	13	20	21	15	27	31	23	19	16	18	11	26	15	14	18	25	17	14	20	20	28	33	27	20	15	NA	12	21	19	21	34	17	40	NA	30	11	22	18	23	20	17	29	22	10	41	27	22	17	23	26	9	17	20	29	21	27	24	22	19	17	18	24	25	23	17	18	22	18	36	19	28	18	24	22	NA	9	36	17	14
54	22	22	29	25	18	29	29	22	22	18	19	28	26	22	19	10	30	19	26	27	31	16	25	17	13	26	34	16	20	8	18	12	26	20	18	18	24	22	17	19	21	23	23	25	18	16	NA	14	24	19	24	22	19	36	NA	24	15	20	25	12	15	24	29	26	12	24	34	27	24	20	25	11	18	20	17	20	13	28	24	16	28	20	28	23	16	19	18	53	22	24	17	18	25	28	25	NA	11	40	17	15
55	23	27	25	27	26	37	42	25	25	19	23	20	17	23	16	14	23	23	28	25	32	10	32	17	13	23	33	15	23	9	20	12	22	23	20	21	19	29	20	16	23	26	23	22	29	18	NA	14	28	23	31	19	22	37	NA	25	18	18	23	10	24	17	26	30	17	19	36	17	26	24	38	12	28	16	18	26	13	26	37	13	19	21	24	23	16	27	17	48	21	21	21	25	17	17	19	NA	10	40	10	21
56	25	24	26	21	29	21	35	26	25	33	16	26	17	34	14	14	17	22	28	30	26	15	23	19	20	21	25	16	29	13	20	14	23	22	16	22	19	15	23	17	19	26	25	22	25	16	NA	16	27	28	23	22	17	23	NA	26	13	18	20	16	25	16	27	34	21	12	22	19	24	19	48	15	25	21	18	21	16	24	41	19	16	22	29	19	21	31	24	42	19	24	20	27	17	22	22	NA	11	36	13	21
57	22	18	21	30	20	24	26	31	25	34	19	19	18	33	15	16	28	22	23	31	26	18	32	21	18	25	32	19	28	14	22	14	21	25	32	25	28	16	29	20	14	22	27	32	29	15	NA	13	21	20	25	34	29	22	NA	22	17	24	25	15	27	17	21	36	22	19	26	21	25	23	32	13	17	17	17	23	11	23	35	13	17	29	23	25	23	16	23	32	21	21	22	28	22	25	20	NA	11	49	15	15
58	18	21	24	24	34	18	33	19	16	22	22	21	22	32	17	16	28	19	22	30	20	16	32	16	13	30	23	18	31	16	21	20	24	17	23	22	26	20	22	17	24	24	21	24	23	19	NA	16	20	17	27	20	32	34	NA	28	13	25	26	15	32	23	25	29	23	14	27	19	18	25	29	16	18	16	20	18	16	21	25	13	13	29	29	31	16	18	18	41	27	23	28	27	20	30	14	NA	10	31	18	17
59	23	19	24	24	25	24	23	18	29	23	28	21	25	29	19	28	27	20	28	23	20	19	33	16	18	43	31	20	25	21	18	22	28	22	18	23	22	25	21	24	24	16	36	34	26	18	NA	19	25	22	25	23	33	27	NA	26	17	27	27	18	28	21	25	23	19	14	26	17	18	27	30	14	38	14	25	26	16	26	27	12	15	27	34	22	19	18	24	25	15	26	19	35	22	20	32	NA	16	30	22	15
60	28	16	23	27	30	22	20	25	37	26	33	22	25	27	30	17	25	12	17	43	22	12	28	21	20	27	29	13	21	22	20	14	26	24	16	21	18	15	26	15	24	17	26	34	23	18	NA	15	36	25	24	22	29	27	NA	26	26	17	26	17	26	18	30	21	20	20	26	30	33	23	29	12	29	13	26	30	14	26	43	18	16	32	22	29	19	14	23	24	18	30	19	31	19	22	25	NA	13	27	26	13
61	26	19	28	24	17	25	23	34	34	24	36	15	39	29	23	21	27	10	20	27	19	25	31	28	19	28	23	20	28	17	15	13	31	29	16	25	21	18	32	17	29	20	29	26	27	16	NA	23	27	23	33	30	23	35	NA	21	32	20	27	19	32	25	29	27	22	15	20	34	23	23	29	15	24	26	24	28	12	33	28	19	17	28	23	17	23	18	17	26	20	18	25	38	26	24	29	NA	12	31	24	11
62	26	33	31	36	18	31	29	33	23	31	19	16	24	26	16	21	30	14	23	21	23	14	26	18	11	33	33	16	35	19	15	14	26	30	19	26	19	19	26	16	23	19	28	26	28	24	NA	14	30	26	34	37	28	35	NA	18	22	18	33	15	17	35	28	22	25	21	21	27	28	21	24	10	19	29	15	28	10	37	22	20	23	25	21	22	25	18	20	30	35	32	17	31	29	31	25	NA	14	24	23	20
63	24	31	30	39	21	25	25	19	32	37	26	18	22	29	18	20	25	15	28	22	24	15	41	25	15	38	28	17	24	13	19	17	26	25	23	28	19	23	26	19	24	20	27	38	38	21	NA	15	21	30	24	38	28	43	NA	30	22	22	36	14	20	25	29	26	21	22	16	25	35	25	28	12	19	19	17	22	9	24	22	21	24	28	21	21	28	18	25	27	29	23	22	29	32	34	25	NA	12	22	21	26
64	26	28	28	20	46	24	23	18	40	42	36	20	33	28	31	18	26	19	17	47	22	17	41	21	11	32	34	16	23	10	21	21	30	22	34	27	19	18	25	16	24	33	26	27	24	15	NA	14	28	25	28	32	27	26	NA	33	29	29	38	15	22	21	23	32	21	18	16	23	27	27	31	8	18	19	19	24	19	28	41	24	19	23	28	25	28	28	23	24	27	19	24	25	29	32	18	NA	13	28	29	19
65	27	27	23	20	28	26	20	20	39	21	28	24	40	28	28	16	23	16	18	28	30	25	27	21	16	27	25	19	29	22	19	22	30	24	27	28	31	29	22	22	28	45	30	26	27	12	NA	15	23	31	22	30	24	24	NA	31	24	37	45	14	24	23	38	39	22	24	20	25	27	17	24	14	19	16	21	19	17	25	45	25	22	23	23	28	28	19	25	33	30	20	33	27	27	26	24	NA	22	27	15	22
66	24	31	30	24	29	25	25	28	22	25	32	25	22	38	32	19	33	19	22	30	28	19	30	19	25	29	28	19	25	27	22	18	27	23	36	23	30	28	34	23	20	40	33	26	21	12	NA	17	21	26	22	25	29	35	NA	29	28	28	35	18	22	23	33	38	23	28	27	23	31	18	23	14	33	19	27	21	21	34	25	30	26	36	20	27	22	17	17	24	25	14	33	27	20	25	31	NA	27	28	22	22
67	24	32	31	25	31	20	25	28	22	28	32	21	29	33	27	18	30	17	28	33	39	21	38	20	31	35	27	22	31	34	19	22	22	23	26	18	32	25	35	28	25	33	23	29	29	16	NA	14	36	31	25	33	35	27	NA	27	20	30	31	21	27	15	22	39	15	21	29	23	31	19	26	22	28	25	24	27	25	25	32	22	25	43	31	33	27	17	21	26	27	34	23	24	21	20	26	NA	23	34	14	20
68	34	32	32	25	28	21	26	23	28	21	31	18	29	30	21	26	28	18	29	42	31	18	43	20	35	37	33	23	23	31	22	24	24	22	21	16	27	30	44	20	31	32	19	26	34	14	NA	16	42	23	33	41	31	32	NA	26	20	26	32	18	31	17	28	24	17	20	31	21	36	31	25	23	24	29	18	24	31	35	40	24	26	36	35	21	25	15	26	28	33	16	23	23	23	27	20	NA	19	27	16	29
69	38	26	32	30	30	27	45	25	25	25	22	20	28	35	17	28	36	17	29	46	29	18	27	20	24	28	23	25	29	25	26	24	20	32	26	17	19	27	30	35	36	31	22	35	22	19	NA	15	29	24	31	37	33	48	NA	29	18	28	42	16	25	21	29	23	18	21	35	26	19	32	39	21	27	31	19	19	31	30	45	27	17	34	29	30	24	17	30	30	29	30	22	22	19	31	19	NA	19	32	22	25
70	29	28	25	27	34	21	37	21	29	27	24	26	27	32	15	27	40	18	29	45	30	17	21	25	28	25	36	40	26	21	31	22	25	38	32	24	27	24	23	24	32	21	31	27	23	21	NA	16	26	26	29	25	27	30	NA	32	15	26	40	18	32	27	26	30	17	21	22	33	20	32	27	14	29	25	27	18	17	25	27	22	20	37	24	25	21	14	35	37	31	24	21	26	19	32	24	NA	19	41	24	21
71	29	23	26	26	56	24	47	22	28	36	29	31	33	24	19	25	30	20	25	40	30	18	27	27	33	28	30	34	30	35	34	24	26	29	36	27	23	23	21	23	29	20	28	30	35	18	NA	23	24	25	41	25	30	30	NA	26	23	26	40	19	33	27	27	28	22	29	35	39	26	28	25	16	23	24	32	20	22	25	32	33	23	38	41	28	42	15	35	42	28	21	18	37	28	34	17	NA	19	48	27	23
72	25	28	26	26	30	28	45	25	29	29	31	28	28	18	29	24	24	27	23	40	31	35	33	25	26	27	35	22	34	39	37	26	22	26	30	20	28	27	24	21	30	20	24	41	33	31	NA	16	24	27	41	30	37	28	NA	28	17	28	28	16	27	22	26	27	33	29	43	27	20	37	31	16	34	24	35	23	23	39	43	26	29	35	26	30	44	17	25	29	23	27	30	25	31	27	22	NA	23	39	31	22
73	29	39	32	23	31	29	48	35	31	28	28	24	34	29	27	20	29	24	21	35	34	32	29	20	15	34	25	17	38	27	34	21	23	36	34	30	23	24	29	30	29	26	29	37	25	28	NA	20	21	35	26	29	27	34	NA	24	21	25	33	17	27	23	30	29	23	29	25	23	23	53	33	21	24	27	25	19	15	37	26	40	25	31	26	30	30	23	36	28	27	27	24	22	25	27	18	NA	18	45	25	32
74	31	24	39	32	24	29	43	23	32	27	31	26	27	34	25	18	32	36	25	43	39	23	28	21	21	32	27	19	29	25	24	23	25	36	30	17	27	28	19	25	27	32	22	34	27	28	NA	22	25	28	40	30	27	39	NA	21	21	26	35	23	26	30	35	31	26	33	22	27	22	60	29	27	27	30	28	21	13	40	24	38	22	29	23	33	27	20	47	22	29	26	23	32	23	28	23	NA	41	29	27	38
75	26	27	38	45	28	27	31	18	34	24	38	31	28	25	25	25	32	35	25	49	36	24	28	20	23	46	29	22	28	14	24	21	27	38	34	20	30	23	33	23	36	33	35	37	24	29	NA	14	31	27	37	27	26	34	NA	22	26	30	33	22	29	35	45	41	22	27	34	28	24	30	33	22	25	32	27	18	18	40	25	37	22	32	23	47	23	16	27	27	38	31	28	25	25	37	31	NA	30	39	19	32
76	37	28	32	33	30	34	30	22	40	34	36	24	26	31	18	20	32	23	23	37	27	29	45	27	24	36	32	22	32	15	27	21	26	44	23	25	24	23	32	28	29	22	29	40	25	18	NA	17	28	42	47	24	31	37	NA	40	26	27	24	24	29	30	32	27	21	27	37	30	36	35	31	25	30	24	32	21	14	46	29	18	21	30	29	48	28	19	19	45	33	22	35	38	26	30	35	NA	20	34	22	28
77	36	27	36	24	34	27	33	31	29	34	34	21	25	33	23	19	37	18	27	41	34	18	38	31	20	33	25	24	29	15	27	20	29	41	28	32	30	23	23	30	36	31	33	40	22	15	NA	17	26	46	27	30	31	32	NA	35	24	28	33	24	27	30	24	34	22	30	36	25	25	21	34	22	33	25	37	34	18	27	38	24	21	35	32	33	27	20	23	42	33	28	34	36	26	33	35	NA	20	27	25	23
78	30	34	32	38	28	31	34	32	28	26	32	22	26	34	22	22	32	18	29	38	37	23	26	34	21	36	30	29	31	14	22	24	32	36	25	45	34	29	28	28	26	29	32	44	22	18	NA	19	31	38	31	30	29	32	NA	30	22	28	26	32	33	25	30	29	40	28	23	26	26	22	35	20	33	25	23	32	20	33	45	20	19	25	33	29	31	21	28	63	32	29	32	32	26	37	23	NA	14	28	29	21
79	28	29	26	32	29	40	42	32	32	24	47	31	51	32	17	23	30	21	34	39	28	26	29	28	25	30	32	29	38	17	28	25	36	38	27	49	25	24	29	28	22	31	40	36	29	17	NA	16	30	34	30	40	29	33	NA	34	22	34	38	35	33	25	32	30	29	21	26	32	28	26	40	21	23	34	24	32	21	37	23	21	23	29	23	31	26	22	26	33	28	31	24	27	24	36	26	NA	20	34	38	22
80	29	27	42	37	34	36	37	42	25	25	38	27	56	33	19	26	30	19	26	46	28	29	32	26	18	43	38	34	43	19	22	24	35	29	28	43	22	26	34	30	28	28	44	38	37	23	NA	13	34	32	32	37	30	46	NA	36	24	45	36	33	30	23	33	31	35	22	22	35	27	28	34	22	29	43	28	35	18	35	28	24	23	32	24	27	29	26	16	27	29	31	30	33	33	42	27	NA	15	36	20	23
81	55	30	45	35	36	35	27	40	29	34	43	29	35	35	15	19	32	22	32	52	23	31	36	28	22	31	45	31	39	19	24	22	27	32	31	26	29	27	36	25	29	26	28	37	28	32	NA	12	40	38	32	30	28	33	NA	30	26	28	37	20	32	31	31	34	31	33	30	32	29	21	35	27	25	31	37	26	18	36	37	25	27	25	22	26	36	20	20	31	30	19	33	36	37	28	30	NA	16	41	33	24
82	36	31	29	29	30	35	38	37	27	40	31	40	39	35	19	19	37	28	30	44	29	34	32	24	23	37	41	25	51	12	23	26	30	23	29	25	30	23	29	33	29	25	33	37	33	29	NA	13	46	43	36	30	40	30	NA	31	27	28	49	25	34	54	31	40	24	30	27	36	29	28	36	32	20	28	40	34	21	38	28	25	30	37	24	34	35	19	24	34	32	17	34	38	35	29	27	NA	19	45	29	25
83	40	36	44	31	32	34	33	26	43	43	31	43	45	37	20	17	43	21	32	34	29	26	32	33	24	47	46	23	47	18	25	19	27	26	33	25	32	24	27	22	30	26	34	31	34	35	NA	16	27	42	36	31	32	42	NA	31	25	32	38	26	25	36	27	26	23	28	25	25	28	35	36	26	22	34	39	40	17	41	41	28	29	34	35	32	38	22	26	26	33	22	37	38	29	34	29	NA	25	47	19	20
84	55	36	41	32	30	41	42	33	27	58	32	39	37	44	20	21	40	24	30	39	29	27	42	27	27	52	50	19	31	14	24	22	27	29	21	37	27	20	23	24	33	34	41	38	35	26	NA	18	31	36	41	37	28	41	NA	32	23	26	39	22	25	39	31	29	23	42	29	36	28	43	39	25	23	29	31	31	17	34	32	29	32	30	32	31	35	22	22	29	35	21	28	23	26	34	31	NA	23	39	21	26
85	46	31	44	31	34	49	39	41	44	64	25	34	41	27	21	32	30	22	27	36	31	27	32	25	33	71	37	20	34	13	30	22	36	34	30	34	30	26	32	27	45	29	32	37	27	23	NA	20	40	35	35	35	32	44	NA	31	25	30	32	28	25	28	26	38	23	28	32	33	20	32	41	31	27	26	29	29	20	32	30	26	25	29	26	34	34	18	24	31	41	27	27	41	29	34	22	NA	24	45	20	27
86	46	35	41	32	34	33	28	30	37	33	37	31	43	42	24	29	25	26	44	24	48	28	45	27	21	45	38	25	44	17	29	20	39	34	29	40	38	29	30	30	47	28	31	38	30	25	NA	21	49	39	40	39	49	39	NA	34	30	32	29	18	37	30	34	37	23	24	38	34	25	29	43	30	32	31	29	23	20	34	36	20	24	35	31	38	31	20	35	27	49	20	30	36	24	46	28	NA	30	38	26	27
87	45	32	41	32	44	34	30	28	32	38	29	33	41	35	21	33	34	24	57	30	46	30	30	31	21	35	32	27	32	22	30	27	36	35	28	33	59	31	35	35	42	35	63	60	28	27	NA	21	48	23	45	32	27	32	NA	27	31	42	34	19	31	30	36	38	24	24	38	32	24	38	40	32	29	29	28	31	28	30	47	22	24	36	29	30	30	21	24	33	29	23	33	29	25	34	32	NA	32	36	30	27
88	38	33	37	42	32	33	31	28	36	38	28	33	27	34	19	42	34	27	42	30	36	21	36	26	24	88	43	22	33	24	31	21	32	39	21	24	54	33	27	37	30	39	36	32	28	24	NA	19	34	31	41	29	32	36	NA	33	38	33	35	19	24	36	42	54	28	38	30	32	25	29	34	32	27	28	31	36	19	37	50	23	30	26	39	32	43	23	30	35	35	25	35	33	21	30	32	NA	23	37	31	39
89	35	36	33	37	31	44	40	25	33	27	32	29	25	35	18	51	32	52	56	31	40	23	33	27	26	57	44	30	29	22	37	27	47	31	29	24	34	25	26	40	29	33	38	36	28	27	NA	21	36	25	34	33	38	41	NA	32	39	31	40	18	31	33	30	55	30	27	31	32	29	30	36	42	36	30	32	26	18	41	31	31	56	45	32	44	46	28	25	35	29	20	30	46	23	31	39	NA	22	51	22	34
90	57	35	31	41	35	37	38	28	27	32	35	24	42	36	23	52	30	78	48	27	33	20	42	38	27	34	35	21	30	19	38	17	32	28	36	24	36	32	25	26	38	31	32	36	40	30	NA	21	27	27	51	27	36	34	NA	25	40	32	40	16	23	29	48	49	36	27	30	30	29	32	30	39	28	30	31	28	25	35	44	34	36	45	32	32	32	26	29	40	33	21	29	35	23	32	32	NA	25	35	34	27
91	39	40	31	30	43	36	49	32	33	34	42	24	27	29	22	35	34	72	39	34	36	24	41	42	29	41	35	21	33	29	26	19	31	25	26	28	27	39	27	26	40	30	38	35	42	29	NA	28	30	38	35	27	41	39	NA	23	40	47	39	21	35	34	52	49	22	29	33	28	35	38	27	19	24	31	31	31	37	36	64	40	41	40	26	41	54	33	26	38	48	28	29	33	29	35	29	NA	20	53	33	30
92	42	42	32	47	32	40	42	42	37	27	32	28	40	32	21	29	32	77	37	45	36	34	32	26	34	36	35	26	35	28	31	19	27	26	23	31	44	40	25	30	38	28	37	30	48	22	NA	21	35	32	30	40	36	28	NA	30	44	41	48	24	28	29	40	34	26	36	37	37	39	44	32	16	25	29	31	34	43	35	43	21	34	49	24	46	59	36	26	50	44	21	34	32	34	38	40	NA	17	47	29	25
93	51	39	37	41	29	33	47	36	39	37	41	35	61	30	25	26	32	52	35	51	33	27	32	26	39	47	39	27	30	30	28	28	33	24	28	47	43	26	33	31	48	38	40	37	37	31	NA	25	36	27	48	37	37	31	NA	36	30	32	42	19	25	30	45	32	30	50	31	32	29	40	35	15	28	32	28	27	21	46	32	30	27	48	23	41	34	41	29	42	48	23	34	32	50	38	42	NA	17	46	29	24
94	38	40	35	42	40	38	35	28	32	39	33	32	61	34	25	27	35	42	32	46	37	29	43	24	27	56	35	33	32	30	26	33	31	31	26	40	25	31	30	44	37	45	29	34	27	46	NA	20	36	36	40	39	35	30	NA	33	24	26	40	31	24	29	46	39	33	29	26	38	29	33	43	14	33	28	34	29	24	38	37	29	24	52	26	53	38	28	46	41	40	25	36	33	32	37	44	NA	22	36	27	29
95	33	32	30	36	34	50	43	32	35	39	36	28	42	44	33	25	35	36	36	67	43	27	36	26	29	56	46	31	37	30	26	25	35	31	36	26	27	30	39	32	41	31	28	43	33	39	NA	24	29	31	67	37	31	28	NA	24	25	43	36	28	33	26	45	38	44	27	27	38	38	37	38	21	53	37	29	29	20	39	44	30	37	39	37	50	46	40	23	41	31	31	45	29	32	31	36	NA	32	40	23	24
96	42	39	33	35	38	38	47	30	44	34	38	33	50	48	34	29	33	20	43	51	45	25	38	33	40	62	39	29	48	30	34	27	39	35	25	27	31	35	36	27	49	35	30	41	37	34	NA	28	46	36	64	48	30	30	NA	37	26	35	45	29	64	29	50	62	32	29	63	45	35	28	35	19	41	33	29	40	20	46	38	36	30	43	48	34	34	35	30	49	30	29	47	34	30	33	25	NA	20	60	26	26
97	44	37	49	51	35	34	38	28	40	38	43	26	42	55	47	28	32	25	30	53	40	33	44	32	30	48	40	29	37	32	28	33	32	45	31	33	34	40	27	25	46	29	33	53	31	18	NA	27	58	34	36	40	33	33	NA	35	31	32	44	18	31	34	66	61	28	27	35	37	36	34	44	24	39	40	32	35	22	48	66	35	34	38	39	31	40	34	34	61	32	29	47	39	31	34	25	NA	25	36	28	33
98	64	46	45	61	36	46	38	30	44	36	33	31	42	54	28	26	43	35	27	51	42	40	34	40	29	43	37	27	41	26	38	29	31	29	23	37	30	29	34	42	29	30	36	42	36	20	NA	18	49	29	39	38	32	42	NA	35	36	34	40	23	26	35	79	45	35	37	28	44	32	28	49	23	29	29	35	33	28	58	35	34	37	38	39	37	37	28	32	38	33	31	37	39	32	31	26	NA	36	43	31	34
99	46	59	53	60	38	39	31	45	37	59	31	29	29	55	27	22	36	39	30	41	33	28	36	38	29	75	35	27	32	18	32	25	31	27	36	37	33	30	35	37	28	31	40	37	33	22	NA	31	37	42	46	37	53	35	NA	30	32	35	38	22	37	31	44	32	41	38	34	31	30	37	39	20	36	40	48	28	26	64	42	29	38	60	30	33	38	37	41	37	39	23	33	32	30	32	39	NA	25	40	34	41
100	50	32	59	51	37	29	32	39	35	37	39	36	48	61	24	33	38	42	30	51	46	29	44	47	24	41	45	33	31	23	32	24	27	45	51	26	31	33	52	36	36	31	47	38	42	24	NA	26	36	33	43	39	37	43	NA	37	38	30	42	27	27	27	41	35	31	28	30	39	36	35	31	24	36	42	31	47	29	37	58	24	41	55	34	39	39	29	26	43	42	32	26	47	35	40	42	NA	23	46	25	26
101	62	36	47	49	46	38	37	37	41	38	37	43	47	54	29	23	42	28	31	58	41	31	51	30	23	48	53	24	36	16	33	23	31	33	55	27	46	36	30	37	37	58	55	38	34	19	NA	24	51	35	44	53	39	57	NA	31	30	32	38	28	29	29	39	37	49	38	29	39	33	37	43	27	28	46	30	57	23	41	60	25	43	43	46	42	39	27	32	45	48	36	35	59	41	32	46	NA	19	38	27	30
102	47	46	37	57	52	46	38	49	35	48	31	42	35	41	35	31	38	25	29	37	39	27	59	34	34	39	63	33	54	22	36	35	32	41	39	39	39	37	34	31	40	61	34	38	37	20	NA	28	45	38	40	42	50	43	NA	35	50	35	48	26	42	43	44	40	52	29	33	57	27	32	60	38	31	35	31	43	27	44	42	26	40	39	47	42	42	36	36	47	62	35	35	53	36	35	41	NA	28	36	30	36
103	42	44	31	43	40	38	34	53	35	37	32	35	40	52	31	28	37	41	32	40	35	28	66	35	32	48	58	40	48	26	35	28	38	37	48	35	39	35	42	31	43	65	39	42	35	24	NA	31	48	39	60	40	40	41	NA	33	35	37	39	27	39	44	46	35	37	34	34	34	33	36	39	22	28	34	32	50	27	47	43	26	38	40	43	39	33	47	26	41	62	32	36	50	35	52	29	NA	31	51	22	40
104	44	40	45	35	36	46	40	58	32	44	40	35	47	54	26	26	38	26	35	50	43	22	40	30	28	55	50	52	39	20	40	43	42	43	49	38	41	39	50	35	42	46	52	35	37	22	NA	32	30	37	66	39	42	46	NA	45	36	55	38	28	42	42	36	34	32	38	32	40	53	47	50	26	37	41	30	38	26	40	45	22	48	46	32	31	36	37	35	40	48	33	33	36	32	60	27	NA	24	42	26	35
105	37	48	66	51	43	43	61	33	30	36	38	37	48	59	25	40	42	28	53	73	40	24	43	33	31	44	46	29	45	18	39	55	35	38	30	37	51	32	42	38	50	36	36	40	30	42	NA	26	34	37	60	44	51	40	NA	37	34	33	69	31	41	35	33	39	60	34	38	37	31	33	34	27	34	48	33	38	32	46	42	33	39	47	38	40	40	32	34	38	54	30	32	33	30	65	29	NA	21	73	29	47
106	42	52	99	50	37	47	47	49	33	46	32	39	37	52	28	26	48	26	38	69	60	27	41	32	30	56	45	33	51	18	38	44	40	47	35	38	47	33	52	41	36	31	57	34	39	27	NA	32	37	43	43	39	32	53	NA	40	35	43	38	42	25	30	33	44	49	49	46	34	43	40	38	28	33	34	43	39	23	57	33	38	39	40	33	51	43	42	36	43	43	34	35	42	31	60	40	NA	21	50	28	58
107	41	59	44	47	38	47	60	43	31	45	34	40	52	47	35	27	43	25	50	52	66	31	47	36	25	40	58	40	42	23	40	32	42	31	39	41	52	36	39	45	51	47	75	42	36	21	NA	36	42	41	65	49	44	44	NA	32	31	62	39	35	28	28	33	46	51	45	43	35	59	36	41	33	28	46	36	40	28	72	49	31	39	34	43	39	44	37	40	38	56	28	45	49	40	41	41	NA	31	41	25	32
108	42	46	48	50	42	41	44	52	33	42	40	50	41	47	26	29	40	26	42	41	57	29	33	37	25	46	78	32	42	33	42	41	39	36	41	45	52	37	43	35	59	61	34	42	36	20	NA	32	42	44	45	57	49	40	NA	52	35	41	50	28	28	30	43	58	34	42	32	33	47	39	46	25	36	37	36	51	35	37	50	29	39	52	33	52	43	33	38	46	59	29	52	30	44	40	49	NA	34	64	24	27
109	48	36	51	48	44	38	37	44	33	46	42	32	43	49	30	27	39	27	38	45	52	28	60	40	25	34	85	32	56	32	36	33	45	40	42	40	49	39	35	33	58	36	41	38	34	22	NA	33	35	44	51	47	43	56	NA	35	36	44	40	36	32	38	48	64	33	35	34	41	35	41	49	20	30	37	37	52	25	44	45	30	40	41	32	46	36	31	35	58	42	36	42	39	59	55	33	NA	26	47	23	30
110	50	45	51	39	38	41	47	43	37	45	45	48	47	36	28	24	67	26	50	53	39	39	43	38	24	34	47	35	53	44	27	32	48	39	39	34	48	45	49	30	52	45	35	33	42	27	NA	35	39	59	47	55	50	54	NA	39	33	36	42	30	29	38	48	48	43	31	35	35	38	37	49	24	32	43	36	34	23	45	53	29	45	61	38	40	36	33	40	44	46	35	70	33	33	49	39	NA	34	39	22	32
111	40	37	41	36	38	49	51	43	41	36	47	44	46	49	26	28	36	28	52	36	47	37	50	29	27	50	44	40	57	20	32	29	39	40	38	39	47	44	32	36	46	29	39	48	46	24	NA	35	47	55	53	58	42	52	NA	36	43	37	48	54	43	35	47	44	50	34	38	47	39	51	38	27	61	39	40	47	30	37	44	35	58	52	35	46	47	32	42	52	54	31	40	44	37	40	48	NA	29	45	34	28
112	46	49	39	40	60	50	39	46	45	36	46	59	47	45	26	30	49	29	38	56	49	46	58	38	30	43	33	35	68	28	54	27	51	39	41	38	47	46	39	37	39	36	35	45	35	22	NA	24	50	53	29	49	32	48	NA	41	46	43	44	46	33	34	39	42	30	44	35	44	34	34	36	32	59	39	43	48	30	37	37	39	50	37	41	45	46	34	35	35	42	33	58	44	33	95	46	NA	27	52	32	38
113	56	58	43	60	49	40	35	41	53	35	50	39	49	50	32	28	41	30	43	47	46	39	80	35	32	39	44	32	62	27	34	25	51	36	38	37	37	49	54	37	36	38	45	44	42	26	NA	28	41	50	41	40	42	39	NA	33	40	38	44	28	39	35	42	50	26	50	38	37	37	57	44	41	69	40	49	35	34	45	38	37	37	43	43	45	47	35	48	48	65	37	58	58	38	56	35	NA	34	51	29	45
114	48	66	40	41	48	34	37	42	43	45	48	43	45	41	34	32	41	28	44	39	42	43	47	55	26	52	40	44	81	34	34	24	47	52	37	50	41	39	33	41	59	38	41	52	36	24	NA	32	48	49	42	39	51	38	NA	34	36	44	40	33	38	31	43	45	37	47	29	38	32	36	31	34	54	35	44	33	35	47	46	43	42	49	47	58	42	30	33	47	52	38	67	50	36	41	35	NA	32	43	32	32
115	36	51	39	56	48	35	38	53	46	44	46	39	42	43	33	33	43	36	51	45	45	34	43	66	37	64	43	41	46	31	38	28	61	58	39	44	39	38	39	51	43	40	45	42	41	27	NA	36	40	40	41	59	46	38	NA	35	44	45	44	37	43	39	29	35	39	44	49	41	28	47	37	39	36	54	38	33	34	54	65	38	44	51	41	45	42	29	38	40	44	31	43	50	38	42	33	NA	35	61	43	44
116	42	60	33	58	38	49	50	44	39	40	45	40	39	53	30	33	40	40	48	40	45	29	51	66	29	45	43	55	56	24	38	32	38	35	51	36	54	36	33	45	53	47	38	52	45	28	NA	29	44	46	34	36	53	56	NA	47	32	32	48	33	62	34	43	39	31	39	49	44	37	46	40	47	38	60	33	32	34	66	43	42	43	40	43	41	38	34	45	50	45	36	29	40	47	39	38	NA	29	58	46	40
117	36	44	44	43	39	68	46	42	45	47	78	46	44	46	37	40	55	47	37	52	76	38	33	73	33	38	53	34	79	28	37	48	33	39	46	38	65	43	36	37	56	40	43	53	41	35	NA	26	38	44	41	46	57	48	NA	39	29	30	41	28	56	34	33	41	50	37	60	49	71	38	41	44	37	46	39	45	39	80	42	43	37	31	40	47	41	37	52	38	31	38	38	37	56	43	26	NA	29	41	48	35
118	45	38	61	38	47	59	57	52	39	51	38	39	47	43	38	35	70	38	35	42	53	30	35	38	35	45	40	31	42	26	40	44	47	36	49	38	69	41	35	49	65	41	48	51	43	30	NA	26	53	42	49	49	55	40	NA	62	32	33	47	35	56	35	49	45	41	37	34	45	79	37	51	47	50	37	40	50	34	56	58	37	37	42	42	59	56	30	38	50	32	36	48	52	60	50	37	NA	26	36	40	46
119	54	55	39	37	47	50	53	59	42	50	43	36	62	44	41	30	47	60	45	51	41	31	46	41	35	36	40	31	45	23	71	37	56	38	52	32	48	33	40	35	44	47	56	46	45	31	NA	35	48	43	49	47	52	50	NA	62	37	39	56	28	52	37	37	41	29	34	32	45	40	39	52	32	53	51	43	43	34	70	61	32	36	43	36	57	42	39	41	48	39	34	43	32	39	48	40	NA	38	38	41	31
120	38	52	50	47	49	43	39	55	40	44	40	35	42	65	30	36	38	54	46	47	38	51	86	45	25	36	47	42	40	29	70	42	66	34	46	31	54	44	43	64	58	52	42	42	40	33	NA	33	51	95	41	55	45	54	NA	45	42	50	46	47	60	37	51	44	32	37	38	35	41	37	46	27	53	41	41	38	27	47	36	38	37	31	47	59	41	42	34	41	57	32	51	31	42	55	38	NA	31	40	51	41
121	54	53	53	34	48	55	44	41	56	37	43	41	48	44	35	43	38	50	38	44	41	40	65	48	34	63	38	32	39	22	44	45	42	35	40	34	40	39	34	52	47	49	35	50	38	43	NA	36	57	50	35	41	48	49	NA	31	45	50	35	44	39	41	52	46	36	35	54	57	44	41	68	32	54	46	48	37	32	42	39	38	43	45	44	52	51	43	39	37	32	35	55	36	37	45	36	NA	33	41	34	32
122	55	45	33	38	53	41	53	47	52	42	43	39	36	35	33	48	36	41	43	67	42	49	55	37	35	35	34	41	61	26	42	35	50	38	36	41	51	88	47	58	46	42	41	50	39	34	NA	38	73	65	46	37	48	38	NA	47	42	55	43	36	44	34	48	41	34	37	48	59	53	38	59	26	42	40	38	39	32	48	40	57	48	36	53	40	40	45	37	40	38	34	65	47	42	40	40	NA	37	39	49	38
123	40	58	45	46	43	43	40	32	61	39	45	43	53	37	34	48	38	31	36	43	41	39	48	44	45	49	43	67	47	24	39	31	39	38	33	33	56	71	38	43	44	43	39	41	44	32	NA	31	58	57	50	54	41	39	NA	43	43	52	54	31	42	33	50	38	46	33	40	42	54	44	41	37	38	40	59	39	34	51	39	52	49	31	35	40	42	49	40	35	40	30	49	51	41	44	44	NA	28	34	41	47
124	38	58	58	53	46	58	57	37	44	63	59	57	42	36	30	46	38	31	47	39	40	34	45	47	36	36	39	45	49	30	45	37	88	55	53	39	56	42	37	39	42	45	44	56	37	35	NA	34	43	50	37	37	44	42	NA	45	45	61	48	39	40	36	53	46	51	39	48	50	59	44	40	38	42	50	52	40	33	41	40	44	44	45	42	51	47	39	38	44	46	36	45	52	52	48	52	NA	33	42	36	42
125	44	47	36	54	43	42	61	37	41	43	39	48	42	35	45	42	49	69	47	35	49	37	39	43	40	41	38	39	52	30	45	40	54	52	66	42	49	35	41	36	46	46	43	58	43	37	NA	43	38	46	37	38	57	41	NA	46	47	49	42	39	33	55	48	47	43	47	56	39	72	48	40	41	39	36	53	45	36	41	44	35	46	52	52	48	41	40	52	48	43	32	45	46	40	31	34	NA	32	32	42	42
126	44	48	47	41	45	37	49	42	42	39	34	41	56	38	36	67	48	64	43	35	51	31	68	34	33	54	49	35	51	29	42	54	54	58	49	43	49	40	49	45	60	37	41	33	48	32	NA	30	41	47	43	46	42	39	NA	47	47	42	34	43	36	58	50	45	41	35	48	37	40	41	42	27	37	46	62	48	30	48	40	45	42	53	42	56	40	37	38	50	54	36	41	45	35	43	48	NA	33	37	40	45
127	44	40	37	41	44	43	48	40	32	51	38	36	39	42	42	63	45	34	39	31	48	34	43	44	36	50	43	37	60	29	50	46	41	57	51	70	41	40	61	36	49	40	48	31	40	27	NA	38	52	54	42	39	44	44	NA	36	37	44	35	36	36	74	39	57	41	39	45	38	47	43	46	34	42	41	50	60	33	36	44	48	49	44	45	38	35	39	36	52	41	43	41	39	39	35	52	NA	33	38	46	40
128	34	44	36	47	42	45	81	41	39	59	38	53	41	38	49	38	33	33	40	37	45	31	46	45	36	39	47	39	46	25	53	38	42	40	50	44	44	47	37	45	56	45	32	36	52	34	NA	34	48	56	54	38	37	64	NA	47	39	36	50	30	34	34	39	33	45	34	45	54	37	38	47	50	71	48	52	51	34	43	51	38	37	39	44	33	48	36	40	39	38	44	42	42	54	44	72	NA	34	34	40	38
129	38	47	31	49	38	35	89	51	47	51	53	51	43	33	44	39	53	40	57	37	44	39	43	38	33	40	46	47	45	33	52	32	41	38	38	35	44	35	45	39	40	49	38	54	44	28	NA	35	44	44	40	40	65	35	NA	42	50	62	44	44	57	47	47	49	64	45	42	43	41	40	54	47	44	60	38	45	39	39	50	42	38	40	45	34	47	33	36	44	47	33	47	35	36	40	49	NA	39	32	35	47
130	29	36	40	45	46	54	53	52	49	54	35	40	42	46	51	52	51	39	45	30	42	46	46	48	28	46	44	48	83	29	49	31	53	39	51	38	47	37	50	57	43	47	44	48	45	31	NA	34	43	47	39	43	54	41	NA	48	50	48	33	31	49	49	56	55	51	42	44	53	42	34	51	30	44	43	47	36	41	43	44	47	51	48	40	44	48	50	44	56	41	37	49	35	45	68	91	NA	34	32	38	44
131	34	57	35	48	46	47	35	49	51	55	42	48	36	35	53	64	58	33	42	37	45	39	45	43	35	37	63	41	75	30	51	38	47	38	45	46	53	49	39	63	39	55	47	51	46	38	NA	36	45	43	45	57	48	41	NA	42	41	39	30	36	68	40	41	40	45	55	43	46	52	44	38	38	49	44	53	41	44	38	43	45	42	39	45	38	47	54	35	33	56	36	39	45	51	48	53	NA	45	36	41	46
132	32	42	44	45	54	33	35	53	44	45	43	44	47	33	48	51	41	42	48	33	52	47	33	36	53	30	33	54	66	30	44	42	37	39	46	38	65	42	56	70	33	58	42	55	43	40	NA	39	38	47	41	43	62	39	NA	54	36	38	33	29	42	48	65	46	45	62	37	38	64	55	38	41	43	42	52	52	49	45	54	56	41	40	50	46	46	55	68	52	37	36	41	36	55	47	55	NA	51	45	46	51
133	33	36	44	31	49	36	36	43	49	60	39	41	57	39	44	39	52	39	43	36	35	42	42	33	39	31	45	61	37	40	46	50	33	39	39	37	59	56	40	41	42	37	42	42	42	37	NA	43	45	42	46	38	59	50	NA	49	36	41	39	32	35	47	78	43	46	46	42	38	60	63	45	58	41	43	50	42	42	53	37	39	41	34	47	52	47	42	48	38	43	43	44	36	52	45	48	NA	34	44	42	57
134	37	34	37	43	46	42	39	45	37	40	37	44	51	34	55	35	34	46	61	32	36	52	42	37	52	33	43	42	37	39	45	40	36	37	40	39	51	40	41	44	52	39	37	47	42	40	NA	46	38	35	46	35	40	38	NA	48	41	44	30	42	60	45	36	37	45	59	46	38	48	61	41	43	35	63	43	59	38	59	41	66	39	35	65	65	42	42	44	65	43	61	48	50	47	57	49	NA	46	35	65	42
135	45	47	55	39	47	63	45	59	34	66	36	41	44	42	59	59	39	44	54	58	38	45	50	46	51	30	55	32	31	25	35	41	38	48	35	55	51	43	45	37	48	43	35	46	42	44	NA	38	54	42	31	37	36	38	NA	55	51	53	31	33	47	40	41	39	39	62	51	41	53	57	42	47	39	48	37	61	47	43	46	55	36	32	42	47	30	41	50	42	55	52	50	37	59	44	46	NA	37	33	43	56
136	30	43	37	36	55	48	38	53	59	49	36	38	33	53	64	47	30	44	70	35	29	45	29	43	65	32	41	38	41	33	39	50	32	32	54	45	61	42	43	45	53	44	40	39	37	36	NA	40	42	40	44	37	43	42	NA	53	47	48	30	39	48	71	46	36	38	51	40	35	40	47	34	38	42	45	47	76	36	36	35	66	50	35	61	53	41	45	38	39	50	41	52	38	43	56	44	NA	46	29	44	61
137	36	44	33	44	42	40	43	41	52	36	41	39	51	38	45	36	41	46	54	31	33	62	38	60	32	40	41	72	43	30	44	45	32	65	49	60	52	57	45	47	32	42	49	48	33	34	NA	47	40	38	37	43	43	49	NA	53	36	48	31	38	54	52	44	29	44	56	46	36	48	44	31	32	38	42	46	43	40	41	41	50	41	71	42	40	36	48	50	34	50	56	47	37	48	49	48	NA	44	30	44	44
138	34	39	30	31	44	44	39	50	51	35	55	55	46	31	34	33	43	43	42	28	38	38	43	34	42	47	33	47	42	30	45	40	35	61	63	34	51	56	48	41	56	41	44	37	48	38	NA	45	34	42	33	42	51	35	NA	52	34	66	31	28	40	38	42	38	55	55	44	43	38	44	30	40	43	62	40	41	33	46	36	53	44	52	43	43	44	65	53	37	49	40	49	45	48	41	47	NA	37	30	59	56
139	41	35	34	55	39	45	41	48	38	32	57	60	48	44	33	40	38	64	42	26	31	71	37	47	39	33	32	44	35	35	40	45	38	35	52	32	41	44	40	47	37	57	42	43	46	41	NA	72	33	32	42	33	56	39	NA	42	40	64	37	32	42	62	25	30	41	35	36	41	40	53	31	46	96	95	37	46	45	39	32	35	44	44	50	40	35	41	38	64	49	62	41	48	46	38	42	NA	49	32	54	59
140	40	34	33	34	39	40	33	54	37	49	47	47	47	44	52	37	41	66	47	37	40	44	36	62	47	30	38	36	38	34	38	39	49	47	50	42	47	71	36	49	29	48	44	50	38	43	NA	35	39	36	37	36	52	49	NA	50	44	68	30	30	44	44	38	25	44	32	42	42	40	37	30	44	67	50	44	45	36	33	33	55	39	40	52	39	30	56	50	61	43	57	41	43	42	40	41	NA	47	34	47	36
141	27	29	46	35	35	50	38	56	39	41	41	36	42	34	43	43	32	47	39	27	46	58	31	66	42	22	35	36	34	41	38	51	64	54	55	44	50	42	68	37	39	39	54	50	37	30	NA	56	41	32	27	30	34	30	NA	45	39	62	26	39	51	44	46	32	52	37	48	43	36	42	32	48	42	48	42	42	44	27	34	54	43	40	48	35	37	51	48	42	51	49	53	31	37	38	49	NA	46	28	54	43
142	31	44	38	37	29	52	45	37	44	44	31	37	43	33	48	56	29	51	41	30	45	57	39	51	52	24	47	39	40	33	51	43	52	56	47	33	39	44	62	44	38	36	41	45	43	43	NA	46	30	30	30	27	33	36	NA	39	50	56	33	46	38	42	46	32	59	40	48	41	37	38	41	53	67	38	41	61	43	45	32	49	56	34	44	44	35	38	45	44	45	51	67	33	65	46	40	NA	48	26	41	46
143	26	41	42	31	44	50	41	41	28	47	45	46	43	41	42	59	26	41	39	25	48	40	35	41	62	23	48	37	34	39	40	53	55	51	41	39	54	37	58	40	42	49	41	38	37	52	NA	39	31	33	29	33	36	28	NA	36	41	44	33	33	36	44	44	28	45	55	37	33	33	42	24	70	46	59	39	51	45	41	25	49	55	29	46	40	41	43	49	37	43	76	43	32	34	52	40	NA	37	26	41	36
144	41	42	33	30	28	68	39	38	31	45	45	46	31	35	43	45	35	44	46	26	37	46	39	41	49	53	47	42	44	50	42	60	56	53	45	44	52	53	62	41	39	52	35	34	37	53	NA	38	36	27	38	33	39	36	NA	43	38	68	26	33	45	30	43	32	52	33	34	36	36	60	23	48	49	56	59	49	50	32	37	39	45	30	39	33	45	40	52	33	36	54	40	29	36	47	44	NA	61	45	35	51
145	31	54	22	29	36	48	31	32	46	43	46	46	37	30	36	62	31	45	41	23	35	41	39	36	48	36	35	51	45	46	40	56	32	43	57	46	29	51	36	42	34	48	34	31	43	46	NA	32	34	31	45	37	32	44	NA	45	37	62	30	32	58	45	37	35	53	42	47	45	44	46	23	50	66	57	44	49	45	32	41	37	36	31	39	32	66	57	37	42	43	54	34	43	43	36	55	NA	32	47	42	47
146	45	43	31	35	32	32	39	33	43	40	51	42	30	30	42	73	44	47	38	28	32	47	34	34	39	27	33	45	46	38	59	67	40	52	42	50	34	63	36	49	28	39	39	25	43	45	NA	50	36	27	42	44	44	45	NA	42	38	54	18	32	52	45	40	26	46	45	51	30	42	32	20	68	51	45	35	33	54	32	32	39	37	27	33	31	46	44	37	34	38	58	47	46	48	38	69	NA	37	38	47	51
147	26	34	34	43	38	55	47	33	34	38	40	60	44	31	46	44	49	45	40	24	33	50	30	39	38	27	26	40	34	35	62	49	35	56	47	49	29	41	52	37	33	46	33	29	46	43	NA	38	29	30	38	39	37	47	NA	36	43	54	17	37	42	46	51	25	35	65	37	37	37	36	23	64	42	41	39	35	52	45	26	38	54	34	34	33	51	52	51	29	36	76	41	32	44	35	42	NA	40	31	74	44
148	25	32	32	43	42	32	33	46	33	31	35	50	44	27	50	56	40	47	34	21	29	42	25	31	40	38	28	45	28	53	43	42	29	45	46	40	36	34	53	39	33	55	30	28	32	48	NA	59	28	30	40	41	36	30	NA	38	44	31	20	51	40	57	30	29	37	36	37	27	52	35	27	59	57	40	47	40	38	38	35	51	36	26	30	36	43	43	45	27	48	56	31	35	46	42	39	NA	43	32	75	36
149	32	37	20	30	26	24	29	38	61	32	42	47	38	27	40	41	52	37	49	25	27	39	39	33	43	35	29	42	31	34	68	66	28	36	46	45	33	41	45	39	38	64	30	28	43	70	NA	55	42	30	37	25	34	32	NA	36	44	31	19	50	41	37	27	31	33	43	46	27	54	46	19	36	48	46	43	40	49	26	32	65	43	35	34	35	31	54	48	27	37	53	30	35	41	31	39	NA	41	20	36	37
150	28	36	32	32	39	30	31	41	51	30	40	55	35	22	39	39	51	49	43	26	35	42	28	34	51	32	26	40	34	34	47	53	41	44	64	31	33	41	34	32	41	56	32	32	56	52	NA	39	33	26	34	33	43	32	NA	36	40	33	33	52	43	33	24	43	60	52	44	29	52	61	23	38	41	37	31	49	62	31	31	50	35	34	32	30	39	45	42	27	35	55	28	29	46	42	46	NA	60	26	32	46
151	41	43	23	43	44	31	34	35	44	30	36	60	31	28	34	43	38	44	38	22	34	40	26	65	55	20	25	41	37	38	42	50	41	35	49	35	43	41	40	30	38	37	28	33	57	46	NA	46	40	27	39	34	44	29	NA	35	50	35	30	35	36	36	21	35	62	46	46	39	49	40	26	40	35	40	36	54	38	33	33	50	36	38	38	32	32	58	42	28	32	48	32	30	57	47	40	NA	90	21	36	61
152	33	43	35	45	32	45	37	45	31	31	37	56	33	30	41	38	31	39	36	28	33	40	20	37	54	20	22	49	27	38	38	48	32	43	47	41	31	41	34	41	37	41	23	35	51	41	NA	41	34	24	35	37	36	32	NA	31	42	35	31	42	44	33	25	21	45	55	44	38	41	34	22	48	34	35	54	50	45	31	25	41	48	30	47	24	39	55	52	21	26	39	35	35	39	39	37	NA	41	22	34	51
153	23	38	31	38	34	24	31	42	32	40	36	56	24	34	44	52	21	48	39	25	29	40	23	35	40	22	19	61	27	49	37	35	30	33	36	34	30	79	37	63	33	43	35	26	35	43	NA	46	32	23	30	20	48	26	NA	24	47	31	24	47	64	35	26	17	55	36	45	31	41	32	29	54	34	30	53	40	47	25	26	35	54	32	46	24	32	52	55	26	27	50	36	36	39	36	44	NA	63	24	52	36
154	30	56	44	34	31	27	29	43	31	32	37	36	25	35	69	49	21	52	54	22	24	38	30	33	41	18	28	42	30	47	40	32	28	29	49	43	28	53	41	48	29	40	34	28	35	59	NA	41	28	26	29	26	42	34	NA	35	50	53	24	42	42	42	39	19	57	43	36	31	42	32	35	53	31	31	29	37	42	25	29	33	49	27	28	23	32	47	56	24	29	55	27	36	42	26	41	NA	54	24	69	48
155	19	51	21	24	40	32	28	47	26	27	28	30	39	31	47	39	19	54	44	25	32	66	32	38	42	15	29	38	25	34	27	40	40	34	46	41	34	36	38	49	27	45	32	33	35	50	NA	48	18	25	30	29	39	40	NA	27	43	37	20	48	43	38	25	22	40	45	41	35	33	35	22	54	58	47	36	45	33	20	21	39	45	23	43	25	23	33	44	21	31	39	28	25	37	25	34	NA	36	24	51	39
156	20	37	23	27	22	25	31	35	29	24	28	48	27	32	38	43	21	47	42	21	38	42	23	31	45	15	39	50	26	40	33	38	38	32	44	41	35	41	56	27	30	40	30	23	32	41	NA	41	24	28	31	24	26	38	NA	30	38	40	21	46	40	26	25	23	48	38	43	28	36	47	25	44	31	46	37	39	46	27	23	45	35	38	32	34	38	49	38	25	29	42	32	34	49	37	36	NA	36	22	45	40
157	19	28	18	35	22	38	29	37	37	21	21	46	33	24	45	52	34	45	35	30	32	52	26	32	42	14	43	40	26	41	55	37	36	47	29	29	36	45	43	35	31	46	23	28	27	44	NA	46	32	28	29	18	40	27	NA	28	44	31	15	58	37	28	33	23	40	34	67	22	27	36	26	51	28	34	33	39	41	26	28	45	38	16	35	32	35	38	33	30	23	52	40	32	49	28	33	NA	44	15	44	50
158	15	26	17	30	21	33	30	29	32	30	30	41	32	13	44	43	27	47	35	22	30	38	23	33	44	12	32	36	28	36	46	54	30	50	34	33	41	48	37	34	22	49	27	26	26	60	NA	42	36	37	22	16	29	22	NA	31	31	33	19	49	32	30	36	25	36	28	39	23	40	28	28	59	39	34	29	27	44	24	23	41	43	17	38	29	29	45	34	25	25	56	30	29	43	18	36	NA	50	15	44	41
159	17	26	19	33	27	28	27	28	31	39	28	35	28	17	45	47	16	46	40	28	23	44	18	37	55	13	17	61	20	44	55	54	28	33	46	37	41	34	32	36	17	41	38	25	28	46	NA	34	44	33	17	26	26	20	NA	27	34	36	19	42	30	41	31	23	30	44	40	23	32	31	15	44	40	36	33	28	74	25	24	49	48	18	33	39	21	60	42	28	22	36	28	23	43	25	40	NA	42	16	42	51
160	16	28	17	61	27	18	34	29	23	30	27	27	18	16	36	41	16	37	20	34	24	41	21	35	49	15	13	53	20	42	34	68	29	31	49	34	24	38	47	49	23	32	31	25	27	39	NA	45	26	27	24	22	21	20	NA	27	33	34	15	40	44	42	23	18	39	37	37	31	36	34	15	36	34	36	31	27	43	26	27	36	44	17	32	21	20	47	42	22	26	55	29	26	43	20	46	NA	41	18	64	43
161	14	20	14	30	27	33	36	22	19	24	25	28	17	16	38	35	23	38	38	32	19	33	25	32	50	16	11	47	25	45	40	44	25	34	28	37	27	37	59	41	23	30	29	24	26	48	NA	38	20	31	19	16	25	20	NA	25	55	30	16	40	28	43	27	19	32	31	24	24	34	35	18	43	27	28	33	29	39	23	44	40	31	19	32	23	16	49	34	23	33	48	26	51	41	21	44	NA	42	13	72	49
162	20	22	18	22	34	27	26	26	19	35	33	31	22	18	43	47	22	42	32	26	24	52	30	33	36	20	12	36	21	31	36	46	28	29	41	39	30	51	47	31	26	25	21	36	29	61	NA	38	22	16	19	16	23	22	NA	29	38	32	15	45	33	44	30	18	29	30	41	29	29	27	17	46	31	28	30	27	44	31	21	36	41	21	28	24	18	39	36	18	34	50	29	21	28	29	37	NA	42	14	67	34
163	19	31	17	21	36	21	22	32	18	27	21	32	19	14	40	32	19	30	42	12	25	33	17	26	52	13	16	46	20	36	40	46	29	25	37	38	28	39	21	28	20	27	21	34	25	45	NA	49	16	17	25	14	27	17	NA	27	40	24	21	43	28	35	46	20	39	29	43	22	28	38	20	56	37	22	32	27	44	21	18	30	68	20	31	40	17	51	34	21	31	44	28	23	41	24	36	NA	42	18	40	38
164	20	31	17	26	37	16	30	24	23	27	35	27	13	13	34	30	22	42	23	12	27	40	17	32	59	16	15	42	20	34	33	54	23	24	38	30	31	38	26	35	18	27	20	35	19	40	NA	55	15	15	31	13	20	15	NA	34	40	32	15	58	21	33	32	20	50	35	34	30	32	40	27	46	28	32	26	33	43	17	18	30	54	24	33	42	17	32	55	16	35	42	30	23	34	26	37	NA	48	17	36	43
165	25	28	24	26	29	16	23	25	20	24	33	29	14	15	30	35	15	42	24	13	24	36	18	29	69	23	17	56	19	41	37	46	21	21	28	27	32	34	28	37	22	25	22	35	27	42	NA	49	18	17	23	20	21	17	NA	31	34	39	17	43	25	36	22	21	33	32	33	27	25	26	21	50	38	42	29	35	43	14	18	38	42	18	35	37	15	57	43	15	33	32	23	29	35	31	32	NA	65	20	37	30
166	20	35	24	26	17	21	19	22	19	26	19	39	14	19	34	37	16	36	25	11	26	39	20	21	39	24	11	41	20	45	31	36	24	42	54	28	18	34	32	38	19	20	27	35	26	34	NA	60	15	15	23	18	22	13	NA	24	32	34	15	49	22	32	18	23	42	34	29	25	24	31	22	58	40	32	25	37	39	13	26	41	39	20	28	29	18	54	39	14	38	28	26	25	24	25	40	NA	61	20	42	29
167	20	27	21	22	14	20	15	33	19	21	29	24	12	12	33	38	24	39	24	12	23	36	26	28	56	17	11	46	28	38	29	56	31	44	42	25	28	36	24	29	14	24	20	21	27	60	NA	63	15	19	24	19	27	14	NA	26	33	23	28	36	30	24	22	22	34	44	27	23	34	19	22	47	31	26	44	37	40	15	20	41	31	23	27	26	18	48	31	19	45	28	23	23	29	19	36	NA	52	18	35	24
168	22	21	20	21	23	23	15	38	17	21	22	21	16	11	47	37	16	30	18	14	17	35	18	37	64	20	11	46	26	54	32	49	43	28	26	25	35	41	22	39	15	29	19	19	18	54	NA	47	18	27	18	19	21	14	NA	33	33	29	24	45	34	27	21	22	32	38	25	22	25	19	20	40	25	24	44	24	37	17	24	43	26	25	26	14	21	47	30	20	49	32	19	26	23	19	30	NA	78	18	39	31
169	21	20	17	16	17	17	13	28	24	19	23	37	14	10	37	49	14	27	29	19	14	32	21	34	35	16	9	50	17	54	32	45	37	19	23	24	28	26	20	43	19	29	17	19	18	48	NA	43	21	26	15	19	26	25	NA	28	34	28	19	44	44	27	15	26	38	38	25	22	32	25	11	55	25	32	32	23	37	15	25	35	24	23	35	27	18	31	47	15	40	32	33	24	28	25	42	NA	50	14	36	32
170	17	16	10	16	17	28	13	26	21	22	28	35	13	10	39	52	12	32	23	20	18	34	20	17	33	16	11	44	17	42	38	39	34	32	23	25	25	23	21	37	21	30	17	21	18	41	NA	38	26	28	13	15	21	29	NA	26	40	31	20	42	35	25	16	23	29	51	22	22	29	30	11	36	30	30	23	22	28	26	18	42	20	16	29	27	18	32	38	15	24	40	34	17	21	22	42	NA	38	17	48	64
171	18	12	13	15	18	32	17	21	22	22	29	37	9	12	42	42	15	39	22	21	17	36	15	14	34	8	13	47	16	34	25	32	27	21	22	15	31	24	24	29	21	24	19	21	21	41	NA	39	29	14	17	13	23	11	NA	35	38	25	12	36	31	30	18	17	36	53	20	35	28	26	10	34	21	30	22	21	33	30	18	28	27	19	26	24	11	31	32	14	15	54	34	14	36	17	58	NA	45	16	49	66
172	20	13	8	12	23	30	17	47	21	23	20	26	12	12	35	41	11	30	15	16	21	29	17	19	36	6	17	46	18	45	34	37	26	15	20	25	30	25	28	36	20	23	15	18	18	35	NA	36	27	27	11	12	19	12	NA	34	35	31	14	55	22	28	14	19	41	34	19	34	32	24	8	49	23	30	20	18	53	29	15	30	22	18	19	14	11	32	32	16	16	39	26	13	27	29	28	NA	39	12	41	33
173	19	17	8	14	28	24	19	39	18	21	23	19	8	12	29	35	11	27	18	13	22	28	15	22	50	7	17	44	18	62	24	34	38	14	18	24	29	27	28	36	19	27	19	12	27	35	NA	33	19	18	13	13	20	14	NA	30	30	34	11	46	18	23	13	18	30	30	17	31	27	22	10	33	25	31	25	30	43	24	16	22	28	15	21	10	13	45	35	16	16	53	19	15	24	34	30	NA	53	13	48	22
174	20	26	9	11	34	22	25	40	27	23	21	19	9	14	36	28	14	37	15	12	13	32	10	21	34	11	11	28	17	63	30	39	22	18	20	27	19	20	17	34	20	25	15	10	31	51	NA	36	18	19	14	11	15	12	NA	16	31	22	10	49	20	15	14	10	28	25	20	17	30	26	9	38	31	25	30	33	44	14	10	22	23	15	22	13	11	36	27	13	17	43	27	19	20	19	40	NA	56	10	41	33
175	17	19	8	12	29	18	25	39	29	24	19	19	10	12	40	28	15	33	16	14	14	31	19	21	36	14	11	27	17	56	26	61	17	29	29	32	21	23	18	41	14	32	22	9	18	61	NA	33	13	23	13	16	13	13	NA	17	27	22	10	37	19	25	14	10	30	27	22	13	27	30	8	46	28	22	24	27	54	14	12	20	23	16	20	21	10	34	20	12	13	27	35	24	19	12	41	NA	61	11	39	38
176	11	9	8	14	24	31	17	26	25	24	19	21	13	15	35	27	11	25	23	12	14	35	16	19	42	20	12	26	16	40	25	30	15	16	21	33	18	24	14	34	13	32	26	7	17	62	NA	49	12	23	15	19	20	10	NA	21	53	26	8	39	24	24	9	11	30	26	33	14	19	28	5	35	31	32	27	16	39	12	12	33	16	10	19	22	8	48	23	21	12	30	29	22	21	11	26	NA	50	14	30	24
177	12	29	11	13	18	20	18	35	18	23	16	18	15	16	37	29	12	44	25	13	16	28	18	14	32	18	13	25	16	52	34	30	14	19	20	27	20	19	16	23	16	18	28	8	15	40	NA	35	11	25	19	21	17	12	NA	21	46	20	11	52	23	26	7	11	32	25	29	27	21	23	6	38	31	23	21	14	38	9	12	36	26	12	19	25	11	29	28	19	13	28	22	20	25	9	18	NA	40	6	24	27
178	12	27	10	12	19	12	17	24	17	12	23	25	17	15	39	32	7	38	24	12	17	31	24	12	45	10	17	30	23	41	30	25	16	22	28	20	19	21	17	20	12	17	23	9	18	34	NA	44	17	15	26	19	25	14	NA	17	28	18	8	47	22	26	6	9	34	18	22	28	21	24	8	41	26	24	21	13	37	10	10	30	22	11	17	24	14	38	26	14	16	25	23	19	30	11	24	NA	28	11	32	25
179	12	15	9	12	19	13	20	27	17	13	19	20	11	13	45	26	6	28	26	7	25	23	15	13	32	7	13	25	18	34	29	27	11	14	30	20	16	19	16	21	13	14	20	7	14	41	NA	41	11	20	19	15	25	14	NA	18	29	12	8	38	20	22	10	11	32	17	23	15	17	24	6	37	21	28	18	18	56	15	9	19	17	8	21	8	16	31	23	13	14	28	21	19	25	8	29	NA	41	13	30	26
180	13	13	7	13	21	13	25	25	11	13	33	13	9	14	48	26	8	27	14	10	26	27	8	12	31	6	15	21	18	48	21	37	15	15	30	15	12	19	18	17	14	10	16	10	22	42	NA	38	11	23	18	11	19	11	NA	17	22	12	9	48	19	24	10	11	28	17	17	25	20	24	4	57	22	20	23	12	34	13	9	20	16	11	17	9	21	37	22	13	15	36	29	25	17	8	26	NA	46	10	28	31
181	15	14	5	13	18	17	20	26	9	15	35	12	8	12	51	28	10	24	14	10	25	38	10	13	28	6	23	19	18	48	30	31	14	17	26	11	12	20	20	14	11	10	13	8	17	38	NA	34	9	18	15	9	25	13	NA	15	22	14	9	36	19	22	12	9	20	16	13	13	19	21	4	48	23	20	27	14	42	14	9	18	13	18	17	10	25	29	24	9	13	38	17	23	17	9	31	NA	43	7	36	29
182	11	11	4	12	22	15	18	26	10	14	23	22	7	8	39	28	9	26	15	9	24	30	11	14	39	7	17	23	22	32	26	23	17	20	23	11	11	16	17	16	10	9	13	9	15	38	NA	47	7	19	9	8	23	13	NA	13	37	13	14	36	18	25	13	7	19	13	13	13	17	12	4	48	20	43	24	14	31	8	9	14	17	12	17	15	13	19	28	9	10	45	12	18	28	12	25	NA	34	6	54	37
183	9	18	5	13	10	8	14	24	11	14	22	22	7	10	28	29	10	24	18	8	23	21	13	10	35	7	15	28	20	37	27	37	12	17	17	14	12	24	15	15	12	10	15	9	16	33	NA	48	12	17	9	18	17	14	NA	13	34	13	12	39	21	22	12	9	13	15	16	12	19	14	3	35	22	26	19	14	32	9	7	21	19	15	18	17	11	21	22	10	13	40	11	15	23	9	20	NA	26	5	35	22
184	7	18	7	9	10	18	11	19	11	12	13	21	8	9	27	33	7	20	13	5	13	25	15	10	29	5	10	28	19	38	22	35	12	20	16	14	12	37	21	13	16	20	15	9	18	43	NA	44	12	11	10	21	14	8	NA	14	28	20	9	37	25	23	7	10	15	15	17	14	21	10	3	42	18	16	18	14	32	11	7	19	18	8	20	14	14	31	25	14	14	40	10	17	19	9	24	NA	33	6	42	26
185	5	19	9	10	11	14	11	18	14	10	13	15	7	10	34	27	6	25	10	5	14	28	8	11	24	5	10	22	17	42	36	24	9	17	15	15	12	21	24	15	17	17	15	6	11	37	NA	42	12	8	6	12	15	8	NA	13	32	21	9	32	25	30	7	16	16	18	27	13	17	10	3	40	13	17	15	15	33	10	6	19	16	10	17	8	17	26	17	14	15	29	16	13	25	11	34	NA	30	5	54	34
186	5	17	9	7	13	10	9	14	16	8	14	12	6	11	28	31	8	16	10	5	14	22	8	13	23	6	13	23	14	39	37	24	13	19	18	18	12	22	14	16	10	18	16	8	12	31	NA	33	10	10	5	11	16	9	NA	10	30	16	8	36	17	31	8	19	11	15	18	15	18	16	2	47	14	14	11	15	35	7	9	21	17	9	15	11	8	38	22	16	10	24	16	15	20	13	36	NA	30	5	32	36
187	6	14	9	7	12	8	7	10	14	9	15	16	7	8	23	22	12	17	10	4	11	25	7	15	23	5	11	22	12	36	31	32	13	13	22	16	22	17	16	15	10	9	14	11	16	35	NA	34	10	10	6	8	14	10	NA	12	22	13	10	27	20	16	8	8	14	15	9	14	19	11	2	43	15	12	13	16	31	6	9	18	17	10	18	12	10	32	24	15	10	19	18	12	16	12	32	NA	30	4	23	29
188	6	15	6	6	11	15	10	11	15	11	13	12	7	9	22	32	10	22	13	6	13	45	7	17	19	6	11	21	11	44	20	35	7	14	21	13	16	15	21	12	10	11	12	11	14	31	NA	34	10	9	9	7	11	11	NA	12	25	13	11	34	18	16	5	10	12	15	9	16	13	14	1	34	14	15	14	23	31	5	11	17	14	9	16	10	10	23	24	9	11	18	10	11	17	11	39	NA	27	3	24	30
189	7	8	2	9	10	12	9	11	17	13	13	16	8	9	29	29	14	26	15	6	12	29	7	18	29	6	8	22	12	40	20	22	6	15	14	12	16	15	22	15	10	16	10	11	13	29	NA	37	11	8	11	6	14	10	NA	10	34	16	14	28	14	15	4	8	13	14	11	20	15	14	1	30	15	13	10	20	25	7	13	13	18	10	15	10	11	25	25	9	15	24	11	11	26	12	23	NA	23	1	38	19
190	9	8	2	10	9	12	11	16	15	13	14	14	9	8	26	20	13	29	11	6	11	26	7	11	26	6	7	17	12	42	16	23	6	14	13	14	11	16	23	14	11	8	14	4	12	29	NA	40	6	8	13	6	6	6	NA	10	35	15	14	30	12	15	4	7	13	14	13	14	16	18	1	25	16	14	12	14	29	8	16	15	13	11	14	10	16	39	18	7	10	18	12	8	31	6	25	NA	23	1	39	19
191	8	7	2	10	10	11	15	16	15	11	15	17	8	5	26	22	16	17	12	6	9	21	8	12	20	6	7	17	17	39	15	26	6	14	16	15	10	15	16	16	13	12	15	3	13	29	NA	24	12	9	13	3	7	7	NA	11	29	12	9	31	15	17	6	9	16	16	14	12	22	16	0	26	14	11	11	11	29	10	7	24	11	7	13	15	18	39	23	7	12	24	13	6	31	9	36	NA	32	1	31	26
192	7	9	1	8	12	12	12	18	9	11	14	13	9	11	26	20	10	14	11	4	12	21	10	21	19	7	7	14	20	38	15	24	7	11	21	11	10	13	14	9	17	10	20	5	17	32	NA	28	9	8	10	3	7	5	NA	11	27	10	7	23	16	23	5	12	13	11	10	14	23	14	NA	25	11	6	11	10	29	12	7	14	12	7	12	10	15	27	19	9	9	18	16	6	29	9	33	NA	41	0	35	22
193	9	8	1	5	14	12	9	12	11	6	16	10	7	10	29	19	9	14	9	2	14	16	8	14	20	7	7	23	24	42	15	26	7	12	22	14	11	12	17	13	10	9	20	5	22	29	NA	29	11	8	10	3	6	6	NA	14	14	10	6	28	18	14	5	12	14	14	10	17	15	21	NA	32	10	7	15	11	30	9	9	13	13	7	9	9	13	20	15	13	8	16	17	8	12	8	15	NA	34	NA	28	25
194	11	9	0	6	12	9	10	11	13	5	18	10	6	9	32	16	6	19	5	3	16	17	10	18	19	2	4	13	14	55	17	22	7	11	18	16	11	10	13	10	13	13	13	3	11	28	NA	24	10	6	8	3	5	3	NA	18	15	10	7	25	18	16	4	9	14	14	10	18	12	17	NA	32	17	6	19	9	25	12	11	22	11	9	15	9	13	20	15	5	14	16	16	10	9	8	14	NA	43	NA	22	27
195	7	8	NA	6	9	8	8	11	15	4	19	12	3	10	30	18	4	18	5	3	12	19	9	11	24	2	4	13	15	54	19	27	7	11	16	13	8	11	10	10	16	8	13	4	19	27	NA	25	8	7	7	3	6	2	NA	18	15	16	8	26	16	13	3	7	13	8	12	20	10	17	NA	35	13	7	26	8	29	19	14	19	15	10	9	12	7	21	20	9	15	13	15	12	11	4	11	NA	27	NA	20	16
196	10	10	NA	7	6	11	8	10	27	5	18	12	5	11	19	19	3	19	8	2	18	22	11	12	16	2	3	11	15	30	12	17	8	9	17	13	8	10	9	14	16	11	12	7	12	21	NA	30	8	3	9	3	9	2	NA	14	13	17	7	24	22	8	3	7	21	8	11	23	8	12	NA	33	8	8	21	11	22	9	8	12	17	8	8	12	7	14	21	16	5	16	15	8	11	5	11	NA	28	NA	16	19
197	11	11	NA	7	6	12	8	12	31	8	16	10	4	8	17	17	3	19	12	2	10	17	13	17	20	2	2	12	6	29	15	16	8	9	14	10	7	11	9	12	7	18	11	6	10	25	NA	28	8	5	7	3	6	1	NA	22	10	9	4	27	27	12	3	5	17	9	10	28	8	15	NA	23	17	8	12	18	21	13	7	10	15	7	10	9	10	15	20	20	5	16	10	9	10	5	11	NA	17	NA	20	17
198	8	11	NA	7	7	6	8	13	12	5	10	7	4	5	23	16	4	13	14	1	12	17	13	15	19	2	2	12	7	29	14	26	10	13	8	10	5	12	8	11	5	17	10	8	10	20	NA	27	7	6	7	3	7	3	NA	15	10	14	5	30	25	12	2	4	13	13	9	29	9	11	NA	25	18	9	7	10	22	12	6	9	14	8	13	7	7	16	16	18	5	14	10	9	9	7	17	NA	24	NA	24	10
199	5	10	NA	9	6	7	7	14	13	6	16	8	4	7	21	11	4	15	11	1	7	18	8	17	30	1	2	11	8	32	15	22	11	19	12	13	6	13	10	8	5	17	12	7	9	19	NA	23	7	8	7	3	11	4	NA	16	18	15	3	25	28	10	2	7	11	9	11	26	11	12	NA	32	13	13	8	12	17	11	4	11	14	7	15	7	8	14	14	12	7	17	11	9	9	11	16	NA	19	NA	27	12
200	5	8	NA	7	7	7	4	11	21	9	15	5	3	7	22	11	4	26	14	0	6	18	6	16	18	1	1	12	9	29	16	24	12	13	8	13	6	13	11	7	7	9	9	4	10	19	NA	22	7	8	9	5	12	4	NA	10	13	15	3	23	20	10	2	10	13	9	21	28	10	11	NA	28	14	11	9	19	15	7	4	12	12	11	17	11	6	12	13	7	7	13	7	7	8	13	16	NA	27	NA	24	15
201	4	9	NA	5	10	8	4	12	21	8	11	5	2	8	22	10	5	15	15	NA	7	16	6	14	22	1	1	11	8	22	15	21	13	11	12	13	3	15	12	8	8	7	6	4	12	16	NA	20	12	7	8	4	12	4	NA	6	14	14	4	28	15	9	2	10	11	10	8	21	10	10	NA	28	22	13	11	28	18	6	2	7	11	10	22	8	6	13	16	7	8	14	7	9	7	13	17	NA	20	NA	15	15
202	5	11	NA	5	3	9	3	14	23	10	11	9	2	6	27	12	5	17	12	NA	6	26	6	13	25	0	1	11	6	26	16	20	16	15	14	10	4	10	11	9	9	7	6	4	12	28	NA	24	12	7	9	5	11	1	NA	5	14	7	6	31	12	10	4	8	11	11	10	16	9	10	NA	27	15	15	9	23	22	10	4	10	12	6	31	8	7	13	24	5	7	11	8	9	6	8	9	NA	19	NA	15	12
203	5	13	NA	3	4	7	3	6	12	7	9	10	4	3	26	13	5	17	15	NA	5	22	7	12	20	NA	1	11	7	32	20	18	7	19	15	9	4	8	12	8	8	9	7	4	10	37	NA	20	6	7	4	6	5	1	NA	5	14	8	8	31	9	12	4	7	11	10	10	9	11	10	NA	26	12	8	9	9	34	9	3	10	8	7	19	5	4	12	9	6	5	9	9	11	6	3	8	NA	19	NA	16	11
204	6	15	NA	3	4	7	3	4	10	7	9	11	7	4	33	12	2	20	8	NA	4	19	8	9	11	NA	1	12	8	27	12	19	6	18	19	8	7	11	7	9	8	9	4	3	20	23	NA	16	7	8	4	4	8	1	NA	5	11	10	8	25	7	11	2	8	14	9	7	9	9	10	NA	28	18	10	7	11	32	8	2	11	9	5	14	6	4	13	11	12	5	12	9	5	6	2	8	NA	19	NA	15	8
205	6	19	NA	3	4	5	3	6	4	6	10	8	10	4	35	12	2	16	8	NA	5	14	11	7	12	NA	0	16	8	24	12	18	10	14	13	9	9	6	4	10	6	9	4	3	21	27	NA	16	8	6	4	4	8	1	NA	5	12	8	5	23	8	8	1	7	14	9	8	3	11	8	NA	28	32	9	7	10	27	6	1	9	6	5	14	6	4	14	17	15	3	10	12	7	4	2	7	NA	17	NA	18	14
206	7	14	NA	3	3	4	4	4	4	5	11	8	12	4	16	14	1	14	7	NA	4	10	9	10	13	NA	NA	17	10	27	12	14	5	9	13	12	11	7	4	7	5	9	5	2	24	28	NA	14	9	5	2	4	9	0	NA	4	11	9	4	18	8	11	1	6	33	7	12	4	18	9	NA	25	16	5	7	12	26	5	1	7	6	4	14	8	5	13	8	14	4	10	12	15	4	2	5	NA	19	NA	11	11
207	4	9	NA	2	2	5	8	4	4	7	12	4	13	4	16	11	0	13	7	NA	3	9	12	12	13	NA	NA	13	11	46	14	15	6	9	18	16	13	9	8	10	3	13	5	3	19	20	NA	17	6	4	3	5	8	NA	NA	4	10	9	3	16	10	9	1	5	33	4	12	4	14	11	NA	36	19	3	6	12	20	4	1	7	7	3	18	8	6	8	11	12	4	18	9	9	2	1	6	NA	22	NA	14	25
208	5	5	NA	2	2	4	9	3	5	5	7	4	14	3	22	11	NA	15	4	NA	2	9	13	15	11	NA	NA	12	12	41	15	25	5	10	21	14	7	8	9	6	4	9	5	1	16	26	NA	25	6	2	2	6	9	NA	NA	5	13	8	3	20	12	10	1	4	25	4	9	3	14	12	NA	32	14	3	8	8	14	2	0	10	10	3	29	6	5	19	11	6	4	15	8	10	2	1	4	NA	21	NA	14	30
209	5	7	NA	3	3	4	5	4	5	7	6	5	9	2	26	10	NA	22	6	NA	3	12	9	18	13	NA	NA	12	18	23	12	22	4	7	21	13	7	9	9	6	6	10	5	1	10	19	NA	25	7	2	2	5	8	NA	NA	2	12	8	5	17	13	16	1	3	10	6	7	3	13	12	NA	21	19	3	6	6	12	2	NA	14	9	2	14	6	4	27	11	6	5	16	7	10	1	1	4	NA	16	NA	14	24
210	6	10	NA	1	1	4	6	10	5	9	4	7	8	1	19	10	NA	23	3	NA	3	10	8	13	16	NA	NA	12	17	21	12	15	5	5	19	15	6	7	10	7	7	8	4	1	10	21	NA	19	4	2	2	5	6	NA	NA	3	15	6	7	17	11	20	1	2	10	7	8	3	8	10	NA	22	18	5	5	4	10	2	NA	12	11	1	14	7	2	23	9	6	2	15	5	7	1	1	4	NA	21	NA	15	18
211	9	8	NA	1	1	4	6	10	3	14	4	8	7	1	18	10	NA	16	4	NA	4	7	7	14	8	NA	NA	7	5	19	10	13	12	8	15	6	4	6	7	8	8	9	3	1	9	18	NA	18	4	1	4	5	7	NA	NA	3	10	6	4	21	5	22	1	2	10	6	11	3	6	8	NA	21	18	8	6	3	13	1	NA	11	9	2	15	6	2	15	8	6	4	10	6	11	1	1	3	NA	21	NA	14	13
212	10	11	NA	1	1	4	5	10	3	13	4	6	6	1	18	20	NA	15	5	NA	3	7	6	9	10	NA	NA	5	5	18	8	14	14	7	8	6	4	6	7	7	8	8	3	1	10	17	NA	16	5	0	4	7	8	NA	NA	3	7	6	6	17	5	14	1	2	8	8	8	4	6	9	NA	18	17	11	8	4	14	1	NA	11	9	2	10	4	1	12	17	6	4	8	6	8	1	0	3	NA	17	NA	12	3
213	11	11	NA	1	1	3	4	7	3	10	4	6	4	1	16	24	NA	12	7	NA	5	10	6	7	12	NA	NA	7	8	21	7	15	15	5	9	6	6	7	7	5	8	4	6	1	12	18	NA	11	3	NA	5	3	4	NA	NA	3	8	5	4	19	6	11	1	1	7	8	8	5	6	4	NA	16	14	12	8	4	9	0	NA	13	8	2	11	4	1	13	17	6	4	9	5	6	1	NA	4	NA	16	NA	12	4
214	4	8	NA	1	1	4	3	4	1	6	5	4	4	1	16	30	NA	10	9	NA	6	10	5	7	14	NA	NA	5	5	14	6	20	14	6	10	4	5	7	9	4	5	5	8	0	10	16	NA	13	3	NA	7	3	5	NA	NA	2	8	3	10	23	5	5	0	1	8	7	5	7	7	3	NA	18	10	16	5	5	12	NA	NA	15	3	2	12	8	0	9	18	3	1	9	6	6	0	NA	2	NA	17	NA	9	4
215	5	9	NA	1	1	4	2	2	2	5	3	2	3	1	14	30	NA	9	11	NA	6	10	2	7	8	NA	NA	5	2	18	6	17	9	8	10	5	5	7	3	5	5	5	9	NA	6	16	NA	14	3	NA	4	1	3	NA	NA	1	9	3	8	20	6	5	NA	1	7	3	6	8	6	8	NA	14	12	14	4	5	18	NA	NA	16	3	2	9	12	NA	7	11	6	2	7	7	5	NA	NA	2	NA	18	NA	5	5
216	3	10	NA	0	0	4	2	2	3	4	5	2	1	0	17	15	NA	7	14	NA	8	7	2	6	10	NA	NA	5	2	16	4	12	6	10	6	5	15	6	3	5	5	3	10	NA	5	19	NA	10	1	NA	10	1	1	NA	NA	1	9	3	8	15	7	6	NA	1	7	3	5	8	6	8	NA	16	22	16	3	7	12	NA	NA	13	2	1	7	6	NA	8	12	7	3	9	6	5	NA	NA	1	NA	17	NA	6	6
217	3	11	NA	NA	NA	5	1	2	4	5	7	1	1	NA	17	15	NA	8	12	NA	5	7	1	6	8	NA	NA	6	2	18	3	9	6	7	9	8	15	5	2	4	2	3	9	NA	2	19	NA	14	1	NA	12	1	1	NA	NA	0	10	1	5	13	6	6	NA	1	7	5	5	8	4	2	NA	26	9	12	3	5	12	NA	NA	15	1	1	6	6	NA	8	5	7	3	10	3	6	NA	NA	1	NA	18	NA	7	7
218	4	13	NA	NA	NA	2	0	2	5	2	7	2	1	NA	12	6	NA	8	14	NA	6	6	1	6	8	NA	NA	9	1	15	2	10	5	4	12	16	6	3	2	4	1	3	7	NA	3	16	NA	15	1	NA	12	0	2	NA	NA	NA	11	1	5	14	8	1	NA	0	6	6	3	5	3	2	NA	19	8	8	1	5	10	NA	NA	13	1	1	7	6	NA	8	6	6	2	10	3	7	NA	NA	1	NA	17	NA	8	6
219	4	14	NA	NA	NA	2	NA	2	5	3	9	2	1	NA	14	6	NA	8	9	NA	8	7	1	7	6	NA	NA	8	1	14	1	8	2	2	13	17	6	3	3	3	1	2	5	NA	3	9	NA	12	1	NA	7	NA	2	NA	NA	NA	13	2	8	9	12	1	NA	NA	7	4	4	2	3	2	NA	19	8	9	2	5	8	NA	NA	9	0	1	5	4	NA	8	6	3	2	8	3	8	NA	NA	1	NA	19	NA	10	6
220	4	10	NA	NA	NA	2	NA	2	5	1	9	1	1	NA	17	7	NA	9	8	NA	8	4	1	3	6	NA	NA	7	2	19	2	11	2	1	11	9	7	3	3	3	1	2	6	NA	7	11	NA	18	0	NA	5	NA	2	NA	NA	NA	17	1	10	7	7	1	NA	NA	4	4	6	1	2	2	NA	15	7	7	3	6	8	NA	NA	5	NA	1	5	5	NA	9	6	2	3	5	5	7	NA	NA	0	NA	23	NA	9	6
221	3	5	NA	NA	NA	2	NA	2	5	1	8	1	0	NA	13	9	NA	6	9	NA	10	5	0	3	6	NA	NA	8	1	16	1	14	2	1	6	9	7	2	1	3	0	2	5	NA	9	10	NA	18	NA	NA	5	NA	1	NA	NA	NA	8	1	12	9	9	1	NA	NA	4	5	4	2	2	1	NA	10	9	7	3	6	8	NA	NA	5	NA	2	6	5	NA	10	6	2	3	8	5	9	NA	NA	NA	NA	22	NA	8	5
222	2	3	NA	NA	NA	0	NA	2	3	2	5	1	NA	NA	13	9	NA	3	4	NA	12	7	NA	3	8	NA	NA	12	2	17	1	18	2	0	8	9	7	3	1	3	NA	0	5	NA	12	10	NA	9	NA	NA	5	NA	1	NA	NA	NA	21	1	13	10	8	1	NA	NA	5	4	8	3	2	0	NA	12	9	4	3	6	6	NA	NA	4	NA	2	7	6	NA	6	7	2	2	10	5	4	NA	NA	NA	NA	10	NA	7	5
223	2	4	NA	NA	NA	NA	NA	1	3	3	2	2	NA	NA	16	8	NA	3	5	NA	6	9	NA	2	5	NA	NA	13	4	13	2	14	1	NA	16	4	5	3	1	3	NA	NA	5	NA	13	12	NA	9	NA	NA	5	NA	0	NA	NA	NA	20	0	12	6	15	0	NA	NA	5	5	11	3	2	NA	NA	12	14	3	3	5	6	NA	NA	3	NA	2	6	7	NA	4	4	2	2	11	4	2	NA	NA	NA	NA	11	NA	8	6
224	1	3	NA	NA	NA	NA	NA	3	3	5	2	2	NA	NA	18	9	NA	3	6	NA	15	9	NA	2	3	NA	NA	11	6	15	3	15	2	NA	9	4	10	2	0	3	NA	NA	3	NA	16	12	NA	10	NA	NA	5	NA	NA	NA	NA	NA	24	NA	12	6	19	NA	NA	NA	6	4	6	2	1	NA	NA	14	18	7	4	6	6	NA	NA	5	NA	3	6	4	NA	5	4	0	2	8	3	1	NA	NA	NA	NA	11	NA	8	6
225	1	9	NA	NA	NA	NA	NA	3	1	5	2	1	NA	NA	8	10	NA	3	4	NA	7	6	NA	1	4	NA	NA	8	7	14	3	18	3	NA	9	5	9	2	NA	3	NA	NA	2	NA	8	8	NA	9	NA	NA	3	NA	NA	NA	NA	NA	19	NA	7	7	9	NA	NA	NA	5	5	6	3	1	NA	NA	12	12	9	5	4	7	NA	NA	7	NA	2	6	4	NA	5	3	NA	3	7	3	2	NA	NA	NA	NA	8	NA	9	8
226	2	6	NA	NA	NA	NA	NA	2	1	7	2	1	NA	NA	8	5	NA	3	3	NA	6	7	NA	1	5	NA	NA	7	4	13	3	14	2	NA	11	5	7	2	NA	3	NA	NA	3	NA	4	6	NA	8	NA	NA	3	NA	NA	NA	NA	NA	19	NA	6	7	8	NA	NA	NA	3	5	4	4	0	NA	NA	11	11	9	2	7	8	NA	NA	9	NA	2	3	3	NA	3	2	NA	3	8	1	3	NA	NA	NA	NA	8	NA	8	7
227	2	8	NA	NA	NA	NA	NA	3	1	5	1	1	NA	NA	5	6	NA	2	3	NA	3	9	NA	1	6	NA	NA	7	3	14	2	14	2	NA	11	6	7	1	NA	1	NA	NA	3	NA	2	5	NA	10	NA	NA	2	NA	NA	NA	NA	NA	17	NA	6	7	4	NA	NA	NA	2	5	5	5	NA	NA	NA	15	11	11	3	10	5	NA	NA	10	NA	2	2	3	NA	3	2	NA	1	5	1	3	NA	NA	NA	NA	7	NA	12	3
228	2	5	NA	NA	NA	NA	NA	4	1	5	1	1	NA	NA	5	7	NA	2	4	NA	3	5	NA	0	7	NA	NA	7	3	15	0	15	2	NA	9	7	6	0	NA	1	NA	NA	4	NA	3	4	NA	7	NA	NA	2	NA	NA	NA	NA	NA	11	NA	6	8	9	NA	NA	NA	2	3	4	4	NA	NA	NA	7	12	10	3	11	6	NA	NA	8	NA	3	2	4	NA	3	1	NA	3	4	1	3	NA	NA	NA	NA	9	NA	12	3
229	2	5	NA	NA	NA	NA	NA	4	0	5	1	1	NA	NA	5	5	NA	3	3	NA	1	5	NA	NA	8	NA	NA	7	1	14	NA	17	1	NA	10	5	5	NA	NA	2	NA	NA	3	NA	2	5	NA	9	NA	NA	3	NA	NA	NA	NA	NA	6	NA	5	6	7	NA	NA	NA	3	6	3	4	NA	NA	NA	7	12	12	3	13	6	NA	NA	9	NA	3	2	3	NA	3	1	NA	5	5	1	1	NA	NA	NA	NA	8	NA	10	3
230	2	5	NA	NA	NA	NA	NA	3	NA	5	1	1	NA	NA	5	5	NA	2	1	NA	1	7	NA	NA	9	NA	NA	6	1	9	NA	18	1	NA	11	2	5	NA	NA	4	NA	NA	3	NA	4	6	NA	10	NA	NA	6	NA	NA	NA	NA	NA	5	NA	4	5	9	NA	NA	NA	5	6	2	5	NA	NA	NA	9	6	13	1	15	6	NA	NA	4	NA	5	2	3	NA	2	1	NA	6	6	1	0	NA	NA	NA	NA	9	NA	11	1
231	2	7	NA	NA	NA	NA	NA	3	NA	3	1	0	NA	NA	7	5	NA	2	1	NA	1	8	NA	NA	11	NA	NA	8	1	12	NA	15	1	NA	8	1	1	NA	NA	4	NA	NA	3	NA	4	5	NA	9	NA	NA	5	NA	NA	NA	NA	NA	5	NA	1	4	16	NA	NA	NA	7	5	2	3	NA	NA	NA	7	6	14	1	14	5	NA	NA	4	NA	5	3	2	NA	1	1	NA	8	6	0	NA	NA	NA	NA	NA	8	NA	4	1
232	2	3	NA	NA	NA	NA	NA	4	NA	3	0	NA	NA	NA	8	5	NA	2	1	NA	2	7	NA	NA	13	NA	NA	6	0	12	NA	13	2	NA	6	1	1	NA	NA	4	NA	NA	1	NA	5	5	NA	11	NA	NA	7	NA	NA	NA	NA	NA	6	NA	1	6	19	NA	NA	NA	8	5	2	2	NA	NA	NA	10	7	4	1	6	10	NA	NA	4	NA	5	4	1	NA	1	1	NA	10	4	NA	NA	NA	NA	NA	NA	9	NA	5	0
233	1	4	NA	NA	NA	NA	NA	4	NA	3	NA	NA	NA	NA	10	4	NA	1	0	NA	2	4	NA	NA	10	NA	NA	6	NA	11	NA	13	2	NA	7	1	1	NA	NA	4	NA	NA	1	NA	3	2	NA	12	NA	NA	7	NA	NA	NA	NA	NA	6	NA	1	6	16	NA	NA	NA	9	1	2	2	NA	NA	NA	10	7	4	0	9	12	NA	NA	2	NA	5	5	1	NA	1	1	NA	11	4	NA	NA	NA	NA	NA	NA	10	NA	5	NA
234	1	9	NA	NA	NA	NA	NA	2	NA	1	NA	NA	NA	NA	10	2	NA	1	NA	NA	2	4	NA	NA	5	NA	NA	6	NA	12	NA	8	2	NA	8	1	0	NA	NA	1	NA	NA	0	NA	7	3	NA	5	NA	NA	3	NA	NA	NA	NA	NA	7	NA	1	7	9	NA	NA	NA	8	1	1	2	NA	NA	NA	6	6	5	NA	9	7	NA	NA	2	NA	6	5	1	NA	1	0	NA	15	2	NA	NA	NA	NA	NA	NA	8	NA	4	NA
235	1	8	NA	NA	NA	NA	NA	2	NA	0	NA	NA	NA	NA	9	1	NA	0	NA	NA	2	4	NA	NA	7	NA	NA	6	NA	15	NA	5	2	NA	8	0	NA	NA	NA	1	NA	NA	NA	NA	7	3	NA	6	NA	NA	4	NA	NA	NA	NA	NA	8	NA	1	7	4	NA	NA	NA	10	1	1	1	NA	NA	NA	4	6	8	NA	10	3	NA	NA	3	NA	2	5	1	NA	1	NA	NA	14	1	NA	NA	NA	NA	NA	NA	6	NA	6	NA
236	1	11	NA	NA	NA	NA	NA	3	NA	NA	NA	NA	NA	NA	8	2	NA	NA	NA	NA	0	3	NA	NA	6	NA	NA	7	NA	14	NA	5	4	NA	8	NA	NA	NA	NA	1	NA	NA	NA	NA	7	4	NA	8	NA	NA	4	NA	NA	NA	NA	NA	7	NA	0	6	1	NA	NA	NA	11	0	0	1	NA	NA	NA	4	5	6	NA	3	8	NA	NA	3	NA	2	4	0	NA	0	NA	NA	11	0	NA	NA	NA	NA	NA	NA	8	NA	6	NA
237	0	7	NA	NA	NA	NA	NA	1	NA	NA	NA	NA	NA	NA	7	2	NA	NA	NA	NA	NA	3	NA	NA	7	NA	NA	10	NA	7	NA	8	6	NA	9	NA	NA	NA	NA	2	NA	NA	NA	NA	8	3	NA	7	NA	NA	4	NA	NA	NA	NA	NA	8	NA	NA	8	1	NA	NA	NA	7	NA	NA	1	NA	NA	NA	7	6	6	NA	3	6	NA	NA	2	NA	1	1	NA	NA	NA	NA	NA	8	NA	NA	NA	NA	NA	NA	NA	4	NA	5	NA
238	NA	3	NA	NA	NA	NA	NA	1	NA	NA	NA	NA	NA	NA	4	3	NA	NA	NA	NA	NA	3	NA	NA	4	NA	NA	8	NA	7	NA	9	7	NA	7	NA	NA	NA	NA	1	NA	NA	NA	NA	2	5	NA	9	NA	NA	3	NA	NA	NA	NA	NA	8	NA	NA	9	2	NA	NA	NA	4	NA	NA	1	NA	NA	NA	8	8	7	NA	5	8	NA	NA	4	NA	1	1	NA	NA	NA	NA	NA	8	NA	NA	NA	NA	NA	NA	NA	5	NA	4	NA
239	NA	4	NA	NA	NA	NA	NA	3	NA	NA	NA	NA	NA	NA	5	3	NA	NA	NA	NA	NA	4	NA	NA	3	NA	NA	6	NA	6	NA	8	7	NA	7	NA	NA	NA	NA	1	NA	NA	NA	NA	2	5	NA	11	NA	NA	3	NA	NA	NA	NA	NA	7	NA	NA	10	3	NA	NA	NA	3	NA	NA	1	NA	NA	NA	10	7	7	NA	5	3	NA	NA	7	NA	1	1	NA	NA	NA	NA	NA	9	NA	NA	NA	NA	NA	NA	NA	5	NA	1	NA
240	NA	2	NA	NA	NA	NA	NA	4	NA	NA	NA	NA	NA	NA	6	4	NA	NA	NA	NA	NA	3	NA	NA	5	NA	NA	4	NA	7	NA	6	6	NA	6	NA	NA	NA	NA	1	NA	NA	NA	NA	2	3	NA	21	NA	NA	1	NA	NA	NA	NA	NA	9	NA	NA	9	3	NA	NA	NA	2	NA	NA	0	NA	NA	NA	10	8	3	NA	3	2	NA	NA	11	NA	1	0	NA	NA	NA	NA	NA	11	NA	NA	NA	NA	NA	NA	NA	6	NA	1	NA
241	NA	2	NA	NA	NA	NA	NA	3	NA	NA	NA	NA	NA	NA	6	2	NA	NA	NA	NA	NA	2	NA	NA	7	NA	NA	4	NA	8	NA	6	4	NA	5	NA	NA	NA	NA	0	NA	NA	NA	NA	1	3	NA	16	NA	NA	1	NA	NA	NA	NA	NA	9	NA	NA	7	4	NA	NA	NA	1	NA	NA	NA	NA	NA	NA	4	8	4	NA	4	3	NA	NA	12	NA	1	NA	NA	NA	NA	NA	NA	14	NA	NA	NA	NA	NA	NA	NA	6	NA	0	NA
242	NA	2	NA	NA	NA	NA	NA	4	NA	NA	NA	NA	NA	NA	5	2	NA	NA	NA	NA	NA	1	NA	NA	8	NA	NA	4	NA	9	NA	4	3	NA	8	NA	NA	NA	NA	NA	NA	NA	NA	NA	0	4	NA	11	NA	NA	1	NA	NA	NA	NA	NA	9	NA	NA	4	4	NA	NA	NA	1	NA	NA	NA	NA	NA	NA	4	9	1	NA	4	3	NA	NA	7	NA	1	NA	NA	NA	NA	NA	NA	6	NA	NA	NA	NA	NA	NA	NA	5	NA	NA	NA
243	NA	2	NA	NA	NA	NA	NA	5	NA	NA	NA	NA	NA	NA	3	3	NA	NA	NA	NA	NA	1	NA	NA	12	NA	NA	5	NA	8	NA	5	1	NA	9	NA	NA	NA	NA	NA	NA	NA	NA	NA	NA	9	NA	16	NA	NA	0	NA	NA	NA	NA	NA	6	NA	NA	3	6	NA	NA	NA	1	NA	NA	NA	NA	NA	NA	6	8	1	NA	7	1	NA	NA	10	NA	0	NA	NA	NA	NA	NA	NA	5	NA	NA	NA	NA	NA	NA	NA	4	NA	NA	NA
244	NA	1	NA	NA	NA	NA	NA	5	NA	NA	NA	NA	NA	NA	5	2	NA	NA	NA	NA	NA	0	NA	NA	13	NA	NA	4	NA	12	NA	5	1	NA	12	NA	NA	NA	NA	NA	NA	NA	NA	NA	NA	7	NA	4	NA	NA	NA	NA	NA	NA	NA	NA	2	NA	NA	4	4	NA	NA	NA	1	NA	NA	NA	NA	NA	NA	8	5	1	NA	8	1	NA	NA	5	NA	NA	NA	NA	NA	NA	NA	NA	6	NA	NA	NA	NA	NA	NA	NA	6	NA	NA	NA
245	NA	1	NA	NA	NA	NA	NA	6	NA	NA	NA	NA	NA	NA	4	3	NA	NA	NA	NA	NA	NA	NA	NA	7	NA	NA	5	NA	11	NA	5	1	NA	8	NA	NA	NA	NA	NA	NA	NA	NA	NA	NA	7	NA	5	NA	NA	NA	NA	NA	NA	NA	NA	2	NA	NA	3	4	NA	NA	NA	0	NA	NA	NA	NA	NA	NA	8	5	1	NA	11	2	NA	NA	5	NA	NA	NA	NA	NA	NA	NA	NA	7	NA	NA	NA	NA	NA	NA	NA	7	NA	NA	NA
246	NA	0	NA	NA	NA	NA	NA	7	NA	NA	NA	NA	NA	NA	1	3	NA	NA	NA	NA	NA	NA	NA	NA	6	NA	NA	4	NA	12	NA	2	0	NA	12	NA	NA	NA	NA	NA	NA	NA	NA	NA	NA	6	NA	2	NA	NA	NA	NA	NA	NA	NA	NA	2	NA	NA	2	4	NA	NA	NA	NA	NA	NA	NA	NA	NA	NA	6	4	1	NA	13	2	NA	NA	6	NA	NA	NA	NA	NA	NA	NA	NA	4	NA	NA	NA	NA	NA	NA	NA	5	NA	NA	NA
247	NA	NA	NA	NA	NA	NA	NA	7	NA	NA	NA	NA	NA	NA	1	2	NA	NA	NA	NA	NA	NA	NA	NA	5	NA	NA	4	NA	10	NA	2	NA	NA	20	NA	NA	NA	NA	NA	NA	NA	NA	NA	NA	4	NA	2	NA	NA	NA	NA	NA	NA	NA	NA	2	NA	NA	2	1	NA	NA	NA	NA	NA	NA	NA	NA	NA	NA	6	2	0	NA	12	2	NA	NA	3	NA	NA	NA	NA	NA	NA	NA	NA	5	NA	NA	NA	NA	NA	NA	NA	4	NA	NA	NA
248	NA	NA	NA	NA	NA	NA	NA	4	NA	NA	NA	NA	NA	NA	2	2	NA	NA	NA	NA	NA	NA	NA	NA	2	NA	NA	4	NA	6	NA	0	NA	NA	22	NA	NA	NA	NA	NA	NA	NA	NA	NA	NA	2	NA	2	NA	NA	NA	NA	NA	NA	NA	NA	2	NA	NA	2	0	NA	NA	NA	NA	NA	NA	NA	NA	NA	NA	6	2	NA	NA	6	3	NA	NA	3	NA	NA	NA	NA	NA	NA	NA	NA	6	NA	NA	NA	NA	NA	NA	NA	3	NA	NA	NA
249	NA	NA	NA	NA	NA	NA	NA	5	NA	NA	NA	NA	NA	NA	2	0	NA	NA	NA	NA	NA	NA	NA	NA	1	NA	NA	5	NA	10	NA	NA	NA	NA	22	NA	NA	NA	NA	NA	NA	NA	NA	NA	NA	1	NA	2	NA	NA	NA	NA	NA	NA	NA	NA	1	NA	NA	2	NA	NA	NA	NA	NA	NA	NA	NA	NA	NA	NA	6	1	NA	NA	2	3	NA	NA	2	NA	NA	NA	NA	NA	NA	NA	NA	6	NA	NA	NA	NA	NA	NA	NA	3	NA	NA	NA
250	NA	NA	NA	NA	NA	NA	NA	5	NA	NA	NA	NA	NA	NA	2	NA	NA	NA	NA	NA	NA	NA	NA	NA	2	NA	NA	3	NA	12	NA	NA	NA	NA	23	NA	NA	NA	NA	NA	NA	NA	NA	NA	NA	0	NA	4	NA	NA	NA	NA	NA	NA	NA	NA	1	NA	NA	3	NA	NA	NA	NA	NA	NA	NA	NA	NA	NA	NA	4	1	NA	NA	2	3	NA	NA	1	NA	NA	NA	NA	NA	NA	NA	NA	6	NA	NA	NA	NA	NA	NA	NA	5	NA	NA	NA
251	NA	NA	NA	NA	NA	NA	NA	4	NA	NA	NA	NA	NA	NA	1	NA	NA	NA	NA	NA	NA	NA	NA	NA	1	NA	NA	3	NA	10	NA	NA	NA	NA	20	NA	NA	NA	NA	NA	NA	NA	NA	NA	NA	NA	NA	5	NA	NA	NA	NA	NA	NA	NA	NA	0	NA	NA	2	NA	NA	NA	NA	NA	NA	NA	NA	NA	NA	NA	3	0	NA	NA	1	2	NA	NA	1	NA	NA	NA	NA	NA	NA	NA	NA	4	NA	NA	NA	NA	NA	NA	NA	5	NA	NA	NA
252	NA	NA	NA	NA	NA	NA	NA	4	NA	NA	NA	NA	NA	NA	1	NA	NA	NA	NA	NA	NA	NA	NA	NA	1	NA	NA	3	NA	12	NA	NA	NA	NA	13	NA	NA	NA	NA	NA	NA	NA	NA	NA	NA	NA	NA	6	NA	NA	NA	NA	NA	NA	NA	NA	NA	NA	NA	3	NA	NA	NA	NA	NA	NA	NA	NA	NA	NA	NA	2	NA	NA	NA	1	2	NA	NA	0	NA	NA	NA	NA	NA	NA	NA	NA	3	NA	NA	NA	NA	NA	NA	NA	7	NA	NA	NA
253	NA	NA	NA	NA	NA	NA	NA	1	NA	NA	NA	NA	NA	NA	0	NA	NA	NA	NA	NA	NA	NA	NA	NA	1	NA	NA	2	NA	12	NA	NA	NA	NA	9	NA	NA	NA	NA	NA	NA	NA	NA	NA	NA	NA	NA	4	NA	NA	NA	NA	NA	NA	NA	NA	NA	NA	NA	5	NA	NA	NA	NA	NA	NA	NA	NA	NA	NA	NA	2	NA	NA	NA	1	3	NA	NA	NA	NA	NA	NA	NA	NA	NA	NA	NA	3	NA	NA	NA	NA	NA	NA	NA	10	NA	NA	NA
254	NA	NA	NA	NA	NA	NA	NA	1	NA	NA	NA	NA	NA	NA	NA	NA	NA	NA	NA	NA	NA	NA	NA	NA	1	NA	NA	2	NA	15	NA	NA	NA	NA	9	NA	NA	NA	NA	NA	NA	NA	NA	NA	NA	NA	NA	4	NA	NA	NA	NA	NA	NA	NA	NA	NA	NA	NA	5	NA	NA	NA	NA	NA	NA	NA	NA	NA	NA	NA	2	NA	NA	NA	0	1	NA	NA	NA	NA	NA	NA	NA	NA	NA	NA	NA	3	NA	NA	NA	NA	NA	NA	NA	11	NA	NA	NA
255	NA	NA	NA	NA	NA	NA	NA	0	NA	NA	NA	NA	NA	NA	NA	NA	NA	NA	NA	NA	NA	NA	NA	NA	0	NA	NA	2	NA	13	NA	NA	NA	NA	8	NA	NA	NA	NA	NA	NA	NA	NA	NA	NA	NA	NA	2	NA	NA	NA	NA	NA	NA	NA	NA	NA	NA	NA	5	NA	NA	NA	NA	NA	NA	NA	NA	NA	NA	NA	1	NA	NA	NA	NA	1	NA	NA	NA	NA	NA	NA	NA	NA	NA	NA	NA	1	NA	NA	NA	NA	NA	NA	NA	10	NA	NA	NA
256	NA	NA	NA	NA	NA	NA	NA	NA	NA	NA	NA	NA	NA	NA	NA	NA	NA	NA	NA	NA	NA	NA	NA	NA	NA	NA	NA	2	NA	8	NA	NA	NA	NA	8	NA	NA	NA	NA	NA	NA	NA	NA	NA	NA	NA	NA	1	NA	NA	NA	NA	NA	NA	NA	NA	NA	NA	NA	5	NA	NA	NA	NA	NA	NA	NA	NA	NA	NA	NA	1	NA	NA	NA	NA	1	NA	NA	NA	NA	NA	NA	NA	NA	NA	NA	NA	1	NA	NA	NA	NA	NA	NA	NA	7	NA	NA	NA
257	NA	NA	NA	NA	NA	NA	NA	NA	NA	NA	NA	NA	NA	NA	NA	NA	NA	NA	NA	NA	NA	NA	NA	NA	NA	NA	NA	2	NA	10	NA	NA	NA	NA	8	NA	NA	NA	NA	NA	NA	NA	NA	NA	NA	NA	NA	0	NA	NA	NA	NA	NA	NA	NA	NA	NA	NA	NA	1	NA	NA	NA	NA	NA	NA	NA	NA	NA	NA	NA	0	NA	NA	NA	NA	1	NA	NA	NA	NA	NA	NA	NA	NA	NA	NA	NA	0	NA	NA	NA	NA	NA	NA	NA	5	NA	NA	NA
258	NA	NA	NA	NA	NA	NA	NA	NA	NA	NA	NA	NA	NA	NA	NA	NA	NA	NA	NA	NA	NA	NA	NA	NA	NA	NA	NA	4	NA	7	NA	NA	NA	NA	11	NA	NA	NA	NA	NA	NA	NA	NA	NA	NA	NA	NA	NA	NA	NA	NA	NA	NA	NA	NA	NA	NA	NA	NA	3	NA	NA	NA	NA	NA	NA	NA	NA	NA	NA	NA	NA	NA	NA	NA	NA	1	NA	NA	NA	NA	NA	NA	NA	NA	NA	NA	NA	NA	NA	NA	NA	NA	NA	NA	NA	4	NA	NA	NA
259	NA	NA	NA	NA	NA	NA	NA	NA	NA	NA	NA	NA	NA	NA	NA	NA	NA	NA	NA	NA	NA	NA	NA	NA	NA	NA	NA	4	NA	6	NA	NA	NA	NA	12	NA	NA	NA	NA	NA	NA	NA	NA	NA	NA	NA	NA	NA	NA	NA	NA	NA	NA	NA	NA	NA	NA	NA	NA	3	NA	NA	NA	NA	NA	NA	NA	NA	NA	NA	NA	NA	NA	NA	NA	NA	0	NA	NA	NA	NA	NA	NA	NA	NA	NA	NA	NA	NA	NA	NA	NA	NA	NA	NA	NA	3	NA	NA	NA
260	NA	NA	NA	NA	NA	NA	NA	NA	NA	NA	NA	NA	NA	NA	NA	NA	NA	NA	NA	NA	NA	NA	NA	NA	NA	NA	NA	4	NA	4	NA	NA	NA	NA	13	NA	NA	NA	NA	NA	NA	NA	NA	NA	NA	NA	NA	NA	NA	NA	NA	NA	NA	NA	NA	NA	NA	NA	NA	2	NA	NA	NA	NA	NA	NA	NA	NA	NA	NA	NA	NA	NA	NA	NA	NA	NA	NA	NA	NA	NA	NA	NA	NA	NA	NA	NA	NA	NA	NA	NA	NA	NA	NA	NA	NA	2	NA	NA	NA
261	NA	NA	NA	NA	NA	NA	NA	NA	NA	NA	NA	NA	NA	NA	NA	NA	NA	NA	NA	NA	NA	NA	NA	NA	NA	NA	NA	5	NA	5	NA	NA	NA	NA	13	NA	NA	NA	NA	NA	NA	NA	NA	NA	NA	NA	NA	NA	NA	NA	NA	NA	NA	NA	NA	NA	NA	NA	NA	2	NA	NA	NA	NA	NA	NA	NA	NA	NA	NA	NA	NA	NA	NA	NA	NA	NA	NA	NA	NA	NA	NA	NA	NA	NA	NA	NA	NA	NA	NA	NA	NA	NA	NA	NA	NA	3	NA	NA	NA
262	NA	NA	NA	NA	NA	NA	NA	NA	NA	NA	NA	NA	NA	NA	NA	NA	NA	NA	NA	NA	NA	NA	NA	NA	NA	NA	NA	2	NA	5	NA	NA	NA	NA	10	NA	NA	NA	NA	NA	NA	NA	NA	NA	NA	NA	NA	NA	NA	NA	NA	NA	NA	NA	NA	NA	NA	NA	NA	1	NA	NA	NA	NA	NA	NA	NA	NA	NA	NA	NA	NA	NA	NA	NA	NA	NA	NA	NA	NA	NA	NA	NA	NA	NA	NA	NA	NA	NA	NA	NA	NA	NA	NA	NA	NA	4	NA	NA	NA
263	NA	NA	NA	NA	NA	NA	NA	NA	NA	NA	NA	NA	NA	NA	NA	NA	NA	NA	NA	NA	NA	NA	NA	NA	NA	NA	NA	2	NA	7	NA	NA	NA	NA	11	NA	NA	NA	NA	NA	NA	NA	NA	NA	NA	NA	NA	NA	NA	NA	NA	NA	NA	NA	NA	NA	NA	NA	NA	1	NA	NA	NA	NA	NA	NA	NA	NA	NA	NA	NA	NA	NA	NA	NA	NA	NA	NA	NA	NA	NA	NA	NA	NA	NA	NA	NA	NA	NA	NA	NA	NA	NA	NA	NA	NA	6	NA	NA	NA
264	NA	NA	NA	NA	NA	NA	NA	NA	NA	NA	NA	NA	NA	NA	NA	NA	NA	NA	NA	NA	NA	NA	NA	NA	NA	NA	NA	2	NA	8	NA	NA	NA	NA	10	NA	NA	NA	NA	NA	NA	NA	NA	NA	NA	NA	NA	NA	NA	NA	NA	NA	NA	NA	NA	NA	NA	NA	NA	1	NA	NA	NA	NA	NA	NA	NA	NA	NA	NA	NA	NA	NA	NA	NA	NA	NA	NA	NA	NA	NA	NA	NA	NA	NA	NA	NA	NA	NA	NA	NA	NA	NA	NA	NA	NA	5	NA	NA	NA
265	NA	NA	NA	NA	NA	NA	NA	NA	NA	NA	NA	NA	NA	NA	NA	NA	NA	NA	NA	NA	NA	NA	NA	NA	NA	NA	NA	2	NA	8	NA	NA	NA	NA	9	NA	NA	NA	NA	NA	NA	NA	NA	NA	NA	NA	NA	NA	NA	NA	NA	NA	NA	NA	NA	NA	NA	NA	NA	0	NA	NA	NA	NA	NA	NA	NA	NA	NA	NA	NA	NA	NA	NA	NA	NA	NA	NA	NA	NA	NA	NA	NA	NA	NA	NA	NA	NA	NA	NA	NA	NA	NA	NA	NA	NA	2	NA	NA	NA
266	NA	NA	NA	NA	NA	NA	NA	NA	NA	NA	NA	NA	NA	NA	NA	NA	NA	NA	NA	NA	NA	NA	NA	NA	NA	NA	NA	1	NA	6	NA	NA	NA	NA	7	NA	NA	NA	NA	NA	NA	NA	NA	NA	NA	NA	NA	NA	NA	NA	NA	NA	NA	NA	NA	NA	NA	NA	NA	NA	NA	NA	NA	NA	NA	NA	NA	NA	NA	NA	NA	NA	NA	NA	NA	NA	NA	NA	NA	NA	NA	NA	NA	NA	NA	NA	NA	NA	NA	NA	NA	NA	NA	NA	NA	NA	4	NA	NA	NA
267	NA	NA	NA	NA	NA	NA	NA	NA	NA	NA	NA	NA	NA	NA	NA	NA	NA	NA	NA	NA	NA	NA	NA	NA	NA	NA	NA	1	NA	4	NA	NA	NA	NA	5	NA	NA	NA	NA	NA	NA	NA	NA	NA	NA	NA	NA	NA	NA	NA	NA	NA	NA	NA	NA	NA	NA	NA	NA	NA	NA	NA	NA	NA	NA	NA	NA	NA	NA	NA	NA	NA	NA	NA	NA	NA	NA	NA	NA	NA	NA	NA	NA	NA	NA	NA	NA	NA	NA	NA	NA	NA	NA	NA	NA	NA	2	NA	NA	NA
268	NA	NA	NA	NA	NA	NA	NA	NA	NA	NA	NA	NA	NA	NA	NA	NA	NA	NA	NA	NA	NA	NA	NA	NA	NA	NA	NA	0	NA	6	NA	NA	NA	NA	5	NA	NA	NA	NA	NA	NA	NA	NA	NA	NA	NA	NA	NA	NA	NA	NA	NA	NA	NA	NA	NA	NA	NA	NA	NA	NA	NA	NA	NA	NA	NA	NA	NA	NA	NA	NA	NA	NA	NA	NA	NA	NA	NA	NA	NA	NA	NA	NA	NA	NA	NA	NA	NA	NA	NA	NA	NA	NA	NA	NA	NA	2	NA	NA	NA
269	NA	NA	NA	NA	NA	NA	NA	NA	NA	NA	NA	NA	NA	NA	NA	NA	NA	NA	NA	NA	NA	NA	NA	NA	NA	NA	NA	NA	NA	4	NA	NA	NA	NA	4	NA	NA	NA	NA	NA	NA	NA	NA	NA	NA	NA	NA	NA	NA	NA	NA	NA	NA	NA	NA	NA	NA	NA	NA	NA	NA	NA	NA	NA	NA	NA	NA	NA	NA	NA	NA	NA	NA	NA	NA	NA	NA	NA	NA	NA	NA	NA	NA	NA	NA	NA	NA	NA	NA	NA	NA	NA	NA	NA	NA	NA	1	NA	NA	NA
270	NA	NA	NA	NA	NA	NA	NA	NA	NA	NA	NA	NA	NA	NA	NA	NA	NA	NA	NA	NA	NA	NA	NA	NA	NA	NA	NA	NA	NA	5	NA	NA	NA	NA	3	NA	NA	NA	NA	NA	NA	NA	NA	NA	NA	NA	NA	NA	NA	NA	NA	NA	NA	NA	NA	NA	NA	NA	NA	NA	NA	NA	NA	NA	NA	NA	NA	NA	NA	NA	NA	NA	NA	NA	NA	NA	NA	NA	NA	NA	NA	NA	NA	NA	NA	NA	NA	NA	NA	NA	NA	NA	NA	NA	NA	NA	1	NA	NA	NA
271	NA	NA	NA	NA	NA	NA	NA	NA	NA	NA	NA	NA	NA	NA	NA	NA	NA	NA	NA	NA	NA	NA	NA	NA	NA	NA	NA	NA	NA	6	NA	NA	NA	NA	3	NA	NA	NA	NA	NA	NA	NA	NA	NA	NA	NA	NA	NA	NA	NA	NA	NA	NA	NA	NA	NA	NA	NA	NA	NA	NA	NA	NA	NA	NA	NA	NA	NA	NA	NA	NA	NA	NA	NA	NA	NA	NA	NA	NA	NA	NA	NA	NA	NA	NA	NA	NA	NA	NA	NA	NA	NA	NA	NA	NA	NA	0	NA	NA	NA
272	NA	NA	NA	NA	NA	NA	NA	NA	NA	NA	NA	NA	NA	NA	NA	NA	NA	NA	NA	NA	NA	NA	NA	NA	NA	NA	NA	NA	NA	6	NA	NA	NA	NA	3	NA	NA	NA	NA	NA	NA	NA	NA	NA	NA	NA	NA	NA	NA	NA	NA	NA	NA	NA	NA	NA	NA	NA	NA	NA	NA	NA	NA	NA	NA	NA	NA	NA	NA	NA	NA	NA	NA	NA	NA	NA	NA	NA	NA	NA	NA	NA	NA	NA	NA	NA	NA	NA	NA	NA	NA	NA	NA	NA	NA	NA	NA	NA	NA	NA
273	NA	NA	NA	NA	NA	NA	NA	NA	NA	NA	NA	NA	NA	NA	NA	NA	NA	NA	NA	NA	NA	NA	NA	NA	NA	NA	NA	NA	NA	4	NA	NA	NA	NA	3	NA	NA	NA	NA	NA	NA	NA	NA	NA	NA	NA	NA	NA	NA	NA	NA	NA	NA	NA	NA	NA	NA	NA	NA	NA	NA	NA	NA	NA	NA	NA	NA	NA	NA	NA	NA	NA	NA	NA	NA	NA	NA	NA	NA	NA	NA	NA	NA	NA	NA	NA	NA	NA	NA	NA	NA	NA	NA	NA	NA	NA	NA	NA	NA	NA
274	NA	NA	NA	NA	NA	NA	NA	NA	NA	NA	NA	NA	NA	NA	NA	NA	NA	NA	NA	NA	NA	NA	NA	NA	NA	NA	NA	NA	NA	4	NA	NA	NA	NA	2	NA	NA	NA	NA	NA	NA	NA	NA	NA	NA	NA	NA	NA	NA	NA	NA	NA	NA	NA	NA	NA	NA	NA	NA	NA	NA	NA	NA	NA	NA	NA	NA	NA	NA	NA	NA	NA	NA	NA	NA	NA	NA	NA	NA	NA	NA	NA	NA	NA	NA	NA	NA	NA	NA	NA	NA	NA	NA	NA	NA	NA	NA	NA	NA	NA
275	NA	NA	NA	NA	NA	NA	NA	NA	NA	NA	NA	NA	NA	NA	NA	NA	NA	NA	NA	NA	NA	NA	NA	NA	NA	NA	NA	NA	NA	4	NA	NA	NA	NA	1	NA	NA	NA	NA	NA	NA	NA	NA	NA	NA	NA	NA	NA	NA	NA	NA	NA	NA	NA	NA	NA	NA	NA	NA	NA	NA	NA	NA	NA	NA	NA	NA	NA	NA	NA	NA	NA	NA	NA	NA	NA	NA	NA	NA	NA	NA	NA	NA	NA	NA	NA	NA	NA	NA	NA	NA	NA	NA	NA	NA	NA	NA	NA	NA	NA
276	NA	NA	NA	NA	NA	NA	NA	NA	NA	NA	NA	NA	NA	NA	NA	NA	NA	NA	NA	NA	NA	NA	NA	NA	NA	NA	NA	NA	NA	2	NA	NA	NA	NA	0	NA	NA	NA	NA	NA	NA	NA	NA	NA	NA	NA	NA	NA	NA	NA	NA	NA	NA	NA	NA	NA	NA	NA	NA	NA	NA	NA	NA	NA	NA	NA	NA	NA	NA	NA	NA	NA	NA	NA	NA	NA	NA	NA	NA	NA	NA	NA	NA	NA	NA	NA	NA	NA	NA	NA	NA	NA	NA	NA	NA	NA	NA	NA	NA	NA
277	NA	NA	NA	NA	NA	NA	NA	NA	NA	NA	NA	NA	NA	NA	NA	NA	NA	NA	NA	NA	NA	NA	NA	NA	NA	NA	NA	NA	NA	2	NA	NA	NA	NA	NA	NA	NA	NA	NA	NA	NA	NA	NA	NA	NA	NA	NA	NA	NA	NA	NA	NA	NA	NA	NA	NA	NA	NA	NA	NA	NA	NA	NA	NA	NA	NA	NA	NA	NA	NA	NA	NA	NA	NA	NA	NA	NA	NA	NA	NA	NA	NA	NA	NA	NA	NA	NA	NA	NA	NA	NA	NA	NA	NA	NA	NA	NA	NA	NA	NA
278	NA	NA	NA	NA	NA	NA	NA	NA	NA	NA	NA	NA	NA	NA	NA	NA	NA	NA	NA	NA	NA	NA	NA	NA	NA	NA	NA	NA	NA	2	NA	NA	NA	NA	NA	NA	NA	NA	NA	NA	NA	NA	NA	NA	NA	NA	NA	NA	NA	NA	NA	NA	NA	NA	NA	NA	NA	NA	NA	NA	NA	NA	NA	NA	NA	NA	NA	NA	NA	NA	NA	NA	NA	NA	NA	NA	NA	NA	NA	NA	NA	NA	NA	NA	NA	NA	NA	NA	NA	NA	NA	NA	NA	NA	NA	NA	NA	NA	NA	NA
279	NA	NA	NA	NA	NA	NA	NA	NA	NA	NA	NA	NA	NA	NA	NA	NA	NA	NA	NA	NA	NA	NA	NA	NA	NA	NA	NA	NA	NA	2	NA	NA	NA	NA	NA	NA	NA	NA	NA	NA	NA	NA	NA	NA	NA	NA	NA	NA	NA	NA	NA	NA	NA	NA	NA	NA	NA	NA	NA	NA	NA	NA	NA	NA	NA	NA	NA	NA	NA	NA	NA	NA	NA	NA	NA	NA	NA	NA	NA	NA	NA	NA	NA	NA	NA	NA	NA	NA	NA	NA	NA	NA	NA	NA	NA	NA	NA	NA	NA	NA
280	NA	NA	NA	NA	NA	NA	NA	NA	NA	NA	NA	NA	NA	NA	NA	NA	NA	NA	NA	NA	NA	NA	NA	NA	NA	NA	NA	NA	NA	2	NA	NA	NA	NA	NA	NA	NA	NA	NA	NA	NA	NA	NA	NA	NA	NA	NA	NA	NA	NA	NA	NA	NA	NA	NA	NA	NA	NA	NA	NA	NA	NA	NA	NA	NA	NA	NA	NA	NA	NA	NA	NA	NA	NA	NA	NA	NA	NA	NA	NA	NA	NA	NA	NA	NA	NA	NA	NA	NA	NA	NA	NA	NA	NA	NA	NA	NA	NA	NA	NA
281	NA	NA	NA	NA	NA	NA	NA	NA	NA	NA	NA	NA	NA	NA	NA	NA	NA	NA	NA	NA	NA	NA	NA	NA	NA	NA	NA	NA	NA	1	NA	NA	NA	NA	NA	NA	NA	NA	NA	NA	NA	NA	NA	NA	NA	NA	NA	NA	NA	NA	NA	NA	NA	NA	NA	NA	NA	NA	NA	NA	NA	NA	NA	NA	NA	NA	NA	NA	NA	NA	NA	NA	NA	NA	NA	NA	NA	NA	NA	NA	NA	NA	NA	NA	NA	NA	NA	NA	NA	NA	NA	NA	NA	NA	NA	NA	NA	NA	NA	NA
282	NA	NA	NA	NA	NA	NA	NA	NA	NA	NA	NA	NA	NA	NA	NA	NA	NA	NA	NA	NA	NA	NA	NA	NA	NA	NA	NA	NA	NA	1	NA	NA	NA	NA	NA	NA	NA	NA	NA	NA	NA	NA	NA	NA	NA	NA	NA	NA	NA	NA	NA	NA	NA	NA	NA	NA	NA	NA	NA	NA	NA	NA	NA	NA	NA	NA	NA	NA	NA	NA	NA	NA	NA	NA	NA	NA	NA	NA	NA	NA	NA	NA	NA	NA	NA	NA	NA	NA	NA	NA	NA	NA	NA	NA	NA	NA	NA	NA	NA	NA
283	NA	NA	NA	NA	NA	NA	NA	NA	NA	NA	NA	NA	NA	NA	NA	NA	NA	NA	NA	NA	NA	NA	NA	NA	NA	NA	NA	NA	NA	1	NA	NA	NA	NA	NA	NA	NA	NA	NA	NA	NA	NA	NA	NA	NA	NA	NA	NA	NA	NA	NA	NA	NA	NA	NA	NA	NA	NA	NA	NA	NA	NA	NA	NA	NA	NA	NA	NA	NA	NA	NA	NA	NA	NA	NA	NA	NA	NA	NA	NA	NA	NA	NA	NA	NA	NA	NA	NA	NA	NA	NA	NA	NA	NA	NA	NA	NA	NA	NA	NA
284	NA	NA	NA	NA	NA	NA	NA	NA	NA	NA	NA	NA	NA	NA	NA	NA	NA	NA	NA	NA	NA	NA	NA	NA	NA	NA	NA	NA	NA	1	NA	NA	NA	NA	NA	NA	NA	NA	NA	NA	NA	NA	NA	NA	NA	NA	NA	NA	NA	NA	NA	NA	NA	NA	NA	NA	NA	NA	NA	NA	NA	NA	NA	NA	NA	NA	NA	NA	NA	NA	NA	NA	NA	NA	NA	NA	NA	NA	NA	NA	NA	NA	NA	NA	NA	NA	NA	NA	NA	NA	NA	NA	NA	NA	NA	NA	NA	NA	NA	NA
285	NA	NA	NA	NA	NA	NA	NA	NA	NA	NA	NA	NA	NA	NA	NA	NA	NA	NA	NA	NA	NA	NA	NA	NA	NA	NA	NA	NA	NA	1	NA	NA	NA	NA	NA	NA	NA	NA	NA	NA	NA	NA	NA	NA	NA	NA	NA	NA	NA	NA	NA	NA	NA	NA	NA	NA	NA	NA	NA	NA	NA	NA	NA	NA	NA	NA	NA	NA	NA	NA	NA	NA	NA	NA	NA	NA	NA	NA	NA	NA	NA	NA	NA	NA	NA	NA	NA	NA	NA	NA	NA	NA	NA	NA	NA	NA	NA	NA	NA	NA
286	NA	NA	NA	NA	NA	NA	NA	NA	NA	NA	NA	NA	NA	NA	NA	NA	NA	NA	NA	NA	NA	NA	NA	NA	NA	NA	NA	NA	NA	1	NA	NA	NA	NA	NA	NA	NA	NA	NA	NA	NA	NA	NA	NA	NA	NA	NA	NA	NA	NA	NA	NA	NA	NA	NA	NA	NA	NA	NA	NA	NA	NA	NA	NA	NA	NA	NA	NA	NA	NA	NA	NA	NA	NA	NA	NA	NA	NA	NA	NA	NA	NA	NA	NA	NA	NA	NA	NA	NA	NA	NA	NA	NA	NA	NA	NA	NA	NA	NA	NA
287	NA	NA	NA	NA	NA	NA	NA	NA	NA	NA	NA	NA	NA	NA	NA	NA	NA	NA	NA	NA	NA	NA	NA	NA	NA	NA	NA	NA	NA	1	NA	NA	NA	NA	NA	NA	NA	NA	NA	NA	NA	NA	NA	NA	NA	NA	NA	NA	NA	NA	NA	NA	NA	NA	NA	NA	NA	NA	NA	NA	NA	NA	NA	NA	NA	NA	NA	NA	NA	NA	NA	NA	NA	NA	NA	NA	NA	NA	NA	NA	NA	NA	NA	NA	NA	NA	NA	NA	NA	NA	NA	NA	NA	NA	NA	NA	NA	NA	NA	NA
288	NA	NA	NA	NA	NA	NA	NA	NA	NA	NA	NA	NA	NA	NA	NA	NA	NA	NA	NA	NA	NA	NA	NA	NA	NA	NA	NA	NA	NA	1	NA	NA	NA	NA	NA	NA	NA	NA	NA	NA	NA	NA	NA	NA	NA	NA	NA	NA	NA	NA	NA	NA	NA	NA	NA	NA	NA	NA	NA	NA	NA	NA	NA	NA	NA	NA	NA	NA	NA	NA	NA	NA	NA	NA	NA	NA	NA	NA	NA	NA	NA	NA	NA	NA	NA	NA	NA	NA	NA	NA	NA	NA	NA	NA	NA	NA	NA	NA	NA	NA
289	NA	NA	NA	NA	NA	NA	NA	NA	NA	NA	NA	NA	NA	NA	NA	NA	NA	NA	NA	NA	NA	NA	NA	NA	NA	NA	NA	NA	NA	1	NA	NA	NA	NA	NA	NA	NA	NA	NA	NA	NA	NA	NA	NA	NA	NA	NA	NA	NA	NA	NA	NA	NA	NA	NA	NA	NA	NA	NA	NA	NA	NA	NA	NA	NA	NA	NA	NA	NA	NA	NA	NA	NA	NA	NA	NA	NA	NA	NA	NA	NA	NA	NA	NA	NA	NA	NA	NA	NA	NA	NA	NA	NA	NA	NA	NA	NA	NA	NA	NA
290	NA	NA	NA	NA	NA	NA	NA	NA	NA	NA	NA	NA	NA	NA	NA	NA	NA	NA	NA	NA	NA	NA	NA	NA	NA	NA	NA	NA	NA	1	NA	NA	NA	NA	NA	NA	NA	NA	NA	NA	NA	NA	NA	NA	NA	NA	NA	NA	NA	NA	NA	NA	NA	NA	NA	NA	NA	NA	NA	NA	NA	NA	NA	NA	NA	NA	NA	NA	NA	NA	NA	NA	NA	NA	NA	NA	NA	NA	NA	NA	NA	NA	NA	NA	NA	NA	NA	NA	NA	NA	NA	NA	NA	NA	NA	NA	NA	NA	NA	NA
291	NA	NA	NA	NA	NA	NA	NA	NA	NA	NA	NA	NA	NA	NA	NA	NA	NA	NA	NA	NA	NA	NA	NA	NA	NA	NA	NA	NA	NA	1	NA	NA	NA	NA	NA	NA	NA	NA	NA	NA	NA	NA	NA	NA	NA	NA	NA	NA	NA	NA	NA	NA	NA	NA	NA	NA	NA	NA	NA	NA	NA	NA	NA	NA	NA	NA	NA	NA	NA	NA	NA	NA	NA	NA	NA	NA	NA	NA	NA	NA	NA	NA	NA	NA	NA	NA	NA	NA	NA	NA	NA	NA	NA	NA	NA	NA	NA	NA	NA	NA
292	NA	NA	NA	NA	NA	NA	NA	NA	NA	NA	NA	NA	NA	NA	NA	NA	NA	NA	NA	NA	NA	NA	NA	NA	NA	NA	NA	NA	NA	1	NA	NA	NA	NA	NA	NA	NA	NA	NA	NA	NA	NA	NA	NA	NA	NA	NA	NA	NA	NA	NA	NA	NA	NA	NA	NA	NA	NA	NA	NA	NA	NA	NA	NA	NA	NA	NA	NA	NA	NA	NA	NA	NA	NA	NA	NA	NA	NA	NA	NA	NA	NA	NA	NA	NA	NA	NA	NA	NA	NA	NA	NA	NA	NA	NA	NA	NA	NA	NA	NA
293	NA	NA	NA	NA	NA	NA	NA	NA	NA	NA	NA	NA	NA	NA	NA	NA	NA	NA	NA	NA	NA	NA	NA	NA	NA	NA	NA	NA	NA	1	NA	NA	NA	NA	NA	NA	NA	NA	NA	NA	NA	NA	NA	NA	NA	NA	NA	NA	NA	NA	NA	NA	NA	NA	NA	NA	NA	NA	NA	NA	NA	NA	NA	NA	NA	NA	NA	NA	NA	NA	NA	NA	NA	NA	NA	NA	NA	NA	NA	NA	NA	NA	NA	NA	NA	NA	NA	NA	NA	NA	NA	NA	NA	NA	NA	NA	NA	NA	NA	NA
294	NA	NA	NA	NA	NA	NA	NA	NA	NA	NA	NA	NA	NA	NA	NA	NA	NA	NA	NA	NA	NA	NA	NA	NA	NA	NA	NA	NA	NA	1	NA	NA	NA	NA	NA	NA	NA	NA	NA	NA	NA	NA	NA	NA	NA	NA	NA	NA	NA	NA	NA	NA	NA	NA	NA	NA	NA	NA	NA	NA	NA	NA	NA	NA	NA	NA	NA	NA	NA	NA	NA	NA	NA	NA	NA	NA	NA	NA	NA	NA	NA	NA	NA	NA	NA	NA	NA	NA	NA	NA	NA	NA	NA	NA	NA	NA	NA	NA	NA	NA
295	NA	NA	NA	NA	NA	NA	NA	NA	NA	NA	NA	NA	NA	NA	NA	NA	NA	NA	NA	NA	NA	NA	NA	NA	NA	NA	NA	NA	NA	1	NA	NA	NA	NA	NA	NA	NA	NA	NA	NA	NA	NA	NA	NA	NA	NA	NA	NA	NA	NA	NA	NA	NA	NA	NA	NA	NA	NA	NA	NA	NA	NA	NA	NA	NA	NA	NA	NA	NA	NA	NA	NA	NA	NA	NA	NA	NA	NA	NA	NA	NA	NA	NA	NA	NA	NA	NA	NA	NA	NA	NA	NA	NA	NA	NA	NA	NA	NA	NA	NA
296	NA	NA	NA	NA	NA	NA	NA	NA	NA	NA	NA	NA	NA	NA	NA	NA	NA	NA	NA	NA	NA	NA	NA	NA	NA	NA	NA	NA	NA	1	NA	NA	NA	NA	NA	NA	NA	NA	NA	NA	NA	NA	NA	NA	NA	NA	NA	NA	NA	NA	NA	NA	NA	NA	NA	NA	NA	NA	NA	NA	NA	NA	NA	NA	NA	NA	NA	NA	NA	NA	NA	NA	NA	NA	NA	NA	NA	NA	NA	NA	NA	NA	NA	NA	NA	NA	NA	NA	NA	NA	NA	NA	NA	NA	NA	NA	NA	NA	NA	NA
297	NA	NA	NA	NA	NA	NA	NA	NA	NA	NA	NA	NA	NA	NA	NA	NA	NA	NA	NA	NA	NA	NA	NA	NA	NA	NA	NA	NA	NA	1	NA	NA	NA	NA	NA	NA	NA	NA	NA	NA	NA	NA	NA	NA	NA	NA	NA	NA	NA	NA	NA	NA	NA	NA	NA	NA	NA	NA	NA	NA	NA	NA	NA	NA	NA	NA	NA	NA	NA	NA	NA	NA	NA	NA	NA	NA	NA	NA	NA	NA	NA	NA	NA	NA	NA	NA	NA	NA	NA	NA	NA	NA	NA	NA	NA	NA	NA	NA	NA	NA
298	NA	NA	NA	NA	NA	NA	NA	NA	NA	NA	NA	NA	NA	NA	NA	NA	NA	NA	NA	NA	NA	NA	NA	NA	NA	NA	NA	NA	NA	1	NA	NA	NA	NA	NA	NA	NA	NA	NA	NA	NA	NA	NA	NA	NA	NA	NA	NA	NA	NA	NA	NA	NA	NA	NA	NA	NA	NA	NA	NA	NA	NA	NA	NA	NA	NA	NA	NA	NA	NA	NA	NA	NA	NA	NA	NA	NA	NA	NA	NA	NA	NA	NA	NA	NA	NA	NA	NA	NA	NA	NA	NA	NA	NA	NA	NA	NA	NA	NA	NA
299	NA	NA	NA	NA	NA	NA	NA	NA	NA	NA	NA	NA	NA	NA	NA	NA	NA	NA	NA	NA	NA	NA	NA	NA	NA	NA	NA	NA	NA	1	NA	NA	NA	NA	NA	NA	NA	NA	NA	NA	NA	NA	NA	NA	NA	NA	NA	NA	NA	NA	NA	NA	NA	NA	NA	NA	NA	NA	NA	NA	NA	NA	NA	NA	NA	NA	NA	NA	NA	NA	NA	NA	NA	NA	NA	NA	NA	NA	NA	NA	NA	NA	NA	NA	NA	NA	NA	NA	NA	NA	NA	NA	NA	NA	NA	NA	NA	NA	NA	NA
300	NA	NA	NA	NA	NA	NA	NA	NA	NA	NA	NA	NA	NA	NA	NA	NA	NA	NA	NA	NA	NA	NA	NA	NA	NA	NA	NA	NA	NA	1	NA	NA	NA	NA	NA	NA	NA	NA	NA	NA	NA	NA	NA	NA	NA	NA	NA	NA	NA	NA	NA	NA	NA	NA	NA	NA	NA	NA	NA	NA	NA	NA	NA	NA	NA	NA	NA	NA	NA	NA	NA	NA	NA	NA	NA	NA	NA	NA	NA	NA	NA	NA	NA	NA	NA	NA	NA	NA	NA	NA	NA	NA	NA	NA	NA	NA	NA	NA	NA	NA
301	NA	NA	NA	NA	NA	NA	NA	NA	NA	NA	NA	NA	NA	NA	NA	NA	NA	NA	NA	NA	NA	NA	NA	NA	NA	NA	NA	NA	NA	0	NA	NA	NA	NA	NA	NA	NA	NA	NA	NA	NA	NA	NA	NA	NA	NA	NA	NA	NA	NA	NA	NA	NA	NA	NA	NA	NA	NA	NA	NA	NA	NA	NA	NA	NA	NA	NA	NA	NA	NA	NA	NA	NA	NA	NA	NA	NA	NA	NA	NA	NA	NA	NA	NA	NA	NA	NA	NA	NA	NA	NA	NA	NA	NA	NA	NA	NA	NA	NA	NA
