0	3	2	1	2	1	2	1	2	1	1	3	2	3	2	3	3	4	2	1	4	1	2	1	2	3	1	2	2	3	2	3	1	2	4	2	2	2	2	2	1	2	3	2	2	1	3	2	1	3	2	1	2	2	3	1	4	1	2	1	3	2	1	1	1	1	1	2	2	2	2	2	2	3	5	2	2	2	1	3	2	3	2	2	1	3	2	1	1	2	1	2	1	2	2	2	3	1	1	2	1
1	6	3	2	2	2	3	1	4	3	2	4	2	6	4	3	5	5	3	1	6	2	4	3	5	6	3	3	4	6	5	5	3	5	4	3	5	4	3	5	1	4	5	3	4	3	5	2	2	4	4	2	4	3	5	1	6	2	4	1	4	2	3	1	2	2	1	4	4	6	5	2	3	5	7	3	5	3	2	5	3	5	4	5	3	5	3	1	2	2	3	5	2	4	3	4	4	1	3	2	1
2	7	4	5	4	3	6	2	6	4	3	5	4	7	8	7	6	8	4	2	8	4	7	5	8	7	3	5	8	7	5	7	5	11	6	6	7	7	5	8	3	5	9	3	5	5	9	3	4	6	7	2	6	4	6	3	7	3	6	3	4	4	4	1	4	3	2	4	6	8	5	4	5	5	10	4	8	4	5	5	4	8	6	8	7	6	4	1	3	3	3	7	4	6	5	10	8	1	7	4	2
3	10	8	6	4	6	4	3	6	4	1	7	9	10	12	10	7	9	4	5	13	5	10	7	10	11	5	7	13	9	8	12	6	16	7	9	9	10	8	12	7	8	11	5	6	8	14	3	8	8	10	3	5	5	8	4	11	4	10	4	6	5	6	2	6	6	5	7	7	11	8	5	6	9	13	4	11	7	9	7	4	10	8	11	11	9	6	5	6	3	4	7	8	8	5	17	10	1	8	6	4
4	12	11	8	5	7	6	3	11	5	4	7	7	13	15	16	11	5	5	10	16	4	15	11	14	14	3	11	18	10	9	18	9	18	13	7	11	13	8	17	11	9	14	7	6	10	17	2	8	8	10	4	4	6	12	5	12	8	13	6	3	7	7	3	8	9	8	9	9	13	8	6	8	15	15	4	13	11	12	11	7	14	10	13	10	13	9	10	9	5	6	11	12	10	6	19	14	0	9	8	6
5	14	13	11	8	11	7	3	11	8	7	10	8	15	21	22	7	5	7	16	23	6	21	16	18	18	3	9	21	8	10	20	6	24	18	13	12	18	10	21	13	8	14	9	7	13	18	3	12	7	10	6	3	5	17	8	8	11	17	3	4	11	5	5	12	10	10	14	6	18	9	4	12	20	19	6	12	13	15	15	6	17	10	17	11	12	5	12	12	5	7	14	15	14	8	21	17	NA	9	8	4
6	12	11	16	8	15	10	2	11	22	10	11	10	11	27	26	6	10	3	20	28	10	29	23	17	12	5	8	25	5	7	7	13	24	22	24	18	20	12	16	11	10	15	8	8	20	14	4	14	8	11	7	4	5	23	11	9	13	14	9	8	14	8	6	6	13	13	8	7	20	14	5	17	16	23	5	8	15	20	17	8	17	13	16	23	16	9	13	20	7	12	10	19	13	14	16	20	NA	6	4	3
7	14	14	8	10	13	22	2	8	15	8	11	14	16	9	26	8	12	5	22	29	14	33	29	13	17	8	9	21	5	19	8	18	19	13	27	14	22	9	29	13	12	13	11	6	25	17	6	8	11	5	8	6	5	14	9	9	17	28	11	7	16	6	5	8	16	16	12	6	20	18	5	10	13	23	8	6	12	9	16	10	19	10	13	31	10	9	9	28	10	12	13	14	11	13	10	16	NA	11	5	6
8	17	8	9	13	19	11	5	14	17	9	26	15	21	12	17	13	15	6	12	28	14	38	15	13	22	10	12	14	8	24	10	22	14	33	33	8	28	11	27	20	13	17	14	9	33	20	9	7	25	10	12	6	8	18	10	12	20	23	14	9	8	10	11	11	7	17	15	8	26	22	7	17	18	20	9	5	14	12	14	10	13	6	5	13	12	11	12	34	8	21	14	18	8	22	13	11	NA	7	6	6
9	18	11	13	17	25	15	6	17	22	9	27	16	37	17	13	25	15	9	7	21	14	18	11	25	27	9	12	14	7	18	13	16	17	33	25	14	23	14	16	14	16	16	5	6	23	21	13	8	31	11	12	7	9	13	24	10	18	26	10	19	13	12	11	16	9	5	11	9	28	24	7	20	14	23	11	8	17	13	15	12	17	10	12	19	12	14	8	42	10	24	17	18	16	35	14	15	NA	9	7	10
10	20	10	14	21	5	16	8	14	28	7	38	14	27	20	17	19	22	12	14	16	16	19	18	28	21	9	14	14	7	11	10	13	31	20	14	31	21	17	15	16	18	14	7	8	17	35	7	11	27	13	15	5	26	17	20	15	12	28	14	15	13	9	13	21	10	12	8	9	9	20	10	17	13	16	14	11	14	14	10	15	17	14	9	13	26	9	8	45	8	18	17	12	14	24	15	7	NA	12	9	12
11	10	15	22	16	14	13	11	12	47	6	24	11	25	12	26	20	29	15	18	17	7	24	10	28	35	10	14	24	8	19	10	13	30	25	20	19	10	15	15	17	23	23	10	11	18	18	10	11	20	15	16	8	35	21	21	19	11	19	15	14	16	10	27	20	11	13	5	9	9	13	12	8	13	18	23	20	22	16	13	6	18	16	12	25	31	11	5	50	14	20	14	9	6	30	20	20	NA	7	12	13
12	12	9	30	17	17	19	8	17	40	7	23	18	25	15	36	18	15	16	22	20	12	22	15	18	41	21	10	12	8	13	13	14	29	26	24	23	9	19	21	20	25	27	14	10	20	16	13	17	11	23	15	17	23	26	34	24	14	26	10	13	28	14	15	23	16	14	5	8	6	19	13	8	18	19	17	20	32	19	17	8	14	19	10	20	32	16	9	35	9	21	19	12	15	22	29	12	NA	9	11	17
13	16	15	26	13	20	16	9	19	26	15	42	24	16	13	11	31	15	13	18	24	13	24	33	26	39	10	23	15	10	15	13	15	30	32	25	19	8	15	33	28	20	17	15	6	11	11	13	19	14	22	16	20	12	30	35	12	16	17	14	14	33	22	12	33	13	14	7	9	5	15	13	7	14	16	21	16	15	13	22	10	11	16	14	28	29	17	13	27	13	19	15	20	19	18	32	38	NA	19	13	13
14	12	12	18	10	24	12	9	18	32	18	50	26	12	15	9	22	18	26	17	26	14	27	26	24	42	14	25	13	12	21	14	14	25	36	36	40	12	17	22	30	22	14	11	5	12	11	12	22	20	24	19	14	29	16	29	11	17	28	16	16	38	17	11	29	16	18	17	10	8	13	32	5	16	20	16	16	7	18	19	13	15	13	19	24	24	16	29	20	9	22	6	15	28	15	14	25	NA	19	14	13
15	12	10	10	14	25	17	9	33	32	9	25	27	15	19	13	25	24	18	17	30	17	22	29	28	48	22	25	13	9	29	10	16	22	42	37	22	12	20	25	25	12	16	14	9	8	8	13	23	38	14	13	16	18	17	33	12	17	27	14	23	16	27	10	27	13	12	18	15	16	17	21	5	11	26	16	21	12	21	24	9	11	14	25	16	17	10	34	17	9	24	10	11	12	12	26	32	NA	22	17	15
16	17	12	20	13	22	16	9	20	23	11	30	24	19	24	21	28	19	29	14	17	21	29	37	31	21	21	23	22	13	27	16	12	15	17	30	36	11	29	26	25	12	19	14	18	8	12	20	26	31	14	42	18	13	14	27	16	27	31	19	40	23	17	10	28	17	13	29	17	17	19	20	13	12	19	16	20	26	16	15	12	17	16	19	14	17	10	18	34	8	18	11	13	13	17	35	38	NA	30	11	15
17	15	8	21	8	25	11	4	21	33	12	47	25	22	32	23	28	20	23	35	27	21	31	47	14	33	27	16	23	14	20	26	20	20	32	18	30	11	36	13	25	14	19	19	24	11	15	21	14	23	19	15	19	15	17	33	20	24	24	23	28	30	17	10	34	23	11	35	14	25	25	26	16	12	27	10	31	20	15	22	10	22	17	24	17	19	10	21	25	11	21	15	13	19	15	17	35	NA	29	16	24
18	39	10	7	11	10	10	5	12	33	15	48	21	20	22	29	43	30	17	24	19	15	27	24	17	13	35	10	19	15	26	21	29	21	30	12	27	16	50	22	21	18	11	17	28	10	16	17	16	10	18	16	23	18	40	38	25	19	21	19	33	29	17	15	31	21	17	25	12	42	19	26	23	19	30	13	35	20	10	25	28	24	20	22	16	20	12	19	17	10	23	19	16	19	26	21	37	NA	36	20	10
19	40	9	14	13	12	16	9	15	32	17	27	16	22	24	29	60	30	20	31	30	14	31	26	22	11	22	7	14	15	28	29	18	24	17	16	21	16	35	38	17	15	15	13	30	23	19	31	18	16	21	18	27	20	51	34	29	22	20	23	20	24	24	20	36	18	26	24	22	21	22	12	29	20	16	20	40	13	16	30	26	26	33	33	28	18	15	19	25	10	28	14	15	24	31	24	20	NA	34	17	10
20	41	8	13	10	11	28	8	23	29	17	25	22	24	17	30	48	20	12	37	22	15	22	26	28	12	18	23	18	18	30	32	24	15	13	18	26	23	31	35	18	22	16	10	38	19	25	38	24	12	24	22	33	16	63	37	29	27	25	30	17	25	15	31	27	33	27	17	26	17	36	36	19	14	19	19	28	14	14	22	23	46	31	29	46	26	19	35	22	10	30	19	14	38	26	33	37	NA	26	17	8
21	27	19	16	14	19	24	14	26	14	42	28	26	28	27	38	34	16	16	47	34	15	34	34	25	16	22	30	15	29	55	27	16	19	13	8	18	20	36	29	23	26	16	9	30	16	28	24	9	13	26	21	21	25	32	23	33	21	34	17	21	27	17	39	23	38	13	16	20	19	110	20	45	13	20	12	39	18	19	23	46	67	16	31	24	36	19	38	24	10	21	19	17	42	27	24	28	NA	24	14	14
22	26	12	13	9	40	31	16	22	11	49	26	35	33	28	38	35	18	17	33	17	15	12	25	29	18	15	33	28	37	32	30	19	26	16	16	22	21	24	29	27	30	21	11	60	15	32	29	17	17	27	34	19	21	31	24	30	22	36	22	26	28	15	19	31	43	13	14	21	14	72	25	37	13	22	19	40	18	26	35	33	66	14	40	23	18	20	43	25	15	26	27	20	23	29	48	25	NA	22	23	19
23	24	16	19	10	28	41	13	18	14	45	19	27	25	26	44	40	20	21	28	27	14	24	27	38	16	13	21	27	13	41	31	30	27	17	20	25	22	27	25	33	28	23	12	28	13	44	31	27	10	28	26	23	23	19	24	35	16	35	30	22	24	20	21	27	45	11	18	21	15	34	25	34	27	15	27	29	18	33	34	26	69	13	36	27	24	12	38	26	11	43	46	30	27	25	56	27	NA	22	22	25
24	29	28	25	10	36	46	11	26	21	26	25	26	19	19	39	30	24	30	36	37	12	24	19	31	16	10	27	29	33	39	30	38	24	21	14	22	19	22	26	35	18	39	13	31	16	47	40	18	10	29	23	39	16	20	24	45	38	38	31	27	30	14	25	22	37	10	20	25	15	24	24	39	16	20	25	31	24	26	41	36	73	15	52	27	15	14	25	23	9	35	48	25	29	29	52	33	NA	18	26	27
25	23	22	25	18	24	32	13	29	17	23	39	28	20	16	25	28	45	30	38	32	14	21	15	37	12	11	29	27	38	31	25	30	21	18	18	17	19	18	17	38	16	22	19	64	16	34	55	18	10	32	26	41	35	30	33	87	21	40	23	30	29	17	25	39	36	12	37	16	22	28	21	39	20	20	25	26	14	24	29	28	45	23	27	27	17	23	24	30	14	39	40	31	44	49	35	33	NA	20	23	11
26	24	19	23	13	22	26	17	30	26	24	34	29	39	20	24	30	28	35	40	34	22	14	16	34	15	13	20	32	35	22	20	17	23	13	22	29	20	27	24	41	17	43	29	54	33	41	39	18	12	32	23	70	45	28	39	65	20	24	26	20	28	20	38	48	31	19	41	18	36	36	21	34	24	22	28	31	17	24	18	36	49	23	51	27	18	24	27	36	18	21	37	27	35	27	28	21	NA	33	32	16
27	30	21	32	15	30	21	20	33	22	24	35	31	35	16	47	43	30	22	19	39	19	17	20	24	15	11	21	32	40	30	28	32	25	20	16	30	17	30	27	48	21	28	21	19	23	34	31	20	15	38	26	33	30	42	40	41	27	22	35	20	31	21	22	53	33	22	36	24	41	33	25	32	32	44	20	32	16	32	23	39	31	36	34	21	23	17	11	43	25	26	47	46	23	29	24	21	NA	23	20	34
28	36	22	16	20	20	24	12	44	15	20	42	31	21	26	39	30	34	30	15	38	27	22	25	33	18	11	17	33	38	21	20	27	30	23	23	28	10	39	35	42	31	31	21	21	14	28	40	39	13	23	28	27	38	45	43	34	38	32	41	36	25	17	31	43	38	27	38	27	44	28	24	34	37	35	34	22	12	27	33	45	39	19	34	18	28	24	13	33	33	24	32	52	21	25	23	27	NA	20	31	39
29	44	24	16	23	24	22	16	28	20	24	30	32	22	25	29	27	32	29	25	41	34	21	27	25	26	28	24	27	40	19	24	22	33	23	38	34	18	38	35	38	48	25	21	15	15	24	47	33	17	38	36	21	27	40	50	30	42	32	64	21	27	20	37	50	37	15	29	16	50	31	21	26	33	39	23	23	16	35	28	31	57	25	41	20	42	21	18	32	26	29	37	42	36	29	24	34	NA	37	22	27
30	44	51	19	25	20	20	15	46	26	17	33	29	28	24	30	32	19	18	19	31	29	20	31	21	30	19	29	23	23	14	34	27	33	26	22	40	29	45	29	37	53	20	20	31	16	31	35	32	18	39	20	22	34	36	36	33	32	28	53	25	30	23	32	59	43	32	30	17	57	34	28	28	32	46	31	44	15	37	28	35	46	28	45	37	53	20	23	36	26	24	24	24	42	42	18	51	NA	24	26	20
31	38	47	24	29	17	31	20	37	26	21	26	23	42	28	38	28	21	14	22	31	33	21	29	31	29	15	26	21	29	23	33	31	43	23	32	31	20	47	29	41	43	24	54	54	35	29	33	23	18	61	21	16	33	29	36	36	30	30	37	47	35	23	38	25	40	35	34	19	59	33	15	26	36	34	31	40	22	44	23	22	44	29	33	43	43	19	23	44	28	25	31	27	35	32	28	44	NA	41	32	17
32	45	26	26	37	31	34	22	51	21	21	32	27	33	30	32	34	22	18	26	51	41	23	26	46	34	18	28	21	30	19	34	32	36	25	25	42	21	61	25	34	27	33	30	34	22	25	28	26	26	25	23	38	28	27	29	25	24	28	40	32	39	32	25	32	51	41	41	15	36	50	18	28	30	33	23	32	26	49	25	22	27	29	49	32	55	25	15	37	17	25	24	28	45	37	31	29	NA	42	32	22
33	36	22	27	26	31	41	19	63	22	24	36	29	23	25	35	47	30	19	25	39	32	28	28	33	33	21	33	18	34	22	61	23	36	40	28	41	25	58	29	43	30	40	31	36	23	29	23	24	16	29	33	37	32	26	22	28	30	34	39	38	34	38	26	31	64	34	39	19	45	30	21	31	34	38	29	36	34	51	49	28	33	48	54	26	25	17	24	31	15	24	26	21	34	40	31	31	NA	28	46	33
34	46	40	46	45	32	28	28	50	30	29	27	51	34	40	24	40	22	22	19	28	37	29	49	25	30	26	40	25	30	29	37	26	34	45	42	25	26	33	29	24	36	35	51	37	35	29	25	40	16	58	33	43	42	23	33	26	33	37	34	29	26	39	33	24	30	47	41	33	37	38	26	37	34	43	27	39	32	26	62	29	47	30	58	28	32	20	31	38	19	24	32	35	44	33	48	32	NA	22	68	79
35	63	30	49	38	25	28	34	36	22	39	30	76	32	26	25	43	22	24	24	29	70	27	40	25	39	29	34	23	29	27	48	27	36	33	44	43	30	36	49	27	46	32	56	31	39	27	28	41	21	61	54	33	30	24	27	31	20	34	25	39	35	40	20	27	29	20	33	39	41	38	32	31	27	34	23	33	31	35	68	35	44	33	41	24	29	18	35	32	20	22	31	32	46	39	35	36	NA	41	55	53
36	39	38	35	27	20	25	37	44	36	25	35	30	40	29	28	72	34	28	24	38	52	45	33	25	41	27	40	27	39	36	42	31	33	22	45	46	49	37	33	26	33	30	30	20	37	24	43	44	22	35	25	33	36	26	31	29	31	28	32	52	33	27	19	30	24	21	23	45	45	42	33	26	22	38	28	29	25	39	49	35	37	30	34	31	39	38	28	62	19	27	31	33	33	35	35	26	NA	39	33	28
37	52	37	34	37	21	33	35	47	39	25	28	33	57	53	36	32	32	37	32	42	19	48	41	28	43	24	28	24	52	38	50	31	42	32	39	48	51	31	37	34	28	22	42	26	31	32	26	33	32	38	27	27	25	26	34	25	39	31	31	48	34	28	26	29	27	26	39	34	49	53	36	34	29	37	24	33	21	32	19	37	56	36	43	35	37	37	33	34	26	31	31	27	43	35	25	41	NA	28	30	40
38	35	43	34	35	21	26	18	51	29	29	38	47	43	34	28	53	36	35	30	48	41	50	45	30	29	17	32	34	25	26	50	29	41	36	41	29	29	42	28	36	47	48	47	36	40	32	54	36	40	42	20	25	42	46	25	20	41	39	26	35	32	41	33	51	33	28	42	28	32	71	39	40	30	37	28	34	31	37	29	45	35	58	71	33	78	30	46	66	23	26	23	26	32	47	26	44	NA	28	24	33
39	31	55	33	39	20	20	24	67	38	29	29	37	49	39	29	41	55	22	41	34	20	37	35	47	25	34	58	34	28	27	26	31	38	36	34	53	23	47	35	38	54	41	30	25	43	26	54	35	34	32	25	22	44	46	44	33	34	42	48	48	32	30	27	34	44	33	48	26	41	48	32	45	33	46	43	37	32	38	32	32	23	36	84	30	27	30	40	53	24	29	24	35	35	45	32	42	NA	60	20	66
40	36	50	39	30	24	33	20	37	43	34	56	36	33	41	35	42	51	28	23	32	47	23	43	28	37	48	52	26	29	38	32	40	30	30	39	50	30	52	48	37	37	29	46	30	43	31	48	20	59	33	28	21	32	27	40	33	27	39	43	37	31	31	34	46	41	33	44	31	34	50	35	34	57	57	72	39	40	35	36	37	35	29	42	29	28	39	36	46	24	33	25	35	61	39	35	27	NA	29	25	54
41	28	49	32	36	26	24	18	38	52	34	74	37	38	33	39	59	28	37	38	39	58	30	49	36	47	33	53	40	25	52	42	47	39	33	48	53	29	53	53	32	34	26	45	34	36	45	38	30	45	42	35	26	49	23	40	43	28	44	41	37	38	35	38	27	38	29	42	47	45	48	45	32	70	63	44	33	35	41	35	50	35	35	54	36	52	36	46	47	27	44	44	43	49	34	35	30	NA	34	32	38
42	29	31	47	39	55	23	18	29	33	27	66	42	66	36	48	50	33	48	21	48	55	46	56	50	41	70	98	31	28	52	40	39	34	37	92	37	41	50	60	45	42	25	38	37	32	60	27	28	39	41	27	25	56	27	58	38	21	52	38	38	46	34	42	32	32	31	48	31	62	45	42	33	38	45	37	35	51	43	30	64	52	50	64	44	40	33	42	57	36	31	33	57	60	51	49	30	NA	33	33	40
43	63	45	49	34	43	23	25	38	34	30	37	43	71	41	54	37	35	56	25	31	34	42	59	32	23	81	33	38	33	37	42	40	35	34	83	59	37	45	38	54	55	17	49	32	30	35	26	30	37	29	33	30	61	21	29	39	32	47	40	50	51	37	48	46	37	35	34	35	43	48	47	31	31	45	34	54	52	72	34	41	46	62	37	47	38	22	32	54	27	47	45	30	37	46	27	31	NA	29	35	65
44	45	54	48	40	43	27	24	51	43	32	33	52	52	31	61	54	32	63	30	37	59	37	44	35	31	50	33	37	37	48	37	45	41	32	48	32	46	60	41	36	35	33	36	26	31	37	30	29	38	43	58	32	49	28	44	45	27	56	59	60	55	37	37	40	43	34	59	60	37	47	38	31	36	67	47	43	24	47	51	45	53	49	68	37	57	26	35	46	23	33	43	35	32	56	38	35	NA	39	43	66
45	52	28	37	46	42	48	69	41	36	43	43	36	58	34	45	50	29	57	31	48	34	43	51	29	41	40	43	42	65	55	50	29	45	34	36	40	54	42	29	33	41	30	33	35	38	37	45	33	41	39	29	33	41	31	31	41	28	65	35	38	63	39	30	41	53	36	61	61	35	39	38	42	45	80	43	44	23	44	44	46	54	50	46	56	52	28	29	71	33	34	46	41	44	36	48	46	NA	35	49	51
46	46	38	33	47	44	58	66	47	37	46	43	44	43	47	39	63	42	33	26	54	46	55	71	39	46	51	30	52	36	65	50	37	45	45	34	37	54	49	40	52	39	32	35	40	44	24	50	43	43	50	34	38	40	38	34	62	28	56	63	54	69	46	26	38	54	29	51	52	40	37	61	62	48	64	36	50	27	58	39	56	72	44	67	49	30	31	38	74	38	38	78	45	45	49	50	45	NA	38	50	27
47	42	36	45	40	51	43	74	53	40	34	41	49	70	31	33	41	42	28	39	62	49	53	47	47	51	59	47	34	38	62	49	45	69	44	56	43	31	49	56	79	36	31	37	46	47	38	44	35	59	60	39	54	56	38	44	53	35	38	50	64	39	46	33	46	36	39	43	32	39	36	37	93	41	79	46	63	28	78	37	53	48	51	44	48	33	39	41	48	40	34	53	47	49	43	48	46	NA	42	36	25
48	38	44	34	37	62	40	69	73	44	42	43	42	44	32	61	33	42	40	38	59	41	42	57	37	39	62	39	38	39	84	73	44	59	46	53	42	29	37	44	29	37	29	33	45	74	43	39	35	49	45	30	49	53	69	35	65	35	59	70	57	40	52	34	46	56	57	39	47	34	55	41	48	66	49	39	59	32	49	30	49	46	56	43	46	27	29	35	47	36	37	39	51	34	48	50	50	NA	43	28	45
49	40	29	42	50	61	33	48	54	42	40	57	48	49	42	43	48	45	45	38	45	38	43	66	36	36	64	60	46	46	50	51	44	62	53	29	36	35	73	47	39	30	22	40	43	73	41	43	51	46	43	32	26	53	38	32	70	28	45	66	59	48	36	50	54	44	48	39	35	33	41	64	55	38	73	41	31	44	65	41	32	40	58	61	36	45	50	25	45	43	52	34	80	34	74	56	52	NA	41	35	38
50	39	43	44	31	25	46	56	80	49	33	54	39	48	43	37	41	32	48	61	35	31	36	109	42	41	52	41	46	69	55	61	47	46	39	32	70	23	55	30	52	30	18	53	37	42	38	61	38	53	30	53	31	43	38	47	49	44	67	46	54	62	47	30	48	62	42	59	44	61	50	81	43	44	51	48	32	40	40	42	36	45	57	45	36	38	52	40	44	50	63	37	41	40	44	80	43	NA	40	40	44
51	56	47	46	46	31	48	41	44	36	44	57	43	32	37	36	32	31	42	37	44	32	35	55	41	30	37	43	36	60	40	44	38	36	38	48	96	29	39	33	41	45	21	46	40	34	36	56	55	46	33	54	53	69	35	37	56	50	48	53	55	61	40	46	60	51	56	39	45	58	49	51	40	70	71	40	48	36	60	28	26	73	36	45	36	36	54	36	49	29	47	40	59	41	39	73	51	NA	54	67	37
52	49	45	44	38	34	49	25	49	54	49	38	47	37	37	38	44	38	52	42	50	42	42	52	42	36	32	61	33	50	38	44	42	52	54	63	64	45	48	31	45	48	27	41	37	37	34	38	62	40	42	53	33	58	61	57	42	46	43	56	59	52	38	44	42	52	42	39	39	49	43	46	60	67	75	68	61	38	62	41	41	47	48	52	50	41	45	43	48	32	54	54	50	44	59	64	98	NA	61	68	39
53	56	45	59	37	34	35	30	45	89	28	45	54	35	36	36	44	37	47	41	63	31	37	58	41	33	39	57	33	64	34	46	50	53	56	70	61	53	40	46	45	41	22	37	43	36	39	43	45	42	54	32	36	48	47	66	49	38	53	42	80	55	48	42	35	53	37	44	33	75	47	37	43	70	70	44	48	38	62	35	46	60	54	60	56	40	27	49	41	40	39	51	46	54	56	63	60	NA	50	56	47
54	56	52	49	51	35	54	34	50	54	37	41	56	56	33	70	54	36	56	61	49	51	43	65	46	35	41	58	45	40	42	60	53	52	68	41	61	51	53	50	41	31	36	47	38	44	39	36	44	47	46	27	30	44	45	57	61	39	48	42	66	54	43	48	48	44	38	45	39	60	51	54	69	48	86	42	46	44	49	40	50	68	37	51	43	69	31	43	46	41	39	47	47	56	48	52	61	NA	53	39	48
55	60	51	44	42	49	39	38	50	45	37	58	61	61	34	54	47	37	41	67	45	33	59	49	57	31	43	58	39	49	42	44	36	46	57	41	56	73	54	48	49	49	28	36	47	46	48	35	51	37	60	38	26	61	49	52	79	61	63	49	55	47	42	45	54	40	34	63	37	69	52	42	28	40	50	38	50	53	55	38	62	40	61	51	46	43	37	63	76	45	48	54	52	59	49	51	65	NA	46	43	43
56	58	70	40	47	39	37	43	90	47	33	102	48	71	53	43	63	32	39	39	47	34	50	73	63	42	37	56	63	44	37	48	48	48	40	42	61	80	43	42	40	35	69	33	35	41	45	36	47	45	56	38	29	52	63	73	40	46	66	58	62	54	51	82	59	57	36	53	46	63	57	53	38	87	81	47	43	41	33	47	46	52	51	64	45	53	34	80	55	43	34	29	53	57	60	45	55	NA	37	44	55
57	43	58	54	38	60	39	37	88	47	34	67	64	70	40	41	53	36	41	53	54	41	50	59	52	99	39	57	69	49	44	62	50	43	57	58	50	45	46	49	79	40	83	41	59	50	50	53	41	45	80	59	33	89	47	58	46	52	63	62	49	56	33	83	56	89	47	48	30	49	49	65	41	56	62	44	45	64	41	52	65	55	38	54	58	34	39	44	80	35	38	38	45	49	58	47	54	NA	50	41	37
58	76	56	54	40	81	56	40	102	51	71	72	88	38	51	43	44	36	35	60	64	53	43	59	46	44	30	54	45	43	44	64	46	69	46	46	42	49	48	42	60	57	45	34	55	53	49	42	55	44	82	63	30	58	51	54	55	40	64	45	54	57	68	49	49	50	36	40	37	56	59	69	39	46	56	69	42	49	50	34	60	62	38	54	56	35	41	50	85	48	46	43	85	74	63	52	60	NA	59	41	44
59	44	77	47	49	39	69	30	71	56	86	66	70	48	41	61	58	40	66	54	68	39	67	69	39	60	44	48	46	70	51	73	66	66	37	48	48	38	42	51	75	51	41	37	48	54	44	50	57	52	56	55	33	65	54	57	51	56	88	60	52	48	45	50	63	57	53	42	38	83	59	55	52	66	69	66	56	48	53	38	51	56	67	48	49	38	49	56	93	44	53	35	53	112	45	58	55	NA	57	45	36
60	61	61	41	64	40	79	29	61	70	53	63	60	44	57	48	48	53	79	57	48	43	66	61	40	61	42	58	66	51	55	61	78	59	48	51	47	36	65	46	65	58	50	48	76	58	36	53	62	37	96	56	27	87	43	59	61	37	92	52	118	74	50	58	59	76	31	55	43	103	59	64	57	52	53	46	49	45	53	63	56	53	67	48	53	63	35	46	80	47	67	32	81	78	54	64	61	NA	59	62	43
61	72	42	49	46	40	42	32	51	59	53	69	87	51	60	81	47	46	80	42	54	45	45	55	36	42	38	48	66	57	59	83	44	97	44	59	59	39	66	46	53	65	34	49	52	60	44	49	76	44	66	48	38	64	55	48	71	42	70	54	72	70	65	58	56	103	29	59	44	45	62	39	56	58	65	51	44	62	55	64	49	74	79	61	49	58	59	49	68	66	54	50	62	82	71	75	65	NA	50	73	56
62	61	46	102	46	33	50	24	57	95	54	70	57	83	57	38	57	45	78	39	59	51	65	61	52	52	54	52	51	66	57	65	47	52	45	59	114	49	72	75	63	47	40	52	58	56	46	61	95	48	86	71	32	52	68	41	58	46	73	73	60	64	49	50	60	94	37	52	49	62	72	43	50	58	75	48	49	65	92	47	53	64	67	43	64	86	46	63	62	60	44	50	48	79	64	73	65	NA	55	86	67
63	47	57	60	54	34	48	31	66	47	94	60	59	57	48	40	56	51	50	67	60	50	54	65	44	49	58	79	56	59	52	67	46	45	47	54	111	55	62	48	57	85	46	46	76	52	39	55	88	41	76	48	50	55	81	41	73	60	76	64	56	62	52	122	67	95	38	80	45	86	86	73	54	60	60	65	61	54	72	38	64	73	57	55	45	53	44	64	75	60	49	52	46	63	71	103	53	NA	57	70	45
64	62	57	53	58	63	45	37	61	51	64	69	44	56	49	45	47	57	61	63	80	44	46	65	41	38	43	84	58	58	56	82	56	44	49	56	57	50	76	66	76	60	84	37	66	99	62	59	66	65	84	34	43	66	42	41	51	57	58	105	83	58	55	65	61	87	34	51	50	71	89	78	58	44	96	46	48	90	48	49	67	76	68	61	56	35	32	72	61	56	46	36	56	89	62	105	62	NA	71	54	39
65	67	58	80	61	52	48	49	68	65	68	70	45	50	54	64	55	50	48	54	50	43	58	97	51	38	66	55	58	49	51	71	59	50	54	51	78	49	74	47	56	57	81	45	63	107	48	56	66	65	64	43	33	101	99	53	70	51	56	115	111	65	55	50	64	64	37	64	49	69	92	63	51	54	110	50	81	56	63	46	51	70	58	75	64	42	44	55	64	59	50	49	61	77	76	119	75	NA	77	55	47
66	72	65	59	60	67	44	46	63	71	73	70	49	42	54	57	52	48	49	81	64	61	67	63	59	37	73	60	52	63	63	67	60	48	79	47	93	39	66	68	51	67	52	49	67	77	51	50	47	49	64	49	34	70	80	55	48	60	83	58	111	72	74	41	52	86	48	60	45	67	99	43	66	80	81	73	86	63	53	46	64	84	69	79	57	46	53	62	70	54	64	80	77	55	98	79	95	NA	59	56	44
67	151	72	70	87	75	43	57	62	53	85	83	60	62	63	46	51	65	47	58	86	57	66	69	56	77	49	52	48	46	70	67	52	53	60	51	75	46	70	47	66	60	41	69	64	51	47	78	67	54	56	53	39	76	47	56	78	62	102	68	71	80	64	58	50	116	55	69	64	79	78	54	41	97	105	75	78	50	91	35	58	116	67	121	54	50	57	60	118	94	49	75	69	48	89	64	76	NA	54	92	71
68	70	64	74	65	88	54	51	62	57	60	76	74	74	50	39	80	48	60	87	68	46	57	109	66	71	51	76	65	48	57	96	67	65	53	48	57	50	64	71	50	66	61	80	67	124	51	95	42	73	55	48	38	53	51	59	90	54	78	66	94	64	98	56	49	59	55	74	47	64	94	61	46	81	78	80	59	55	105	100	48	112	73	79	54	45	38	38	55	66	48	81	73	59	113	94	62	NA	62	94	60
69	60	54	74	60	65	53	55	81	57	66	74	65	67	73	42	67	60	71	49	73	74	60	77	66	58	39	67	70	62	105	95	74	74	67	44	93	48	59	54	108	51	84	106	64	162	54	90	78	64	58	70	49	65	48	71	53	81	77	78	137	57	109	52	52	78	55	82	46	99	90	71	54	81	62	55	74	50	65	86	65	99	94	86	58	44	66	58	95	45	46	64	136	54	78	61	69	NA	55	60	80
70	76	62	81	62	58	61	49	86	61	52	74	64	78	59	64	82	46	51	65	59	66	65	79	76	60	54	62	77	60	74	63	71	69	64	65	78	48	61	68	77	49	71	66	63	58	54	61	52	70	69	50	43	81	76	72	54	81	76	65	89	71	69	73	66	84	60	82	45	108	66	56	54	106	62	60	73	48	60	57	81	95	102	98	89	61	57	52	74	45	60	67	124	57	91	68	112	NA	103	74	84
71	69	69	64	75	53	68	33	72	54	52	70	67	80	82	77	77	52	57	51	59	60	61	80	67	76	47	86	49	73	73	54	73	75	48	69	89	49	90	63	77	57	95	92	80	100	60	53	71	76	61	41	35	80	121	61	51	51	97	70	143	85	58	62	67	104	58	90	46	109	142	81	38	83	61	74	70	67	61	64	85	68	58	112	70	49	61	83	117	74	47	61	90	56	90	105	74	NA	77	59	97
72	77	98	68	80	55	72	38	103	72	58	86	80	64	66	87	55	46	79	63	75	78	66	64	56	79	47	81	74	74	70	67	89	62	64	59	82	55	69	56	72	57	86	82	88	87	73	52	78	62	78	58	57	85	55	69	74	52	112	68	133	96	76	53	70	81	57	89	53	104	71	87	41	71	105	65	68	97	66	53	92	84	73	93	60	51	57	91	93	56	50	64	69	91	130	94	85	NA	68	73	72
73	83	93	80	90	69	55	41	90	71	96	90	93	64	147	80	87	51	57	65	76	70	57	77	56	42	71	120	66	69	88	60	77	59	88	62	88	63	76	59	81	59	81	101	66	70	78	54	95	51	72	55	41	87	69	75	79	60	110	58	96	97	79	66	66	80	59	165	52	99	68	61	58	98	95	92	82	74	74	51	69	93	66	82	91	56	60	82	124	86	88	55	84	96	106	66	78	NA	89	115	59
74	78	95	65	106	67	99	68	76	73	71	104	67	66	103	53	129	59	84	50	67	75	69	81	62	49	57	113	66	83	190	68	117	95	71	58	80	79	69	101	62	58	47	101	76	134	59	51	54	57	94	58	46	99	101	67	88	67	109	66	113	91	86	56	57	99	76	82	38	85	80	69	76	108	109	93	74	51	74	57	75	89	69	98	61	63	59	69	62	85	61	67	92	68	112	70	77	NA	85	73	55
75	97	89	82	97	89	112	55	84	83	81	111	73	83	64	50	118	54	44	58	65	67	69	93	58	52	52	92	68	78	135	86	64	80	71	55	71	80	61	53	71	63	72	58	81	150	68	77	62	75	82	65	55	90	141	63	82	74	125	79	94	100	65	72	95	73	57	72	44	93	82	80	79	131	97	105	75	62	109	57	78	70	71	108	86	74	68	61	102	81	60	58	118	81	122	104	72	NA	75	56	93
76	89	90	70	89	101	63	62	117	83	110	134	73	78	68	73	78	70	57	69	82	75	77	81	93	56	58	83	76	101	100	117	94	67	72	85	100	52	91	59	84	65	66	57	87	69	48	68	58	64	89	73	61	86	87	71	106	70	91	84	76	109	87	44	73	59	40	79	60	98	93	77	67	87	95	78	101	59	86	58	108	80	70	183	85	68	59	69	118	55	58	51	100	132	107	75	84	NA	100	73	70
77	75	79	87	53	50	95	85	98	85	67	105	61	78	77	60	69	64	66	60	69	121	80	115	89	59	47	76	53	93	94	149	69	75	62	90	126	47	69	71	84	56	61	59	90	74	63	74	62	62	76	64	70	118	66	91	68	74	126	78	82	97	74	48	79	134	45	77	61	70	110	97	69	111	124	97	109	69	85	56	135	86	96	110	104	50	87	56	81	62	115	57	136	70	97	80	77	NA	96	86	75
78	83	91	71	80	68	132	59	114	156	81	98	77	113	68	76	82	55	60	65	63	67	108	96	79	99	51	78	55	138	89	143	75	103	93	84	66	54	160	75	86	55	59	70	85	111	85	94	90	55	86	64	60	89	75	86	100	95	152	84	109	148	94	85	76	87	45	81	54	97	98	71	70	147	91	96	87	79	91	99	76	102	139	101	96	70	100	101	112	102	58	78	112	82	129	90	87	NA	80	77	70
79	97	103	52	114	68	106	53	88	102	86	90	90	147	89	77	96	61	60	66	104	78	93	197	76	89	56	88	62	202	84	103	93	67	73	72	103	75	130	65	104	74	79	69	82	115	87	81	66	50	93	64	65	78	58	83	89	75	156	83	120	155	90	129	104	138	57	91	79	106	116	73	66	85	129	81	79	78	92	51	85	136	69	84	77	58	78	113	88	76	94	94	91	98	104	56	78	NA	73	63	95
80	80	105	77	84	66	71	52	113	74	97	111	106	127	97	95	80	71	59	61	79	92	68	174	99	93	53	80	68	139	90	98	98	69	93	77	137	81	96	78	115	73	51	95	84	86	83	64	84	72	79	65	48	90	61	86	101	135	100	133	133	140	91	80	78	94	61	112	78	122	112	68	88	112	133	89	70	73	76	74	86	119	76	244	110	66	61	87	86	79	90	106	107	110	91	63	72	NA	71	89	79
81	70	118	66	138	66	82	71	125	87	76	165	82	94	79	78	95	80	71	67	88	85	122	157	94	76	111	86	79	143	130	83	155	111	93	81	152	84	126	88	110	65	62	64	111	98	109	105	105	76	84	64	74	102	94	92	137	95	119	86	148	106	129	94	87	84	63	126	64	91	99	97	91	110	103	80	106	85	85	76	172	115	71	168	94	68	84	80	140	120	61	122	141	86	94	84	89	NA	105	89	69
82	102	109	80	69	87	96	66	110	135	93	112	78	83	101	68	98	107	81	61	94	76	98	146	86	64	76	96	87	130	125	123	108	119	76	67	119	77	82	97	105	72	65	96	88	111	105	86	74	94	100	59	101	98	73	116	122	83	126	144	133	199	114	69	122	126	62	90	79	129	237	81	68	141	123	73	88	93	103	131	95	139	106	124	109	51	68	113	138	95	72	67	93	80	92	108	115	NA	95	110	72
83	134	126	71	85	81	95	60	129	85	75	128	83	68	92	82	121	110	77	83	68	89	113	105	83	80	85	106	69	129	94	124	126	73	102	56	147	70	92	84	77	73	62	102	86	102	117	82	114	97	80	67	77	97	84	122	111	86	109	149	132	127	105	78	87	127	59	114	88	150	128	77	62	158	181	80	72	106	132	69	65	139	75	126	109	56	66	133	77	96	89	96	109	121	127	104	129	NA	120	108	89
84	83	146	70	99	91	122	49	120	122	163	123	105	157	99	69	130	85	79	91	83	77	86	147	100	92	92	79	93	108	95	133	95	92	98	85	101	99	168	91	96	100	57	73	96	89	90	84	110	92	114	68	61	119	86	89	114	83	147	127	148	136	111	74	120	114	63	154	113	133	176	85	73	91	117	106	118	97	130	71	76	129	86	130	89	69	62	123	96	76	63	108	112	89	116	134	165	NA	112	103	77
85	99	99	80	120	114	82	52	128	92	83	108	118	104	153	78	169	130	85	78	88	76	116	114	142	105	98	73	78	108	92	144	139	101	105	97	150	93	159	90	165	117	52	125	100	97	100	95	121	117	107	92	51	120	108	126	104	87	127	123	132	107	109	101	95	144	56	125	82	123	223	85	69	125	206	88	95	83	101	93	108	110	105	119	150	57	85	109	114	90	91	84	179	102	112	127	103	NA	120	175	91
86	111	176	85	93	80	127	76	146	127	90	107	110	78	107	92	144	80	118	67	91	97	141	96	125	108	121	80	68	83	91	102	113	136	96	90	153	92	109	74	133	76	78	73	128	129	96	94	125	67	118	106	67	123	87	172	83	88	102	115	136	108	118	94	125	113	73	173	94	128	121	58	74	98	108	121	123	120	112	146	103	133	99	150	171	60	74	104	109	68	78	103	259	122	101	135	120	NA	112	96	76
87	129	111	73	93	98	165	98	138	108	96	140	138	136	122	90	121	116	89	73	90	77	86	104	89	74	61	94	86	88	153	104	106	83	95	114	128	95	119	72	125	107	59	82	133	86	129	173	107	77	161	112	76	135	90	137	116	112	189	108	164	132	113	91	163	247	58	90	98	130	115	66	130	155	110	96	112	135	103	80	156	121	120	113	120	74	72	123	133	116	87	132	89	105	115	153	95	NA	96	112	69
88	123	124	87	89	105	153	74	152	171	132	125	122	113	114	112	142	105	107	86	80	76	103	122	138	112	113	113	93	93	95	132	139	126	93	135	122	65	107	112	129	119	71	94	108	123	94	74	125	58	135	114	113	117	124	187	137	108	157	143	108	196	106	106	135	227	58	118	88	115	107	122	134	159	109	113	103	130	104	68	118	130	140	146	104	80	81	112	116	83	116	114	157	115	120	137	157	NA	115	105	98
89	142	175	99	111	124	136	75	173	152	120	100	101	155	66	133	136	93	86	79	86	90	108	171	125	113	68	97	131	108	114	100	113	110	89	155	183	107	101	113	223	101	84	78	91	115	94	92	202	82	144	106	91	128	194	182	192	104	110	108	103	97	114	96	122	118	83	86	147	110	112	94	82	116	118	112	93	108	102	100	119	120	162	159	107	80	92	99	155	91	119	108	134	99	111	100	127	NA	123	157	108
90	112	136	85	120	98	109	92	120	120	106	117	140	136	114	150	168	102	100	90	85	100	100	134	108	84	86	102	100	144	123	226	123	92	98	102	156	130	117	131	347	113	119	112	151	113	81	140	212	119	132	81	78	121	88	131	123	93	116	121	112	126	135	106	118	124	66	103	111	119	130	98	70	174	150	172	102	118	82	89	121	203	153	118	111	73	91	96	114	97	78	109	118	97	139	105	125	NA	205	156	110
91	142	161	97	138	67	131	73	104	93	127	149	181	140	134	84	129	86	88	103	114	103	88	116	133	111	109	162	98	143	136	143	138	91	119	110	97	90	128	99	166	119	94	101	129	102	111	174	192	136	105	84	101	117	185	149	144	124	121	114	91	158	96	97	108	153	102	112	105	154	93	104	81	115	156	122	91	120	106	103	105	131	151	106	157	79	108	107	100	118	82	92	130	95	136	97	150	NA	140	152	83
92	204	133	100	126	84	130	92	116	96	142	117	118	102	94	145	260	133	132	126	91	70	121	215	141	109	98	163	146	119	136	131	97	133	179	108	144	112	177	101	134	90	154	104	116	121	105	145	126	122	105	92	92	122	192	138	97	86	109	124	115	173	128	119	85	193	93	176	121	106	181	89	128	106	165	90	129	83	117	80	115	110	104	131	102	120	83	112	132	121	103	76	139	196	103	109	115	NA	143	137	162
93	144	134	115	109	111	97	89	138	105	118	123	132	176	92	123	223	120	103	112	110	92	128	180	112	94	96	110	145	125	122	176	128	155	151	108	111	96	98	163	108	127	81	144	117	114	93	125	127	96	146	117	80	100	127	160	105	104	217	134	155	100	105	133	96	125	99	108	109	127	112	115	94	106	155	200	128	101	115	93	141	144	135	108	116	102	93	147	155	110	133	104	138	170	105	119	103	NA	134	118	158
94	115	107	101	119	91	92	80	134	102	106	100	109	118	196	135	161	108	146	99	172	117	97	108	153	106	107	144	88	153	109	134	119	186	168	103	148	95	132	147	151	131	101	125	131	110	138	114	112	136	158	94	94	120	142	132	142	140	203	115	102	143	127	138	106	111	101	141	108	111	134	123	146	126	134	134	123	157	145	114	115	174	125	111	110	105	100	108	118	115	164	78	214	146	148	124	93	NA	181	144	160
95	134	125	90	107	123	211	100	112	143	133	82	179	156	119	121	124	154	119	76	158	135	190	111	101	123	105	132	91	167	156	151	165	141	99	101	180	119	230	145	106	124	144	131	120	134	135	138	100	108	147	108	141	164	139	118	167	94	125	136	133	151	142	162	228	145	73	209	97	128	128	123	96	146	123	116	179	128	102	102	169	122	165	141	130	97	100	187	130	120	91	104	138	188	172	123	120	NA	180	126	100
96	113	157	100	106	130	157	81	177	113	133	109	118	149	108	90	114	154	191	80	183	147	153	147	96	144	103	160	108	133	141	178	144	158	148	146	130	92	158	193	108	132	91	123	92	130	122	116	88	139	114	125	101	109	137	173	138	117	95	135	115	131	107	122	160	149	87	149	100	111	156	204	84	123	136	169	174	146	126	118	107	91	132	163	144	145	103	147	151	119	120	87	126	130	164	159	134	NA	156	142	106
97	161	270	110	247	107	161	82	130	123	144	96	201	182	128	154	100	118	135	116	197	121	247	99	113	154	146	129	103	98	125	114	142	114	144	117	167	109	134	185	177	162	104	98	128	145	117	139	158	144	138	89	82	124	93	91	111	175	93	144	100	112	148	137	107	125	78	117	110	130	102	179	90	101	90	188	122	121	156	102	148	121	146	102	125	105	134	187	132	166	93	88	94	109	105	103	152	NA	111	149	172
98	116	133	154	194	154	144	95	106	121	172	80	292	158	120	122	114	103	133	110	168	106	205	146	128	193	145	195	181	151	116	102	133	138	123	126	119	123	134	135	117	164	108	115	91	98	102	195	110	106	146	118	85	94	177	114	110	150	119	76	88	103	113	140	137	126	98	121	96	89	89	104	104	97	133	187	105	177	115	132	138	89	160	92	141	116	121	166	149	126	110	98	90	142	134	122	97	NA	107	231	153
99	94	141	111	180	188	106	97	108	196	93	81	123	134	138	129	107	85	161	157	136	120	162	121	152	120	195	135	158	189	116	138	185	129	121	209	119	145	142	188	95	95	72	98	124	169	124	180	113	127	118	105	77	167	140	165	117	120	97	128	79	97	126	102	134	99	89	107	102	98	87	155	114	99	121	114	86	159	98	112	121	106	110	124	109	163	127	125	114	139	103	137	150	163	76	101	114	NA	97	116	108
100	101	140	149	184	136	122	133	115	183	103	91	122	96	131	147	128	159	115	164	105	136	104	124	97	147	181	109	101	145	132	117	99	128	145	189	195	113	121	119	105	112	132	107	134	98	92	187	116	135	132	141	89	107	89	172	119	127	101	109	162	130	156	129	85	82	78	112	111	164	101	209	134	91	114	135	147	192	93	118	118	118	168	143	96	116	95	115	121	168	134	124	125	184	85	144	136	NA	119	143	109
101	100	146	136	209	193	109	75	125	164	125	82	122	159	131	118	118	96	122	182	158	150	157	95	127	147	145	136	88	111	96	119	114	132	181	132	101	112	98	123	171	226	121	118	128	91	98	123	113	153	107	116	113	103	121	184	160	135	69	147	93	76	93	129	105	121	92	121	110	121	109	139	92	114	145	142	117	223	130	135	127	104	163	113	141	100	92	106	122	130	99	134	124	101	122	129	100	NA	166	143	120
102	105	110	130	104	141	92	70	85	153	110	69	94	132	108	114	120	123	147	138	196	156	166	110	110	148	129	153	130	108	140	116	115	140	130	141	104	147	108	300	243	142	131	98	221	126	95	110	141	125	159	86	92	75	116	100	145	185	111	153	96	80	109	133	166	102	89	116	136	111	134	138	151	104	126	134	125	141	97	209	124	116	107	86	107	96	127	126	135	132	106	120	139	115	112	125	118	NA	153	102	118
103	138	88	106	129	169	131	81	87	128	131	138	122	149	133	85	132	140	138	163	139	142	128	148	117	118	123	139	136	116	127	144	138	187	152	249	116	145	98	130	125	108	98	156	134	136	96	141	142	123	108	90	97	77	118	91	130	148	68	127	61	95	97	143	133	106	95	143	128	112	109	110	101	182	131	109	87	130	87	187	126	122	88	123	119	140	120	118	160	161	105	120	121	87	91	116	82	NA	129	131	146
104	92	111	119	175	333	145	104	109	150	133	127	90	114	194	119	97	194	154	205	147	123	152	85	135	149	179	130	185	105	159	96	169	137	127	93	150	215	90	128	119	178	198	159	97	107	120	134	127	124	106	86	81	78	94	99	183	125	89	183	55	101	114	137	100	114	166	112	100	87	107	101	111	134	80	141	108	127	118	140	101	140	100	104	117	104	111	110	111	127	144	132	91	137	131	119	116	NA	127	132	141
105	90	126	125	209	154	129	120	97	107	109	100	84	102	102	106	82	106	160	115	124	133	113	117	172	114	173	96	140	93	143	76	116	86	132	119	137	220	113	133	116	115	136	140	124	100	114	126	153	105	122	97	125	90	103	109	148	114	73	111	56	56	163	91	84	87	122	85	142	91	113	148	101	94	78	122	153	157	158	139	143	116	95	90	110	101	110	93	129	108	116	121	103	95	95	127	100	NA	82	114	132
106	87	102	107	156	155	111	117	75	111	116	71	101	96	160	127	79	123	120	147	112	147	146	119	111	121	143	134	134	111	111	86	123	74	132	144	108	148	75	114	87	90	187	131	186	89	146	91	121	110	97	95	88	105	178	125	122	137	76	112	113	59	88	90	118	84	101	93	179	65	68	111	142	111	112	114	116	103	178	227	111	79	105	82	95	146	97	119	88	105	163	149	62	132	66	88	88	NA	100	101	107
107	87	90	120	147	109	135	171	70	117	127	61	81	78	157	146	70	147	123	157	102	124	228	105	102	181	188	96	124	103	104	124	101	119	121	102	73	135	93	82	113	87	190	114	253	139	179	103	105	110	95	99	157	105	175	259	107	134	52	104	103	86	71	109	87	67	145	103	119	153	87	111	131	81	92	131	136	111	151	185	79	131	114	87	110	188	125	123	75	95	132	112	71	210	82	131	59	NA	92	103	123
108	142	81	100	113	132	102	106	88	87	117	68	76	119	113	114	73	99	144	102	142	163	111	113	87	176	128	100	113	100	93	96	91	123	90	102	77	159	104	94	84	151	141	85	91	94	190	82	88	117	91	109	196	108	121	121	90	101	53	93	135	84	109	100	103	64	120	87	149	102	100	125	117	74	99	115	176	114	97	103	92	73	141	85	78	198	119	117	78	121	210	92	91	95	63	142	92	NA	116	91	174
109	145	118	132	108	93	76	120	83	81	176	91	70	152	140	138	78	106	162	119	153	165	97	67	87	135	136	131	143	130	99	75	83	160	134	121	65	139	77	87	77	125	140	118	105	123	177	111	78	125	137	153	164	81	118	110	77	184	34	80	65	86	132	126	83	96	112	87	153	117	84	88	117	107	71	146	131	100	106	102	67	82	114	65	92	132	126	95	76	109	101	105	107	116	69	99	60	NA	120	136	176
110	111	80	156	121	148	127	136	43	87	120	68	61	87	100	128	87	113	116	118	118	187	110	63	113	135	139	123	120	114	78	83	85	78	147	88	68	95	73	91	98	124	132	98	123	150	238	98	82	109	105	148	167	75	105	95	83	100	50	81	61	63	71	104	97	115	119	87	170	75	70	121	136	164	95	100	81	98	90	114	100	83	69	73	70	152	114	120	65	106	111	107	77	95	70	132	72	NA	180	141	145
111	85	73	136	108	109	86	145	51	107	84	59	89	69	136	130	59	143	110	124	128	122	78	57	78	106	182	118	178	80	86	61	106	90	140	124	60	93	62	138	95	95	151	101	129	138	169	89	120	149	97	112	160	73	122	106	87	107	35	87	53	49	80	107	132	45	127	92	119	92	113	112	120	80	70	91	84	96	56	101	104	57	72	54	68	145	117	109	54	166	88	93	75	70	65	72	86	NA	90	92	99
112	75	68	116	121	129	111	142	52	93	85	74	63	97	174	97	65	129	108	138	74	99	82	56	75	120	125	92	171	66	79	68	81	96	153	105	79	77	74	98	82	94	162	82	91	78	128	104	138	98	109	186	192	59	116	64	86	120	39	78	57	53	65	134	101	67	215	56	91	94	98	129	156	67	59	86	68	92	85	119	94	67	61	56	63	125	123	109	58	173	105	114	59	63	85	86	71	NA	141	96	125
113	65	68	116	79	149	125	119	50	94	88	86	75	98	112	114	69	111	114	128	101	106	59	58	85	94	152	73	85	86	105	81	57	78	89	83	76	85	69	106	71	110	128	117	83	60	149	105	101	125	99	126	225	62	112	87	93	96	29	93	45	48	65	85	87	47	128	53	123	57	83	111	131	93	54	69	69	92	64	139	89	77	62	51	61	134	130	92	62	139	124	99	51	79	52	85	70	NA	83	91	122
114	94	64	133	83	130	96	150	49	69	81	57	66	76	116	134	95	107	99	92	89	98	99	56	128	80	87	119	97	72	91	74	61	111	87	77	52	82	51	103	60	106	169	123	68	57	112	91	71	185	72	94	170	57	76	117	74	137	21	61	24	37	80	131	91	51	99	53	77	85	41	127	129	44	33	64	82	66	57	88	81	59	62	44	67	105	112	89	47	131	110	117	54	62	45	70	55	NA	93	74	105
115	44	67	118	90	215	92	154	44	63	136	54	49	58	100	88	51	127	101	98	55	121	71	62	92	100	110	90	88	60	93	52	75	104	136	87	76	106	56	84	40	90	115	103	85	54	107	102	74	132	93	97	130	76	92	85	60	78	21	96	34	28	87	142	64	41	130	67	87	73	41	91	133	39	30	54	80	69	59	111	79	55	61	41	79	102	105	88	53	116	102	181	54	99	37	77	64	NA	81	67	99
116	47	92	88	61	162	77	117	33	63	98	35	61	58	95	119	47	67	101	118	60	90	69	59	100	114	98	70	65	72	66	57	61	83	124	70	49	96	47	93	42	115	94	82	86	72	88	86	80	127	83	95	124	57	109	67	57	83	27	56	36	21	64	77	64	32	103	57	100	46	73	71	88	32	41	46	63	77	57	175	66	51	85	41	58	131	92	67	50	85	105	154	50	55	28	109	58	NA	102	92	85
117	44	60	86	74	140	124	92	41	63	97	30	55	73	89	73	104	124	119	119	52	99	74	46	101	63	83	80	73	42	55	50	76	68	92	68	55	116	32	118	49	65	177	89	100	54	78	77	75	107	72	75	133	48	97	82	59	128	22	62	51	27	67	57	71	27	117	29	99	42	66	67	95	33	32	55	53	118	61	165	63	47	93	42	65	112	157	88	64	122	112	154	58	55	38	106	46	NA	81	91	88
118	31	67	83	61	94	98	112	39	39	81	22	40	61	84	110	65	84	106	70	74	90	71	52	67	56	72	74	103	42	47	49	63	58	57	65	32	95	46	69	53	76	130	75	65	41	87	107	78	88	47	125	142	47	80	61	60	83	21	52	33	22	51	73	64	45	117	44	82	59	45	82	75	23	19	62	53	131	48	105	46	39	86	41	69	155	142	58	51	129	86	100	50	56	33	58	48	NA	53	68	89
119	33	45	73	68	86	64	112	27	47	81	26	51	37	77	77	49	126	116	82	67	101	53	38	67	76	78	61	80	45	48	61	61	61	53	76	20	90	39	81	37	64	106	119	53	51	82	86	71	98	56	110	109	51	61	67	43	74	21	50	33	21	47	65	54	45	110	41	95	49	37	48	94	57	13	59	40	97	58	92	45	52	61	53	95	134	108	69	42	116	77	90	36	37	23	101	43	NA	47	99	123
120	28	38	68	68	117	81	85	22	63	101	24	38	38	75	90	49	66	83	84	48	101	62	57	52	75	68	83	101	64	46	58	65	80	80	69	13	88	32	57	39	64	98	85	65	60	85	57	64	127	61	130	98	24	71	53	44	67	16	43	47	16	36	70	74	43	117	38	81	34	42	102	103	58	13	45	41	68	37	76	46	55	44	38	93	103	104	71	41	81	78	75	33	34	35	65	56	NA	57	92	99
121	21	80	62	65	122	58	82	40	34	83	33	36	38	60	107	54	78	83	93	44	91	56	43	51	117	66	85	102	50	62	54	67	83	58	76	7	106	28	49	28	65	105	68	85	39	80	53	52	94	73	120	103	28	79	59	53	74	11	39	20	11	42	77	58	43	138	28	77	30	37	50	70	49	12	60	48	73	36	76	65	55	47	63	72	110	67	113	28	82	108	76	37	42	27	41	42	NA	44	80	67
122	38	87	51	66	107	53	86	31	29	80	26	30	77	49	109	42	68	67	69	41	76	62	38	82	76	71	80	68	51	61	90	50	66	57	66	7	97	31	47	27	60	154	51	74	28	108	62	45	81	36	116	116	32	78	48	33	74	12	70	14	9	53	79	68	27	147	23	71	21	32	62	68	18	11	55	33	49	65	79	53	49	48	56	45	79	76	145	22	97	136	84	28	36	38	44	38	NA	35	66	81
123	46	64	51	78	74	57	89	26	33	56	20	24	47	67	72	30	60	74	69	54	68	46	28	56	53	69	55	53	55	65	53	73	55	54	56	11	90	28	49	26	65	79	65	68	24	76	74	46	76	59	98	110	52	66	52	50	52	7	60	11	8	43	61	53	34	142	24	66	16	15	61	66	26	9	64	56	38	37	70	46	43	42	27	52	123	67	66	25	64	127	67	16	26	38	51	27	NA	33	48	84
124	45	38	50	59	82	71	73	19	19	47	26	28	61	58	55	27	42	84	52	41	97	45	27	51	75	58	51	58	32	110	40	69	39	62	41	11	80	20	37	32	50	73	63	45	26	100	55	41	67	62	85	84	45	56	46	50	53	9	37	6	4	32	41	37	17	130	24	72	9	21	72	67	29	8	59	37	34	31	60	48	37	46	16	32	113	59	97	15	85	119	51	18	46	48	54	23	NA	50	39	44
125	41	42	57	40	103	84	68	10	22	49	29	33	57	57	45	36	52	44	60	35	83	29	29	50	43	68	72	44	62	47	35	61	21	82	50	7	97	18	49	13	57	57	79	46	22	56	53	33	54	35	83	85	45	57	43	43	37	7	52	4	2	32	47	42	13	110	15	52	20	20	65	72	15	7	34	30	38	26	75	55	21	42	13	43	97	58	96	11	73	85	53	12	21	32	48	23	NA	30	52	75
126	33	68	42	38	55	41	99	7	21	64	28	23	35	51	46	30	52	49	73	35	70	31	8	43	59	74	70	39	46	28	42	30	18	77	29	6	75	37	43	10	50	56	94	41	19	47	52	28	63	15	66	102	37	66	19	48	73	4	35	5	2	32	55	29	15	105	18	76	24	16	51	100	10	2	17	30	34	12	66	44	15	37	9	46	60	72	55	8	69	74	50	9	22	14	41	18	NA	27	42	90
127	15	34	50	52	48	35	140	5	17	51	14	21	29	27	62	23	57	46	47	57	64	24	7	40	66	64	62	32	22	21	32	21	15	68	35	2	53	33	42	7	51	53	79	41	18	61	57	33	48	25	57	90	23	50	17	41	78	2	63	4	3	29	40	38	19	82	13	69	28	15	35	62	9	3	21	27	27	8	46	27	13	22	8	32	78	65	45	12	51	56	63	6	21	14	20	22	NA	24	33	48
128	11	27	41	24	38	22	78	4	11	49	11	20	46	32	56	13	93	40	47	56	50	21	7	19	32	55	56	24	15	16	30	23	13	36	40	2	31	17	45	5	51	65	51	33	9	64	42	27	37	15	53	75	8	58	9	29	67	1	62	4	3	14	45	73	24	79	4	42	26	10	22	54	8	2	25	39	30	6	57	25	6	21	7	21	51	73	35	11	56	70	91	4	14	15	20	18	NA	16	37	47
129	15	15	39	42	49	28	71	4	7	34	10	17	24	25	45	12	74	43	45	25	47	28	7	12	27	41	34	41	7	18	27	13	10	30	26	2	31	11	38	6	37	58	34	32	8	67	40	43	54	14	79	81	4	29	8	32	61	1	30	4	2	12	37	57	15	87	2	39	22	5	29	44	7	3	19	23	16	4	46	56	4	27	3	18	49	87	28	7	40	63	93	4	24	10	12	15	NA	16	33	36
130	14	9	37	37	69	22	67	3	6	22	10	11	30	18	48	8	33	39	48	26	50	15	6	8	27	38	29	35	7	18	14	8	8	27	28	1	31	8	42	5	29	73	36	17	8	46	31	24	89	9	95	58	3	38	7	32	40	1	20	3	2	12	38	47	13	104	2	25	7	5	40	79	11	3	15	25	16	2	34	53	4	22	3	10	53	50	28	6	36	61	71	3	20	6	11	12	NA	16	39	25
131	14	7	36	49	60	22	66	2	5	21	6	10	26	13	56	12	23	39	29	24	49	24	6	9	32	36	41	28	5	16	9	8	7	27	43	1	25	8	32	5	39	100	29	25	5	54	17	18	68	5	84	56	5	53	5	18	34	0	17	4	2	6	37	35	5	59	2	34	4	2	23	75	9	2	10	17	14	2	33	42	4	30	2	7	46	42	27	4	32	45	127	3	16	4	14	9	NA	19	23	16
132	12	4	28	64	50	22	63	3	5	18	4	7	17	12	33	8	27	25	39	21	43	25	4	7	37	34	32	27	4	10	7	7	7	32	40	1	20	6	26	5	31	62	27	28	3	44	13	19	57	5	57	47	3	28	3	13	30	NA	16	3	3	6	34	29	4	62	1	32	3	1	17	37	5	1	6	17	10	1	25	40	4	24	1	4	52	38	20	3	35	70	76	3	13	3	15	7	NA	20	21	26
133	10	5	25	24	38	21	61	2	3	14	5	5	5	7	28	6	13	16	27	14	46	20	4	6	31	29	26	15	3	6	7	6	7	25	22	0	33	2	25	5	18	59	28	28	3	58	9	17	34	5	38	57	3	25	3	5	28	NA	20	3	3	3	21	8	7	58	1	49	4	1	22	37	3	2	7	17	9	1	22	22	1	12	1	4	48	35	18	2	33	25	54	2	6	3	11	4	NA	8	14	16
134	2	5	23	31	22	12	61	2	3	13	5	2	6	7	15	6	11	15	31	12	35	9	4	6	33	20	14	11	3	6	4	5	3	23	9	NA	24	1	9	5	11	48	26	29	3	42	7	6	33	5	28	61	4	15	2	6	20	NA	14	1	3	3	19	5	3	64	2	31	3	1	20	45	1	2	7	18	8	1	15	17	1	12	1	5	58	30	17	2	25	24	45	0	5	2	10	4	NA	5	11	15
135	2	4	24	56	30	12	40	2	1	11	4	2	4	6	11	2	10	21	24	9	23	9	4	3	37	19	6	8	3	4	4	6	2	10	9	NA	31	1	7	2	6	39	27	27	3	29	7	5	21	3	57	51	3	10	1	5	22	NA	13	1	4	2	9	4	3	53	2	35	2	1	20	30	1	2	7	7	6	1	13	17	1	5	1	3	37	17	10	2	23	13	43	NA	3	0	7	6	NA	4	8	15
136	1	4	26	44	35	14	40	1	1	11	2	2	3	4	23	1	6	25	18	6	19	8	3	3	39	13	4	4	1	3	4	3	2	9	6	NA	40	1	5	1	5	51	17	12	0	29	5	5	20	2	56	44	3	7	1	6	13	NA	10	1	6	2	5	4	4	45	3	32	1	0	20	36	1	2	5	8	3	0	18	18	1	5	1	3	38	18	5	1	20	12	37	NA	1	NA	8	4	NA	4	4	13
137	1	3	25	32	33	8	34	1	1	10	1	2	2	3	17	1	6	22	31	7	18	5	2	3	21	13	5	11	1	2	3	5	1	7	7	NA	37	0	5	0	6	77	10	10	NA	21	6	3	18	2	54	42	2	3	0	8	8	NA	7	1	4	2	3	4	3	40	1	28	2	NA	10	19	0	2	5	7	2	NA	21	17	0	4	1	3	39	13	6	1	18	9	28	NA	1	NA	6	4	NA	3	6	10
138	1	1	24	25	14	8	20	0	1	11	1	1	1	1	13	1	6	13	26	4	23	4	1	1	17	22	6	11	1	2	3	5	1	7	7	NA	30	NA	6	NA	7	46	9	3	NA	16	7	2	17	1	28	34	0	2	NA	7	6	NA	4	0	4	1	3	3	3	31	1	8	3	NA	9	12	NA	2	5	5	1	NA	13	12	NA	4	0	3	43	13	4	1	15	15	28	NA	1	NA	6	4	NA	4	6	10
139	1	0	16	18	9	8	18	NA	1	10	0	1	1	2	10	0	6	12	25	3	20	3	1	1	6	17	6	8	1	2	1	2	1	4	6	NA	26	NA	6	NA	8	65	9	4	NA	16	8	2	11	1	27	59	NA	3	NA	6	3	NA	3	NA	4	1	3	3	4	40	2	7	3	NA	6	10	NA	2	4	2	1	NA	12	7	NA	2	NA	2	16	8	2	1	13	22	23	NA	1	NA	5	3	NA	5	5	6
140	1	NA	10	11	7	6	13	NA	0	6	NA	1	1	2	12	NA	7	9	23	5	24	3	1	1	5	14	6	3	1	1	1	2	1	4	7	NA	24	NA	5	NA	5	45	10	4	NA	10	6	1	17	0	20	49	NA	3	NA	6	4	NA	3	NA	1	1	1	3	1	31	2	7	3	NA	5	7	NA	1	2	2	1	NA	12	7	NA	2	NA	1	8	4	2	1	10	17	16	NA	0	NA	3	2	NA	6	5	3
141	1	NA	12	6	4	6	13	NA	NA	4	NA	1	1	2	13	NA	3	8	19	3	15	3	1	1	4	6	3	3	0	1	1	2	1	4	4	NA	12	NA	4	NA	5	11	8	1	NA	15	3	1	17	NA	11	41	NA	3	NA	2	2	NA	2	NA	1	0	1	1	1	31	2	6	3	NA	6	6	NA	1	1	1	2	NA	5	14	NA	1	NA	0	10	3	2	0	9	14	11	NA	NA	NA	1	2	NA	6	2	3
142	1	NA	20	1	2	5	17	NA	NA	4	NA	0	1	1	9	NA	2	7	11	2	15	2	1	1	2	5	3	3	NA	0	1	3	0	4	4	NA	13	NA	3	NA	2	19	7	1	NA	11	4	1	22	NA	12	39	NA	1	NA	1	2	NA	2	NA	0	NA	0	1	1	30	1	6	1	NA	3	5	NA	1	1	1	1	NA	6	9	NA	1	NA	NA	18	3	2	NA	4	13	8	NA	NA	NA	1	1	NA	1	2	2
143	0	NA	13	1	1	5	16	NA	NA	2	NA	NA	0	1	6	NA	2	5	10	2	4	2	1	1	2	4	1	3	NA	NA	1	3	NA	3	3	NA	13	NA	1	NA	1	19	3	1	NA	11	3	1	13	NA	10	31	NA	1	NA	0	2	NA	1	NA	NA	NA	NA	1	1	25	1	5	1	NA	3	1	NA	1	1	2	1	NA	5	13	NA	1	NA	NA	15	3	2	NA	2	11	5	NA	NA	NA	0	2	NA	1	1	1
144	NA	NA	15	1	1	4	14	NA	NA	1	NA	NA	NA	1	5	NA	2	3	6	3	4	0	0	1	2	3	2	4	NA	NA	0	4	NA	3	3	NA	12	NA	2	NA	1	7	4	1	NA	8	3	1	16	NA	10	28	NA	1	NA	NA	2	NA	1	NA	NA	NA	NA	0	1	10	0	3	1	NA	3	1	NA	1	1	1	1	NA	5	11	NA	0	NA	NA	9	6	1	NA	2	7	4	NA	NA	NA	NA	2	NA	1	1	1
145	NA	NA	13	0	1	1	16	NA	NA	1	NA	NA	NA	0	5	NA	1	1	6	3	3	NA	NA	0	2	1	2	3	NA	NA	NA	5	NA	1	2	NA	15	NA	1	NA	1	4	3	0	NA	10	2	0	17	NA	4	20	NA	0	NA	NA	2	NA	1	NA	NA	NA	NA	NA	1	8	NA	3	1	NA	2	1	NA	1	1	1	1	NA	4	8	NA	NA	NA	NA	5	6	0	NA	1	4	3	NA	NA	NA	NA	2	NA	1	1	1
146	NA	NA	9	NA	1	1	23	NA	NA	1	NA	NA	NA	NA	5	NA	1	1	2	3	3	NA	NA	NA	2	1	2	1	NA	NA	NA	4	NA	0	2	NA	7	NA	2	NA	0	4	2	NA	NA	5	2	NA	23	NA	4	16	NA	NA	NA	NA	2	NA	0	NA	NA	NA	NA	NA	0	10	NA	4	0	NA	2	0	NA	1	0	1	0	NA	3	8	NA	NA	NA	NA	5	7	NA	NA	2	4	2	NA	NA	NA	NA	2	NA	1	0	1
147	NA	NA	5	NA	1	1	20	NA	NA	0	NA	NA	NA	NA	2	NA	1	1	2	2	2	NA	NA	NA	2	1	3	1	NA	NA	NA	5	NA	NA	1	NA	7	NA	1	NA	NA	4	2	NA	NA	7	1	NA	17	NA	4	10	NA	NA	NA	NA	1	NA	NA	NA	NA	NA	NA	NA	NA	10	NA	3	NA	NA	2	NA	NA	0	NA	2	NA	NA	2	6	NA	NA	NA	NA	3	8	NA	NA	1	3	2	NA	NA	NA	NA	1	NA	1	NA	0
148	NA	NA	3	NA	1	1	20	NA	NA	NA	NA	NA	NA	NA	2	NA	2	1	1	0	2	NA	NA	NA	1	1	1	1	NA	NA	NA	3	NA	NA	1	NA	4	NA	2	NA	NA	4	1	NA	NA	7	1	NA	10	NA	3	7	NA	NA	NA	NA	0	NA	NA	NA	NA	NA	NA	NA	NA	9	NA	2	NA	NA	2	NA	NA	NA	NA	1	NA	NA	1	5	NA	NA	NA	NA	1	7	NA	NA	1	4	2	NA	NA	NA	NA	2	NA	0	NA	NA
149	NA	NA	3	NA	0	1	19	NA	NA	NA	NA	NA	NA	NA	1	NA	2	1	1	NA	1	NA	NA	NA	0	0	1	1	NA	NA	NA	2	NA	NA	0	NA	3	NA	3	NA	NA	4	1	NA	NA	7	0	NA	4	NA	3	4	NA	NA	NA	NA	NA	NA	NA	NA	NA	NA	NA	NA	NA	7	NA	3	NA	NA	1	NA	NA	NA	NA	1	NA	NA	0	5	NA	NA	NA	NA	1	7	NA	NA	1	3	1	NA	NA	NA	NA	2	NA	NA	NA	NA
150	NA	NA	0	NA	NA	0	12	NA	NA	NA	NA	NA	NA	NA	0	NA	2	1	0	NA	1	NA	NA	NA	NA	NA	1	0	NA	NA	NA	6	NA	NA	NA	NA	3	NA	3	NA	NA	4	1	NA	NA	4	NA	NA	2	NA	3	3	NA	NA	NA	NA	NA	NA	NA	NA	NA	NA	NA	NA	NA	6	NA	1	NA	NA	1	NA	NA	NA	NA	1	NA	NA	NA	4	NA	NA	NA	NA	1	5	NA	NA	1	3	1	NA	NA	NA	NA	2	NA	NA	NA	NA
151	NA	NA	NA	NA	NA	NA	9	NA	NA	NA	NA	NA	NA	NA	NA	NA	3	0	NA	NA	1	NA	NA	NA	NA	NA	1	NA	NA	NA	NA	4	NA	NA	NA	NA	3	NA	4	NA	NA	3	1	NA	NA	3	NA	NA	1	NA	1	3	NA	NA	NA	NA	NA	NA	NA	NA	NA	NA	NA	NA	NA	3	NA	1	NA	NA	1	NA	NA	NA	NA	1	NA	NA	NA	4	NA	NA	NA	NA	1	1	NA	NA	2	3	0	NA	NA	NA	NA	2	NA	NA	NA	NA
152	NA	NA	NA	NA	NA	NA	5	NA	NA	NA	NA	NA	NA	NA	NA	NA	3	NA	NA	NA	0	NA	NA	NA	NA	NA	1	NA	NA	NA	NA	4	NA	NA	NA	NA	2	NA	3	NA	NA	2	1	NA	NA	4	NA	NA	1	NA	1	4	NA	NA	NA	NA	NA	NA	NA	NA	NA	NA	NA	NA	NA	2	NA	1	NA	NA	1	NA	NA	NA	NA	0	NA	NA	NA	1	NA	NA	NA	NA	1	1	NA	NA	2	1	NA	NA	NA	NA	NA	1	NA	NA	NA	NA
153	NA	NA	NA	NA	NA	NA	5	NA	NA	NA	NA	NA	NA	NA	NA	NA	3	NA	NA	NA	NA	NA	NA	NA	NA	NA	0	NA	NA	NA	NA	2	NA	NA	NA	NA	2	NA	2	NA	NA	2	0	NA	NA	2	NA	NA	0	NA	1	3	NA	NA	NA	NA	NA	NA	NA	NA	NA	NA	NA	NA	NA	1	NA	1	NA	NA	1	NA	NA	NA	NA	NA	NA	NA	NA	1	NA	NA	NA	NA	0	1	NA	NA	1	0	NA	NA	NA	NA	NA	1	NA	NA	NA	NA
154	NA	NA	NA	NA	NA	NA	5	NA	NA	NA	NA	NA	NA	NA	NA	NA	0	NA	NA	NA	NA	NA	NA	NA	NA	NA	NA	NA	NA	NA	NA	2	NA	NA	NA	NA	1	NA	2	NA	NA	2	NA	NA	NA	2	NA	NA	NA	NA	1	3	NA	NA	NA	NA	NA	NA	NA	NA	NA	NA	NA	NA	NA	1	NA	0	NA	NA	1	NA	NA	NA	NA	NA	NA	NA	NA	1	NA	NA	NA	NA	NA	1	NA	NA	1	NA	NA	NA	NA	NA	NA	0	NA	NA	NA	NA
155	NA	NA	NA	NA	NA	NA	4	NA	NA	NA	NA	NA	NA	NA	NA	NA	NA	NA	NA	NA	NA	NA	NA	NA	NA	NA	NA	NA	NA	NA	NA	1	NA	NA	NA	NA	1	NA	2	NA	NA	1	NA	NA	NA	1	NA	NA	NA	NA	0	2	NA	NA	NA	NA	NA	NA	NA	NA	NA	NA	NA	NA	NA	1	NA	NA	NA	NA	0	NA	NA	NA	NA	NA	NA	NA	NA	0	NA	NA	NA	NA	NA	0	NA	NA	1	NA	NA	NA	NA	NA	NA	NA	NA	NA	NA	NA
156	NA	NA	NA	NA	NA	NA	3	NA	NA	NA	NA	NA	NA	NA	NA	NA	NA	NA	NA	NA	NA	NA	NA	NA	NA	NA	NA	NA	NA	NA	NA	3	NA	NA	NA	NA	1	NA	2	NA	NA	1	NA	NA	NA	1	NA	NA	NA	NA	NA	1	NA	NA	NA	NA	NA	NA	NA	NA	NA	NA	NA	NA	NA	0	NA	NA	NA	NA	NA	NA	NA	NA	NA	NA	NA	NA	NA	NA	NA	NA	NA	NA	NA	NA	NA	NA	0	NA	NA	NA	NA	NA	NA	NA	NA	NA	NA	NA
157	NA	NA	NA	NA	NA	NA	3	NA	NA	NA	NA	NA	NA	NA	NA	NA	NA	NA	NA	NA	NA	NA	NA	NA	NA	NA	NA	NA	NA	NA	NA	4	NA	NA	NA	NA	1	NA	1	NA	NA	1	NA	NA	NA	1	NA	NA	NA	NA	NA	1	NA	NA	NA	NA	NA	NA	NA	NA	NA	NA	NA	NA	NA	NA	NA	NA	NA	NA	NA	NA	NA	NA	NA	NA	NA	NA	NA	NA	NA	NA	NA	NA	NA	NA	NA	NA	NA	NA	NA	NA	NA	NA	NA	NA	NA	NA	NA	NA
158	NA	NA	NA	NA	NA	NA	2	NA	NA	NA	NA	NA	NA	NA	NA	NA	NA	NA	NA	NA	NA	NA	NA	NA	NA	NA	NA	NA	NA	NA	NA	4	NA	NA	NA	NA	1	NA	1	NA	NA	1	NA	NA	NA	1	NA	NA	NA	NA	NA	0	NA	NA	NA	NA	NA	NA	NA	NA	NA	NA	NA	NA	NA	NA	NA	NA	NA	NA	NA	NA	NA	NA	NA	NA	NA	NA	NA	NA	NA	NA	NA	NA	NA	NA	NA	NA	NA	NA	NA	NA	NA	NA	NA	NA	NA	NA	NA	NA
159	NA	NA	NA	NA	NA	NA	1	NA	NA	NA	NA	NA	NA	NA	NA	NA	NA	NA	NA	NA	NA	NA	NA	NA	NA	NA	NA	NA	NA	NA	NA	4	NA	NA	NA	NA	1	NA	0	NA	NA	1	NA	NA	NA	0	NA	NA	NA	NA	NA	NA	NA	NA	NA	NA	NA	NA	NA	NA	NA	NA	NA	NA	NA	NA	NA	NA	NA	NA	NA	NA	NA	NA	NA	NA	NA	NA	NA	NA	NA	NA	NA	NA	NA	NA	NA	NA	NA	NA	NA	NA	NA	NA	NA	NA	NA	NA	NA	NA
160	NA	NA	NA	NA	NA	NA	0	NA	NA	NA	NA	NA	NA	NA	NA	NA	NA	NA	NA	NA	NA	NA	NA	NA	NA	NA	NA	NA	NA	NA	NA	2	NA	NA	NA	NA	2	NA	NA	NA	NA	1	NA	NA	NA	NA	NA	NA	NA	NA	NA	NA	NA	NA	NA	NA	NA	NA	NA	NA	NA	NA	NA	NA	NA	NA	NA	NA	NA	NA	NA	NA	NA	NA	NA	NA	NA	NA	NA	NA	NA	NA	NA	NA	NA	NA	NA	NA	NA	NA	NA	NA	NA	NA	NA	NA	NA	NA	NA	NA
161	NA	NA	NA	NA	NA	NA	NA	NA	NA	NA	NA	NA	NA	NA	NA	NA	NA	NA	NA	NA	NA	NA	NA	NA	NA	NA	NA	NA	NA	NA	NA	2	NA	NA	NA	NA	3	NA	NA	NA	NA	0	NA	NA	NA	NA	NA	NA	NA	NA	NA	NA	NA	NA	NA	NA	NA	NA	NA	NA	NA	NA	NA	NA	NA	NA	NA	NA	NA	NA	NA	NA	NA	NA	NA	NA	NA	NA	NA	NA	NA	NA	NA	NA	NA	NA	NA	NA	NA	NA	NA	NA	NA	NA	NA	NA	NA	NA	NA	NA
162	NA	NA	NA	NA	NA	NA	NA	NA	NA	NA	NA	NA	NA	NA	NA	NA	NA	NA	NA	NA	NA	NA	NA	NA	NA	NA	NA	NA	NA	NA	NA	2	NA	NA	NA	NA	3	NA	NA	NA	NA	NA	NA	NA	NA	NA	NA	NA	NA	NA	NA	NA	NA	NA	NA	NA	NA	NA	NA	NA	NA	NA	NA	NA	NA	NA	NA	NA	NA	NA	NA	NA	NA	NA	NA	NA	NA	NA	NA	NA	NA	NA	NA	NA	NA	NA	NA	NA	NA	NA	NA	NA	NA	NA	NA	NA	NA	NA	NA	NA
163	NA	NA	NA	NA	NA	NA	NA	NA	NA	NA	NA	NA	NA	NA	NA	NA	NA	NA	NA	NA	NA	NA	NA	NA	NA	NA	NA	NA	NA	NA	NA	2	NA	NA	NA	NA	5	NA	NA	NA	NA	NA	NA	NA	NA	NA	NA	NA	NA	NA	NA	NA	NA	NA	NA	NA	NA	NA	NA	NA	NA	NA	NA	NA	NA	NA	NA	NA	NA	NA	NA	NA	NA	NA	NA	NA	NA	NA	NA	NA	NA	NA	NA	NA	NA	NA	NA	NA	NA	NA	NA	NA	NA	NA	NA	NA	NA	NA	NA	NA
164	NA	NA	NA	NA	NA	NA	NA	NA	NA	NA	NA	NA	NA	NA	NA	NA	NA	NA	NA	NA	NA	NA	NA	NA	NA	NA	NA	NA	NA	NA	NA	1	NA	NA	NA	NA	3	NA	NA	NA	NA	NA	NA	NA	NA	NA	NA	NA	NA	NA	NA	NA	NA	NA	NA	NA	NA	NA	NA	NA	NA	NA	NA	NA	NA	NA	NA	NA	NA	NA	NA	NA	NA	NA	NA	NA	NA	NA	NA	NA	NA	NA	NA	NA	NA	NA	NA	NA	NA	NA	NA	NA	NA	NA	NA	NA	NA	NA	NA	NA
165	NA	NA	NA	NA	NA	NA	NA	NA	NA	NA	NA	NA	NA	NA	NA	NA	NA	NA	NA	NA	NA	NA	NA	NA	NA	NA	NA	NA	NA	NA	NA	0	NA	NA	NA	NA	4	NA	NA	NA	NA	NA	NA	NA	NA	NA	NA	NA	NA	NA	NA	NA	NA	NA	NA	NA	NA	NA	NA	NA	NA	NA	NA	NA	NA	NA	NA	NA	NA	NA	NA	NA	NA	NA	NA	NA	NA	NA	NA	NA	NA	NA	NA	NA	NA	NA	NA	NA	NA	NA	NA	NA	NA	NA	NA	NA	NA	NA	NA	NA
166	NA	NA	NA	NA	NA	NA	NA	NA	NA	NA	NA	NA	NA	NA	NA	NA	NA	NA	NA	NA	NA	NA	NA	NA	NA	NA	NA	NA	NA	NA	NA	NA	NA	NA	NA	NA	4	NA	NA	NA	NA	NA	NA	NA	NA	NA	NA	NA	NA	NA	NA	NA	NA	NA	NA	NA	NA	NA	NA	NA	NA	NA	NA	NA	NA	NA	NA	NA	NA	NA	NA	NA	NA	NA	NA	NA	NA	NA	NA	NA	NA	NA	NA	NA	NA	NA	NA	NA	NA	NA	NA	NA	NA	NA	NA	NA	NA	NA	NA	NA
167	NA	NA	NA	NA	NA	NA	NA	NA	NA	NA	NA	NA	NA	NA	NA	NA	NA	NA	NA	NA	NA	NA	NA	NA	NA	NA	NA	NA	NA	NA	NA	NA	NA	NA	NA	NA	4	NA	NA	NA	NA	NA	NA	NA	NA	NA	NA	NA	NA	NA	NA	NA	NA	NA	NA	NA	NA	NA	NA	NA	NA	NA	NA	NA	NA	NA	NA	NA	NA	NA	NA	NA	NA	NA	NA	NA	NA	NA	NA	NA	NA	NA	NA	NA	NA	NA	NA	NA	NA	NA	NA	NA	NA	NA	NA	NA	NA	NA	NA	NA
168	NA	NA	NA	NA	NA	NA	NA	NA	NA	NA	NA	NA	NA	NA	NA	NA	NA	NA	NA	NA	NA	NA	NA	NA	NA	NA	NA	NA	NA	NA	NA	NA	NA	NA	NA	NA	2	NA	NA	NA	NA	NA	NA	NA	NA	NA	NA	NA	NA	NA	NA	NA	NA	NA	NA	NA	NA	NA	NA	NA	NA	NA	NA	NA	NA	NA	NA	NA	NA	NA	NA	NA	NA	NA	NA	NA	NA	NA	NA	NA	NA	NA	NA	NA	NA	NA	NA	NA	NA	NA	NA	NA	NA	NA	NA	NA	NA	NA	NA	NA
169	NA	NA	NA	NA	NA	NA	NA	NA	NA	NA	NA	NA	NA	NA	NA	NA	NA	NA	NA	NA	NA	NA	NA	NA	NA	NA	NA	NA	NA	NA	NA	NA	NA	NA	NA	NA	2	NA	NA	NA	NA	NA	NA	NA	NA	NA	NA	NA	NA	NA	NA	NA	NA	NA	NA	NA	NA	NA	NA	NA	NA	NA	NA	NA	NA	NA	NA	NA	NA	NA	NA	NA	NA	NA	NA	NA	NA	NA	NA	NA	NA	NA	NA	NA	NA	NA	NA	NA	NA	NA	NA	NA	NA	NA	NA	NA	NA	NA	NA	NA
170	NA	NA	NA	NA	NA	NA	NA	NA	NA	NA	NA	NA	NA	NA	NA	NA	NA	NA	NA	NA	NA	NA	NA	NA	NA	NA	NA	NA	NA	NA	NA	NA	NA	NA	NA	NA	1	NA	NA	NA	NA	NA	NA	NA	NA	NA	NA	NA	NA	NA	NA	NA	NA	NA	NA	NA	NA	NA	NA	NA	NA	NA	NA	NA	NA	NA	NA	NA	NA	NA	NA	NA	NA	NA	NA	NA	NA	NA	NA	NA	NA	NA	NA	NA	NA	NA	NA	NA	NA	NA	NA	NA	NA	NA	NA	NA	NA	NA	NA	NA
171	NA	NA	NA	NA	NA	NA	NA	NA	NA	NA	NA	NA	NA	NA	NA	NA	NA	NA	NA	NA	NA	NA	NA	NA	NA	NA	NA	NA	NA	NA	NA	NA	NA	NA	NA	NA	2	NA	NA	NA	NA	NA	NA	NA	NA	NA	NA	NA	NA	NA	NA	NA	NA	NA	NA	NA	NA	NA	NA	NA	NA	NA	NA	NA	NA	NA	NA	NA	NA	NA	NA	NA	NA	NA	NA	NA	NA	NA	NA	NA	NA	NA	NA	NA	NA	NA	NA	NA	NA	NA	NA	NA	NA	NA	NA	NA	NA	NA	NA	NA
172	NA	NA	NA	NA	NA	NA	NA	NA	NA	NA	NA	NA	NA	NA	NA	NA	NA	NA	NA	NA	NA	NA	NA	NA	NA	NA	NA	NA	NA	NA	NA	NA	NA	NA	NA	NA	2	NA	NA	NA	NA	NA	NA	NA	NA	NA	NA	NA	NA	NA	NA	NA	NA	NA	NA	NA	NA	NA	NA	NA	NA	NA	NA	NA	NA	NA	NA	NA	NA	NA	NA	NA	NA	NA	NA	NA	NA	NA	NA	NA	NA	NA	NA	NA	NA	NA	NA	NA	NA	NA	NA	NA	NA	NA	NA	NA	NA	NA	NA	NA
173	NA	NA	NA	NA	NA	NA	NA	NA	NA	NA	NA	NA	NA	NA	NA	NA	NA	NA	NA	NA	NA	NA	NA	NA	NA	NA	NA	NA	NA	NA	NA	NA	NA	NA	NA	NA	2	NA	NA	NA	NA	NA	NA	NA	NA	NA	NA	NA	NA	NA	NA	NA	NA	NA	NA	NA	NA	NA	NA	NA	NA	NA	NA	NA	NA	NA	NA	NA	NA	NA	NA	NA	NA	NA	NA	NA	NA	NA	NA	NA	NA	NA	NA	NA	NA	NA	NA	NA	NA	NA	NA	NA	NA	NA	NA	NA	NA	NA	NA	NA
174	NA	NA	NA	NA	NA	NA	NA	NA	NA	NA	NA	NA	NA	NA	NA	NA	NA	NA	NA	NA	NA	NA	NA	NA	NA	NA	NA	NA	NA	NA	NA	NA	NA	NA	NA	NA	2	NA	NA	NA	NA	NA	NA	NA	NA	NA	NA	NA	NA	NA	NA	NA	NA	NA	NA	NA	NA	NA	NA	NA	NA	NA	NA	NA	NA	NA	NA	NA	NA	NA	NA	NA	NA	NA	NA	NA	NA	NA	NA	NA	NA	NA	NA	NA	NA	NA	NA	NA	NA	NA	NA	NA	NA	NA	NA	NA	NA	NA	NA	NA
175	NA	NA	NA	NA	NA	NA	NA	NA	NA	NA	NA	NA	NA	NA	NA	NA	NA	NA	NA	NA	NA	NA	NA	NA	NA	NA	NA	NA	NA	NA	NA	NA	NA	NA	NA	NA	0	NA	NA	NA	NA	NA	NA	NA	NA	NA	NA	NA	NA	NA	NA	NA	NA	NA	NA	NA	NA	NA	NA	NA	NA	NA	NA	NA	NA	NA	NA	NA	NA	NA	NA	NA	NA	NA	NA	NA	NA	NA	NA	NA	NA	NA	NA	NA	NA	NA	NA	NA	NA	NA	NA	NA	NA	NA	NA	NA	NA	NA	NA	NA
