0	4	4	3	3	3	3	3	4	2	4	3	4	3	4	4	4	3	3	4	3	2	2	1	2	3	3	4	4	3	4	2	4	2	4	2	4	2	2	3	3	4	3	3	2	2	3	3	3	2	3	3	3	4	2	3	4	3	4	3	4	2	2	4	4	2	1	2	5	4	3	3	2	2	4	5	3	1	4	3	1	4	3	3	5	3	3	3	3	3	4	3	3	3	3	3	3	2	1	3	3
5	41	39	28	27	41	39	32	49	21	45	39	40	36	34	17	47	37	15	48	41	30	25	22	12	32	44	44	24	30	36	28	31	17	35	20	36	19	26	9	37	32	44	26	44	27	62	55	51	35	30	25	33	45	32	43	50	39	37	29	52	31	18	23	37	36	31	32	25	60	40	45	40	38	36	31	27	5	46	44	21	25	36	32	33	12	27	32	35	35	86	24	45	24	32	29	48	34	13	39	13
10	35	48	64	112	43	49	57	103	73	37	72	90	62	71	90	45	43	43	40	96	66	53	54	29	98	112	92	68	46	97	38	47	71	31	72	26	18	54	15	43	51	94	88	133	95	100	96	82	41	85	41	88	37	39	102	90	41	42	109	93	27	100	45	75	89	49	95	37	43	54	84	104	74	58	47	67	30	59	88	80	121	135	91	36	89	124	87	119	53	63	71	54	100	90	49	78	68	44	74	69
15	133	79	96	82	138	182	109	171	60	78	71	84	133	68	61	123	156	115	61	73	122	80	140	60	57	174	102	102	66	95	143	74	51	124	87	78	53	62	144	71	48	38	72	144	107	136	48	112	155	161	55	106	67	62	99	168	111	90	153	121	73	47	144	242	134	64	130	87	85	66	78	173	70	109	66	90	84	68	68	118	186	74	67	46	64	87	94	68	37	87	158	88	95	73	146	79	173	118	156	129
20	82	94	83	120	125	147	113	90	92	165	107	125	131	92	86	114	120	140	104	99	166	158	76	106	69	114	103	121	187	153	66	78	174	136	194	113	65	106	89	84	100	110	61	104	96	75	83	108	57	147	133	131	159	109	133	130	108	230	109	219	130	134	77	83	164	49	75	120	220	120	124	138	119	119	113	139	86	41	72	102	84	123	136	67	207	119	120	131	102	188	78	126	96	118	129	118	88	129	161	89
25	224	133	171	141	176	159	176	138	83	162	118	153	103	209	106	146	180	63	90	124	87	78	150	91	130	153	183	108	264	379	121	192	127	146	179	164	91	131	138	199	90	183	91	114	149	117	149	145	253	172	205	169	139	204	128	107	131	131	133	102	135	143	132	150	146	115	160	87	214	160	226	133	98	156	163	167	101	113	134	134	123	111	144	169	192	98	205	150	176	153	101	121	204	101	100	104	171	275	235	180
30	207	130	157	245	116	220	257	213	221	115	130	178	116	206	134	262	122	222	183	303	143	299	202	156	162	204	161	208	163	260	171	288	148	112	235	349	101	234	122	191	122	183	202	124	366	191	139	200	141	209	190	182	114	168	166	285	184	273	186	131	348	117	142	186	179	173	222	160	312	329	204	167	145	276	235	184	126	151	211	121	179	147	170	138	306	134	238	165	214	256	289	196	264	222	237	283	151	239	263	163
35	156	219	182	263	353	286	368	211	126	226	265	229	199	337	210	431	122	154	160	238	167	214	210	221	227	262	349	279	198	439	168	225	236	202	254	374	203	218	234	256	127	228	120	270	293	243	251	333	197	388	170	192	246	211	379	617	248	817	269	234	155	195	271	256	245	168	235	160	328	263	359	338	183	228	273	285	130	207	234	202	252	237	250	193	508	162	309	185	264	311	161	217	494	345	301	298	189	365	284	147
40	410	391	251	192	357	367	665	355	236	399	328	321	384	408	213	654	170	216	210	560	236	324	255	207	730	820	276	819	246	2587	218	886	329	667	586	875	252	543	208	581	314	370	174	274	633	403	335	394	356	476	931	376	430	231	317	371	311	791	288	305	517	163	260	638	362	325	418	334	587	301	1364	209	296	361	1329	308	191	288	332	629	228	400	346	192	585	286	762	528	343	908	475	615	1036	447	433	382	465	449	443	233
45	2709	2679	1067	402	754	1362	3390	917	383	589	398	628	702	807	305	1598	244	501	409	4352	338	610	994	599	1285	627	557	3711	517	14116	926	5369	329	1302	7373	2296	624	749	374	2049	808	616	377	927	5160	2176	574	583	1192	2213	955	409	771	496	1078	2097	647	4042	510	496	367	570	1271	2793	851	744	799	1762	890	1116	4667	477	354	1362	1406	1280	246	695	1849	517	485	1266	786	699	1152	618	1549	1357	1835	2641	827	1939	4395	439	692	715	1673	1689	973	357
50	3614	3734	2411	883	5692	10663	19321	5869	562	1434	1303	1731	2776	3355	1150	16122	451	1061	2411	5843	374	5101	1329	2303	2235	6707	1498	5109	2508	4923	682	9391	762	8719	10925	11292	1138	9111	1612	6022	1530	2079	683	1235	8487	5790	2122	1648	3347	17481	7199	8332	6896	846	8921	6407	4279	17914	2241	1190	699	1319	1565	3256	8773	960	1401	6528	2456	6329	7107	6162	842	4397	3937	5179	375	663	6190	6833	2126	1257	1997	2545	12152	1099	14306	17019	3151	12388	1723	7698	5596	1411	4111	6469	8203	5317	5681	1984
55	14446	9424	5697	5587	12574	13360	2154	13983	9330	7644	8770	3162	17010	14093	10391	2123	1184	1518	12305	1335	1605	9211	12774	3582	8146	7661	9866	3484	4501	397	4142	6702	4965	4083	2604	1902	6156	11490	9222	12509	7775	3998	2494	5494	3405	10883	5545	8085	6198	1945	14366	9516	7471	5102	9462	2488	10566	2096	6671	1823	1890	10491	17501	4322	4330	7178	16492	13310	2698	14735	1352	9371	5858	14170	5314	16728	879	6549	7015	14505	14210	11759	16697	2198	1453	4886	5045	9348	3542	1412	8090	7056	2157	13204	5255	13183	4312	2880	8471	10446
60	2316	1390	2043	10120	1654	705	273	1281	16459	1636	3643	7254	2194	1059	5401	378	7938	13814	4793	229	7582	4130	6055	4045	5857	3047	1648	996	2012	123	4092	502	11579	645	365	323	11157	1394	13576	1620	10904	12209	9731	7236	383	296	2830	4218	1377	305	879	1728	1187	11054	641	949	518	278	3591	13859	9628	4248	4383	711	1768	3814	2562	2547	562	1651	259	10744	11364	1563	574	949	8906	12203	1306	2559	6333	1271	2692	8157	394	3971	862	651	2667	264	4102	612	270	2490	2890	3316	351	444	845	8448
65	414	170	318	1630	342	254	147	519	879	343	481	849	500	277	1167	163	4392	1469	405	76	4556	348	713	281	286	321	392	127	439	34	1036	155	2308	168	191	74	508	333	1038	615	1174	719	3163	1322	135	163	319	521	503	77	197	285	186	2323	264	173	275	117	570	2045	744	1175	482	192	205	1381	358	339	146	449	134	358	1262	241	175	341	9620	896	189	330	534	522	541	1820	171	709	175	128	411	128	528	176	67	417	420	317	169	117	245	555
70	120	30	108	128	87	64	23	198	302	142	317	147	92	88	250	24	883	337	183	2	331	86	160	144	150	82	157	21	180	0	177	12	253	49	69	8	226	131	156	113	205	195	415	196	28	9	86	166	55	6	72	129	51	271	60	74	88	4	86	298	281	129	115	99	79	215	63	74	57	87	26	181	233	96	31	62	887	430	14	165	162	160	110	437	42	219	54	15	129	43	171	95	7	220	109	90	61	10	158	173
75	27	1	24	67	22	3	1	71	79	62	74	17	23	8	29	1	131	76	56	NA	196	13	66	44	13	4	14	1	36	NA	128	1	114	1	6	0	16	9	58	7	84	96	139	50	1	1	4	14	5	0	46	6	3	125	3	11	2	NA	36	116	55	63	46	8	15	58	3	8	1	12	1	20	77	11	2	3	191	48	3	24	29	27	14	79	0	36	2	3	20	1	11	3	0	65	29	3	2	1	14	41
80	3	NA	NA	3	1	1	NA	9	6	3	9	1	1	NA	2	NA	55	9	2	NA	86	0	13	2	1	NA	NA	NA	3	NA	49	NA	15	NA	NA	NA	0	NA	4	0	2	5	20	4	NA	NA	NA	1	NA	NA	3	NA	NA	8	NA	0	NA	NA	1	24	2	1	8	1	0	13	NA	1	NA	1	NA	1	2	NA	NA	NA	55	2	0	1	1	1	1	15	NA	2	NA	NA	0	NA	0	NA	NA	1	2	NA	NA	NA	1	1
85	NA	NA	NA	NA	NA	NA	NA	0	0	NA	0	NA	NA	NA	NA	NA	3	0	NA	NA	7	NA	1	NA	NA	NA	NA	NA	NA	NA	1	NA	NA	NA	NA	NA	NA	NA	NA	NA	NA	NA	0	NA	NA	NA	NA	NA	NA	NA	0	NA	NA	0	NA	NA	NA	NA	NA	8	0	NA	NA	NA	NA	0	NA	NA	NA	NA	NA	NA	NA	NA	NA	NA	4	NA	NA	NA	NA	NA	NA	0	NA	NA	NA	NA	NA	NA	NA	NA	NA	NA	NA	NA	NA	NA	NA	NA
90	NA	NA	NA	NA	NA	NA	NA	NA	NA	NA	NA	NA	NA	NA	NA	NA	NA	NA	NA	NA	0	NA	NA	NA	NA	NA	NA	NA	NA	NA	NA	NA	NA	NA	NA	NA	NA	NA	NA	NA	NA	NA	NA	NA	NA	NA	NA	NA	NA	NA	NA	NA	NA	NA	NA	NA	NA	NA	NA	0	NA	NA	NA	NA	NA	NA	NA	NA	NA	NA	NA	NA	NA	NA	NA	NA	NA	NA	NA	NA	NA	NA	NA	NA	NA	NA	NA	NA	NA	NA	NA	NA	NA	NA	NA	NA	NA	NA	NA	NA
