0	2	3	2	2	5	4	4	2	2	2	5	2	4	4	4	2	4	2	4	3	3	4	2	5	2	3	3	2	3	2	3	2	4	1	3	3	3	4	1	4	3	3	4	3	4	3	3	2	4	3	3	4	3	2	1	1	3	1	5	3	2	4	1	2	2	3	2	3	2	2	3	3	3	3	2	4	2	2	3	5	1	4	1	2	3	1	3	1	4	3	3	3	1	1	3	3	3	3	4	2
1	1	7	5	5	10	6	9	4	4	4	12	4	10	9	9	6	8	5	9	6	8	7	3	9	4	5	5	5	6	4	5	4	9	4	9	8	4	7	2	9	5	8	8	8	8	5	6	5	6	7	4	7	8	5	3	3	8	2	8	6	6	7	5	4	6	4	7	6	7	6	6	7	9	7	5	9	5	2	8	13	3	7	1	7	8	4	8	3	6	7	5	5	3	1	8	3	6	7	9	6
2	5	12	12	10	16	9	18	6	7	6	22	4	16	17	14	14	16	10	15	11	17	11	7	17	8	8	8	8	10	7	10	9	15	8	15	14	6	13	6	16	8	12	14	14	14	8	11	9	11	12	7	9	12	9	5	5	13	4	13	12	12	15	6	6	10	6	12	10	13	13	12	12	12	8	10	15	10	6	14	20	6	14	3	13	14	7	13	7	11	9	10	9	5	2	13	5	10	13	13	11
3	9	16	20	16	25	14	27	8	9	11	33	6	26	25	23	21	25	16	21	19	29	16	10	24	12	10	9	15	17	5	16	11	21	14	21	20	6	21	12	22	15	17	20	23	24	14	15	11	16	18	9	15	16	14	10	10	17	8	17	19	17	26	12	9	18	17	19	19	20	20	17	18	22	11	14	22	15	11	23	33	8	22	7	19	18	14	21	13	15	13	14	10	7	5	19	7	17	20	17	19
4	21	24	25	24	29	22	41	12	11	16	50	11	36	36	28	35	35	24	29	29	46	22	14	32	19	14	16	26	23	10	22	18	24	22	23	29	16	32	19	29	22	19	26	32	33	20	20	14	27	29	13	17	25	17	17	17	22	12	33	27	25	36	17	11	26	22	28	30	31	26	24	24	28	16	22	34	28	17	36	52	13	31	11	26	27	19	31	21	23	21	23	15	11	9	28	10	24	26	23	26
5	30	30	27	33	39	30	54	15	7	11	63	20	43	45	37	52	54	32	41	37	42	27	11	38	20	23	13	36	36	13	32	29	40	26	22	38	24	44	30	39	31	24	36	43	39	25	26	21	37	42	18	14	35	24	10	26	31	8	47	38	37	48	23	15	36	28	33	41	38	36	24	34	36	20	26	45	43	24	46	38	18	40	20	20	30	30	47	31	31	26	35	24	10	14	36	15	36	29	26	33
6	42	41	18	45	46	42	50	26	11	22	70	30	25	53	27	62	64	41	57	32	45	25	19	49	28	22	16	55	53	22	39	45	29	36	21	47	33	52	40	49	38	42	46	50	55	30	21	32	41	53	13	33	31	31	33	39	42	26	56	46	46	58	18	22	46	36	41	56	51	46	46	39	43	22	20	57	47	32	54	43	22	51	29	44	38	39	59	30	42	25	45	30	19	22	43	18	49	30	32	38
7	47	47	26	61	45	53	59	39	29	35	56	35	39	61	38	53	37	46	71	35	58	23	18	26	35	39	40	78	40	39	43	58	35	47	28	54	55	36	51	52	47	49	57	51	59	37	30	37	46	38	16	25	39	32	40	36	41	34	28	64	58	71	49	15	57	51	35	70	60	57	30	26	55	27	16	73	58	35	68	31	33	62	38	38	54	51	36	20	35	29	59	44	27	32	34	24	61	19	27	30
8	58	59	62	77	29	39	47	47	34	26	40	37	52	48	45	48	77	41	82	38	71	48	29	28	40	33	47	67	60	44	42	69	44	29	32	37	64	30	64	39	51	61	66	43	34	39	48	50	62	69	22	22	44	37	34	46	53	30	63	76	39	57	66	38	64	42	43	78	73	75	31	51	59	29	21	82	41	43	28	75	46	46	50	41	31	70	37	42	60	36	70	60	33	39	67	27	51	58	38	39
9	51	46	49	76	38	72	56	44	38	78	48	51	77	85	29	54	38	51	88	27	86	50	17	35	38	21	51	69	33	27	44	72	43	31	31	30	85	32	79	43	69	71	70	83	39	44	22	30	57	83	36	40	65	31	41	40	65	52	78	95	54	69	86	48	80	70	39	86	83	87	41	38	72	36	29	90	54	63	55	93	53	59	64	35	35	79	45	49	61	43	85	76	46	50	44	45	65	52	74	28
10	42	77	72	84	46	86	35	50	70	79	47	64	68	91	58	69	74	61	110	22	93	40	23	43	41	56	72	79	48	29	35	87	59	57	80	37	100	43	85	31	82	90	72	91	61	70	26	64	52	54	49	75	48	38	50	89	48	66	34	70	33	42	105	56	60	84	32	63	60	99	39	43	95	45	22	106	33	79	64	77	66	97	40	29	29	88	38	67	39	57	58	48	32	54	55	61	72	59	83	23
11	69	66	113	67	39	91	59	58	93	51	56	72	62	52	76	61	73	76	116	27	60	35	18	55	58	86	48	51	53	69	103	61	96	50	90	37	119	27	106	56	79	63	58	70	71	40	30	76	100	113	63	65	38	50	52	61	52	48	76	40	32	81	100	68	101	59	17	72	91	105	45	56	83	37	69	46	87	55	100	47	65	127	34	57	63	72	82	74	31	30	41	109	42	65	64	50	51	46	40	32
12	40	40	134	64	25	94	62	110	72	57	72	52	45	78	146	80	46	124	138	37	46	25	50	56	47	106	113	63	44	58	119	51	128	94	88	55	130	29	103	93	73	112	27	80	69	42	82	102	64	127	78	37	32	61	79	95	30	34	92	44	37	106	117	77	97	51	28	126	62	63	57	40	44	41	36	37	49	47	53	97	61	150	51	69	45	64	135	66	41	47	72	110	76	45	45	97	58	38	37	39
13	44	71	134	68	57	115	61	130	132	41	135	45	44	107	88	63	64	63	125	48	33	60	62	71	56	56	136	71	45	79	53	35	110	102	78	64	67	56	72	83	46	58	53	106	96	68	39	116	101	141	90	30	30	81	71	73	31	79	53	61	81	55	70	35	82	67	26	83	66	68	46	27	34	54	59	47	50	120	64	114	47	91	111	82	33	56	81	82	78	43	78	93	97	35	60	104	75	44	42	47
14	49	49	137	135	76	119	79	80	153	45	68	89	50	73	118	121	68	67	87	58	46	71	68	44	106	57	83	83	55	72	60	27	70	120	117	71	85	56	58	93	96	53	58	58	55	51	68	109	82	106	99	54	27	57	63	61	57	105	60	68	91	78	144	65	128	52	18	84	83	48	77	34	85	38	120	48	50	109	52	136	68	62	125	153	64	72	69	70	35	38	28	76	97	35	44	68	60	88	55	117
15	63	90	51	140	76	80	96	82	151	49	61	65	69	108	99	96	40	77	89	71	72	61	109	74	63	64	147	94	68	71	51	34	57	132	149	71	57	147	75	42	169	61	52	124	77	55	75	78	150	63	81	65	26	39	70	99	95	44	65	77	98	48	152	41	155	55	25	121	67	60	117	40	99	79	109	63	63	140	53	161	79	62	138	102	67	59	53	79	48	76	44	56	107	39	65	75	135	91	57	75
16	70	65	65	57	92	63	92	72	77	71	100	59	78	168	72	96	69	72	64	80	77	72	57	88	127	69	68	81	72	60	52	54	74	66	86	83	59	55	51	92	163	65	46	140	76	91	117	92	130	68	84	56	42	46	76	105	69	129	94	90	71	84	92	48	91	64	45	118	130	171	139	71	111	114	121	98	60	91	70	177	107	60	80	90	45	116	52	113	48	139	76	59	101	24	79	90	158	115	74	52
17	48	77	88	56	66	72	170	58	119	156	104	116	105	172	111	109	50	75	62	81	90	62	40	75	155	135	145	63	82	73	81	73	83	80	112	87	67	64	61	102	87	123	61	138	73	73	116	62	56	47	83	75	79	93	94	115	63	113	87	98	93	65	159	51	76	61	47	122	110	183	142	79	126	99	93	109	60	97	158	144	73	68	86	42	60	115	117	106	58	153	75	82	56	47	98	86	193	128	86	57
18	48	74	98	63	119	57	168	82	63	107	54	68	87	123	76	118	96	59	111	96	103	60	78	73	167	139	56	71	123	65	169	71	113	74	94	63	65	117	74	145	98	111	53	209	94	63	91	96	50	107	56	101	46	118	99	78	112	80	84	116	44	114	113	66	84	126	57	73	70	87	151	80	88	149	72	87	67	67	88	147	88	65	89	54	66	188	80	61	65	110	71	66	49	144	64	79	183	98	77	70
19	112	96	88	66	112	41	105	60	56	90	62	51	93	92	68	109	113	53	98	108	84	64	64	69	127	115	91	80	69	62	87	79	80	89	147	74	58	179	64	85	85	119	60	98	146	73	103	77	51	144	80	65	54	73	101	153	51	98	85	107	50	45	115	66	98	90	99	76	76	74	73	89	169	149	110	86	54	66	181	71	93	129	81	66	58	77	63	156	76	94	66	67	49	94	79	99	106	116	195	69
20	90	118	218	75	142	132	128	71	71	63	73	49	79	72	83	93	100	47	95	68	97	91	69	97	125	72	71	83	88	85	74	86	80	93	97	98	82	117	82	52	100	118	116	151	92	72	92	76	54	154	105	103	59	78	67	123	89	77	123	154	95	106	82	91	103	85	75	80	84	81	102	96	64	152	107	73	73	63	90	116	142	135	130	81	49	99	103	83	85	62	122	121	101	83	135	96	189	62	119	64
21	165	184	114	89	120	154	139	82	83	83	74	71	93	172	119	109	103	49	112	109	226	93	74	141	115	90	71	87	71	90	67	53	72	96	94	105	80	92	101	86	81	191	188	124	143	49	70	91	85	117	59	69	66	88	98	172	97	80	78	114	165	87	83	82	78	107	95	59	129	84	114	120	134	136	130	117	104	91	85	86	155	78	34	89	73	96	120	122	194	84	114	131	86	52	103	110	144	66	135	169
22	81	136	86	84	119	149	151	89	103	149	109	116	103	137	139	114	103	49	123	168	183	103	87	109	127	51	145	110	118	56	111	119	83	109	99	84	87	86	128	96	99	112	75	131	121	43	83	113	205	129	99	148	79	94	126	110	127	147	110	202	136	72	86	126	57	156	93	50	116	69	94	169	144	182	89	89	122	104	114	191	146	102	45	106	50	99	130	116	160	107	106	141	74	61	105	178	82	111	82	85
23	199	157	73	150	144	81	93	100	80	133	90	70	122	110	138	251	75	75	103	140	279	120	83	118	114	62	152	88	113	71	166	107	123	88	124	65	110	107	146	124	129	105	105	118	131	49	101	179	81	144	153	210	90	112	114	97	114	148	154	111	67	84	82	75	77	118	51	124	127	103	114	158	87	98	113	135	68	79	65	173	137	121	66	91	97	78	91	159	184	72	79	147	84	63	82	200	73	73	100	94
24	107	166	144	143	101	90	90	101	99	135	123	57	99	104	148	141	93	62	153	157	251	122	70	200	152	66	154	97	111	96	173	65	165	121	93	75	83	74	153	124	164	91	136	84	117	60	120	91	187	171	119	184	93	130	87	172	91	126	229	140	65	111	108	149	123	105	151	140	100	85	160	141	167	114	152	149	121	82	110	154	84	128	83	107	102	127	110	148	192	84	81	137	113	58	81	208	97	67	84	101
25	219	92	150	111	114	103	106	115	113	154	142	77	97	121	147	186	103	130	132	114	158	114	75	96	180	126	134	121	81	72	127	93	161	88	101	157	148	158	140	99	128	108	212	151	103	136	117	156	143	172	100	100	117	105	102	149	94	134	186	110	81	118	103	96	106	145	111	72	95	120	85	117	242	141	177	174	75	89	136	233	104	118	105	93	74	107	124	111	95	188	146	103	99	76	183	181	90	72	126	188
26	190	166	95	122	130	114	128	218	121	244	153	106	136	147	126	179	110	76	203	190	103	89	133	163	182	123	155	127	97	65	151	105	117	84	85	147	204	104	164	81	123	81	152	95	94	150	95	121	157	147	126	75	164	102	102	97	129	114	183	79	82	111	118	161	102	190	95	114	143	167	150	105	280	90	161	106	93	92	129	173	102	84	75	98	64	112	78	124	160	114	162	111	118	88	170	278	79	112	130	131
27	110	103	80	136	104	95	108	167	136	101	147	123	172	134	100	178	127	136	151	168	106	114	272	332	129	165	173	137	101	82	96	158	140	104	163	234	135	161	146	148	191	86	117	93	138	166	98	116	219	169	156	66	139	95	112	125	198	132	128	104	91	192	170	136	102	203	212	100	134	109	92	102	195	91	94	126	113	126	85	230	240	132	82	94	92	99	99	97	86	84	218	97	160	74	142	207	203	94	177	82
28	104	89	102	190	114	185	123	87	112	142	112	94	123	157	112	111	125	203	121	142	117	104	183	275	110	151	186	124	129	72	96	163	144	75	161	323	123	226	125	124	189	109	98	138	153	133	103	115	135	154	149	93	161	99	150	150	129	134	180	137	79	223	147	105	183	124	191	103	81	105	86	90	195	113	131	107	122	87	149	209	278	153	68	81	110	108	151	120	112	75	184	96	176	85	183	160	141	107	144	114
29	129	98	206	215	173	129	150	87	106	189	123	155	144	102	284	148	140	152	108	139	119	112	102	286	178	154	220	139	95	126	100	175	153	82	151	219	153	121	134	111	196	154	153	142	171	133	105	150	262	266	128	86	144	187	118	144	150	98	158	114	128	350	90	73	131	109	96	177	138	115	76	126	114	408	145	150	201	134	93	205	156	122	90	121	106	238	150	145	87	94	172	144	150	91	129	118	380	249	138	131
30	101	144	152	118	148	82	128	68	122	168	171	126	245	155	144	337	148	190	204	86	124	77	136	159	283	163	187	123	140	86	127	189	141	96	286	135	166	110	181	175	161	148	126	137	141	85	89	190	238	354	96	114	171	130	145	197	109	112	180	116	119	256	110	88	251	132	101	140	235	202	73	121	95	247	109	129	229	152	86	257	141	151	112	134	110	101	153	142	153	131	170	172	117	87	171	118	379	125	159	271
31	276	124	112	134	117	156	169	81	140	156	195	109	92	130	237	189	146	88	201	137	196	128	261	177	208	145	165	177	119	81	240	104	146	100	208	167	167	143	215	160	165	109	114	147	154	93	123	90	142	121	108	157	165	131	148	280	112	140	246	113	108	263	121	85	222	175	109	121	266	186	110	146	146	211	110	125	170	174	160	289	162	153	82	87	99	220	154	118	252	156	181	215	146	131	187	113	270	152	225	182
32	230	215	206	137	130	105	179	135	142	187	233	158	147	110	242	253	113	110	295	121	98	101	87	116	245	269	176	209	101	93	153	110	176	107	300	160	183	124	195	107	250	196	116	111	279	128	110	95	144	156	113	151	130	246	175	294	153	149	130	116	100	176	82	104	184	305	131	144	209	256	203	319	137	188	122	150	193	200	154	198	293	201	88	171	101	259	153	128	209	138	203	219	145	110	175	232	138	195	253	132
33	143	95	188	119	148	163	201	165	162	190	262	163	159	169	296	415	134	237	239	145	177	250	145	144	354	234	176	264	111	173	233	157	146	189	201	142	201	137	191	148	267	180	264	185	335	133	133	139	162	122	140	106	133	139	183	409	277	173	171	173	121	150	169	185	281	258	92	120	127	215	104	212	99	138	163	172	333	167	173	295	249	274	95	138	148	255	166	172	167	171	194	129	170	107	178	181	211	173	173	87
34	164	121	190	115	173	168	251	136	131	177	305	166	113	222	192	297	197	262	269	131	281	246	148	123	338	169	273	238	140	131	177	183	136	180	140	118	172	121	186	152	380	198	222	109	208	211	177	191	108	160	99	241	141	173	237	378	162	176	215	219	118	161	121	106	405	331	116	111	161	153	122	226	147	151	171	380	430	223	186	300	202	218	104	117	140	313	181	155	134	140	175	150	206	121	202	223	116	179	194	121
35	182	105	171	137	173	219	334	158	129	163	283	159	107	153	202	220	155	302	348	215	388	149	122	327	201	315	207	401	137	209	302	144	205	197	93	97	178	197	176	335	355	264	247	243	253	133	331	138	110	273	111	154	186	190	204	388	128	150	183	142	122	251	185	105	311	222	118	138	104	429	140	146	188	188	184	420	167	190	300	360	284	266	97	122	280	236	155	198	150	106	208	168	194	275	258	256	146	141	257	151
36	323	124	169	117	120	97	291	167	232	155	191	196	310	145	157	298	198	254	785	199	304	159	120	268	373	579	259	267	163	191	312	221	205	254	176	136	180	267	142	305	329	222	169	260	431	138	182	168	170	229	150	171	258	109	294	241	180	145	145	145	139	227	271	151	252	160	271	101	155	328	215	227	141	194	250	311	140	293	225	279	346	207	148	225	112	213	160	241	122	177	212	203	216	190	180	237	183	255	199	129
37	366	140	257	195	205	140	301	253	253	237	333	160	198	286	198	227	166	160	329	185	431	252	160	196	232	529	377	306	127	209	269	250	207	249	211	178	183	188	148	251	533	352	262	369	276	170	200	228	121	185	139	123	230	122	202	321	267	193	166	145	206	215	116	155	255	198	150	123	164	245	157	281	158	232	519	185	250	211	216	377	222	198	112	171	240	228	146	205	122	170	187	184	211	218	187	260	193	150	216	215
38	370	155	306	187	235	140	474	153	332	417	262	232	217	296	342	464	278	325	434	234	262	356	139	297	344	544	367	296	187	153	253	281	193	218	222	141	187	222	220	259	407	510	270	299	268	165	343	182	120	163	266	174	210	124	466	287	181	188	335	180	147	209	175	139	216	277	169	185	217	188	150	242	279	248	277	201	175	225	156	360	238	239	156	340	275	295	151	278	151	251	345	167	265	144	246	313	199	185	288	216
39	377	181	392	318	185	289	346	234	275	284	333	255	488	196	316	441	312	272	414	190	276	217	160	210	485	584	654	316	211	146	577	234	292	213	230	182	201	344	283	232	649	230	310	491	303	222	380	245	160	229	202	157	342	184	277	460	218	305	261	180	159	194	180	202	366	301	158	156	153	299	148	220	227	266	155	285	266	229	182	365	219	470	167	180	292	389	173	654	176	222	303	189	221	179	184	603	232	286	456	162
40	259	205	327	207	227	233	653	177	257	215	484	158	264	231	282	393	328	512	735	296	493	268	159	253	840	490	521	255	191	234	579	221	273	217	437	154	212	379	290	321	379	465	353	420	287	175	298	259	236	260	193	146	318	156	364	744	276	258	211	262	175	248	154	156	251	291	190	188	154	318	145	219	198	212	197	372	279	271	267	387	259	463	132	162	175	298	251	566	187	220	375	203	233	176	289	567	228	327	434	198
41	237	291	216	336	262	248	438	191	516	392	318	184	209	178	536	469	395	206	1303	335	423	181	202	168	580	891	756	308	226	248	294	395	258	218	396	167	260	340	276	312	603	226	494	480	351	174	352	417	231	269	167	275	336	233	334	405	195	196	406	245	151	597	195	167	269	310	341	206	227	481	155	402	199	210	265	340	305	348	363	887	411	561	176	284	204	528	269	374	155	262	326	466	313	136	213	515	253	276	721	184
42	204	382	326	441	283	180	338	155	507	370	466	196	218	401	647	660	301	328	612	262	491	254	323	328	828	818	389	426	537	184	484	422	476	186	286	214	487	385	561	529	792	262	317	654	303	244	306	307	280	205	302	362	182	324	592	616	257	237	502	251	160	327	202	192	554	578	187	342	211	469	196	246	260	262	374	424	439	342	271	823	415	374	135	164	200	425	267	682	174	254	404	408	635	185	286	713	308	319	1215	238
43	323	377	310	338	288	364	488	360	289	480	355	248	395	764	764	838	391	617	1365	306	428	252	326	377	810	846	580	1065	306	167	482	695	474	162	376	181	422	285	491	442	1491	373	607	625	254	340	327	708	285	294	161	369	448	268	688	741	242	321	381	350	181	389	206	186	400	353	277	273	273	956	211	243	369	290	331	427	414	448	325	1220	483	441	345	232	268	1008	467	523	125	236	490	684	638	211	503	553	355	233	651	256
44	580	353	443	479	322	345	624	355	310	369	531	225	465	557	489	756	498	261	1431	288	358	232	315	594	630	948	1765	1347	294	182	382	403	556	330	543	259	367	358	596	524	988	227	409	546	375	388	526	356	364	428	412	395	486	272	543	912	284	619	778	314	189	462	274	150	302	389	392	248	309	680	227	374	339	353	394	612	474	506	302	1456	503	739	201	277	240	705	256	571	210	354	687	439	524	257	410	899	414	411	395	295
45	494	368	381	355	409	266	2995	325	399	454	696	299	467	469	492	1094	994	310	1039	318	610	254	390	386	952	1405	935	803	811	281	607	674	474	302	249	194	434	388	664	459	1027	598	390	516	845	376	367	516	243	623	335	334	369	464	623	1433	715	583	582	319	348	313	280	255	313	399	353	267	345	870	300	465	276	392	480	1023	430	1084	684	1220	1292	606	212	235	175	985	231	529	174	312	903	390	429	286	576	1052	412	589	626	320
46	398	586	317	617	574	271	2137	339	363	459	762	841	461	1171	572	927	596	248	948	293	900	576	360	690	833	1255	425	1707	633	314	707	764	1315	256	310	193	408	513	663	341	1915	508	503	1388	868	443	380	761	215	468	340	303	305	411	1741	986	552	383	648	700	288	599	226	245	300	515	297	270	247	2514	367	336	419	1186	1426	532	1443	506	278	3008	985	484	231	204	190	1203	323	957	180	355	509	474	406	428	297	1105	397	417	1511	496
47	591	693	448	705	862	542	2264	266	818	634	1156	644	553	1406	978	3062	497	358	2302	722	669	702	265	655	675	1948	833	1947	311	274	594	656	1243	220	482	272	441	476	1097	710	1337	1340	456	902	1395	902	1335	899	386	1076	236	318	495	267	1662	1777	912	612	497	697	255	787	480	328	501	448	206	438	340	1583	406	523	460	662	949	865	2102	673	355	2606	1157	443	155	297	282	1650	332	744	238	356	1214	566	621	236	633	881	544	410	1043	455
48	1148	448	600	1038	941	749	2031	819	559	664	1028	408	607	2331	771	4932	540	479	2499	839	1539	838	453	2196	1288	1020	1021	4228	360	334	514	777	720	264	853	232	504	1081	1267	725	3086	715	554	1033	3324	1255	583	818	458	968	470	382	386	670	1507	2540	821	661	517	548	351	649	324	253	478	577	220	347	313	1214	313	642	702	674	1270	745	2111	1032	681	8039	1098	1098	171	388	364	1775	351	783	338	526	1158	1119	964	280	1599	2223	1434	1013	1586	536
49	747	963	752	950	1508	545	1187	512	847	1004	1304	602	814	3354	864	2543	869	563	3954	504	4120	762	317	1736	1217	2047	2554	3985	588	217	886	1341	1087	371	609	156	665	1152	3250	594	5206	655	665	842	1946	810	455	581	474	977	365	446	711	320	1529	5719	819	573	569	1063	267	1109	426	403	538	647	207	471	589	1732	597	633	517	732	1534	950	767	1383	729	9630	1723	1464	357	458	268	2106	453	987	264	567	1478	1030	864	234	1167	2653	1123	802	1769	728
50	619	1130	839	1033	1053	553	1707	485	1004	1443	4491	521	863	2228	2920	3494	1806	440	11988	1607	2442	645	656	4024	3840	1152	2179	5401	1022	376	1129	1103	1315	805	766	338	736	1118	2244	698	6294	1434	637	2625	509	2158	551	897	484	1155	532	642	1078	502	1501	5390	1144	865	1156	786	267	1135	523	330	834	838	319	1544	609	5252	660	956	471	754	1602	3127	2231	1018	802	4261	2038	3860	364	402	506	2041	882	4335	421	481	1841	950	890	374	1226	4237	1053	948	1527	669
51	543	1453	1170	779	884	619	1617	433	3062	2989	2897	661	1556	3402	2483	4791	2038	732	6019	1675	2455	1168	507	2855	4837	2533	1588	5827	625	334	2497	692	1256	577	934	269	1515	1244	2941	859	4319	1955	447	3555	2696	1246	880	2221	407	2189	620	918	989	776	2107	2834	5997	2399	1534	911	429	1647	558	474	1218	1155	524	2941	675	3615	759	2907	570	1662	3347	4476	1727	1527	1824	14390	3125	4442	357	621	609	1698	1465	7566	286	446	3373	2832	1204	476	2523	7207	819	981	5682	693
52	1060	2352	1774	1211	1644	667	1838	2052	2635	2721	5528	686	1877	3081	4089	10246	2533	507	11097	1477	10612	1192	485	1984	3144	1650	2756	5343	2843	437	5961	713	2017	1344	1014	402	938	1972	4101	1435	10020	1201	1286	5784	1787	2697	1733	2618	931	1282	1814	418	1372	981	6457	2457	3334	2060	2039	1928	390	1843	804	340	1348	1984	536	1271	995	4634	1569	6002	1017	2198	2068	4304	986	2493	2534	7797	1516	1599	683	1269	428	4684	1052	4591	403	977	5087	2334	6482	321	1870	7119	1893	1131	3920	1150
53	2392	2314	5630	1781	1630	789	5988	1385	2931	2266	2506	1124	7315	3438	3572	9006	3285	543	9706	4339	10889	1597	828	2413	3090	4483	6103	8299	2504	400	2373	2585	2473	1143	3539	407	2300	1568	7354	2221	5278	2068	1421	4868	2154	2294	1513	8367	748	1758	1000	547	1181	1225	4022	3187	2423	2002	1891	1777	429	7007	902	521	873	3277	1300	1015	830	9740	574	4027	2918	1483	4484	8050	1562	3924	1060	4260	3820	4136	826	965	677	4751	1664	4448	778	858	2287	3836	2607	825	4552	4558	1163	1253	2613	852
54	2060	2842	2138	2994	4802	1878	1353	1157	2380	2595	2849	1505	6889	8117	11145	9270	6155	1085	8836	6519	8427	1046	627	2633	9759	3586	8136	5237	1163	580	7908	2737	4471	1965	4876	390	1679	1851	5548	4290	7266	2768	3937	3899	2302	2118	3474	9154	1404	2724	1000	1487	2829	1679	7092	5134	1605	2432	5032	1276	588	3978	862	715	2114	1970	897	1282	1383	8866	811	2435	2870	4478	9304	7525	8956	6568	1302	1507	7920	9296	603	908	867	11047	2121	6720	670	756	7520	9081	5078	830	2636	7488	1259	2599	4874	1067
55	2715	2499	3673	6047	5089	3177	3204	1813	6463	4387	7362	2513	5966	8401	4923	6461	6445	1054	3997	6527	2165	1515	719	2179	4891	3013	4897	6206	967	794	3424	5869	2692	2317	3986	511	3716	6247	6187	7256	5037	4580	3492	6922	1247	3542	1815	6628	2360	3044	1167	1449	1488	2711	6250	6924	4210	4708	2502	3067	482	5821	1872	847	1525	2301	511	1892	2862	6354	1166	8704	3123	2267	3492	3884	12529	6500	1300	1836	2837	11628	582	3016	732	6203	4545	7728	865	575	12661	5407	5550	664	4867	3187	2739	3193	2942	1634
56	2673	6762	3273	10185	4803	2569	5803	1610	8653	2979	2056	2887	4917	4831	9761	5292	14128	735	2136	10591	3910	1463	1847	1950	4816	2906	6216	2230	3175	1215	12824	10925	10299	3147	10519	456	7672	9898	9204	5116	1711	11703	5790	6442	2802	3150	4356	3673	2137	3522	5213	2384	3241	1830	15105	2601	5407	5334	2768	4194	2297	4563	3027	742	2544	8074	736	1890	4154	4042	2128	3088	3213	3350	3441	5168	8796	4012	2143	1291	11947	11795	486	1455	604	11552	1971	8646	1031	2152	7916	3147	6704	560	17645	1760	4115	2063	4325	3299
57	4355	2577	3584	7629	3208	4386	4231	2172	5546	4885	2794	9688	10827	4216	12378	4358	14619	2191	1532	15216	5099	2323	868	12443	1770	6802	12648	2326	5394	915	8824	2838	6651	2423	4994	375	9496	9157	3638	6856	1134	12666	5032	3080	4422	4272	2442	6814	1275	2926	2741	2980	4524	10873	3327	2722	4120	8446	5810	7052	1365	3080	2873	996	6804	3427	1846	5615	9147	7224	1761	8608	1779	5283	8405	6814	13175	3242	5111	1330	12603	9754	1191	2088	1024	7708	11152	4010	1353	2468	8702	5953	6960	729	13179	1500	3663	5980	4824	9190
58	9950	9809	2298	6055	5068	6631	4151	1661	3490	5649	2724	6332	6367	7346	3294	2985	8769	1963	1148	10915	2427	7210	2823	5549	3272	4938	10541	1167	9075	835	2107	3864	4753	6523	12539	596	6852	13274	4031	6040	616	8350	5926	3149	6931	11027	3056	5985	4847	8538	2669	9842	3636	4755	8355	1505	2833	10740	8989	13669	1171	2383	6769	1410	12215	7194	2874	1938	4225	3964	2940	3151	8070	10684	3771	4730	4521	4249	3556	576	9895	10882	1056	4324	1398	3058	7664	5429	2416	7688	5364	4617	10701	1186	3409	1228	6150	2962	6608	9249
59	4497	5869	2618	6995	4285	5170	1369	2025	4889	4744	4094	7184	4024	5912	6772	2564	5481	2238	799	4803	1814	7572	5456	6835	2049	1951	917	840	3310	3816	2330	3533	6790	3679	3548	754	1696	3830	2018	5484	907	9084	11169	6059	2289	8107	4801	7486	5243	5139	7355	5669	6628	9342	5603	1444	4405	13956	11182	8225	1915	5460	5044	1339	7341	3925	1718	8200	5347	1900	1824	9644	6036	13479	2189	6645	2809	3473	6149	407	3828	6038	1709	5177	2920	3798	11671	1485	2192	10074	2490	2741	8868	2789	7498	1099	2798	4859	1921	6826
60	11378	6794	4271	4935	8201	5857	1378	3531	4863	3384	1950	11348	3782	3706	3264	2108	5694	5128	840	5401	1513	5022	2997	3641	638	2128	879	480	5880	2391	3523	1547	10283	9751	3818	1172	3470	2586	1057	3119	469	5369	9044	3648	4463	12128	8548	4311	2745	6463	5222	6201	2140	8375	2209	1419	1505	7700	9528	7944	4283	6239	2906	2558	8109	3037	1653	9324	2393	1153	6546	5248	7910	7906	1486	2050	1622	3309	9376	434	1861	2791	2530	12599	1616	1079	8637	1630	3993	13596	2116	4925	9310	5055	5652	554	3700	6306	1402	8840
61	7987	5240	5578	1930	1652	12331	551	1911	4602	1125	968	8475	1715	2229	2408	533	2441	3826	345	1743	1112	6786	2376	5759	646	668	1502	634	8383	2431	3269	1966	4787	4252	2674	1514	7966	3933	731	3010	289	4213	4282	1056	1805	4246	2128	2849	4412	1608	1987	2654	9357	4727	912	959	2010	3193	7629	4180	2275	5755	6153	2337	2816	7337	3709	5839	3085	1164	7108	4304	4801	3625	1175	2089	1167	6824	6998	434	1113	2257	2492	6994	3797	1261	10647	1096	3630	3459	1528	2260	9928	4109	4872	517	4573	9638	866	2580
62	6236	3414	1901	1595	3269	5862	640	1354	1978	1042	830	11281	1683	692	729	259	1921	12171	272	7728	649	1923	6520	1096	421	541	1577	509	6788	8410	1106	1501	3374	4295	2640	2209	3139	1633	567	1636	423	1693	8091	658	1805	2229	2851	2209	1203	1975	5556	3615	7341	12363	606	757	3620	2413	2088	2222	4835	2587	10104	2434	4274	3688	7947	3099	3035	485	5312	1544	2080	3982	1709	839	2708	1426	3114	400	571	1209	6198	7770	3604	680	3399	662	5020	14206	818	2392	6889	6976	1012	431	2006	6653	456	6050
63	1931	5263	1752	1700	2101	2065	461	1808	2300	756	602	2247	965	1025	547	273	1238	6799	254	2099	571	2038	11048	1028	288	381	770	338	6686	9364	1342	2242	1189	6075	1651	2682	3843	2090	615	1464	230	1047	3910	580	529	1316	4306	1266	3085	1530	4417	2360	1717	1827	279	303	3887	1698	991	998	4913	1219	7623	3312	4575	1937	5274	6101	4918	744	7608	801	3854	2518	1475	697	759	605	1860	473	563	1433	2600	8713	4015	1046	6842	391	4953	12538	1071	1039	2913	13719	890	502	3606	8229	566	5918
64	3104	2707	1235	874	793	9681	304	2447	1480	860	486	1676	739	1041	552	294	552	10854	196	1295	813	6225	7138	808	183	742	466	289	3027	13455	492	888	734	3131	2184	1250	1123	725	657	1852	213	1382	1812	396	1009	1224	2060	1776	2295	613	5778	1864	962	1844	380	496	1562	1254	1125	724	3993	1397	2775	2231	1060	1355	8543	2894	2293	331	3588	591	3598	956	839	766	583	792	1586	227	381	330	10452	7147	4424	705	2250	327	4599	2528	512	1052	1582	4559	2115	402	2086	4005	321	2996
65	880	2351	900	608	836	1981	344	1154	744	635	278	2532	1344	789	287	253	887	5276	199	891	365	4083	7114	613	144	353	420	174	1296	10673	396	430	602	6606	836	3004	776	547	306	1822	166	584	1163	419	427	732	905	719	1608	491	3175	2337	1422	2301	188	260	841	837	1026	608	3586	677	6352	4670	709	1184	11184	2223	1096	259	4437	1099	4742	1496	660	487	761	651	1755	137	292	383	11909	7428	9714	469	3197	312	3528	1947	398	568	694	5467	1288	279	788	3481	251	1504
66	487	859	1066	375	620	1030	197	1612	523	410	312	1251	404	310	311	175	893	2597	190	767	272	2659	5179	490	117	202	231	126	1901	8690	308	341	333	1775	777	5953	828	738	288	534	139	991	918	360	461	1247	1556	1172	1216	334	4455	2283	762	835	231	207	1608	716	480	386	4472	526	6353	5945	498	671	12289	4226	2155	441	2523	636	2378	846	450	321	356	769	1011	152	370	326	15156	1680	4359	250	1415	232	2704	886	280	393	435	6166	710	349	644	1383	261	692
67	400	536	576	296	477	1425	186	1682	396	349	176	787	329	279	230	126	329	1179	130	246	244	799	1592	585	112	131	189	99	887	6323	193	337	252	1282	449	6121	581	862	233	515	92	315	1007	248	423	430	867	450	1214	545	1528	2405	607	1965	262	178	890	302	726	466	5477	451	3748	11997	613	1071	2357	1891	880	237	2143	307	996	808	316	264	204	321	419	177	236	417	9814	1890	4426	228	878	187	6544	947	205	368	384	1930	469	125	442	504	174	644
68	393	405	483	423	453	972	142	1420	278	223	157	728	317	380	184	75	368	802	103	336	146	404	1318	490	101	175	155	87	667	4318	139	289	243	1302	341	4259	350	318	176	295	67	287	491	146	324	380	1124	325	1014	351	1901	1023	461	952	184	139	649	335	512	243	2886	353	2957	5135	439	717	3542	1865	1106	281	1317	312	1241	428	290	236	280	172	323	108	151	278	2626	942	1945	233	834	180	3306	872	165	209	447	2419	408	131	386	470	169	397
69	436	274	526	379	195	583	142	567	148	154	173	313	201	210	134	52	241	766	130	236	134	409	916	245	91	118	152	55	810	1712	147	232	275	782	266	2866	270	238	136	269	61	397	951	92	200	351	923	241	1065	317	1024	973	412	1193	177	99	443	228	212	220	1361	206	744	6137	269	227	990	480	774	217	571	168	655	367	221	190	216	139	394	119	131	149	3167	513	1971	199	417	135	2784	555	132	175	351	2054	319	144	175	233	132	286
70	404	275	316	272	124	760	175	599	149	117	104	552	226	181	148	34	175	534	60	221	152	223	911	149	60	142	109	40	671	1640	134	200	200	423	277	6359	334	222	111	260	28	345	267	179	153	273	318	197	717	143	492	723	336	987	127	72	367	173	266	188	1225	205	516	2221	260	230	1389	549	658	169	694	190	353	243	207	327	143	149	205	80	110	99	3246	423	1264	179	203	148	2984	779	166	140	231	1322	208	119	143	262	115	303
71	296	269	202	157	121	450	108	291	129	85	91	308	193	150	144	32	206	343	30	127	83	477	587	113	46	106	174	30	418	806	119	185	152	376	168	2695	388	180	78	226	21	304	192	135	68	125	205	188	383	129	237	791	293	463	151	45	485	220	255	171	740	163	205	1464	154	185	602	352	491	91	584	188	256	212	157	213	116	126	164	63	55	82	1155	225	1141	100	222	136	1800	497	146	108	168	947	173	77	154	277	54	332
72	307	315	161	82	93	402	89	366	131	69	72	186	155	126	127	30	204	263	26	90	67	459	297	115	43	83	64	15	231	805	90	176	85	185	191	2721	195	148	60	343	16	117	312	86	72	147	147	134	355	118	249	363	250	182	114	26	198	92	91	166	746	114	230	2042	152	142	793	231	253	56	330	147	242	179	88	231	72	98	119	47	33	73	1487	211	821	47	213	128	430	404	116	86	182	501	181	95	138	224	35	212
73	195	217	122	59	56	230	114	307	117	64	41	152	182	94	75	23	137	249	18	89	48	173	204	85	30	66	101	9	204	634	61	192	90	151	141	723	133	157	44	125	6	102	268	53	45	117	137	154	300	113	132	474	222	149	79	22	172	89	86	143	621	58	247	1464	111	113	403	195	192	39	365	130	214	92	50	113	104	80	102	27	30	45	458	163	284	34	119	110	480	264	82	68	112	750	179	99	101	155	20	166
74	131	169	67	68	37	156	66	333	80	22	29	193	111	80	63	14	93	172	4	65	25	117	171	65	16	56	84	6	151	349	29	89	70	143	151	734	133	146	40	141	3	91	135	39	52	104	105	118	259	80	93	275	167	124	72	10	199	97	69	118	357	44	144	519	82	89	484	138	169	31	340	99	176	73	33	83	67	64	80	18	20	44	299	125	462	24	103	68	384	282	71	56	115	549	129	40	108	134	11	123
75	130	110	67	51	25	144	113	197	57	18	22	189	83	65	62	7	114	122	3	50	18	141	152	67	10	25	47	4	135	368	21	71	51	223	92	569	93	96	32	107	1	56	143	29	64	92	115	84	120	62	83	193	132	126	59	5	116	76	54	54	230	30	125	377	64	66	311	157	121	33	178	53	143	58	31	52	130	49	63	6	12	22	323	98	467	19	60	53	315	164	65	35	53	503	95	26	90	71	10	136
76	131	93	57	32	18	136	78	142	42	6	11	116	67	43	43	5	102	104	2	24	7	113	141	67	4	13	35	2	97	325	22	104	21	231	215	611	76	84	19	97	1	30	97	11	90	61	93	48	114	56	116	155	120	151	41	5	152	69	47	35	214	30	118	496	53	58	203	138	92	28	252	38	117	52	22	36	59	70	51	2	6	12	266	79	246	15	61	35	218	219	55	12	64	252	97	15	99	46	6	162
77	110	73	53	18	6	106	40	106	27	5	6	82	53	26	28	2	54	162	1	11	3	79	124	47	4	7	31	1	65	210	16	62	16	135	206	734	41	67	6	41	0	21	89	7	84	66	82	38	84	38	84	163	95	122	29	5	113	32	39	27	199	16	89	411	24	40	208	97	85	20	128	28	95	38	15	29	102	64	28	1	3	10	294	55	233	10	91	16	167	173	30	5	70	166	70	7	90	33	4	82
78	40	49	34	12	5	85	20	81	18	5	3	77	45	14	18	1	33	122	0	5	1	41	111	36	1	2	10	1	34	186	13	47	8	145	135	648	31	50	5	29	NA	13	115	5	66	60	62	23	66	21	70	151	74	100	19	1	88	50	12	35	253	12	67	204	12	23	174	60	83	18	83	20	80	28	4	23	70	35	11	1	1	7	182	45	202	5	64	7	140	67	21	4	24	189	49	3	67	26	3	118
79	24	28	29	4	2	78	16	50	14	4	3	51	34	7	10	1	22	92	NA	3	0	26	114	10	1	2	5	0	10	122	4	34	4	92	94	340	20	32	4	19	NA	13	102	4	40	92	55	22	53	14	51	157	49	68	12	1	57	38	8	31	135	9	66	182	6	18	115	44	66	14	63	13	55	17	2	11	44	26	8	0	1	4	140	22	126	1	61	3	121	85	15	1	18	130	32	1	42	17	1	85
80	20	17	4	3	1	94	7	29	9	3	1	40	17	6	2	0	21	62	NA	3	NA	14	56	4	0	1	2	NA	7	156	4	20	3	77	140	320	6	17	1	13	NA	7	79	1	14	80	44	17	51	5	41	175	30	40	9	1	37	28	4	24	110	6	43	108	5	14	93	29	46	7	46	5	91	7	2	7	31	11	8	NA	1	4	82	14	52	1	59	2	109	70	8	0	12	91	14	1	28	5	0	80
81	14	10	2	2	1	59	3	23	4	3	0	21	14	2	1	NA	12	73	NA	1	NA	5	42	4	NA	0	0	NA	3	144	3	14	1	35	75	160	2	12	1	10	NA	4	63	1	6	44	32	4	45	4	39	126	9	30	2	0	13	15	4	15	113	4	35	129	2	12	94	21	24	3	25	2	77	3	0	2	9	4	3	NA	0	1	79	11	43	1	41	1	98	56	3	NA	8	73	8	0	6	2	NA	60
82	9	7	1	1	1	55	0	18	1	3	NA	9	10	1	1	NA	6	51	NA	1	NA	8	35	1	NA	NA	NA	NA	2	126	2	3	1	20	66	107	1	3	0	4	NA	1	53	0	5	46	19	4	34	2	29	110	4	17	1	NA	4	9	4	7	72	3	23	97	1	3	54	18	15	1	17	1	60	1	NA	1	8	3	1	NA	NA	1	74	4	41	0	31	1	93	38	2	NA	7	43	3	NA	5	2	NA	31
83	5	1	1	0	0	26	NA	8	1	4	NA	6	5	1	1	NA	4	32	NA	1	NA	5	48	1	NA	NA	NA	NA	2	97	2	3	0	11	57	114	1	2	NA	2	NA	1	29	NA	1	16	7	2	20	1	13	46	4	13	0	NA	4	3	4	2	55	2	17	95	1	2	165	3	7	0	11	1	19	1	NA	0	5	1	1	NA	NA	0	62	3	37	NA	6	0	104	17	3	NA	2	36	1	NA	3	1	NA	17
84	3	1	1	NA	NA	9	NA	2	1	4	NA	5	4	0	1	NA	4	23	NA	0	NA	4	36	0	NA	NA	NA	NA	2	64	0	1	NA	4	47	94	0	1	NA	1	NA	0	22	NA	1	6	3	0	12	1	11	17	3	3	NA	NA	4	1	0	1	31	0	11	74	1	1	128	4	3	NA	4	0	5	1	NA	NA	5	1	1	NA	NA	NA	40	2	39	NA	3	NA	67	13	2	NA	2	12	1	NA	1	0	NA	9
85	1	0	1	NA	NA	5	NA	1	1	2	NA	2	2	NA	0	NA	4	12	NA	NA	NA	4	24	NA	NA	NA	NA	NA	1	41	NA	0	NA	4	39	73	NA	1	NA	1	NA	NA	7	NA	1	6	1	NA	6	0	3	7	1	3	NA	NA	1	1	NA	0	20	NA	4	59	0	1	75	4	3	NA	2	NA	3	0	NA	NA	2	0	0	NA	NA	NA	19	1	49	NA	1	NA	47	12	2	NA	1	8	1	NA	1	NA	NA	8
86	1	NA	1	NA	NA	2	NA	1	1	2	NA	1	0	NA	NA	NA	2	8	NA	NA	NA	1	15	NA	NA	NA	NA	NA	1	27	NA	NA	NA	3	23	52	NA	1	NA	0	NA	NA	4	NA	1	5	1	NA	4	NA	2	5	1	1	NA	NA	0	0	NA	NA	13	NA	3	41	NA	1	43	2	1	NA	1	NA	1	NA	NA	NA	1	NA	NA	NA	NA	NA	6	0	37	NA	1	NA	23	6	2	NA	0	4	0	NA	0	NA	NA	4
87	0	NA	1	NA	NA	1	NA	1	0	1	NA	1	NA	NA	NA	NA	2	6	NA	NA	NA	1	7	NA	NA	NA	NA	NA	1	9	NA	NA	NA	1	13	36	NA	0	NA	NA	NA	NA	3	NA	0	3	0	NA	2	NA	2	4	0	1	NA	NA	NA	NA	NA	NA	3	NA	2	30	NA	0	20	2	1	NA	1	NA	1	NA	NA	NA	1	NA	NA	NA	NA	NA	3	NA	26	NA	1	NA	12	3	1	NA	NA	2	NA	NA	NA	NA	NA	1
88	NA	NA	0	NA	NA	1	NA	0	NA	1	NA	0	NA	NA	NA	NA	1	4	NA	NA	NA	1	4	NA	NA	NA	NA	NA	1	6	NA	NA	NA	1	5	17	NA	NA	NA	NA	NA	NA	1	NA	NA	1	NA	NA	2	NA	2	1	NA	0	NA	NA	NA	NA	NA	NA	2	NA	1	18	NA	NA	8	1	0	NA	1	NA	1	NA	NA	NA	1	NA	NA	NA	NA	NA	1	NA	11	NA	1	NA	10	2	1	NA	NA	1	NA	NA	NA	NA	NA	0
89	NA	NA	NA	NA	NA	0	NA	NA	NA	0	NA	NA	NA	NA	NA	NA	0	3	NA	NA	NA	0	2	NA	NA	NA	NA	NA	1	1	NA	NA	NA	0	1	16	NA	NA	NA	NA	NA	NA	1	NA	NA	0	NA	NA	1	NA	2	1	NA	NA	NA	NA	NA	NA	NA	NA	1	NA	1	11	NA	NA	6	1	NA	NA	0	NA	0	NA	NA	NA	1	NA	NA	NA	NA	NA	1	NA	4	NA	0	NA	4	1	1	NA	NA	1	NA	NA	NA	NA	NA	NA
90	NA	NA	NA	NA	NA	NA	NA	NA	NA	NA	NA	NA	NA	NA	NA	NA	NA	1	NA	NA	NA	NA	1	NA	NA	NA	NA	NA	1	1	NA	NA	NA	NA	1	9	NA	NA	NA	NA	NA	NA	1	NA	NA	NA	NA	NA	0	NA	2	0	NA	NA	NA	NA	NA	NA	NA	NA	1	NA	1	3	NA	NA	4	0	NA	NA	NA	NA	NA	NA	NA	NA	1	NA	NA	NA	NA	NA	0	NA	4	NA	NA	NA	3	0	0	NA	NA	1	NA	NA	NA	NA	NA	NA
91	NA	NA	NA	NA	NA	NA	NA	NA	NA	NA	NA	NA	NA	NA	NA	NA	NA	1	NA	NA	NA	NA	0	NA	NA	NA	NA	NA	0	1	NA	NA	NA	NA	0	6	NA	NA	NA	NA	NA	NA	0	NA	NA	NA	NA	NA	NA	NA	1	NA	NA	NA	NA	NA	NA	NA	NA	NA	0	NA	1	1	NA	NA	3	NA	NA	NA	NA	NA	NA	NA	NA	NA	0	NA	NA	NA	NA	NA	NA	NA	1	NA	NA	NA	2	NA	NA	NA	NA	0	NA	NA	NA	NA	NA	NA
92	NA	NA	NA	NA	NA	NA	NA	NA	NA	NA	NA	NA	NA	NA	NA	NA	NA	0	NA	NA	NA	NA	NA	NA	NA	NA	NA	NA	NA	0	NA	NA	NA	NA	NA	1	NA	NA	NA	NA	NA	NA	NA	NA	NA	NA	NA	NA	NA	NA	0	NA	NA	NA	NA	NA	NA	NA	NA	NA	NA	NA	1	0	NA	NA	3	NA	NA	NA	NA	NA	NA	NA	NA	NA	NA	NA	NA	NA	NA	NA	NA	NA	1	NA	NA	NA	1	NA	NA	NA	NA	NA	NA	NA	NA	NA	NA	NA
93	NA	NA	NA	NA	NA	NA	NA	NA	NA	NA	NA	NA	NA	NA	NA	NA	NA	NA	NA	NA	NA	NA	NA	NA	NA	NA	NA	NA	NA	NA	NA	NA	NA	NA	NA	1	NA	NA	NA	NA	NA	NA	NA	NA	NA	NA	NA	NA	NA	NA	NA	NA	NA	NA	NA	NA	NA	NA	NA	NA	NA	NA	0	NA	NA	NA	2	NA	NA	NA	NA	NA	NA	NA	NA	NA	NA	NA	NA	NA	NA	NA	NA	NA	1	NA	NA	NA	0	NA	NA	NA	NA	NA	NA	NA	NA	NA	NA	NA
94	NA	NA	NA	NA	NA	NA	NA	NA	NA	NA	NA	NA	NA	NA	NA	NA	NA	NA	NA	NA	NA	NA	NA	NA	NA	NA	NA	NA	NA	NA	NA	NA	NA	NA	NA	0	NA	NA	NA	NA	NA	NA	NA	NA	NA	NA	NA	NA	NA	NA	NA	NA	NA	NA	NA	NA	NA	NA	NA	NA	NA	NA	NA	NA	NA	NA	1	NA	NA	NA	NA	NA	NA	NA	NA	NA	NA	NA	NA	NA	NA	NA	NA	NA	0	NA	NA	NA	NA	NA	NA	NA	NA	NA	NA	NA	NA	NA	NA	NA
95	NA	NA	NA	NA	NA	NA	NA	NA	NA	NA	NA	NA	NA	NA	NA	NA	NA	NA	NA	NA	NA	NA	NA	NA	NA	NA	NA	NA	NA	NA	NA	NA	NA	NA	NA	NA	NA	NA	NA	NA	NA	NA	NA	NA	NA	NA	NA	NA	NA	NA	NA	NA	NA	NA	NA	NA	NA	NA	NA	NA	NA	NA	NA	NA	NA	NA	1	NA	NA	NA	NA	NA	NA	NA	NA	NA	NA	NA	NA	NA	NA	NA	NA	NA	NA	NA	NA	NA	NA	NA	NA	NA	NA	NA	NA	NA	NA	NA	NA	NA
96	NA	NA	NA	NA	NA	NA	NA	NA	NA	NA	NA	NA	NA	NA	NA	NA	NA	NA	NA	NA	NA	NA	NA	NA	NA	NA	NA	NA	NA	NA	NA	NA	NA	NA	NA	NA	NA	NA	NA	NA	NA	NA	NA	NA	NA	NA	NA	NA	NA	NA	NA	NA	NA	NA	NA	NA	NA	NA	NA	NA	NA	NA	NA	NA	NA	NA	1	NA	NA	NA	NA	NA	NA	NA	NA	NA	NA	NA	NA	NA	NA	NA	NA	NA	NA	NA	NA	NA	NA	NA	NA	NA	NA	NA	NA	NA	NA	NA	NA	NA
97	NA	NA	NA	NA	NA	NA	NA	NA	NA	NA	NA	NA	NA	NA	NA	NA	NA	NA	NA	NA	NA	NA	NA	NA	NA	NA	NA	NA	NA	NA	NA	NA	NA	NA	NA	NA	NA	NA	NA	NA	NA	NA	NA	NA	NA	NA	NA	NA	NA	NA	NA	NA	NA	NA	NA	NA	NA	NA	NA	NA	NA	NA	NA	NA	NA	NA	1	NA	NA	NA	NA	NA	NA	NA	NA	NA	NA	NA	NA	NA	NA	NA	NA	NA	NA	NA	NA	NA	NA	NA	NA	NA	NA	NA	NA	NA	NA	NA	NA	NA
98	NA	NA	NA	NA	NA	NA	NA	NA	NA	NA	NA	NA	NA	NA	NA	NA	NA	NA	NA	NA	NA	NA	NA	NA	NA	NA	NA	NA	NA	NA	NA	NA	NA	NA	NA	NA	NA	NA	NA	NA	NA	NA	NA	NA	NA	NA	NA	NA	NA	NA	NA	NA	NA	NA	NA	NA	NA	NA	NA	NA	NA	NA	NA	NA	NA	NA	1	NA	NA	NA	NA	NA	NA	NA	NA	NA	NA	NA	NA	NA	NA	NA	NA	NA	NA	NA	NA	NA	NA	NA	NA	NA	NA	NA	NA	NA	NA	NA	NA	NA
99	NA	NA	NA	NA	NA	NA	NA	NA	NA	NA	NA	NA	NA	NA	NA	NA	NA	NA	NA	NA	NA	NA	NA	NA	NA	NA	NA	NA	NA	NA	NA	NA	NA	NA	NA	NA	NA	NA	NA	NA	NA	NA	NA	NA	NA	NA	NA	NA	NA	NA	NA	NA	NA	NA	NA	NA	NA	NA	NA	NA	NA	NA	NA	NA	NA	NA	0	NA	NA	NA	NA	NA	NA	NA	NA	NA	NA	NA	NA	NA	NA	NA	NA	NA	NA	NA	NA	NA	NA	NA	NA	NA	NA	NA	NA	NA	NA	NA	NA	NA
