0	1	1	1	1	1	1	1	1	1	1	1	1	1	1	1	1	1	1	1	1	1	1	1	1	1	1	1	1	1	1	1	1	1	1	1	1	1	1	1	1	1	1	1	1	1	1	1	1	1	1	1	1	1	1	1	1	1	1	1	1	1	1	1	1	1	1	1	1	1	1	1	1	1	1	1	1	1	1	1	1	1	1	1	1	1	1	1	1	1	1	1	1	1	1	1	1	1	1	1	1
5	1	1	1	3	4	1	1	1	1	1	2	1	1	4	2	1	2	3	1	2	1	3	1	3	1	2	1	2	1	1	1	1	3	1	1	1	1	1	1	2	1	1	1	1	2	1	1	1	2	5	1	1	1	1	3	1	1	2	1	1	1	2	2	1	1	2	1	4	1	3	3	1	3	1	1	1	1	2	1	1	1	1	1	3	1	1	1	1	2	1	1	1	1	1	3	2	2	1	1	1
10	5	7	7	5	2	4	5	9	8	4	5	5	7	3	7	5	5	7	2	3	12	4	4	11	3	6	2	1	5	8	8	7	10	6	9	6	9	1	6	6	4	4	2	10	2	10	6	6	6	10	4	6	4	3	3	1	1	7	3	7	5	8	7	7	8	5	5	3	7	3	5	4	3	6	3	8	5	8	5	3	9	8	5	6	2	10	9	4	10	3	4	4	1	3	3	2	6	5	4	3
15	19	21	14	18	8	16	14	17	9	13	7	12	15	13	15	14	12	7	9	14	22	10	13	40	14	13	3	7	13	22	16	14	19	10	17	14	27	6	15	15	4	16	9	32	22	15	19	11	8	31	17	29	13	12	10	10	9	18	15	18	20	20	5	11	12	16	17	17	24	11	22	14	12	18	11	13	5	17	8	12	28	14	16	16	12	18	23	9	27	6	11	12	14	22	11	8	22	10	5	13
20	38	55	36	49	23	34	43	49	10	27	19	44	36	28	45	35	42	21	20	54	59	33	33	93	19	21	25	40	48	27	51	49	62	17	43	43	73	12	33	33	25	34	32	61	33	28	55	49	21	88	20	67	28	41	18	19	13	65	33	48	50	48	15	25	20	48	34	36	31	51	60	35	18	42	44	39	14	43	41	41	67	28	29	41	26	48	77	25	74	26	18	32	29	26	33	32	46	22	14	27
25	117	159	83	154	42	74	120	119	25	84	55	73	113	63	118	61	103	68	33	124	105	68	92	247	59	69	46	76	127	79	122	126	117	23	86	87	183	33	76	76	59	54	66	140	81	74	128	113	39	172	60	173	75	100	65	47	30	165	71	113	140	117	73	72	65	88	112	100	92	100	159	60	38	83	82	99	47	104	54	109	159	83	58	90	96	77	208	26	217	38	85	89	65	77	79	87	143	69	43	87
30	238	337	190	287	146	200	265	289	54	153	135	246	316	172	303	122	197	178	132	259	265	174	233	519	130	171	137	177	283	159	260	279	324	64	226	215	374	63	214	151	136	118	157	358	158	192	282	278	130	392	148	420	164	195	149	147	68	369	219	251	301	264	140	181	152	241	233	203	244	237	367	142	146	194	274	250	142	201	132	287	388	216	152	233	183	239	443	98	462	103	160	205	130	175	210	189	384	156	91	218
35	565	668	535	651	341	431	582	644	146	384	291	538	618	403	658	333	460	423	252	515	583	438	477	1020	319	408	332	470	688	363	573	628	660	167	450	421	716	215	468	319	326	321	323	728	346	441	571	541	326	778	328	862	371	508	372	309	162	699	450	615	668	534	289	442	369	532	496	503	544	457	698	277	285	466	570	547	387	480	300	592	710	454	334	562	386	523	888	204	944	328	424	520	278	413	428	364	677	344	263	499
40	1032	1333	965	1134	735	968	1119	1169	315	792	642	1009	1222	787	1264	688	866	736	503	887	1034	846	906	1594	668	825	679	881	1252	753	1023	1197	1210	371	886	881	1350	481	910	670	704	627	814	1349	724	825	1100	1049	704	1397	739	1460	791	866	849	696	376	1359	901	1131	1210	905	724	870	771	973	1013	992	1083	977	1336	604	665	916	1063	1014	790	891	653	1121	1301	927	699	999	786	995	1579	472	1564	656	845	951	626	800	882	813	1292	661	517	1059
45	1587	1942	1701	2049	1303	1512	1842	1928	627	1391	1238	1750	1946	1401	2082	1266	1484	1404	922	1394	1672	1510	1676	2357	1210	1580	1274	1643	2042	1311	1675	1932	1930	840	1509	1585	2190	881	1585	1254	1287	1194	1439	2097	1271	1541	1769	1824	1342	2209	1368	2370	1361	1618	1446	1247	681	2201	1464	1774	1925	1565	1203	1516	1351	1549	1699	1590	1787	1677	1989	1193	1238	1586	1730	1723	1446	1739	1222	1911	2212	1420	1320	1786	1446	1815	2383	901	2265	1222	1440	1638	1150	1382	1648	1397	1898	1240	996	1560
50	2534	2461	2493	2481	2007	2291	2579	2552	1202	2073	1896	2412	2657	2105	2652	1943	2186	1965	1572	2131	2560	2390	2331	2182	2140	2191	1895	2420	2597	2091	2485	2480	2422	1485	2305	2334	2498	1624	2457	1951	1859	1907	2234	2462	2133	2354	2382	2553	2148	2425	2131	2456	2093	2443	2308	2024	1282	2380	2260	2377	2599	2259	1926	2395	2111	2346	2224	2284	2395	2363	2325	2047	1956	2388	2483	2332	2335	2516	1953	2487	2402	2244	2031	2352	2181	2355	2314	1623	2270	1916	2278	2529	1939	1926	2326	2229	2328	2133	1596	2400
55	2102	1469	2176	1805	2579	2335	1944	1684	1889	2344	2482	2167	1686	2387	1424	2453	2386	2484	2183	2231	1925	2292	2244	782	2473	2419	2526	2187	1638	2507	2068	1673	1746	2353	2273	2309	1285	2368	2297	2543	2497	2427	2447	1564	2512	2390	1812	1934	2520	1222	2483	1086	2411	2328	2370	2484	2057	1394	2269	1874	1706	2234	2342	2401	2561	2210	2423	2391	1986	2248	1475	2530	2463	2251	1996	2102	2342	2239	2499	1953	1425	2427	2503	2076	2388	2042	912	2448	946	2495	2399	2190	2574	2414	2359	2524	1544	2351	2321	2300
60	612	309	690	384	1470	1104	612	442	2531	1363	1639	704	346	1312	283	1589	1005	1416	2343	1121	631	1088	856	110	1624	1168	1671	1002	312	1387	678	394	377	2335	907	887	249	2264	913	1570	1678	1808	1284	259	1537	967	615	595	1461	216	1504	126	1285	878	1325	1575	2409	278	929	523	381	862	1708	932	1289	781	735	789	624	795	309	1680	1669	911	613	716	1302	688	1699	491	240	941	1531	706	1222	709	100	2320	122	1665	1132	722	1742	1307	960	1202	383	1695	2371	781
65	58	20	51	24	285	111	55	23	1739	220	463	76	31	169	10	291	139	225	889	151	47	157	92	1	353	154	360	122	18	223	63	36	23	1071	168	100	27	991	118	358	289	387	220	11	267	128	37	53	238	29	254	16	303	106	185	296	1417	6	136	65	20	52	463	116	221	88	48	85	58	105	10	331	421	88	30	76	142	51	397	36	11	114	299	65	165	66	9	821	4	395	142	105	390	196	100	215	29	396	747	93
70	0	NA	0	NA	5	2	1	0	399	11	39	0	0	10	NA	9	1	5	95	3	0	14	4	NA	18	6	28	3	NA	21	0	1	NA	156	15	3	5	151	0	32	14	24	14	NA	10	0	0	4	6	0	3	0	16	3	4	13	250	NA	5	6	NA	0	48	4	37	0	NA	0	0	3	NA	15	34	6	0	NA	5	NA	16	1	NA	2	12	1	8	NA	NA	93	NA	43	6	3	17	4	2	15	NA	15	98	0
75	NA	NA	NA	NA	NA	NA	NA	NA	21	1	1	NA	NA	1	NA	0	NA	NA	0	NA	NA	NA	NA	NA	NA	NA	NA	NA	NA	0	NA	NA	NA	8	NA	NA	NA	2	NA	0	NA	6	1	NA	2	NA	NA	NA	NA	NA	NA	NA	NA	NA	NA	NA	27	NA	NA	NA	NA	NA	NA	NA	2	NA	NA	NA	NA	NA	NA	NA	NA	NA	NA	NA	NA	NA	NA	NA	NA	NA	0	NA	NA	NA	NA	3	NA	NA	NA	NA	NA	NA	NA	3	NA	NA	3	NA
80	NA	NA	NA	NA	NA	NA	NA	NA	0	1	NA	NA	NA	NA	NA	NA	NA	NA	NA	NA	NA	NA	NA	NA	NA	NA	NA	NA	NA	NA	NA	NA	NA	NA	NA	NA	NA	NA	NA	NA	NA	0	NA	NA	NA	NA	NA	NA	NA	NA	NA	NA	NA	NA	NA	NA	2	NA	NA	NA	NA	NA	NA	NA	NA	NA	NA	NA	NA	NA	NA	NA	NA	NA	NA	NA	NA	NA	NA	NA	NA	NA	NA	NA	NA	NA	NA	NA	NA	NA	NA	NA	NA	NA	NA	NA	NA	NA	NA	NA
