0	1	1	1	1	1	1	1	1	1	1	1	1	1	1	1	1	1	1	1	1	1	1	1	1	1	1	1	1	1	1	1	1	1	1	1	1	1	1	1	1	1	1	1	1	1	1	1	1	1	1	1	1	1	1	1	1	1	1	1	1	1	1	1	1	1	1	1	1	1	1	1	1	1	1	1	1	1	1	1	1	1	1	1	1	1	1	1	1	1	1	1	1	1	1	1	1	1	1	1	1
1	1	1	1	1	1	1	1	1	1	1	1	1	1	1	1	1	1	1	1	1	1	1	1	1	1	1	1	1	1	1	1	1	1	1	1	1	1	1	1	1	1	1	1	1	1	1	1	1	1	1	1	1	1	1	1	1	1	1	1	1	1	1	1	1	1	1	1	1	1	1	1	1	1	1	1	1	1	1	1	1	1	1	1	1	1	1	1	1	1	1	1	1	1	1	1	1	1	1	1	1
2	1	1	1	1	1	1	1	1	1	1	1	2	1	1	1	1	1	2	1	1	1	1	3	1	1	1	1	1	1	2	1	1	1	1	1	1	1	1	1	1	1	1	1	1	1	1	1	1	1	1	1	1	1	1	1	1	1	1	1	1	1	1	1	1	1	1	1	1	1	1	1	1	1	1	1	1	1	1	1	1	1	1	1	1	1	1	2	1	1	1	1	1	1	1	1	1	1	1	1	1
3	1	1	1	2	1	1	1	1	1	1	1	2	1	1	1	1	1	1	1	1	1	1	3	1	1	1	1	1	1	1	1	1	1	1	1	1	1	1	1	1	1	1	1	1	1	1	1	1	1	1	1	1	1	1	1	1	1	1	1	1	1	1	1	1	1	1	2	1	1	1	1	1	1	1	1	1	1	2	1	1	1	1	1	1	1	1	1	1	1	2	1	1	1	1	3	1	1	1	2	1
4	4	1	1	2	2	1	1	2	2	1	1	1	2	1	1	1	1	1	1	1	1	1	3	1	2	1	1	1	1	1	1	1	1	1	2	1	1	1	1	1	0	2	3	1	1	1	1	1	1	3	1	1	1	1	1	1	1	1	1	1	1	1	1	1	1	1	2	1	1	2	1	1	2	1	1	2	1	1	1	1	1	1	1	4	1	4	1	2	1	1	1	1	1	1	2	1	1	1	2	0
5	2	2	1	2	1	1	2	1	2	2	1	1	3	1	1	1	1	1	1	1	2	1	1	1	1	1	1	1	1	2	1	1	2	1	2	2	2	2	2	1	NA	2	3	1	1	1	2	1	1	2	2	2	3	1	1	4	1	1	1	1	1	2	1	3	1	1	1	1	1	3	2	1	2	1	1	2	1	1	2	1	1	1	3	3	1	4	3	3	2	1	1	3	1	1	2	1	2	1	2	NA
6	4	1	2	2	2	1	3	1	1	3	1	2	3	1	1	1	1	1	1	1	2	2	1	1	1	2	3	3	1	1	1	1	2	3	1	2	2	1	2	1	NA	5	3	1	1	2	3	2	1	2	2	3	3	3	2	4	1	1	3	2	2	2	2	3	2	2	1	3	3	3	2	2	2	1	3	2	1	1	1	1	2	1	3	2	1	3	3	2	2	1	1	2	1	2	2	2	3	1	3	NA
7	4	2	5	3	3	1	2	4	3	6	1	2	3	1	1	2	1	2	3	3	2	2	2	1	2	2	4	1	1	1	1	5	5	3	1	4	3	2	2	1	NA	6	3	1	2	2	4	1	3	1	2	3	4	2	2	3	2	1	3	2	4	2	2	3	2	3	3	2	6	3	2	2	4	2	3	2	4	2	1	3	2	2	2	3	2	2	5	2	1	3	1	1	2	2	2	3	3	1	3	NA
8	6	2	3	2	4	1	4	6	3	6	4	2	3	1	1	2	1	2	2	4	3	2	2	2	1	5	4	1	1	2	3	3	5	5	3	6	4	2	2	1	NA	6	2	1	4	4	4	1	4	4	2	3	4	3	3	4	2	2	2	2	4	2	4	2	2	2	3	2	3	4	2	2	3	5	2	2	3	3	2	4	5	4	2	3	2	2	6	2	1	3	1	3	3	3	2	2	4	2	3	NA
9	5	3	2	2	4	2	7	4	4	5	7	1	3	0	1	3	1	4	2	3	6	3	2	2	1	7	3	3	2	2	3	3	5	3	4	3	4	4	2	2	NA	7	2	1	4	4	4	2	6	5	2	4	2	2	4	4	2	2	2	2	6	2	4	5	2	2	3	3	2	4	2	2	2	5	2	2	3	3	3	5	5	4	3	4	5	3	6	2	2	4	1	2	2	4	2	2	3	3	4	NA
10	4	3	5	2	4	2	8	4	4	10	5	3	3	NA	1	3	1	4	3	3	7	2	1	2	3	5	3	3	1	2	2	5	4	3	4	3	5	4	2	3	NA	5	2	3	3	4	7	2	4	4	3	8	3	4	3	7	1	3	3	5	3	3	5	5	2	3	4	3	4	5	1	6	1	4	1	5	5	5	2	3	7	4	4	5	3	3	5	3	2	3	1	3	2	2	2	4	2	3	4	NA
11	5	3	5	3	2	1	8	4	4	8	6	1	2	NA	1	4	1	5	5	4	5	4	4	2	3	3	3	4	1	3	3	6	6	2	4	4	6	5	3	2	NA	3	3	3	3	3	12	2	4	5	4	7	5	5	4	7	2	4	6	5	6	4	6	6	3	5	3	3	6	5	1	7	1	4	3	4	6	4	7	3	5	4	4	5	4	5	4	3	3	3	2	3	3	4	4	2	3	6	6	NA
12	6	3	5	6	3	2	7	3	3	7	8	2	4	NA	1	5	2	5	5	4	6	5	7	3	5	3	3	5	1	3	3	5	8	2	4	5	4	5	4	4	NA	3	5	2	5	3	9	3	5	4	4	6	7	4	6	6	2	4	5	5	5	4	9	7	4	4	4	3	5	6	1	6	3	4	6	3	5	3	8	3	3	4	7	4	5	4	4	3	5	4	3	2	4	6	6	4	5	6	5	NA
13	9	4	4	7	3	4	8	6	4	8	9	2	3	NA	3	5	3	3	7	7	6	7	7	3	6	3	3	4	2	3	5	5	12	2	6	6	5	5	3	5	NA	3	5	1	8	5	7	7	5	4	5	6	8	9	4	7	2	4	5	4	5	3	8	11	5	4	5	4	7	7	1	7	3	6	4	3	8	4	11	6	3	6	7	3	4	4	5	3	5	4	3	2	6	5	5	7	7	6	4	NA
14	9	3	6	5	3	3	9	6	5	8	12	4	3	NA	2	5	3	5	5	7	5	5	7	4	6	2	4	5	2	3	7	5	11	2	5	8	6	7	3	3	NA	3	6	3	5	4	5	5	7	5	3	7	8	8	5	3	4	3	5	3	7	3	12	12	4	4	7	5	6	8	1	9	5	7	7	6	12	6	7	7	4	7	7	4	3	4	3	3	5	3	3	4	6	5	5	7	7	6	5	NA
15	13	4	5	5	3	2	6	9	4	9	9	3	3	NA	1	6	3	5	6	8	8	5	7	4	5	2	3	3	1	3	4	5	13	3	5	8	7	8	4	3	NA	5	5	5	5	6	9	4	7	7	6	9	10	8	5	4	3	4	5	4	7	5	13	11	4	7	5	6	7	8	1	9	7	8	7	7	13	7	7	7	6	8	8	6	3	6	3	5	4	7	3	6	8	8	6	7	5	4	4	NA
16	12	3	5	8	3	2	9	11	5	7	8	5	6	NA	1	5	4	5	10	8	10	6	6	5	4	2	6	4	4	2	6	5	11	4	6	13	7	7	3	4	NA	6	8	7	5	5	8	6	9	6	9	7	12	6	3	3	3	4	6	5	5	5	13	9	5	7	6	8	6	7	1	12	3	8	7	5	14	16	16	9	11	8	8	7	5	6	5	6	3	10	4	6	7	9	6	8	7	4	5	NA
17	11	4	4	10	7	4	7	7	12	10	8	5	3	NA	1	3	7	8	10	9	10	5	6	5	5	2	7	7	4	2	5	3	11	3	8	12	5	8	3	4	NA	6	7	7	5	5	11	7	9	8	6	9	14	9	4	8	6	6	7	8	10	6	12	9	5	6	5	6	11	7	2	11	3	8	11	5	14	12	18	7	7	6	11	8	5	7	6	4	5	10	7	8	6	12	8	13	6	4	5	NA
18	15	4	5	11	4	3	9	8	10	10	12	7	4	NA	2	4	6	8	14	11	9	7	5	6	3	8	8	8	4	2	7	3	13	3	10	10	11	11	8	4	NA	6	4	7	8	9	9	7	12	7	10	13	14	5	6	7	8	5	9	7	10	8	8	10	6	4	6	7	10	8	3	15	2	8	12	8	15	13	21	10	7	7	12	11	8	6	6	8	8	7	8	7	5	10	8	14	10	7	7	NA
19	9	5	5	9	4	3	13	8	7	11	15	6	5	NA	5	4	4	7	17	10	8	10	4	7	3	8	6	10	3	4	10	5	20	3	7	10	13	13	11	6	NA	7	5	8	6	7	10	6	9	6	10	14	15	5	6	10	12	6	11	7	10	8	11	9	9	9	5	8	14	9	2	15	2	9	10	12	20	14	20	9	10	7	11	11	6	5	13	6	6	9	8	9	5	10	12	12	11	9	7	NA
20	12	4	6	10	4	2	17	8	10	11	14	11	6	NA	5	6	3	7	17	8	8	11	5	7	3	6	5	9	4	4	9	5	17	3	9	11	13	13	7	5	NA	7	7	7	7	9	11	4	10	6	14	14	17	9	6	14	11	7	8	8	10	8	13	6	9	14	9	9	11	9	2	18	2	10	13	13	19	14	21	14	7	7	12	14	6	5	16	5	8	13	10	7	7	14	9	14	9	6	8	NA
21	11	7	7	7	3	4	18	9	11	15	14	16	9	NA	4	6	7	9	17	9	9	9	6	6	6	5	5	8	3	6	15	5	18	3	11	18	13	13	7	8	NA	8	7	9	6	8	13	6	14	7	14	13	23	12	8	17	11	10	11	7	10	8	23	10	8	17	9	6	12	8	3	20	2	13	14	12	22	14	22	12	8	8	14	13	7	4	16	7	8	15	13	6	9	16	10	14	12	11	9	NA
22	11	7	9	12	5	3	18	12	16	18	13	13	15	NA	7	7	5	13	16	9	8	6	11	8	7	9	9	8	4	6	18	12	17	2	11	13	10	17	9	8	NA	8	9	9	4	6	11	7	12	9	17	16	22	10	7	24	14	7	10	8	14	6	22	10	7	16	6	7	12	17	3	23	4	10	20	18	24	21	22	12	9	10	15	17	10	7	12	8	10	11	13	7	11	19	15	10	8	12	12	NA
23	12	9	13	8	3	4	12	14	16	18	22	12	18	NA	6	7	6	11	17	10	7	9	12	6	9	8	9	10	7	7	18	13	18	3	8	16	8	14	12	8	NA	10	10	11	5	9	11	7	15	7	18	16	21	10	6	24	14	8	12	10	13	5	21	11	10	16	5	7	10	13	3	24	4	13	15	17	26	20	24	12	10	8	19	16	13	8	15	13	9	14	14	9	12	18	15	14	12	13	10	NA
24	12	9	11	17	4	4	14	15	15	17	20	15	16	NA	7	13	13	12	21	8	9	11	15	10	8	10	12	12	5	6	20	10	21	3	9	21	9	17	11	6	NA	12	13	9	5	14	17	10	20	11	17	14	24	8	9	22	12	8	13	8	11	5	22	14	10	16	6	6	15	17	3	28	4	15	15	16	27	21	20	15	9	7	20	15	8	9	11	13	12	19	12	10	12	21	18	13	17	13	10	NA
25	18	15	9	18	4	4	16	13	17	19	17	14	17	NA	10	15	12	15	24	12	12	11	16	10	11	13	13	19	6	5	19	11	21	5	8	18	10	19	9	7	NA	10	14	9	6	12	16	11	19	9	16	16	24	15	8	28	15	10	11	8	9	6	29	14	9	13	6	9	13	16	3	27	4	15	18	15	31	22	25	14	14	9	23	19	11	11	13	11	11	17	11	8	13	24	24	13	14	12	7	NA
26	15	11	13	22	4	3	20	17	13	20	21	15	15	NA	11	12	11	12	20	10	14	7	20	9	8	10	14	16	9	4	18	15	28	5	11	22	11	19	6	6	NA	9	12	11	6	12	19	11	22	11	16	25	28	15	8	31	14	10	16	10	19	5	29	14	10	13	7	11	8	15	3	29	4	23	20	22	36	22	27	18	12	14	24	21	12	14	12	9	14	20	13	9	15	26	20	14	15	16	10	NA
27	22	13	17	22	5	4	27	14	14	21	27	15	18	NA	13	13	10	10	32	15	11	11	18	12	12	9	16	17	8	6	25	15	26	4	14	22	9	21	9	8	NA	11	12	14	7	13	16	12	21	11	17	25	30	16	8	40	16	13	22	9	19	5	39	15	9	12	6	10	9	16	3	32	3	24	25	21	37	21	25	16	15	13	29	23	12	12	17	9	17	16	13	13	14	27	18	13	20	15	9	NA
28	32	12	19	25	5	4	22	18	11	29	28	20	22	NA	16	10	12	16	44	15	14	15	20	11	11	9	14	19	9	6	25	15	27	8	10	28	14	25	11	10	NA	7	13	16	8	12	18	7	19	12	18	21	31	19	8	43	18	10	18	8	15	9	44	13	13	15	7	14	12	15	3	32	6	19	27	24	41	25	28	17	20	13	23	25	10	10	17	9	15	17	14	12	21	31	21	12	17	15	10	NA
29	31	14	18	24	8	5	29	16	12	24	28	23	22	NA	20	12	11	18	37	19	19	15	24	11	9	10	17	22	11	6	21	15	34	6	11	30	13	25	12	10	NA	13	17	16	9	15	18	9	19	15	23	27	31	22	7	47	21	10	12	13	17	10	45	12	13	20	10	15	14	18	3	34	8	21	24	27	46	21	31	20	20	11	27	22	14	9	21	13	18	18	20	12	26	37	22	15	17	19	11	NA
30	22	15	18	26	5	3	28	22	11	23	35	22	24	NA	20	18	15	17	33	20	19	19	23	13	12	10	18	23	7	7	27	16	30	6	14	33	11	27	9	9	NA	13	16	21	9	22	21	12	20	16	24	29	36	22	8	45	25	11	19	13	21	14	46	15	17	20	10	14	11	19	5	38	10	24	25	29	39	27	38	19	22	12	30	20	15	17	25	10	14	21	23	14	32	38	22	15	22	18	10	NA
31	23	14	24	35	4	5	28	27	16	31	30	23	28	NA	20	15	19	21	29	18	20	22	23	13	13	10	12	24	8	7	30	15	27	7	14	34	13	28	10	14	NA	9	18	24	11	19	20	11	29	19	25	28	34	21	10	45	25	11	23	19	18	10	47	18	19	26	12	14	16	25	4	42	9	29	32	28	46	28	41	15	19	13	26	28	15	19	21	18	15	28	22	18	35	36	24	10	27	16	13	NA
32	26	15	29	35	5	6	32	23	19	34	40	35	34	NA	18	20	18	23	31	17	22	26	24	17	19	12	14	25	9	6	28	22	29	8	16	31	14	24	13	12	NA	9	17	18	11	20	21	14	30	15	29	32	33	30	12	52	22	15	18	16	20	14	65	16	18	29	13	16	19	24	3	40	10	40	41	30	47	28	42	16	22	16	32	35	15	19	21	18	19	25	25	13	38	47	27	14	22	20	13	NA
33	28	17	33	36	7	6	36	26	14	33	48	28	32	NA	20	19	26	20	42	17	19	18	28	17	17	10	19	25	11	8	31	26	38	7	16	35	11	24	18	14	NA	12	17	24	11	21	27	20	23	14	26	37	35	32	12	59	25	12	19	17	16	16	61	22	23	24	13	14	17	29	6	43	12	40	53	39	45	28	50	22	23	17	34	35	16	20	24	17	17	24	23	17	43	50	41	13	22	16	17	NA
34	36	17	37	34	7	7	44	29	18	32	46	32	35	NA	25	19	30	23	53	22	20	17	23	16	17	13	21	24	10	6	38	27	49	12	20	40	16	26	17	18	NA	12	18	23	13	22	34	15	24	18	29	36	41	34	14	59	30	15	22	23	19	20	61	22	23	26	14	17	12	31	9	39	18	40	54	48	51	30	55	17	23	17	37	35	20	29	28	18	20	22	27	15	49	49	42	16	20	19	20	NA
35	37	20	37	38	7	9	40	35	23	36	44	31	28	NA	26	25	31	23	48	22	25	17	28	17	26	13	21	28	11	7	41	30	60	14	20	36	21	32	20	18	NA	13	22	21	18	30	34	17	23	18	32	42	50	37	12	69	34	18	18	23	23	20	72	21	24	24	13	18	11	26	8	40	16	33	45	49	61	32	53	22	23	18	38	40	20	27	29	18	23	24	34	20	52	53	40	19	21	15	22	NA
36	33	20	37	39	5	11	44	38	25	35	47	31	33	NA	27	18	28	30	49	27	27	18	25	17	22	20	23	27	15	8	38	28	53	18	26	37	22	24	21	23	NA	12	27	24	17	30	38	21	25	20	34	46	49	36	15	67	28	16	24	23	28	23	79	18	21	22	10	21	15	21	8	51	19	39	63	43	70	38	64	25	22	24	35	34	16	28	35	18	23	23	33	18	55	53	48	27	25	20	25	NA
37	38	24	38	46	4	13	44	36	18	33	49	32	36	NA	26	17	31	34	48	38	29	19	26	21	28	21	22	26	17	9	38	28	55	17	25	41	18	31	18	28	NA	10	26	34	24	41	40	28	28	19	38	53	47	48	17	72	31	19	25	30	29	17	75	22	29	20	14	21	17	28	8	48	19	45	64	58	64	39	69	33	28	32	29	32	21	28	33	17	25	26	33	18	54	55	48	27	23	27	25	NA
38	42	26	32	44	3	13	47	37	27	40	59	38	45	NA	34	17	33	34	41	31	32	22	30	18	27	27	26	19	13	9	40	40	54	17	29	47	19	38	18	28	NA	9	22	37	21	52	39	33	22	19	42	53	49	46	23	77	44	18	29	24	28	21	74	24	26	22	18	24	18	25	11	46	24	51	59	60	67	40	76	34	31	27	41	37	22	33	33	14	26	30	41	18	63	50	56	28	27	26	26	NA
39	49	26	41	52	5	12	44	40	36	50	73	45	48	NA	31	24	40	36	48	39	28	28	31	21	25	29	28	22	15	11	39	40	62	17	30	54	22	36	23	34	NA	14	26	37	24	52	39	30	29	20	46	51	56	47	20	78	50	23	28	25	32	27	84	24	29	29	17	24	17	33	9	60	28	59	57	53	79	42	90	36	36	30	53	43	21	33	29	13	25	28	38	21	71	49	56	33	25	26	30	NA
40	49	32	38	60	5	14	47	42	40	55	67	56	50	NA	28	23	47	34	55	31	31	27	29	26	30	34	32	26	14	12	53	41	71	19	32	68	18	33	19	34	NA	14	21	32	28	52	43	30	32	22	60	61	60	49	22	70	50	23	28	30	33	27	91	30	23	36	18	28	22	42	11	74	34	57	56	56	88	57	98	34	35	28	57	41	21	32	34	20	29	28	38	18	67	47	65	35	31	24	33	NA
41	60	27	47	65	7	14	49	39	40	57	67	65	59	NA	34	27	46	42	58	37	30	30	26	33	31	30	31	24	15	14	57	36	79	22	36	74	22	38	17	34	NA	19	26	36	26	46	53	29	36	26	56	59	77	49	26	74	59	24	31	36	41	35	118	30	25	42	22	28	21	39	10	73	32	62	63	60	101	64	104	36	36	30	59	49	20	28	44	21	35	29	39	21	78	56	79	32	35	24	32	NA
42	62	24	51	77	8	16	49	50	42	56	83	60	65	NA	37	26	48	41	60	42	39	30	28	24	33	36	29	28	16	12	69	38	81	21	38	80	24	53	16	41	NA	20	36	32	28	59	54	37	43	25	57	66	74	60	24	93	67	23	45	33	41	27	117	29	26	45	22	33	31	35	9	72	30	69	59	71	112	65	107	45	45	33	74	56	23	31	45	20	31	34	42	28	87	75	81	35	37	28	35	NA
43	74	30	53	72	10	18	56	53	38	59	98	67	67	NA	39	32	53	43	72	41	36	33	31	37	32	39	33	31	17	14	58	40	87	20	42	85	27	52	19	37	NA	18	34	41	35	59	57	41	43	27	56	61	67	72	23	92	67	27	40	39	48	29	114	33	28	46	21	34	29	38	8	80	29	67	55	80	116	67	129	48	42	35	68	58	23	38	45	19	32	38	45	32	85	76	85	38	31	29	39	NA
44	70	25	56	70	9	24	62	62	52	66	101	68	75	NA	45	32	57	44	77	45	39	36	33	37	35	37	37	36	19	13	67	51	92	25	42	96	32	70	31	42	NA	20	38	44	38	62	67	55	40	27	62	67	57	73	18	97	65	26	37	36	46	31	116	27	32	50	18	37	33	40	8	90	31	69	63	86	112	72	138	46	43	36	80	63	26	41	49	19	39	40	53	31	93	82	95	35	37	29	42	NA
45	72	27	61	77	10	22	68	62	54	67	113	65	82	NA	49	32	63	41	85	53	46	37	29	24	42	35	39	41	15	13	77	49	89	26	46	86	25	79	32	36	NA	20	41	48	33	61	75	54	45	27	66	72	78	69	26	109	68	29	40	39	42	34	109	29	29	59	19	35	30	51	8	90	36	78	77	90	116	69	149	55	48	39	83	72	28	43	50	19	41	38	62	34	94	83	99	34	42	32	52	NA
46	79	34	64	79	10	30	85	66	52	70	114	70	84	NA	56	28	64	46	93	55	49	45	32	26	40	42	42	34	19	14	80	48	103	33	57	99	24	78	42	45	NA	24	43	51	37	67	79	54	49	28	71	81	73	72	28	113	69	34	51	43	40	33	115	38	29	60	24	37	24	53	16	106	38	81	98	97	140	70	153	66	52	34	85	76	24	45	43	17	41	44	60	36	114	88	117	37	42	35	50	NA
47	85	36	71	81	10	32	91	72	52	78	105	81	97	NA	57	38	69	54	93	56	54	45	32	32	43	53	44	37	19	16	74	51	119	36	53	109	29	83	41	43	NA	23	47	57	38	75	79	58	57	30	84	89	72	81	37	127	78	33	49	48	49	29	133	47	28	63	23	43	33	56	18	121	46	98	96	114	148	81	164	71	56	41	83	72	27	39	51	29	56	40	83	42	114	92	110	38	39	40	54	NA
48	91	38	76	97	9	36	106	81	53	87	115	97	96	NA	55	47	79	51	97	55	59	58	34	38	45	46	50	38	20	16	90	56	120	39	58	93	27	84	40	52	NA	24	45	61	40	72	81	60	63	29	99	98	78	88	40	136	110	31	49	57	52	31	139	49	27	67	26	50	35	63	24	115	51	108	93	108	183	78	190	69	57	45	82	86	25	45	65	35	56	47	87	42	116	90	126	51	42	47	57	NA
49	92	35	79	107	11	38	109	93	62	87	126	88	116	NA	52	57	87	63	108	54	67	52	41	45	45	61	59	38	19	16	95	52	128	39	64	96	32	84	38	54	NA	25	52	64	44	81	94	60	66	37	95	98	81	100	42	142	122	37	54	73	60	39	147	51	35	67	32	53	42	64	22	112	59	119	114	108	193	97	199	73	63	51	102	98	33	54	64	34	71	48	88	40	120	107	117	58	41	45	58	NA
50	99	37	84	130	12	43	112	105	69	96	152	106	118	NA	61	61	85	56	120	62	62	58	40	48	48	70	59	39	20	18	104	55	144	44	68	103	39	96	42	67	NA	27	55	62	47	92	95	67	71	38	112	104	87	102	41	160	122	44	69	73	67	44	158	47	37	80	36	52	47	76	25	144	65	122	107	113	207	106	214	72	70	65	118	101	32	53	70	35	70	46	94	46	133	115	136	67	43	45	64	NA
51	104	36	89	140	15	42	119	111	76	96	155	110	134	NA	61	59	91	72	129	68	63	53	41	56	47	75	61	48	29	25	109	61	159	40	66	121	43	87	43	81	NA	36	58	69	47	98	112	69	80	34	112	113	114	121	34	167	128	43	78	69	75	53	175	50	40	80	34	52	44	85	23	161	77	118	117	123	217	120	225	77	82	71	117	96	31	72	76	38	67	52	94	40	148	120	143	64	43	50	72	NA
52	115	48	97	143	18	54	127	123	80	112	147	115	136	NA	63	57	103	76	141	66	76	70	39	64	62	81	62	56	34	20	114	64	165	39	76	134	42	93	50	80	NA	35	62	82	51	105	116	68	84	41	119	109	111	110	43	170	113	38	82	71	76	61	177	58	45	73	38	51	49	82	29	165	67	124	109	128	236	123	238	88	88	79	119	111	41	75	86	48	66	52	107	38	157	123	156	63	53	51	76	NA
53	128	50	107	164	17	60	127	120	88	119	154	110	158	NA	66	59	100	81	145	74	74	68	35	58	69	75	65	58	35	21	117	65	165	40	76	138	43	99	51	83	NA	37	68	78	61	105	116	80	81	37	130	118	125	134	43	185	127	45	88	89	86	62	199	60	53	86	47	47	65	90	24	165	64	139	118	131	236	136	256	95	87	77	131	124	44	82	90	45	89	63	125	44	157	136	163	62	60	50	67	NA
54	137	50	123	159	14	64	148	133	96	135	177	125	156	NA	71	62	108	90	166	75	79	80	35	58	63	100	63	57	29	26	114	73	165	51	81	145	45	121	53	77	NA	35	73	78	62	116	125	79	107	37	150	124	139	144	46	197	131	44	89	90	86	58	204	56	62	88	47	60	65	108	32	172	82	150	130	146	242	148	271	99	90	81	137	128	46	83	94	47	88	60	126	41	162	134	173	63	64	51	74	NA
55	144	65	126	172	16	66	159	134	110	149	188	131	167	NA	73	67	131	100	175	71	87	82	43	55	65	104	70	64	34	25	128	78	164	55	81	171	52	119	52	82	NA	47	68	83	64	124	129	81	121	45	159	116	149	135	48	203	145	43	86	87	96	53	243	65	60	93	54	56	66	102	30	186	90	156	140	166	252	147	286	119	99	87	151	123	51	83	98	53	97	64	134	47	179	155	193	69	56	54	74	NA
56	147	61	138	183	18	62	181	134	122	161	207	141	188	NA	80	71	146	109	189	78	87	80	45	61	76	116	75	69	40	28	145	85	186	62	100	187	59	135	56	78	NA	47	72	96	62	126	142	95	124	47	154	132	150	155	62	200	153	48	88	94	102	64	249	75	61	115	50	63	71	123	35	197	96	178	152	165	260	158	305	124	107	83	168	131	58	90	102	44	94	61	152	62	205	162	195	62	68	56	80	NA
57	155	64	147	193	25	75	180	145	123	169	208	158	205	NA	93	76	140	116	196	93	98	85	46	75	76	110	80	74	45	28	154	100	216	70	111	188	64	142	60	81	NA	61	83	92	76	135	152	87	135	53	154	140	148	180	67	211	160	53	93	92	126	71	287	74	61	126	50	64	70	135	47	216	103	200	152	190	278	161	290	136	123	97	166	141	64	95	111	47	111	75	163	68	221	188	189	64	69	59	87	NA
58	171	65	146	202	26	69	182	177	128	189	222	159	220	NA	112	83	165	122	215	97	102	106	54	81	83	117	93	70	41	23	159	100	248	71	110	179	70	139	70	84	NA	64	99	98	86	154	169	90	140	46	182	161	163	188	66	225	182	59	109	103	124	77	301	86	66	144	54	77	71	141	49	241	112	215	153	191	308	171	336	144	118	107	187	150	59	104	116	53	100	80	181	73	229	184	207	73	79	55	93	NA
59	199	79	145	216	27	90	193	181	113	197	221	160	237	NA	105	79	192	121	241	115	103	107	67	80	107	152	98	69	41	28	167	110	252	68	124	213	70	146	83	100	NA	61	103	111	87	133	186	98	154	45	192	162	186	191	72	251	191	65	116	102	133	80	317	98	72	136	59	79	78	137	51	271	131	232	189	203	350	179	355	171	125	105	198	152	66	118	122	51	100	89	182	71	248	209	220	76	76	66	101	NA
60	209	79	157	228	28	91	201	176	132	203	241	162	254	NA	109	79	202	127	249	118	112	111	72	88	106	171	107	78	47	27	167	123	269	70	128	241	67	152	81	101	NA	66	113	103	106	160	211	102	152	60	212	169	190	224	68	262	194	74	135	130	132	96	342	91	72	149	62	95	82	154	57	278	132	223	191	218	347	182	379	183	129	106	218	178	65	127	132	54	123	102	179	78	256	202	237	85	77	57	100	NA
61	223	87	178	260	27	91	229	188	144	206	255	171	274	NA	112	92	215	139	253	128	122	123	73	97	112	173	116	84	50	28	181	120	277	73	135	237	73	160	94	115	NA	66	114	104	105	165	212	116	176	64	230	177	187	218	81	293	183	81	158	133	131	107	354	97	78	162	63	96	85	160	61	275	150	258	204	223	358	196	406	192	154	107	228	210	67	135	140	57	147	108	191	85	283	226	254	93	80	65	109	NA
62	226	91	196	277	23	100	244	207	153	228	276	191	303	NA	109	109	240	156	270	121	131	149	71	98	122	188	128	82	47	32	197	127	290	82	145	246	77	170	93	122	NA	70	123	114	121	179	211	131	184	67	239	196	212	237	83	309	224	79	155	138	153	112	397	99	87	176	63	99	96	181	72	280	175	258	238	256	401	202	428	197	154	120	258	224	68	146	176	58	135	98	193	87	289	229	269	101	85	82	114	NA
63	244	90	228	294	25	99	251	194	158	233	307	211	317	NA	119	119	249	182	280	134	128	153	74	113	140	195	138	87	54	36	218	131	337	84	152	289	80	178	92	121	NA	78	142	122	121	192	242	140	209	67	258	214	227	256	86	325	226	78	158	165	171	114	425	110	94	176	78	100	98	198	73	296	181	268	251	272	419	219	460	207	175	140	293	222	69	151	187	60	151	112	221	83	324	243	289	101	92	84	120	NA
64	246	96	241	317	30	106	252	217	166	255	316	220	354	NA	122	113	260	223	301	144	151	163	85	110	144	211	137	97	53	36	227	126	355	80	163	290	88	177	78	126	NA	86	140	126	136	204	273	147	222	73	259	216	260	266	84	352	254	94	162	173	183	119	441	105	101	174	77	119	99	201	77	304	185	301	259	314	461	252	481	223	160	135	291	246	76	157	183	66	157	119	229	95	334	268	330	105	103	85	122	NA
65	268	116	251	340	38	116	298	211	185	255	338	238	370	NA	143	132	269	227	325	161	156	170	89	126	160	221	143	102	59	34	256	158	371	87	162	316	95	197	93	136	NA	100	158	140	147	211	291	158	226	74	269	248	284	285	92	396	271	91	168	177	187	126	449	117	89	202	78	112	112	214	91	310	211	317	305	321	482	250	516	213	199	128	312	271	84	184	183	59	171	124	251	112	364	282	340	111	107	85	144	NA
66	296	126	269	347	44	130	322	239	196	267	331	241	376	NA	149	146	292	231	330	166	156	170	98	135	169	242	156	101	64	38	268	169	396	94	179	320	111	212	101	148	NA	103	178	152	144	220	324	178	238	76	284	249	294	301	99	414	276	97	177	173	192	142	465	127	93	210	83	101	125	216	99	345	223	343	304	326	497	266	536	242	211	128	318	291	94	195	204	73	162	140	257	120	393	303	360	112	113	95	156	NA
67	311	147	271	372	43	131	333	266	217	285	366	258	413	NA	151	159	320	251	372	183	156	183	107	147	174	260	178	111	73	40	274	165	424	107	194	336	118	217	110	159	NA	116	169	184	156	239	331	181	242	80	340	264	302	329	107	452	285	102	181	192	203	155	513	126	110	232	93	115	137	230	108	365	257	350	330	370	528	290	589	286	229	148	341	283	97	196	210	82	184	155	279	125	411	325	374	122	118	108	164	NA
68	325	159	299	407	51	141	355	276	238	316	408	302	430	NA	174	174	329	259	400	189	159	187	109	164	168	270	165	115	75	43	288	173	462	109	211	363	121	223	106	174	NA	113	188	187	166	262	337	188	243	86	372	287	322	327	112	457	309	119	201	201	218	171	539	142	116	247	110	111	135	251	114	393	250	382	352	402	586	290	592	304	236	163	376	302	116	214	230	82	182	179	307	133	429	323	412	138	127	101	171	NA
69	353	150	303	422	48	134	381	294	238	349	433	310	465	NA	169	183	379	266	408	205	193	191	117	173	208	302	176	128	76	42	319	208	481	113	231	372	125	259	119	186	NA	128	196	184	183	277	323	199	277	99	403	302	336	348	122	469	332	117	228	221	227	176	587	165	123	239	111	129	133	271	117	414	242	406	347	413	646	321	619	325	264	163	370	320	115	227	246	89	197	180	322	141	409	332	425	132	136	123	177	NA
70	385	164	331	456	58	143	380	299	264	371	477	339	494	NA	183	174	416	286	434	225	208	226	124	177	219	313	198	132	95	47	346	217	515	116	267	402	133	263	134	187	NA	136	193	205	193	296	357	222	306	115	384	342	372	376	129	505	367	126	248	217	225	182	620	161	138	239	138	140	148	302	129	411	263	442	379	422	673	345	697	344	277	179	372	334	122	238	274	86	226	192	333	142	444	356	443	136	151	131	182	NA
71	397	158	361	490	59	151	409	310	292	369	482	347	520	NA	202	205	411	326	465	256	223	259	129	177	228	316	213	128	100	55	370	233	551	121	277	464	148	287	149	192	NA	138	211	223	189	312	385	236	322	126	417	366	385	402	136	544	382	146	261	214	251	214	681	167	144	255	146	163	151	323	137	472	285	468	405	457	717	356	752	374	288	192	390	336	131	261	274	94	233	210	377	153	486	390	466	141	171	145	187	NA
72	412	170	372	505	65	173	458	322	328	414	500	398	542	NA	196	204	454	331	452	282	249	297	124	182	257	346	222	147	100	55	415	260	617	123	271	487	167	303	152	202	NA	159	234	237	220	327	401	241	351	122	450	396	412	447	151	557	396	150	272	231	260	237	717	181	153	253	150	168	173	338	143	478	328	495	414	487	762	373	785	364	289	212	431	347	148	291	310	102	263	224	394	155	522	406	528	156	179	155	202	NA
73	446	180	379	531	69	176	462	353	379	438	541	399	575	NA	198	219	491	358	516	299	274	297	135	204	263	380	227	160	106	50	450	264	592	125	275	497	167	311	157	218	NA	172	239	258	254	363	428	255	383	128	476	418	428	470	159	597	418	170	296	252	285	248	757	191	172	295	156	173	177	344	157	516	358	506	449	523	796	408	878	418	326	226	502	380	168	296	344	103	265	232	436	167	548	436	558	178	178	175	219	NA
74	454	205	400	572	76	188	512	374	380	480	557	433	604	NA	231	239	500	355	581	308	273	302	139	216	267	400	242	176	108	55	470	270	612	146	298	514	187	314	174	222	NA	184	254	263	249	376	463	281	419	143	506	446	448	496	167	649	434	180	313	282	315	305	782	179	198	308	165	166	202	351	158	535	371	546	484	558	863	437	919	424	341	246	550	385	171	324	386	105	310	247	471	173	568	456	595	190	202	178	232	NA
75	459	223	423	614	81	193	530	394	426	515	633	442	648	NA	245	243	537	372	596	325	291	336	128	241	284	443	254	174	109	56	510	281	675	159	328	545	204	321	174	242	NA	196	272	284	237	414	490	304	444	137	544	447	488	526	158	666	460	181	310	294	339	300	860	202	208	339	176	189	208	379	157	567	393	583	521	578	920	443	944	447	378	271	534	403	177	347	387	114	321	274	496	193	622	467	617	214	213	198	229	NA
76	493	239	458	633	83	216	567	411	432	536	663	460	703	NA	244	275	547	412	622	333	297	346	159	260	303	505	279	195	123	57	523	270	748	167	360	602	226	338	211	266	NA	215	310	311	258	426	536	311	464	144	587	475	531	569	171	724	469	192	355	305	352	326	884	211	202	367	183	212	220	426	169	589	420	616	539	630	942	470	984	471	400	273	565	466	181	356	415	124	316	290	528	205	658	495	648	234	237	191	234	NA
77	522	250	478	665	87	216	595	444	469	576	682	498	767	NA	252	289	582	454	639	346	304	360	176	275	338	513	292	195	144	63	564	287	787	156	382	636	227	356	221	285	NA	222	321	332	273	437	551	352	488	162	628	508	574	614	190	766	510	205	401	318	379	360	920	243	222	388	191	221	255	454	192	634	446	632	565	691	1030	486	1024	529	421	292	598	499	197	382	449	130	332	306	549	210	748	532	686	235	269	206	247	NA
78	551	261	503	732	106	238	619	454	511	608	763	511	827	NA	269	315	600	491	715	370	331	390	185	315	361	552	321	192	159	72	584	317	876	172	410	667	230	403	226	305	NA	218	378	350	315	473	586	385	520	171	639	536	600	645	190	809	561	215	426	337	391	394	944	250	241	435	203	245	264	484	218	661	518	683	604	699	1100	527	1097	542	426	307	678	551	217	422	485	143	360	308	559	230	789	568	721	253	282	219	286	NA
79	634	273	507	756	102	232	690	504	526	626	775	536	858	NA	285	308	652	538	758	391	368	407	195	333	402	594	350	212	160	82	658	353	910	183	436	707	242	411	235	338	NA	228	388	390	341	512	600	393	568	188	684	579	653	710	209	850	563	227	440	383	420	406	1018	272	257	468	219	262	264	495	227	712	551	727	645	727	1164	556	1148	565	442	336	685	554	234	440	518	158	409	339	592	254	834	608	787	259	290	240	299	NA
80	633	264	541	823	122	247	744	532	599	689	839	590	919	NA	320	342	691	572	822	401	395	441	199	343	418	646	356	232	170	81	693	368	976	192	455	731	249	428	268	356	NA	247	407	430	375	546	652	412	616	194	732	608	687	769	242	863	607	247	445	385	444	419	1100	286	266	489	221	289	279	530	244	799	558	804	678	748	1195	602	1202	589	474	352	709	596	249	475	546	165	438	351	638	244	834	636	836	272	332	248	330	NA
81	693	286	593	855	140	277	774	561	634	746	904	647	939	NA	346	371	765	595	870	442	415	470	205	361	445	677	387	239	165	92	735	380	1011	213	500	789	254	460	270	372	NA	273	414	455	378	593	699	438	665	216	809	651	728	757	268	940	640	258	481	427	458	456	1167	317	294	499	228	292	304	563	260	831	575	820	712	776	1248	625	1302	638	516	380	765	636	275	487	568	176	436	363	672	266	871	675	866	297	337	277	344	NA
82	702	325	640	906	150	279	770	610	698	768	956	662	957	NA	367	393	814	634	907	468	447	490	224	412	485	738	391	273	166	96	784	387	1051	220	526	850	282	489	275	395	NA	307	446	501	396	620	777	465	717	219	849	669	760	812	272	985	689	283	505	446	474	496	1263	328	322	529	241	302	310	614	282	870	625	848	754	870	1313	684	1351	641	561	422	790	657	276	508	589	199	463	396	710	279	915	734	918	320	361	307	343	NA
83	759	327	661	934	170	292	809	641	766	821	1016	690	1036	NA	380	416	851	655	981	489	472	506	213	409	507	776	403	287	197	104	797	409	1101	242	556	887	306	532	282	423	NA	306	458	540	392	643	808	511	749	235	852	709	818	868	279	1068	732	300	554	475	485	543	1326	351	330	564	268	310	332	639	290	913	685	912	831	919	1379	696	1475	682	609	414	859	680	292	561	647	183	495	431	773	292	1019	773	970	352	392	323	390	NA
84	781	358	716	1002	173	314	873	687	807	865	1082	768	1122	NA	411	465	862	687	1035	505	495	557	229	461	528	825	439	305	204	92	863	426	1136	250	577	936	339	536	304	438	NA	319	505	570	430	675	837	532	780	254	874	767	885	925	292	1142	755	323	584	495	519	550	1399	409	336	617	265	308	335	684	286	980	749	971	912	990	1466	739	1522	774	605	441	896	738	315	592	679	185	529	488	818	313	1092	801	1059	395	420	350	401	NA
85	820	389	751	1056	185	336	964	727	841	923	1140	816	1098	NA	422	468	909	735	1081	524	536	598	245	484	551	849	473	345	216	89	885	443	1235	265	612	1010	358	562	318	464	NA	331	534	601	445	723	867	584	825	294	942	807	964	1023	319	1140	810	337	653	486	532	587	1437	430	374	669	288	330	367	689	305	1023	793	1051	983	1079	1558	833	1594	817	631	479	946	768	337	630	715	200	591	506	866	333	1190	856	1107	396	459	360	441	NA
86	888	405	796	1114	195	352	1009	750	918	953	1246	820	1176	NA	457	494	1006	785	1133	539	551	675	276	513	564	862	507	355	236	95	957	470	1329	279	622	1055	355	594	354	504	NA	365	557	644	487	785	898	604	895	308	993	860	1009	1123	350	1183	853	353	675	527	568	626	1491	466	381	672	333	375	401	765	327	1149	825	1092	986	1163	1661	875	1627	858	683	483	1011	798	366	685	772	215	616	502	917	374	1246	930	1173	402	478	373	485	NA
87	938	436	822	1142	211	365	1061	760	952	1010	1287	853	1246	NA	479	557	1020	853	1202	565	587	665	290	551	601	934	543	388	274	115	997	475	1419	299	620	1081	379	626	390	536	NA	382	581	679	541	823	1001	676	978	323	1044	929	1051	1151	410	1293	937	379	723	531	597	664	1588	472	400	698	358	421	427	837	352	1209	850	1153	1043	1220	1737	963	1735	899	732	527	1079	889	410	697	814	234	648	562	964	385	1360	989	1234	432	507	398	493	NA
88	982	437	900	1242	228	371	1116	790	1003	1055	1340	873	1377	NA	512	571	1059	892	1229	638	624	709	288	582	685	987	575	385	284	119	1067	539	1493	329	673	1152	401	641	416	584	NA	420	637	703	561	887	1014	703	1053	299	1125	954	1123	1196	451	1375	976	411	754	580	652	685	1652	480	455	762	341	437	429	914	385	1248	884	1253	1148	1274	1815	1018	1850	958	791	564	1176	920	421	762	880	258	693	627	1004	404	1417	1047	1268	495	535	419	558	NA
89	1021	477	964	1302	251	400	1211	840	1104	1149	1382	939	1440	NA	517	634	1141	1021	1278	671	667	770	323	653	758	1051	582	401	303	119	1163	586	1578	360	741	1214	439	697	449	608	NA	447	672	747	575	961	1117	744	1090	325	1173	1009	1166	1206	468	1450	998	435	819	625	683	705	1757	519	488	796	377	447	454	960	391	1331	930	1278	1200	1295	1857	1045	1977	1007	825	601	1258	971	441	804	916	284	705	649	1053	444	1453	1065	1373	503	572	464	596	NA
90	1079	516	1010	1347	259	424	1282	875	1124	1248	1489	967	1515	NA	520	677	1163	1036	1357	715	652	766	334	646	809	1108	631	427	342	128	1226	629	1648	383	773	1264	473	765	485	647	NA	478	721	796	594	1010	1187	784	1128	362	1223	1069	1224	1260	503	1526	1050	487	879	657	732	778	1874	555	510	843	393	472	499	995	412	1423	991	1346	1245	1368	1967	1129	2054	1070	893	652	1324	1030	472	832	951	318	726	715	1111	494	1528	1135	1443	558	625	465	590	NA
91	1158	529	1029	1503	274	465	1373	913	1192	1308	1588	1053	1565	NA	549	763	1307	1085	1437	755	725	809	367	675	861	1196	672	474	357	146	1306	656	1689	393	837	1341	526	846	509	682	NA	512	764	860	637	1069	1254	825	1147	404	1287	1116	1315	1349	532	1585	1106	509	909	652	815	826	1994	583	536	899	446	497	527	1032	430	1501	1087	1452	1339	1445	2044	1227	2144	1137	938	679	1376	1077	493	887	982	359	796	729	1162	507	1673	1235	1561	558	640	497	650	NA
92	1190	574	1063	1590	297	483	1463	989	1232	1359	1703	1121	1611	NA	589	810	1391	1164	1500	799	780	851	391	767	901	1265	695	498	372	157	1401	682	1776	414	874	1448	551	889	524	741	NA	542	811	913	657	1158	1309	861	1240	438	1398	1178	1409	1416	574	1672	1177	525	960	710	840	882	2077	592	607	947	469	532	558	1084	468	1585	1143	1556	1418	1512	2063	1258	2212	1176	990	703	1470	1158	535	904	1073	371	893	780	1228	530	1789	1289	1646	589	698	525	673	NA
93	1244	598	1149	1699	297	517	1521	1037	1302	1391	1812	1202	1728	NA	649	832	1429	1204	1574	830	796	920	436	808	938	1331	750	520	408	151	1448	740	1858	430	941	1540	581	921	558	784	NA	586	862	968	724	1191	1381	906	1340	462	1507	1235	1447	1550	630	1749	1261	560	1016	790	924	922	2167	648	637	980	479	572	585	1165	501	1586	1257	1589	1516	1605	2200	1298	2290	1231	1012	769	1521	1234	570	1006	1108	374	928	832	1330	553	1860	1379	1681	650	687	547	714	NA
94	1318	661	1213	1751	315	537	1611	1116	1402	1459	1875	1273	1824	NA	688	895	1482	1228	1659	902	840	933	457	845	1008	1424	811	549	420	156	1489	747	1934	475	1003	1626	604	969	583	838	NA	629	919	1010	794	1288	1424	983	1361	493	1562	1301	1509	1634	637	1884	1323	596	1066	815	973	963	2319	691	676	1028	533	616	625	1240	536	1726	1299	1621	1653	1699	2359	1337	2417	1320	1038	797	1630	1306	594	1076	1177	397	955	912	1371	593	1974	1419	1780	679	734	558	763	NA
95	1429	689	1341	1763	344	575	1658	1164	1493	1536	1941	1362	1847	NA	706	930	1566	1281	1747	937	872	962	484	918	1072	1453	844	605	411	170	1568	784	2037	516	1048	1669	655	1041	620	908	NA	681	994	1049	832	1311	1464	1057	1436	518	1629	1368	1594	1728	700	2031	1376	647	1094	879	1050	1027	2409	740	687	1080	527	631	655	1268	559	1813	1310	1693	1733	1808	2436	1436	2531	1400	1090	847	1691	1412	639	1147	1274	421	1006	961	1471	610	2038	1489	1844	751	821	598	810	NA
96	1460	728	1400	1834	365	611	1751	1194	1569	1634	2011	1408	1901	NA	751	981	1624	1413	1825	995	939	1052	501	963	1150	1533	881	649	436	179	1671	842	2080	524	1085	1808	718	1072	686	977	NA	727	1040	1098	886	1377	1537	1102	1537	564	1673	1412	1672	1817	764	2101	1440	688	1159	931	1059	1090	2525	748	743	1161	571	690	694	1379	599	1888	1425	1773	1818	1919	2509	1493	2576	1472	1152	870	1770	1497	663	1186	1321	440	1031	1022	1556	653	2099	1548	1944	801	870	655	850	NA
97	1511	745	1487	1932	371	643	1826	1231	1666	1735	2152	1512	2091	NA	801	1015	1728	1498	1842	1085	975	1066	546	1006	1219	1637	936	661	444	191	1800	899	2214	570	1132	1853	777	1188	721	1034	NA	743	1144	1155	934	1472	1641	1150	1608	611	1776	1516	1746	1902	809	2207	1557	727	1230	996	1115	1172	2618	786	767	1252	596	770	732	1440	649	1971	1486	1858	1880	1978	2584	1591	2670	1499	1255	944	1814	1558	707	1227	1407	477	1112	1043	1664	688	2234	1643	2053	852	923	700	900	NA
98	1630	804	1594	2040	395	687	1948	1289	1697	1836	2275	1534	2187	NA	839	1122	1799	1547	1975	1112	1037	1081	612	1055	1315	1727	999	695	479	202	1831	954	2351	606	1179	1920	810	1306	743	1027	NA	810	1185	1232	980	1560	1739	1142	1750	599	1835	1616	1836	1965	863	2343	1592	779	1302	1023	1185	1256	2652	870	784	1295	626	796	783	1509	701	2005	1604	1973	2002	2036	2744	1727	2784	1598	1361	979	1943	1621	750	1312	1442	524	1218	1104	1719	724	2344	1752	2190	913	1001	715	964	NA
99	1694	853	1668	2110	423	733	2063	1371	1799	1911	2327	1633	2263	NA	867	1202	1945	1636	2083	1199	1108	1156	691	1150	1357	1816	1103	751	513	213	1931	1005	2429	645	1237	2027	855	1324	821	1114	NA	850	1230	1368	1004	1640	1862	1205	1817	633	1896	1674	1908	2101	934	2384	1679	805	1371	1083	1270	1339	2779	921	841	1395	690	815	821	1579	763	2053	1705	2082	2008	2141	2843	1849	2931	1714	1434	1061	1998	1658	795	1359	1464	569	1277	1171	1780	786	2416	1816	2301	978	1052	783	999	NA
100	1808	928	1737	2251	452	781	2145	1515	1914	2000	2406	1699	2370	NA	919	1263	2005	1717	2131	1269	1187	1210	712	1149	1452	1870	1131	775	540	236	2051	1076	2546	697	1324	2145	900	1390	840	1197	NA	878	1331	1421	1070	1688	1909	1302	1912	696	2009	1742	2020	2242	976	2385	1796	844	1457	1116	1373	1411	2856	971	921	1447	744	914	846	1673	835	2208	1729	2180	2120	2232	2892	1969	3038	1750	1470	1109	2161	1783	861	1428	1599	572	1305	1229	1859	843	2493	1915	2310	1028	1168	833	1054	NA
101	1875	992	1822	2365	487	838	2258	1591	2040	2135	2557	1816	2462	NA	961	1351	2124	1775	2259	1328	1243	1287	763	1250	1579	1913	1191	828	598	248	2175	1108	2722	737	1406	2243	941	1472	912	1259	NA	911	1436	1479	1107	1795	2055	1329	1954	734	2080	1804	2076	2301	1033	2497	1871	898	1547	1188	1441	1486	2934	1043	965	1504	754	948	849	1754	876	2358	1805	2288	2200	2386	2983	2060	3103	1851	1560	1201	2293	1852	921	1511	1697	602	1328	1317	1951	919	2560	1992	2419	1071	1215	888	1095	NA
102	1988	1013	1875	2441	524	894	2412	1673	2151	2221	2629	1914	2602	NA	1020	1401	2243	1828	2382	1427	1275	1377	788	1303	1623	2024	1259	853	637	264	2269	1157	2783	777	1438	2318	988	1549	960	1304	NA	963	1518	1564	1213	1843	2154	1402	2048	767	2180	1928	2201	2434	1090	2592	1966	947	1584	1242	1486	1611	3011	1119	1005	1534	805	986	948	1844	908	2434	1881	2349	2312	2427	3009	2035	3205	1914	1617	1254	2407	1973	943	1597	1785	670	1447	1375	2045	954	2649	2047	2520	1130	1258	935	1170	NA
103	2064	1062	1937	2469	539	952	2473	1772	2164	2290	2734	1927	2677	NA	1060	1460	2336	1937	2486	1534	1364	1462	824	1370	1721	2158	1330	893	640	289	2355	1216	2894	822	1536	2382	1025	1602	1017	1375	NA	1045	1560	1668	1260	1942	2128	1466	2134	803	2170	2021	2251	2569	1182	2727	2036	1029	1653	1292	1589	1652	3123	1180	1061	1621	901	1007	980	1856	989	2556	1974	2476	2419	2493	3086	2128	3279	2007	1708	1291	2493	2053	993	1655	1874	701	1555	1439	2154	988	2782	2176	2651	1202	1276	957	1263	NA
104	2137	1136	2037	2672	579	966	2576	1868	2245	2352	2804	2062	2762	NA	1110	1567	2408	2047	2580	1589	1451	1521	864	1443	1836	2229	1421	962	698	298	2515	1265	2974	907	1593	2501	1117	1685	1090	1470	NA	1089	1660	1762	1324	2025	2230	1573	2212	859	2277	2118	2322	2705	1250	2856	2167	1046	1779	1356	1672	1772	3152	1190	1154	1702	944	1089	1036	1941	1063	2668	2055	2537	2494	2608	3207	2203	3337	2079	1845	1436	2551	2159	1038	1758	1935	749	1618	1523	2154	1018	2841	2232	2693	1263	1403	983	1329	NA
105	2233	1197	2160	2768	615	1044	2628	1949	2360	2489	2917	2148	2851	NA	1160	1647	2494	2091	2603	1640	1537	1653	938	1534	1913	2374	1503	1008	777	316	2611	1361	3027	945	1689	2624	1190	1816	1121	1519	NA	1137	1737	1826	1384	2082	2315	1618	2259	916	2368	2189	2422	2805	1321	2948	2279	1063	1823	1440	1780	1837	3256	1232	1208	1793	946	1186	1065	2028	1082	2761	2120	2591	2576	2741	3255	2308	3382	2183	1920	1522	2644	2206	1084	1838	2040	805	1695	1603	2265	1063	2930	2373	2757	1341	1484	1048	1370	NA
106	2311	1274	2219	2844	634	1068	2757	1983	2517	2610	2932	2262	2925	NA	1285	1745	2633	2210	2710	1744	1621	1723	1009	1550	2020	2437	1571	1088	818	329	2681	1432	3125	1017	1756	2747	1218	1907	1192	1582	NA	1165	1790	1896	1501	2171	2408	1663	2350	974	2464	2247	2489	2883	1414	3026	2384	1122	1942	1501	1830	1877	3343	1339	1278	1907	1000	1263	1114	2114	1177	2838	2269	2733	2659	2775	3265	2384	3444	2270	1943	1610	2761	2297	1165	1996	2114	894	1786	1658	2424	1182	3055	2467	2885	1366	1573	1131	1447	NA
107	2457	1381	2279	2906	705	1130	2854	2069	2596	2705	2986	2356	3020	NA	1308	1808	2716	2287	2744	1834	1690	1748	1085	1599	2122	2510	1632	1102	828	340	2744	1497	3173	1103	1775	2824	1299	1975	1262	1708	NA	1202	1893	2019	1561	2276	2514	1778	2440	1007	2581	2318	2587	2969	1495	3082	2433	1197	2031	1539	1918	1988	3369	1402	1326	1959	1071	1325	1131	2190	1222	2964	2280	2845	2807	2827	3359	2471	3501	2346	2078	1734	2857	2407	1197	2010	2218	930	1887	1722	2530	1237	3173	2564	2923	1436	1664	1221	1527	NA
108	2508	1429	2402	2930	717	1168	2985	2166	2715	2787	3083	2409	3141	NA	1378	1878	2772	2424	2890	1921	1782	1828	1159	1680	2212	2627	1715	1250	875	389	2812	1567	3203	1120	1873	2897	1384	2062	1325	1812	NA	1301	1967	2049	1659	2419	2588	1807	2552	1070	2640	2428	2694	3038	1605	3160	2530	1253	2147	1654	2049	2076	3446	1496	1401	2059	1142	1382	1189	2338	1322	3058	2367	2868	2892	2936	3412	2593	3655	2441	2170	1822	2920	2465	1285	2028	2280	968	1968	1782	2662	1304	3252	2642	3034	1578	1724	1320	1557	NA
109	2611	1467	2518	3040	765	1239	3106	2272	2751	2914	3188	2507	3263	NA	1408	1993	2873	2517	2961	1948	1865	1876	1207	1807	2301	2726	1788	1311	894	400	2962	1688	3257	1178	1954	3082	1445	2143	1429	1849	NA	1360	2048	2135	1763	2549	2726	1882	2714	1129	2702	2547	2821	3208	1661	3248	2575	1336	2197	1711	2155	2181	3474	1557	1469	2146	1213	1414	1281	2441	1400	3098	2382	2993	2961	3085	3482	2682	3654	2568	2331	1954	3006	2552	1342	2212	2468	993	2034	1864	2741	1410	3328	2691	3159	1622	1830	1372	1659	NA
110	2685	1568	2596	3051	802	1263	3172	2354	2809	3052	3284	2597	3412	NA	1478	2070	2960	2678	3114	2050	1929	1959	1244	1913	2414	2815	1855	1352	928	436	3037	1795	3333	1295	2032	3080	1538	2188	1489	1966	NA	1413	2100	2210	1792	2702	2825	1995	2747	1207	2774	2655	2951	3280	1762	3283	2680	1386	2298	1842	2239	2282	3490	1644	1530	2257	1238	1487	1347	2504	1468	3136	2528	3141	2975	3126	3526	2816	3689	2638	2426	2045	3035	2662	1405	2273	2520	1072	2162	1948	2835	1467	3375	2772	3220	1690	1920	1465	1686	NA
111	2813	1638	2690	3101	866	1364	3319	2447	2874	3078	3357	2709	3429	NA	1557	2188	3071	2746	3141	2179	2046	2124	1261	2010	2522	2883	1946	1468	1022	456	3158	1878	3438	1330	2098	3227	1654	2271	1590	2080	NA	1515	2192	2315	1906	2709	2844	2111	2879	1220	2895	2784	2996	3340	1868	3390	2743	1499	2353	1938	2361	2309	3483	1823	1627	2327	1275	1571	1440	2600	1530	3284	2667	3235	3110	3282	3535	2881	3652	2695	2513	2118	3064	2754	1520	2329	2604	1131	2278	2062	2892	1577	3429	2868	3331	1734	1972	1588	1804	NA
112	2828	1770	2802	3218	928	1488	3288	2607	3014	3114	3483	2759	3495	NA	1683	2238	3237	2815	3192	2275	2143	2208	1349	2120	2529	2960	2038	1578	1050	481	3204	1955	3516	1344	2149	3272	1753	2396	1673	2164	NA	1593	2310	2451	2002	2798	2913	2222	2970	1290	2985	2887	3137	3384	1923	3418	2850	1572	2437	2024	2436	2433	3489	1902	1732	2435	1412	1598	1540	2723	1571	3305	2768	3316	3181	3337	3550	2921	3641	2780	2584	2299	3240	2921	1611	2416	2666	1182	2362	2177	2935	1677	3539	2938	3402	1828	2090	1674	1891	NA
113	2953	1843	2912	3252	969	1562	3340	2698	3093	3156	3430	2837	3546	NA	1766	2357	3282	2924	3160	2432	2303	2312	1413	2194	2701	3092	2102	1649	1106	510	3243	2051	3561	1439	2289	3369	1817	2509	1755	2334	NA	1674	2413	2481	2071	2857	3047	2281	3047	1376	3091	2948	3177	3495	2015	3408	2998	1666	2551	2110	2508	2504	3544	1960	1779	2505	1482	1709	1592	2737	1671	3327	2889	3379	3270	3314	3611	3022	3654	2880	2723	2355	3269	2983	1647	2513	2784	1255	2507	2233	3042	1777	3652	2986	3397	1830	2122	1776	2017	NA
114	3077	1959	2997	3409	1037	1575	3449	2767	3247	3308	3507	2954	3559	NA	1829	2532	3319	2963	3308	2463	2357	2418	1541	2258	2803	3150	2222	1715	1192	556	3332	2143	3684	1453	2406	3445	1906	2617	1838	2434	NA	1783	2506	2614	2187	2989	3106	2335	3117	1469	3154	3045	3282	3518	2148	3439	3051	1717	2606	2177	2657	2618	3626	2054	1854	2603	1560	1824	1658	2809	1742	3433	3000	3436	3343	3378	3625	3061	3612	3001	2820	2503	3358	3122	1719	2584	2855	1314	2600	2356	3054	1882	3588	3051	3471	1974	2264	1850	2067	NA
115	3201	2028	3043	3512	1103	1671	3484	2898	3332	3380	3563	3020	3590	NA	1912	2634	3394	3134	3318	2592	2388	2513	1638	2372	2836	3260	2341	1839	1263	584	3476	2220	3664	1560	2445	3499	2006	2691	1958	2520	NA	1872	2653	2687	2260	3121	3223	2418	3232	1560	3228	3086	3433	3640	2269	3516	3085	1763	2690	2226	2789	2707	3619	2120	1936	2694	1668	1950	1791	2937	1862	3480	3075	3474	3443	3429	3576	3186	3648	3098	2895	2579	3371	3197	1854	2631	2999	1357	2672	2483	3224	1933	3709	3102	3467	2073	2356	1894	2172	NA
116	3207	2120	3205	3530	1135	1735	3588	3024	3339	3398	3585	3021	3618	NA	1974	2675	3501	3208	3427	2715	2504	2651	1714	2450	2972	3314	2434	1856	1349	654	3503	2352	3675	1647	2561	3553	2112	2778	2034	2616	NA	1941	2740	2751	2369	3185	3323	2506	3323	1608	3189	3174	3514	3776	2332	3561	3101	1871	2831	2332	2851	2836	3512	2185	2030	2773	1744	2044	1838	2998	1960	3568	3176	3460	3512	3495	3537	3248	3596	3139	2953	2671	3431	3251	1970	2709	3054	1523	2736	2491	3286	2076	3646	3231	3549	2224	2542	1959	2269	NA
117	3225	2202	3278	3535	1167	1866	3595	3159	3384	3488	3577	3100	3674	NA	2056	2803	3555	3200	3450	2822	2615	2721	1781	2490	3079	3392	2476	1992	1405	681	3529	2517	3681	1725	2653	3638	2202	2845	2124	2704	NA	2024	2784	2771	2496	3274	3460	2578	3377	1668	3243	3203	3563	3834	2452	3570	3256	1935	2874	2344	2913	2927	3532	2266	2133	2866	1836	2122	1902	2998	2074	3677	3202	3498	3486	3494	3502	3356	3553	3178	3097	2858	3518	3359	2069	2858	3198	1570	2877	2552	3414	2142	3670	3271	3663	2320	2626	2072	2386	NA
118	3346	2343	3360	3538	1237	1944	3627	3264	3463	3505	3636	3245	3738	NA	2167	2932	3556	3252	3540	2872	2662	2855	1891	2572	3146	3439	2538	2093	1451	696	3612	2561	3635	1820	2784	3691	2332	2954	2228	2837	NA	2109	2909	2844	2565	3321	3457	2674	3407	1797	3313	3323	3601	3772	2599	3628	3261	1999	2937	2483	3012	3061	3512	2381	2265	2964	1920	2212	1923	3102	2169	3623	3184	3562	3535	3529	3422	3383	3535	3237	3120	2982	3543	3419	2149	3013	3234	1660	2906	2679	3477	2233	3626	3338	3647	2434	2738	2111	2481	NA
119	3432	2433	3491	3573	1315	2038	3627	3342	3508	3484	3702	3304	3760	NA	2257	2903	3619	3272	3521	3016	2870	2893	1999	2654	3314	3470	2664	2120	1569	763	3565	2655	3628	1826	2790	3645	2405	3097	2412	2869	NA	2238	2974	2997	2654	3376	3514	2784	3444	1875	3411	3431	3629	3777	2716	3641	3389	2100	3101	2579	3138	3073	3464	2500	2394	3076	2031	2338	1984	3212	2308	3673	3301	3605	3676	3631	3419	3395	3488	3301	3225	3063	3537	3435	2249	3081	3300	1748	2987	2751	3485	2357	3626	3427	3662	2543	2752	2212	2586	NA
120	3453	2502	3454	3520	1401	2064	3653	3405	3605	3533	3708	3241	3719	NA	2323	3015	3626	3419	3610	3056	2934	3030	2137	2738	3430	3487	2708	2235	1708	784	3654	2752	3591	1901	2884	3637	2475	3198	2496	2995	NA	2325	3104	3097	2802	3441	3453	2898	3463	1995	3466	3473	3681	3806	2766	3631	3422	2229	3188	2663	3208	3152	3440	2522	2469	3104	2142	2452	2085	3281	2384	3591	3425	3657	3646	3705	3329	3388	3337	3363	3328	3099	3552	3486	2353	3184	3297	1796	3149	2787	3562	2472	3595	3446	3677	2643	2833	2263	2555	NA
121	3533	2629	3503	3476	1485	2180	3694	3509	3713	3579	3657	3307	3685	NA	2493	3160	3709	3399	3581	3167	3079	3100	2225	2827	3469	3547	2826	2308	1788	829	3737	2805	3594	2019	2944	3662	2640	3242	2609	3123	NA	2408	3146	3199	2925	3451	3533	3040	3556	2154	3500	3529	3689	3836	2921	3533	3482	2326	3194	2720	3358	3313	3398	2575	2526	3195	2248	2535	2221	3397	2472	3595	3457	3657	3638	3650	3312	3478	3232	3438	3463	3219	3506	3598	2440	3188	3343	1898	3248	2938	3623	2649	3574	3452	3680	2692	3006	2327	2609	NA
122	3529	2761	3534	3476	1559	2280	3684	3597	3675	3521	3611	3406	3609	NA	2528	3214	3696	3444	3563	3227	3189	3178	2301	2911	3509	3485	2917	2355	1818	879	3700	2942	3576	2111	3055	3683	2698	3302	2671	3175	NA	2508	3174	3223	2954	3518	3539	3075	3507	2274	3463	3553	3665	3771	2969	3478	3548	2439	3272	2819	3418	3344	3319	2696	2654	3224	2352	2647	2311	3505	2553	3528	3516	3548	3667	3627	3288	3569	3128	3439	3482	3348	3519	3599	2540	3246	3404	2068	3281	3041	3611	2757	3517	3463	3680	2786	3060	2492	2749	NA
123	3615	2826	3619	3506	1633	2361	3658	3653	3710	3492	3600	3487	3608	NA	2598	3280	3717	3539	3489	3325	3266	3248	2422	2972	3525	3507	2982	2440	1898	920	3792	2913	3517	2162	3063	3630	2823	3431	2781	3334	NA	2633	3258	3277	3024	3594	3541	3161	3588	2302	3435	3632	3735	3823	3142	3427	3580	2536	3301	2918	3538	3386	3174	2811	2695	3285	2449	2754	2497	3509	2678	3451	3497	3523	3664	3535	3089	3604	3062	3550	3562	3354	3555	3595	2662	3322	3512	2090	3369	3025	3580	2808	3410	3508	3584	2869	3139	2584	2927	NA
124	3685	2940	3612	3485	1731	2451	3688	3682	3636	3573	3437	3518	3528	NA	2717	3480	3665	3499	3521	3403	3317	3287	2486	3044	3646	3516	3093	2563	1994	1011	3753	3024	3422	2271	3181	3585	2968	3457	2877	3400	NA	2787	3432	3312	3100	3589	3591	3203	3642	2376	3463	3622	3686	3652	3287	3432	3538	2631	3404	2963	3583	3342	3080	2930	2760	3344	2512	2865	2627	3470	2759	3468	3519	3493	3657	3575	3082	3597	2946	3593	3545	3390	3556	3598	2758	3449	3572	2185	3486	3124	3672	2880	3399	3510	3492	2962	3248	2698	2954	NA
125	3661	2914	3650	3457	1795	2598	3646	3666	3647	3578	3421	3499	3503	NA	2813	3516	3631	3513	3456	3506	3359	3391	2526	3199	3707	3542	3249	2665	2031	1055	3650	3080	3356	2396	3203	3563	3043	3485	2973	3377	NA	2845	3387	3382	3164	3653	3532	3243	3663	2450	3504	3645	3638	3586	3332	3418	3524	2688	3405	3098	3662	3399	2955	2946	2881	3439	2572	2945	2594	3543	2895	3414	3574	3513	3639	3525	2914	3621	2896	3578	3604	3451	3428	3579	2853	3453	3618	2289	3492	3257	3537	2979	3442	3567	3435	3001	3300	2860	3038	NA
126	3722	2985	3754	3433	1886	2658	3612	3638	3647	3512	3447	3504	3381	NA	2808	3554	3617	3533	3351	3498	3410	3450	2637	3252	3656	3568	3345	2792	2146	1117	3606	3168	3330	2521	3284	3505	3136	3591	3056	3563	NA	2877	3414	3508	3291	3665	3515	3300	3726	2609	3458	3620	3625	3488	3473	3357	3508	2903	3451	3087	3685	3542	2827	3050	3029	3417	2698	3001	2655	3595	2953	3373	3580	3459	3556	3501	2815	3604	2692	3554	3639	3626	3404	3590	2979	3497	3703	2377	3606	3314	3556	3065	3314	3516	3389	3108	3383	2939	3094	NA
127	3676	3057	3704	3426	1888	2709	3453	3641	3636	3488	3321	3443	3337	NA	2923	3622	3610	3488	3319	3572	3350	3575	2763	3338	3725	3545	3400	2856	2269	1192	3663	3214	3214	2623	3365	3454	3200	3592	3198	3623	NA	2975	3419	3542	3316	3622	3521	3355	3648	2745	3457	3581	3518	3447	3564	3175	3497	2909	3505	3185	3740	3574	2766	3152	3104	3555	2737	3085	2801	3704	3072	3294	3655	3413	3496	3505	2707	3535	2638	3569	3709	3644	3336	3531	3118	3576	3725	2496	3640	3356	3579	3183	3211	3498	3309	3184	3476	3124	3200	NA
128	3693	3121	3630	3375	2004	2887	3374	3742	3643	3407	3209	3498	3144	NA	3050	3585	3480	3499	3274	3594	3473	3543	2786	3407	3713	3532	3399	2937	2358	1211	3553	3384	3075	2708	3394	3400	3249	3663	3228	3592	NA	3080	3484	3586	3439	3546	3518	3371	3581	2897	3390	3616	3491	3381	3640	3132	3509	2996	3499	3295	3725	3523	2651	3229	3187	3573	2843	3155	2925	3627	3138	3309	3684	3229	3447	3447	2626	3565	2480	3499	3660	3697	3319	3542	3266	3536	3645	2577	3591	3409	3560	3240	3054	3504	3321	3256	3494	3123	3205	NA
129	3598	3256	3577	3260	2172	2968	3271	3678	3578	3396	3084	3540	3052	NA	3116	3683	3405	3489	3219	3672	3488	3513	2885	3472	3761	3561	3489	3035	2424	1302	3475	3386	2882	2888	3455	3341	3333	3676	3337	3716	NA	3115	3549	3557	3478	3622	3535	3448	3527	2942	3377	3579	3403	3308	3756	3011	3448	3122	3552	3273	3725	3556	2500	3343	3229	3635	2944	3258	3049	3516	3219	3168	3678	3204	3332	3302	2450	3528	2318	3557	3677	3675	3245	3557	3292	3618	3608	2643	3745	3440	3494	3344	2994	3403	3165	3395	3509	3174	3264	NA
130	3612	3372	3585	3089	2257	3037	3151	3702	3543	3295	2970	3500	2995	NA	3190	3657	3377	3422	3138	3593	3500	3537	2976	3489	3732	3450	3504	3110	2522	1307	3423	3447	2773	2991	3470	3198	3427	3712	3401	3744	NA	3190	3530	3556	3523	3590	3469	3527	3497	3103	3355	3503	3386	3199	3799	2910	3462	3157	3605	3402	3674	3525	2365	3329	3312	3702	3087	3414	3095	3516	3273	3012	3553	3161	3266	3283	2347	3539	2215	3444	3711	3807	3125	3451	3367	3552	3564	2648	3785	3451	3456	3485	2845	3292	3129	3482	3549	3278	3320	NA
131	3476	3470	3506	2945	2283	3124	3044	3682	3422	3221	2861	3434	2868	NA	3267	3728	3304	3436	3081	3539	3562	3609	3061	3512	3682	3402	3588	3238	2646	1384	3253	3470	2642	3053	3493	3170	3484	3667	3492	3841	NA	3305	3587	3579	3611	3531	3297	3540	3475	3186	3278	3511	3244	3058	3799	2840	3429	3229	3579	3492	3693	3603	2316	3442	3358	3636	3156	3466	3178	3504	3306	2970	3474	3184	3119	3167	2246	3482	2029	3446	3612	3783	3019	3474	3421	3578	3570	2750	3759	3534	3412	3558	2759	3235	3045	3521	3534	3345	3324	NA
132	3382	3514	3474	2898	2437	3195	2985	3605	3333	3101	2746	3372	2706	NA	3443	3699	3172	3414	2932	3556	3597	3652	3209	3535	3683	3346	3610	3300	2755	1479	3215	3542	2566	3106	3475	3071	3533	3600	3617	3732	NA	3407	3566	3600	3592	3544	3248	3546	3433	3268	3223	3454	3121	2950	3829	2756	3356	3327	3532	3486	3701	3608	2201	3426	3397	3578	3160	3478	3218	3511	3450	2875	3427	3108	3080	2970	2132	3355	1924	3361	3550	3857	2918	3421	3521	3550	3555	2874	3755	3551	3301	3598	2656	3161	2856	3540	3511	3380	3424	NA
133	3312	3452	3444	2796	2522	3272	2922	3596	3241	3008	2675	3265	2602	NA	3447	3679	3039	3356	2875	3551	3596	3597	3292	3535	3654	3258	3608	3322	2801	1565	3092	3540	2515	3129	3426	2912	3648	3653	3682	3761	NA	3509	3574	3525	3680	3499	3155	3499	3359	3289	3077	3360	3118	2839	3820	2576	3177	3385	3509	3509	3614	3552	2118	3401	3476	3625	3261	3509	3297	3458	3486	2704	3333	2977	3024	2833	1957	3301	1827	3325	3546	3797	2819	3379	3549	3518	3469	2945	3700	3467	3215	3650	2533	3061	2678	3566	3512	3448	3436	NA
134	3224	3512	3386	2654	2634	3350	2750	3517	3186	2908	2522	3257	2495	NA	3475	3641	2954	3282	2759	3669	3560	3599	3300	3621	3569	3154	3643	3427	2907	1670	2953	3537	2373	3176	3415	2814	3664	3616	3719	3752	NA	3577	3521	3494	3738	3415	3073	3514	3248	3412	3024	3263	3040	2768	3806	2479	3058	3473	3472	3556	3644	3514	1937	3454	3495	3528	3292	3605	3269	3398	3539	2610	3233	2878	2910	2689	1846	3210	1690	3232	3481	3806	2735	3252	3606	3517	3403	3083	3686	3444	3142	3676	2408	3031	2581	3646	3572	3423	3496	NA
135	3078	3578	3260	2559	2778	3386	2672	3431	3096	2790	2369	3134	2321	NA	3475	3686	2851	3086	2630	3608	3573	3620	3439	3645	3464	3024	3637	3449	2965	1748	2903	3599	2263	3285	3360	2751	3696	3621	3647	3716	NA	3526	3495	3429	3622	3351	2925	3499	3005	3456	2910	3127	2903	2592	3789	2310	2979	3510	3370	3612	3682	3535	1796	3464	3532	3470	3370	3596	3387	3289	3628	2523	3171	2703	2808	2631	1655	3142	1549	3217	3487	3793	2627	3131	3613	3519	3261	3138	3615	3467	3035	3707	2265	2886	2431	3669	3592	3528	3523	NA
136	2982	3598	3147	2468	2865	3382	2523	3373	3008	2673	2258	3098	2243	NA	3455	3656	2666	3047	2556	3548	3650	3553	3455	3724	3376	2883	3666	3438	3105	1890	2732	3531	2142	3365	3365	2631	3659	3553	3637	3653	NA	3545	3415	3380	3628	3232	2817	3417	2896	3580	2811	3090	2750	2497	3878	2183	2981	3545	3296	3627	3546	3423	1691	3476	3547	3487	3432	3627	3389	3231	3681	2420	3136	2552	2643	2482	1524	3057	1398	3100	3333	3742	2495	3028	3602	3454	3142	3252	3538	3426	2907	3763	2075	2832	2268	3641	3610	3604	3525	NA
137	2927	3567	3031	2317	3001	3517	2395	3283	2829	2505	2107	2964	2183	NA	3491	3554	2570	2959	2440	3552	3537	3539	3506	3661	3314	2783	3622	3563	3143	1975	2643	3520	1984	3456	3359	2517	3672	3465	3638	3625	NA	3604	3378	3371	3639	3085	2754	3406	2925	3618	2774	2967	2607	2273	3809	2050	2845	3632	3217	3524	3464	3374	1562	3517	3604	3269	3436	3697	3527	3170	3742	2282	3097	2423	2524	2295	1418	2954	1298	3051	3207	3718	2401	2924	3648	3385	3044	3324	3479	3427	2778	3741	1959	2671	2143	3575	3554	3565	3530	NA
138	2785	3585	2958	2239	2987	3595	2251	3076	2657	2416	1959	2941	2040	NA	3407	3527	2436	2875	2282	3494	3543	3438	3555	3625	3233	2726	3655	3577	3262	2053	2502	3519	1849	3633	3319	2341	3669	3355	3706	3635	NA	3616	3376	3323	3556	2959	2668	3409	2786	3675	2586	2831	2472	2175	3770	1899	2739	3644	3173	3510	3349	3356	1446	3497	3587	3210	3452	3690	3544	3020	3659	2183	3004	2308	2392	2223	1286	2880	1159	2861	3085	3671	2300	2771	3687	3320	2980	3451	3481	3411	2682	3698	1840	2575	2053	3596	3532	3562	3551	NA
139	2703	3571	2777	2123	3054	3610	2104	3035	2551	2342	1839	2815	1873	NA	3395	3453	2328	2859	2133	3373	3424	3381	3581	3551	3141	2626	3599	3564	3343	2103	2341	3448	1721	3607	3384	2208	3681	3311	3716	3555	NA	3620	3237	3239	3507	2851	2484	3360	2595	3645	2500	2706	2342	1958	3670	1742	2635	3668	3066	3545	3256	3212	1330	3464	3647	3164	3494	3689	3602	2897	3660	2029	2883	2200	2229	2160	1151	2702	1060	2751	2993	3554	2194	2623	3629	3193	2831	3418	3398	3395	2554	3703	1746	2516	1910	3520	3486	3635	3510	NA
140	2483	3554	2576	2009	3222	3679	1959	2954	2442	2143	1732	2653	1743	NA	3311	3342	2181	2742	2005	3334	3344	3319	3629	3565	3006	2480	3563	3592	3417	2199	2214	3482	1572	3676	3289	2105	3697	3161	3753	3517	NA	3690	3191	3097	3517	2768	2349	3316	2462	3668	2390	2620	2211	1793	3624	1648	2507	3560	3043	3416	3187	3099	1216	3498	3650	3067	3509	3652	3608	2808	3688	1892	2766	2059	2134	1994	1049	2547	931	2655	2946	3505	2061	2530	3641	3094	2757	3410	3252	3267	2422	3724	1589	2417	1768	3516	3361	3638	3491	NA
141	2317	3522	2542	1914	3297	3682	1878	2815	2304	2052	1622	2526	1585	NA	3361	3237	1984	2681	1889	3220	3324	3165	3629	3451	2882	2332	3484	3611	3473	2346	2054	3411	1441	3644	3178	1896	3704	3072	3730	3315	NA	3704	3117	3013	3480	2667	2251	3244	2304	3624	2219	2465	2119	1702	3544	1556	2419	3604	2964	3409	3091	2995	1114	3449	3520	2967	3578	3672	3582	2698	3695	1742	2588	1907	1981	1882	960	2384	838	2513	2835	3438	1921	2429	3588	2997	2646	3500	3140	3252	2321	3698	1450	2360	1593	3381	3332	3620	3371	NA
142	2223	3472	2400	1800	3325	3609	1765	2734	2238	1953	1454	2429	1497	NA	3288	3060	1868	2598	1773	3112	3250	3123	3570	3426	2778	2234	3326	3537	3497	2445	1909	3269	1367	3643	3055	1762	3672	2992	3617	3268	NA	3597	3019	2865	3337	2460	2196	3122	2216	3695	2134	2363	2031	1580	3442	1454	2320	3614	2816	3412	3032	2950	981	3414	3481	2919	3558	3608	3528	2564	3677	1610	2488	1771	1821	1728	872	2237	721	2385	2703	3222	1812	2311	3547	2898	2531	3493	2976	3213	2222	3667	1310	2225	1487	3378	3247	3605	3287	NA
143	2029	3390	2228	1649	3349	3587	1607	2502	2076	1784	1346	2381	1378	NA	3320	2985	1741	2456	1647	3086	3204	2998	3599	3389	2645	2051	3294	3497	3534	2565	1783	3273	1222	3564	2946	1619	3660	2778	3593	3126	NA	3601	2951	2819	3277	2374	2011	3002	2099	3680	2009	2287	1851	1472	3321	1347	2179	3597	2760	3308	2814	2788	905	3376	3472	2851	3497	3526	3522	2458	3610	1513	2389	1634	1680	1635	774	2057	654	2307	2626	3118	1664	2180	3552	2765	2354	3590	2893	3094	2097	3607	1199	2100	1389	3344	3160	3483	3247	NA
144	1921	3408	2159	1528	3444	3581	1500	2412	1931	1702	1222	2229	1247	NA	3322	2853	1645	2293	1515	2971	3024	2831	3578	3321	2531	1925	3145	3504	3574	2592	1656	3155	1108	3669	2836	1438	3554	2667	3559	3025	NA	3611	2818	2743	3181	2262	1895	2903	1984	3651	1925	2095	1642	1331	3255	1236	2037	3622	2652	3205	2672	2694	845	3290	3422	2762	3463	3479	3498	2301	3612	1432	2278	1564	1564	1483	724	1928	552	2218	2495	3013	1604	2086	3457	2688	2254	3538	2707	3051	1933	3501	1137	1944	1285	3265	3056	3443	3262	NA
145	1832	3301	2021	1366	3530	3532	1380	2253	1822	1585	1117	2069	1144	NA	3316	2774	1543	2175	1452	2847	2892	2750	3567	3228	2429	1843	3119	3535	3616	2670	1548	3048	1003	3605	2817	1369	3457	2519	3512	2897	NA	3509	2690	2590	3093	2090	1802	2808	1890	3589	1736	1957	1541	1214	3171	1118	1914	3581	2544	3129	2570	2580	743	3225	3419	2583	3452	3406	3531	2103	3512	1303	2141	1460	1496	1394	634	1828	515	2103	2382	2855	1473	1989	3427	2603	2154	3608	2552	2941	1727	3477	1027	1745	1136	3170	3032	3394	3152	NA
146	1716	3255	1886	1240	3515	3462	1263	2084	1681	1431	1035	1931	1056	NA	3241	2665	1434	2033	1314	2728	2760	2654	3520	3166	2238	1769	3044	3419	3607	2739	1424	3035	872	3583	2689	1280	3409	2439	3419	2700	NA	3423	2535	2495	2950	1952	1643	2791	1702	3526	1674	1791	1440	1118	3023	988	1779	3499	2409	3058	2382	2430	657	3094	3278	2397	3364	3347	3470	2003	3384	1216	2062	1355	1373	1243	544	1730	468	1919	2203	2755	1314	1803	3445	2415	2053	3602	2406	2790	1595	3427	917	1634	1031	3057	2940	3385	3114	NA
147	1550	3178	1772	1142	3577	3415	1154	1970	1520	1347	942	1818	936	NA	3225	2534	1273	1870	1207	2570	2727	2503	3396	3003	2172	1651	2920	3401	3637	2857	1294	2887	784	3498	2518	1157	3365	2255	3293	2571	NA	3332	2476	2408	2845	1831	1483	2637	1571	3551	1550	1690	1314	1003	2840	904	1702	3443	2320	2942	2199	2307	582	3007	3256	2227	3345	3306	3411	1855	3342	1093	1914	1233	1216	1112	466	1530	434	1790	2089	2634	1250	1663	3330	2283	1929	3687	2366	2670	1509	3390	828	1528	953	3007	2791	3340	2983	NA
148	1432	3102	1632	1078	3572	3380	1049	1809	1375	1262	836	1743	901	NA	3097	2405	1161	1741	1108	2428	2610	2400	3416	2857	1994	1512	2760	3301	3609	2976	1173	2757	707	3362	2505	1015	3268	2144	3135	2405	NA	3287	2351	2315	2754	1638	1337	2500	1441	3516	1435	1616	1198	915	2757	837	1576	3333	2185	2850	2097	2197	519	2935	3113	2086	3297	3198	3404	1711	3275	990	1719	1074	1124	1016	421	1413	370	1645	1939	2433	1097	1562	3234	2155	1792	3662	2252	2495	1370	3229	779	1412	838	2964	2717	3210	2783	NA
149	1319	2899	1450	982	3587	3326	940	1695	1273	1197	723	1632	794	NA	2964	2241	1072	1644	1036	2313	2471	2308	3334	2706	1864	1343	2666	3276	3577	3078	1105	2654	628	3350	2378	924	3104	1948	2987	2250	NA	3151	2196	2185	2574	1536	1234	2374	1310	3474	1302	1501	1098	823	2608	753	1405	3251	2102	2693	1956	2095	451	2772	2979	1951	3254	3081	3281	1593	3226	898	1564	990	1008	903	358	1315	319	1538	1765	2235	1026	1455	3148	1989	1655	3621	2128	2419	1282	3115	690	1313	749	2882	2538	3030	2754	NA
150	1210	2817	1316	881	3637	3203	837	1577	1126	1080	623	1548	701	NA	2912	2090	943	1556	890	2177	2314	2092	3279	2531	1713	1199	2499	3156	3519	3156	977	2461	552	3230	2225	846	2959	1865	2869	2138	NA	2993	2052	2074	2458	1445	1120	2226	1224	3330	1181	1361	1013	728	2432	689	1327	3129	1956	2496	1796	1959	382	2774	2902	1829	3181	2886	3186	1446	3056	806	1449	859	949	832	311	1218	261	1409	1649	2089	933	1290	3042	1763	1509	3598	1975	2314	1203	3054	626	1193	669	2682	2384	2978	2640	NA
151	1088	2686	1210	778	3703	3132	755	1468	1010	992	587	1413	606	NA	2826	1997	849	1457	787	2026	2158	1966	3211	2376	1590	1090	2353	2998	3501	3252	923	2297	464	3203	2087	764	2828	1684	2727	1995	NA	2932	1944	1942	2364	1277	1036	2116	1131	3226	1067	1268	921	640	2298	626	1240	2954	1848	2401	1643	1829	328	2720	2755	1748	3011	2831	3084	1352	2922	706	1301	793	832	735	270	1090	234	1275	1571	1948	845	1176	2918	1687	1385	3461	1855	2169	1063	2923	537	1094	619	2537	2250	2880	2539	NA
152	990	2580	1104	705	3667	3037	669	1289	908	897	496	1283	536	NA	2735	1885	784	1353	723	1925	1994	1861	3110	2290	1453	1011	2196	2923	3449	3341	806	2137	396	3113	1949	662	2659	1496	2643	1889	NA	2850	1848	1781	2240	1184	942	1930	1009	3160	983	1149	843	564	2155	545	1098	2872	1724	2255	1538	1684	275	2603	2632	1617	2875	2672	3055	1266	2769	665	1196	733	753	660	233	1016	199	1181	1455	1841	753	1062	2752	1579	1294	3354	1710	2080	953	2709	479	1009	544	2411	2142	2777	2444	NA
153	889	2440	1027	629	3636	2959	584	1172	802	788	422	1190	460	NA	2561	1698	677	1230	660	1767	1892	1728	2992	2172	1330	906	2060	2847	3365	3433	686	2043	362	3034	1835	538	2490	1403	2574	1801	NA	2663	1722	1581	2106	1140	856	1781	966	3077	866	1030	781	501	2053	471	989	2729	1571	2123	1446	1557	243	2427	2549	1566	2822	2590	2980	1148	2677	561	1093	634	695	613	206	936	156	1065	1290	1763	650	976	2662	1422	1157	3300	1554	1964	892	2588	415	915	530	2310	2040	2639	2316	NA
154	773	2313	926	558	3548	2773	536	1040	736	684	384	1076	401	NA	2466	1555	619	1122	576	1612	1763	1602	3004	1988	1270	780	1972	2759	3306	3486	610	1925	329	2957	1768	484	2373	1265	2438	1654	NA	2527	1671	1484	1987	1015	785	1613	835	2904	759	953	695	412	1953	430	931	2560	1471	1972	1338	1402	208	2341	2421	1410	2809	2481	2821	1043	2534	486	1055	577	615	512	164	831	128	984	1201	1599	580	887	2510	1320	1062	3229	1404	1869	764	2481	362	794	436	2153	1887	2497	2231	NA
155	703	2201	828	485	3413	2630	492	962	669	608	340	959	323	NA	2400	1470	543	999	512	1491	1658	1485	2895	1825	1149	695	1835	2632	3222	3502	544	1802	291	2823	1625	450	2261	1162	2304	1553	NA	2429	1536	1347	1814	904	710	1495	743	2740	678	869	607	372	1813	395	799	2447	1343	1845	1214	1299	182	2217	2265	1253	2693	2374	2652	953	2440	446	948	526	547	455	141	748	108	892	1092	1478	543	799	2401	1241	963	3075	1267	1724	714	2339	313	692	376	2038	1767	2298	2067	NA
156	648	2052	709	419	3369	2544	428	911	564	544	297	868	301	NA	2303	1304	491	885	479	1345	1545	1366	2813	1696	1050	616	1694	2543	3156	3537	469	1711	240	2702	1469	384	2125	1069	2138	1388	NA	2271	1359	1262	1702	776	633	1438	680	2620	640	802	549	346	1669	348	732	2345	1241	1696	1123	1185	165	2107	2135	1183	2617	2208	2523	861	2323	399	847	437	449	393	112	655	86	797	950	1323	483	696	2277	1142	872	3031	1193	1547	643	2192	265	641	315	1937	1639	2144	1949	NA
157	559	1922	648	371	3355	2341	398	833	520	484	246	755	258	NA	2128	1165	433	786	420	1206	1424	1245	2603	1528	940	587	1568	2423	3098	3610	406	1560	195	2620	1370	328	1951	951	2026	1260	NA	2181	1255	1124	1590	733	581	1273	613	2550	559	706	460	310	1496	299	627	2202	1147	1590	1033	1080	135	1963	2025	1110	2521	1993	2351	754	2236	349	765	392	417	337	101	572	74	703	850	1207	452	658	2145	1042	787	2988	1083	1440	564	2062	240	579	285	1819	1521	2044	1844	NA
158	484	1783	574	326	3242	2219	355	719	471	414	210	671	235	NA	1996	1093	401	736	377	1114	1270	1095	2425	1416	875	535	1430	2255	2995	3620	350	1440	173	2397	1300	291	1859	853	1829	1149	NA	2030	1165	1031	1436	632	509	1186	540	2430	492	611	401	284	1388	265	539	2058	1064	1474	946	1005	130	1860	1880	1004	2328	1822	2241	678	2066	312	685	343	376	282	91	506	65	621	779	1080	396	589	2042	971	730	2870	974	1357	484	1910	205	498	237	1694	1411	1933	1715	NA
159	428	1701	488	279	3194	2144	313	651	417	368	164	570	205	NA	1866	1000	342	639	349	1018	1191	995	2385	1312	760	481	1295	2100	2790	3631	312	1328	160	2288	1184	247	1699	794	1693	978	NA	1842	1091	919	1321	572	447	1106	454	2362	446	550	358	252	1274	245	516	1942	960	1365	823	882	116	1661	1721	889	2189	1687	2101	608	1921	283	632	279	325	244	82	428	64	553	708	972	362	527	1895	861	649	2688	892	1243	425	1762	165	437	193	1558	1267	1837	1532	NA
160	372	1564	430	246	3104	1976	273	581	360	323	137	499	188	NA	1764	898	295	603	292	943	1059	895	2210	1205	687	421	1138	1960	2731	3516	272	1169	132	2151	1085	210	1590	711	1563	935	NA	1722	996	817	1225	495	383	1000	405	2242	389	507	332	212	1164	215	465	1828	850	1254	754	836	91	1573	1613	766	2073	1549	1948	528	1731	251	512	248	292	204	71	372	45	488	627	881	295	477	1714	760	581	2649	812	1135	368	1585	150	403	185	1453	1146	1759	1403	NA
161	334	1421	355	194	2996	1885	214	510	301	284	120	458	170	NA	1581	804	273	520	251	880	941	839	2075	1073	628	358	990	1808	2642	3593	245	1085	100	2020	970	183	1489	633	1440	833	NA	1556	916	736	1112	422	363	875	360	2113	340	461	294	162	1040	174	388	1690	765	1151	665	747	78	1470	1509	697	1956	1429	1784	463	1630	211	461	215	253	161	58	329	43	455	576	798	233	406	1561	713	505	2494	721	1036	312	1468	133	370	157	1289	1030	1624	1291	NA
162	283	1317	302	173	2883	1779	186	449	258	236	103	413	163	NA	1413	704	236	490	212	776	830	732	1943	945	558	323	933	1664	2514	3563	192	1003	90	1865	901	153	1370	582	1320	745	NA	1429	818	634	995	380	339	779	290	1961	298	414	259	147	909	153	341	1531	685	1042	581	652	60	1400	1443	612	1833	1340	1691	378	1500	181	432	180	231	134	42	296	37	427	482	680	205	347	1465	613	449	2341	640	964	267	1338	120	316	136	1215	983	1577	1245	NA
163	237	1201	275	149	2751	1636	159	404	216	215	92	375	140	NA	1332	629	212	433	181	679	740	638	1847	821	489	303	795	1583	2404	3563	178	909	77	1754	818	125	1219	514	1204	683	NA	1309	734	568	899	321	287	706	264	1796	260	368	216	115	783	126	277	1412	623	964	507	558	52	1258	1332	537	1719	1215	1546	320	1421	170	379	165	209	118	35	263	37	384	425	610	172	331	1342	538	392	2242	574	851	236	1234	100	282	110	1100	891	1423	1114	NA
164	209	1114	240	125	2652	1539	137	361	174	183	83	307	101	NA	1250	559	189	361	163	619	646	567	1740	733	432	269	727	1454	2259	3511	136	817	57	1701	740	100	1074	448	1075	607	NA	1226	666	520	828	286	256	616	233	1690	225	324	182	94	723	109	243	1288	527	865	423	506	41	1141	1236	491	1651	1099	1406	286	1275	148	342	148	189	106	31	228	26	338	402	522	152	265	1222	477	355	2094	484	807	208	1156	84	251	91	1002	794	1265	1039	NA
165	181	1016	212	107	2583	1402	119	325	171	160	73	269	85	NA	1140	478	150	315	139	519	556	502	1619	633	381	228	658	1337	2142	3563	115	743	47	1547	682	81	976	405	952	530	NA	1099	589	458	763	262	220	519	189	1547	198	255	153	79	663	87	215	1183	455	768	389	442	37	1018	1106	421	1527	985	1306	257	1162	110	324	125	161	96	25	179	23	275	361	432	119	230	1182	422	316	1959	440	716	180	1046	70	213	88	891	725	1189	929	NA
166	160	922	178	91	2440	1290	98	275	152	138	68	233	86	NA	1021	420	133	263	121	466	514	416	1463	559	351	183	565	1210	2050	3513	94	645	38	1381	619	66	824	355	846	475	NA	1000	550	402	691	240	188	475	177	1463	174	228	134	70	594	72	208	1108	408	658	319	400	27	939	994	371	1399	892	1199	217	1000	93	272	103	121	87	21	151	18	247	327	382	106	197	1024	387	286	1840	383	635	141	963	60	203	75	779	686	1124	817	NA
167	147	851	160	76	2300	1212	76	234	140	125	54	200	73	NA	908	355	137	232	97	391	459	361	1375	493	322	169	505	1069	1852	3440	76	541	25	1235	533	60	733	302	737	417	NA	879	492	364	633	204	160	427	139	1378	162	209	110	67	513	54	181	1009	377	583	270	357	21	868	881	313	1270	811	1112	186	896	78	235	84	95	75	17	129	14	205	272	333	94	169	923	337	252	1699	312	562	117	824	52	190	59	674	595	1047	741	NA
168	134	736	144	64	2156	1085	69	196	123	105	46	177	65	NA	827	291	117	195	71	344	374	331	1267	440	290	142	456	989	1747	3359	62	469	28	1125	446	42	672	266	692	379	NA	800	417	317	579	182	146	387	115	1253	131	178	94	52	456	50	158	893	326	520	218	323	14	754	788	266	1221	709	1017	164	817	67	217	74	82	57	14	105	14	183	244	296	82	152	792	288	219	1574	274	457	105	715	46	140	51	577	545	916	644	NA
169	120	665	125	60	2040	996	57	153	97	91	41	149	43	NA	735	265	99	176	60	319	323	299	1142	389	242	126	415	847	1591	3267	41	438	25	1036	397	35	602	233	638	336	NA	709	365	264	505	137	117	321	101	1134	111	159	80	47	389	45	148	792	269	473	196	285	9	701	729	239	1109	626	908	141	728	58	207	56	77	53	11	91	14	166	200	238	81	129	680	258	186	1472	235	387	87	643	41	120	42	515	456	836	567	NA
170	93	609	109	45	1915	902	50	143	83	76	32	135	35	NA	689	227	81	136	52	267	265	254	1016	337	214	121	360	751	1484	3059	40	404	24	968	353	30	558	205	558	280	NA	605	327	226	448	109	107	269	87	1053	87	137	66	38	348	38	125	726	227	417	169	242	8	618	682	193	1026	528	832	119	665	50	182	46	64	43	10	70	14	143	171	214	68	115	617	223	162	1384	205	349	77	579	32	110	34	506	416	732	504	NA
171	91	546	95	41	1803	795	44	112	73	60	27	116	33	NA	623	190	68	112	41	214	219	219	898	278	188	98	284	643	1329	2985	35	361	20	904	306	25	477	180	495	222	NA	554	275	181	393	100	93	235	84	940	75	118	56	35	292	30	111	660	197	389	155	210	10	550	582	177	914	461	750	101	572	45	161	30	53	40	9	56	12	129	151	185	54	105	571	198	140	1238	183	307	62	501	28	104	33	440	364	654	429	NA
172	69	491	76	30	1638	694	29	93	60	58	21	102	29	NA	572	171	56	109	39	182	196	187	762	240	170	86	245	558	1211	2842	30	320	19	811	273	21	414	159	441	186	NA	471	244	169	333	87	84	193	70	829	68	106	54	26	279	22	97	601	180	340	119	172	9	485	519	142	848	390	652	87	504	35	137	33	46	33	12	52	8	116	130	167	44	85	509	168	120	1157	153	267	56	414	22	103	29	353	310	600	385	NA
173	61	446	63	24	1475	621	20	82	54	50	14	93	29	NA	519	138	49	89	33	153	173	164	707	209	149	84	194	520	1096	2710	24	276	17	719	251	18	376	136	377	154	NA	427	195	139	302	77	76	167	52	753	65	86	47	24	244	19	90	508	150	283	91	153	8	415	438	124	761	319	582	83	460	27	124	29	40	30	11	39	8	107	111	140	39	77	437	138	102	1040	143	247	49	370	14	80	24	321	270	536	336	NA
174	48	386	58	19	1351	516	16	73	44	43	11	87	20	NA	445	121	41	77	27	127	144	152	632	182	119	73	187	454	1014	2620	19	226	13	662	223	14	327	112	329	135	NA	349	148	125	262	73	72	145	40	702	55	73	34	24	221	13	81	450	121	276	74	131	7	385	372	105	684	284	534	74	423	18	115	23	32	25	9	29	9	95	107	128	35	75	371	106	88	950	122	205	44	321	17	65	17	264	219	475	277	NA
175	35	346	50	17	1239	460	14	65	34	36	7	72	15	NA	409	105	33	58	16	115	117	131	564	143	97	78	157	413	918	2570	12	189	7	577	166	11	287	90	295	120	NA	317	118	103	238	55	60	125	30	634	42	65	32	21	194	9	73	375	105	243	61	136	6	329	326	115	590	253	464	60	372	17	87	18	36	23	8	28	7	74	99	101	35	62	319	96	83	912	106	164	36	279	19	58	14	229	203	436	254	NA
176	33	280	46	16	1127	413	13	49	29	32	6	54	12	NA	338	101	22	51	11	104	93	103	481	115	78	67	129	353	853	2473	11	162	6	529	127	8	243	73	268	92	NA	277	108	83	213	48	52	116	28	543	28	61	28	18	156	6	65	319	94	211	52	131	4	292	281	97	520	213	413	53	310	15	78	16	33	21	7	22	6	60	83	81	30	52	295	86	71	823	86	146	35	257	17	43	13	199	188	386	216	NA
177	23	244	47	15	1044	355	10	36	21	26	5	43	9	NA	280	94	14	44	11	84	75	86	415	93	60	58	115	314	753	2318	7	131	6	470	113	8	210	65	222	78	NA	236	90	69	187	39	40	100	24	513	28	45	20	12	148	3	52	292	76	184	51	107	4	251	235	72	470	183	365	50	275	13	75	8	24	17	7	20	4	52	69	69	24	36	252	70	63	738	69	120	28	209	15	35	11	172	170	327	180	NA
178	19	219	37	12	960	323	5	30	16	22	4	39	10	NA	240	73	10	40	9	64	63	73	375	69	51	47	88	260	670	2214	5	119	6	413	101	6	180	52	185	60	NA	212	68	53	151	31	33	80	23	431	25	41	19	10	111	2	42	255	71	135	45	89	2	218	200	65	395	155	322	39	246	9	62	6	22	9	7	20	1	45	60	62	16	25	214	61	49	652	55	85	19	187	13	30	10	150	141	266	150	NA
179	16	197	33	10	917	287	4	25	17	14	4	36	8	NA	203	64	11	26	7	54	55	49	327	51	49	41	76	228	588	1990	3	98	5	370	87	4	164	46	163	51	NA	189	59	45	142	26	30	67	20	369	25	36	19	8	96	1	37	220	59	118	38	89	2	204	178	55	355	136	268	33	205	8	56	4	18	7	6	14	1	39	48	56	12	18	175	50	42	547	49	72	15	162	7	28	9	133	112	239	124	NA
180	15	163	29	7	804	234	3	20	14	13	3	30	8	NA	182	50	8	19	4	41	46	44	280	47	43	30	58	193	502	1898	2	80	3	335	74	4	137	44	138	44	NA	168	50	39	121	23	26	57	18	316	20	31	16	7	77	0	30	193	48	101	29	73	1	171	142	50	327	118	233	34	171	4	48	3	15	7	5	13	1	27	52	52	11	16	141	42	40	486	42	68	10	133	8	26	7	105	93	198	113	NA
181	9	139	30	7	728	190	2	14	12	9	3	24	4	NA	168	42	5	19	3	37	42	38	239	44	39	29	51	173	459	1751	2	72	3	275	57	4	115	36	111	39	NA	140	44	38	97	17	25	45	14	276	19	23	12	7	65	NA	28	183	38	79	25	57	0	142	123	49	302	102	207	30	150	4	36	1	13	6	4	10	1	28	41	41	7	14	111	36	39	434	41	50	6	112	6	21	3	91	81	153	102	NA
182	8	104	21	5	646	166	1	12	10	6	1	24	4	NA	145	35	4	17	2	31	41	32	210	39	33	21	42	150	396	1645	2	63	3	233	51	4	106	31	98	35	NA	123	38	26	80	14	20	38	8	221	16	15	10	5	53	NA	22	156	25	72	24	51	NA	125	96	40	251	86	187	24	125	3	29	1	11	5	6	11	1	21	32	33	7	13	86	31	32	398	29	43	6	102	7	19	3	84	63	129	78	NA
183	10	90	15	4	566	143	1	11	11	6	1	18	5	NA	123	32	4	11	2	26	35	27	183	33	29	23	28	126	357	1535	2	54	2	222	33	4	91	31	87	25	NA	97	29	24	67	9	17	39	8	203	12	12	8	3	45	NA	19	138	21	59	21	45	NA	101	81	33	222	82	159	20	109	3	20	1	12	2	5	10	1	19	28	28	7	11	63	24	28	341	19	34	6	78	4	17	3	71	46	120	62	NA
184	8	71	14	3	515	109	0	14	7	7	0	17	5	NA	107	25	4	8	0	19	31	20	163	24	22	14	22	104	327	1390	2	45	1	188	23	4	79	27	64	20	NA	83	19	17	55	5	13	30	7	175	9	9	8	4	37	NA	16	118	20	59	16	44	NA	84	73	27	186	70	131	17	88	2	19	1	8	2	3	7	1	14	24	28	6	9	49	22	23	308	17	26	5	61	3	13	4	67	43	107	52	NA
185	5	58	10	3	433	90	NA	11	5	6	NA	14	4	NA	85	21	4	6	NA	14	26	20	144	18	19	11	18	88	283	1311	1	35	1	151	20	3	67	22	58	20	NA	80	12	13	45	3	10	20	6	160	8	8	9	2	29	NA	10	105	14	49	13	35	NA	77	64	20	159	59	102	11	82	2	22	1	6	1	1	4	2	11	17	22	5	9	47	16	19	253	14	19	4	55	3	10	4	58	37	93	44	NA
186	5	53	10	3	363	77	NA	11	5	3	NA	14	4	NA	70	18	4	6	NA	12	26	17	120	14	19	7	14	79	244	1224	1	27	1	128	14	2	57	24	42	18	NA	82	11	13	35	2	8	18	7	124	8	8	6	2	22	NA	11	88	8	40	8	27	NA	65	54	14	135	45	93	10	62	2	19	0	4	1	0	3	2	11	9	14	3	9	39	14	13	216	14	10	3	42	3	6	4	48	36	81	38	NA
187	3	40	12	3	315	68	NA	10	3	3	NA	15	4	NA	57	16	4	4	NA	11	22	13	99	12	17	7	9	62	208	1135	1	23	1	103	10	2	47	19	35	16	NA	76	10	11	34	1	6	21	4	104	5	8	5	2	16	NA	10	74	6	42	7	21	NA	57	47	12	110	39	76	5	51	2	16	NA	3	1	NA	3	2	8	6	11	3	5	34	11	10	177	11	10	1	27	2	6	2	42	32	74	34	NA
188	2	35	10	3	302	58	NA	5	3	2	NA	9	4	NA	48	11	3	1	NA	7	18	10	82	10	14	6	10	44	179	1039	1	18	1	83	12	1	40	14	27	11	NA	59	9	9	31	1	7	20	4	87	5	10	5	3	14	NA	7	62	5	30	6	16	NA	39	37	11	99	34	69	7	49	2	14	NA	3	1	NA	0	1	3	5	9	1	3	29	9	8	167	8	12	0	22	0	6	1	31	25	64	29	NA
189	1	27	8	2	262	50	NA	4	2	1	NA	9	3	NA	40	9	2	1	NA	5	13	6	71	8	13	6	10	41	151	903	1	14	1	78	10	1	39	14	19	8	NA	50	10	7	20	1	7	16	4	75	5	7	3	2	12	NA	7	56	5	25	5	15	NA	31	32	9	82	31	55	7	43	2	9	NA	3	0	NA	NA	1	2	4	7	0	4	21	7	6	129	7	10	NA	16	NA	4	1	27	22	48	24	NA
190	1	22	9	2	221	51	NA	4	1	1	NA	8	2	NA	30	9	1	0	NA	5	11	4	63	8	11	7	9	33	135	792	1	19	1	78	6	1	33	11	15	7	NA	37	9	7	22	1	6	15	4	63	3	8	2	2	10	NA	4	43	4	19	5	15	NA	25	28	8	70	26	48	7	39	2	7	NA	0	NA	NA	NA	1	2	4	5	NA	4	17	5	7	109	4	5	NA	17	NA	3	1	24	21	42	21	NA
191	1	22	7	1	185	37	NA	3	0	1	NA	8	2	NA	29	7	1	NA	NA	3	9	5	58	8	9	7	7	25	116	724	1	20	0	66	6	1	28	10	10	5	NA	34	6	6	17	1	6	16	3	55	3	5	1	2	14	NA	3	37	2	18	6	12	NA	24	22	6	63	23	43	6	34	2	7	NA	NA	NA	NA	NA	1	2	3	5	NA	4	12	5	8	82	3	2	NA	13	NA	2	1	15	20	36	16	NA
192	0	17	7	1	163	33	NA	3	NA	1	NA	6	3	NA	25	7	1	NA	NA	4	11	5	52	6	7	4	6	16	95	624	0	12	NA	60	3	0	22	7	8	4	NA	27	3	5	11	1	5	14	4	44	2	3	1	0	8	NA	2	32	2	16	6	9	NA	23	18	4	62	21	35	7	27	2	5	NA	NA	NA	NA	NA	1	2	3	7	NA	3	10	5	5	69	2	2	NA	11	NA	2	3	15	16	32	13	NA
193	NA	17	4	1	136	29	NA	2	NA	1	NA	3	3	NA	17	6	1	NA	NA	4	10	4	44	4	6	2	4	13	84	580	NA	9	NA	56	2	NA	15	8	7	5	NA	20	2	2	7	0	5	13	3	33	2	3	1	NA	9	NA	2	34	3	13	5	6	NA	22	16	4	42	16	31	5	19	2	2	NA	NA	NA	NA	NA	1	0	2	4	NA	3	8	4	6	50	1	2	NA	7	NA	2	2	11	11	23	8	NA
194	NA	8	3	1	120	22	NA	1	NA	0	NA	2	1	NA	13	4	0	NA	NA	3	8	4	35	3	5	2	2	10	82	503	NA	8	NA	42	1	NA	14	7	6	4	NA	18	1	1	8	NA	5	13	2	24	2	1	0	NA	7	NA	1	29	3	10	3	6	NA	18	12	2	29	11	22	3	15	1	2	NA	NA	NA	NA	NA	1	NA	3	5	NA	3	8	3	6	44	0	2	NA	7	NA	2	2	8	7	19	6	NA
195	NA	9	4	0	100	17	NA	1	NA	NA	NA	0	1	NA	9	3	NA	NA	NA	2	6	2	28	3	4	2	1	10	70	458	NA	7	NA	39	1	NA	12	4	6	3	NA	16	1	1	7	NA	4	10	2	17	1	1	NA	NA	5	NA	0	20	3	7	3	6	NA	14	10	2	21	10	23	3	18	1	1	NA	NA	NA	NA	NA	0	NA	2	3	NA	3	4	2	4	36	NA	2	NA	7	NA	0	2	8	6	15	6	NA
196	NA	8	3	NA	81	13	NA	1	NA	NA	NA	NA	1	NA	8	2	NA	NA	NA	1	6	1	27	3	4	1	1	7	59	434	NA	8	NA	34	1	NA	10	4	4	2	NA	12	1	1	6	NA	4	9	2	19	1	1	NA	NA	3	NA	NA	18	3	6	2	4	NA	12	9	0	16	7	15	3	14	0	1	NA	NA	NA	NA	NA	NA	NA	2	2	NA	2	3	2	3	34	NA	2	NA	6	NA	NA	3	5	5	10	3	NA
197	NA	5	3	NA	73	12	NA	0	NA	NA	NA	NA	2	NA	10	2	NA	NA	NA	1	6	1	21	3	3	0	0	7	47	388	NA	5	NA	26	1	NA	10	4	4	2	NA	13	1	1	5	NA	4	7	1	17	0	1	NA	NA	3	NA	NA	15	2	4	1	4	NA	9	8	NA	13	8	14	3	11	NA	1	NA	NA	NA	NA	NA	NA	NA	1	2	NA	2	4	2	3	27	NA	2	NA	3	NA	NA	2	5	5	4	2	NA
198	NA	7	3	NA	68	8	NA	NA	NA	NA	NA	NA	2	NA	8	2	NA	NA	NA	1	5	0	17	2	3	NA	NA	5	38	359	NA	3	NA	22	1	NA	8	5	3	2	NA	10	1	1	5	NA	3	4	1	14	NA	0	NA	NA	2	NA	NA	13	1	4	0	4	NA	7	9	NA	12	9	10	3	9	NA	0	NA	NA	NA	NA	NA	NA	NA	0	2	NA	1	3	2	2	21	NA	2	NA	4	NA	NA	2	3	5	3	0	NA
199	NA	8	3	NA	59	6	NA	NA	NA	NA	NA	NA	2	NA	3	2	NA	NA	NA	1	5	NA	15	2	3	NA	NA	4	28	327	NA	4	NA	21	1	NA	8	3	3	3	NA	9	1	1	5	NA	3	2	1	12	NA	NA	NA	NA	2	NA	NA	10	2	4	NA	3	NA	6	5	NA	10	10	9	5	6	NA	NA	NA	NA	NA	NA	NA	NA	NA	NA	2	NA	1	3	1	1	21	NA	0	NA	4	NA	NA	2	3	4	3	NA	NA
200	NA	6	3	NA	52	5	NA	NA	NA	NA	NA	NA	1	NA	0	2	NA	NA	NA	1	4	NA	13	1	1	NA	NA	3	25	283	NA	3	NA	20	0	NA	8	3	2	4	NA	7	1	1	5	NA	3	2	0	7	NA	NA	NA	NA	1	NA	NA	5	2	3	NA	2	NA	5	5	NA	7	6	6	5	3	NA	NA	NA	NA	NA	NA	NA	NA	NA	NA	2	NA	1	1	1	1	15	NA	NA	NA	3	NA	NA	2	2	3	3	NA	NA
201	NA	6	3	NA	46	6	NA	NA	NA	NA	NA	NA	2	NA	NA	2	NA	NA	NA	1	3	NA	10	1	0	NA	NA	5	22	246	NA	1	NA	16	NA	NA	8	3	2	4	NA	5	1	1	4	NA	3	2	NA	8	NA	NA	NA	NA	1	NA	NA	4	2	3	NA	2	NA	4	5	NA	5	5	7	2	3	NA	NA	NA	NA	NA	NA	NA	NA	NA	NA	1	NA	1	1	1	1	10	NA	NA	NA	2	NA	NA	3	2	2	4	NA	NA
202	NA	5	2	NA	43	5	NA	NA	NA	NA	NA	NA	1	NA	NA	2	NA	NA	NA	1	3	NA	8	1	NA	NA	NA	4	20	213	NA	1	NA	12	NA	NA	6	2	2	4	NA	3	1	1	4	NA	3	1	NA	8	NA	NA	NA	NA	0	NA	NA	4	2	2	NA	2	NA	3	2	NA	4	5	5	3	3	NA	NA	NA	NA	NA	NA	NA	NA	NA	NA	0	NA	1	1	1	1	7	NA	NA	NA	2	NA	NA	3	2	2	3	NA	NA
203	NA	2	1	NA	39	6	NA	NA	NA	NA	NA	NA	1	NA	NA	2	NA	NA	NA	1	2	NA	3	1	NA	NA	NA	4	13	191	NA	1	NA	11	NA	NA	6	2	2	4	NA	1	1	0	3	NA	3	0	NA	9	NA	NA	NA	NA	NA	NA	NA	5	2	2	NA	1	NA	5	2	NA	3	4	2	4	3	NA	NA	NA	NA	NA	NA	NA	NA	NA	NA	NA	NA	1	1	1	1	5	NA	NA	NA	2	NA	NA	3	1	1	2	NA	NA
204	NA	2	1	NA	32	4	NA	NA	NA	NA	NA	NA	1	NA	NA	1	NA	NA	NA	1	1	NA	4	1	NA	NA	NA	3	9	177	NA	1	NA	9	NA	NA	5	2	3	3	NA	1	1	NA	3	NA	2	NA	NA	9	NA	NA	NA	NA	NA	NA	NA	3	1	2	NA	1	NA	4	2	NA	1	4	2	3	3	NA	NA	NA	NA	NA	NA	NA	NA	NA	NA	NA	NA	2	0	1	1	5	NA	NA	NA	0	NA	NA	3	1	1	2	NA	NA
205	NA	2	1	NA	34	3	NA	NA	NA	NA	NA	NA	1	NA	NA	1	NA	NA	NA	1	1	NA	4	1	NA	NA	NA	2	7	152	NA	1	NA	7	NA	NA	6	2	2	3	NA	1	1	NA	3	NA	2	NA	NA	4	NA	NA	NA	NA	NA	NA	NA	1	0	3	NA	2	NA	3	1	NA	1	4	3	3	3	NA	NA	NA	NA	NA	NA	NA	NA	NA	NA	NA	NA	3	NA	1	1	2	NA	NA	NA	NA	NA	NA	3	0	1	2	NA	NA
206	NA	1	0	NA	22	3	NA	NA	NA	NA	NA	NA	1	NA	NA	0	NA	NA	NA	0	1	NA	3	0	NA	NA	NA	4	3	137	NA	0	NA	6	NA	NA	5	2	2	3	NA	1	1	NA	3	NA	1	NA	NA	5	NA	NA	NA	NA	NA	NA	NA	2	NA	1	NA	2	NA	2	2	NA	1	3	3	3	3	NA	NA	NA	NA	NA	NA	NA	NA	NA	NA	NA	NA	2	NA	1	1	1	NA	NA	NA	NA	NA	NA	3	NA	1	2	NA	NA
207	NA	1	NA	NA	19	3	NA	NA	NA	NA	NA	NA	0	NA	NA	NA	NA	NA	NA	NA	1	NA	3	NA	NA	NA	NA	5	2	120	NA	NA	NA	3	NA	NA	5	1	1	3	NA	1	1	NA	2	NA	0	NA	NA	4	NA	NA	NA	NA	NA	NA	NA	1	NA	1	NA	1	NA	3	2	NA	1	3	2	3	3	NA	NA	NA	NA	NA	NA	NA	NA	NA	NA	NA	NA	3	NA	1	1	0	NA	NA	NA	NA	NA	NA	2	NA	1	1	NA	NA
208	NA	0	NA	NA	21	3	NA	NA	NA	NA	NA	NA	NA	NA	NA	NA	NA	NA	NA	NA	0	NA	2	NA	NA	NA	NA	5	1	110	NA	NA	NA	3	NA	NA	3	1	1	3	NA	1	1	NA	2	NA	NA	NA	NA	4	NA	NA	NA	NA	NA	NA	NA	1	NA	0	NA	1	NA	4	2	NA	1	3	2	3	3	NA	NA	NA	NA	NA	NA	NA	NA	NA	NA	NA	NA	3	NA	0	0	NA	NA	NA	NA	NA	NA	NA	2	NA	0	0	NA	NA
209	NA	NA	NA	NA	20	3	NA	NA	NA	NA	NA	NA	NA	NA	NA	NA	NA	NA	NA	NA	NA	NA	2	NA	NA	NA	NA	4	1	91	NA	NA	NA	2	NA	NA	2	1	1	2	NA	1	1	NA	2	NA	NA	NA	NA	3	NA	NA	NA	NA	NA	NA	NA	1	NA	NA	NA	2	NA	3	3	NA	1	2	2	3	2	NA	NA	NA	NA	NA	NA	NA	NA	NA	NA	NA	NA	1	NA	NA	NA	NA	NA	NA	NA	NA	NA	NA	1	NA	NA	NA	NA	NA
210	NA	NA	NA	NA	21	3	NA	NA	NA	NA	NA	NA	NA	NA	NA	NA	NA	NA	NA	NA	NA	NA	2	NA	NA	NA	NA	3	1	75	NA	NA	NA	2	NA	NA	1	1	1	2	NA	1	1	NA	2	NA	NA	NA	NA	2	NA	NA	NA	NA	NA	NA	NA	1	NA	NA	NA	1	NA	3	3	NA	1	2	1	3	2	NA	NA	NA	NA	NA	NA	NA	NA	NA	NA	NA	NA	1	NA	NA	NA	NA	NA	NA	NA	NA	NA	NA	1	NA	NA	NA	NA	NA
211	NA	NA	NA	NA	23	3	NA	NA	NA	NA	NA	NA	NA	NA	NA	NA	NA	NA	NA	NA	NA	NA	2	NA	NA	NA	NA	2	1	73	NA	NA	NA	1	NA	NA	1	1	1	1	NA	1	0	NA	2	NA	NA	NA	NA	2	NA	NA	NA	NA	NA	NA	NA	1	NA	NA	NA	1	NA	1	2	NA	1	2	0	2	1	NA	NA	NA	NA	NA	NA	NA	NA	NA	NA	NA	NA	1	NA	NA	NA	NA	NA	NA	NA	NA	NA	NA	0	NA	NA	NA	NA	NA
212	NA	NA	NA	NA	18	1	NA	NA	NA	NA	NA	NA	NA	NA	NA	NA	NA	NA	NA	NA	NA	NA	1	NA	NA	NA	NA	2	1	63	NA	NA	NA	1	NA	NA	1	1	1	1	NA	1	NA	NA	1	NA	NA	NA	NA	2	NA	NA	NA	NA	NA	NA	NA	1	NA	NA	NA	1	NA	1	1	NA	1	2	NA	1	0	NA	NA	NA	NA	NA	NA	NA	NA	NA	NA	NA	NA	1	NA	NA	NA	NA	NA	NA	NA	NA	NA	NA	NA	NA	NA	NA	NA	NA
213	NA	NA	NA	NA	13	1	NA	NA	NA	NA	NA	NA	NA	NA	NA	NA	NA	NA	NA	NA	NA	NA	0	NA	NA	NA	NA	2	1	52	NA	NA	NA	1	NA	NA	1	3	0	1	NA	1	NA	NA	0	NA	NA	NA	NA	2	NA	NA	NA	NA	NA	NA	NA	0	NA	NA	NA	1	NA	1	1	NA	0	2	NA	1	NA	NA	NA	NA	NA	NA	NA	NA	NA	NA	NA	NA	NA	1	NA	NA	NA	NA	NA	NA	NA	NA	NA	NA	NA	NA	NA	NA	NA	NA
214	NA	NA	NA	NA	10	2	NA	NA	NA	NA	NA	NA	NA	NA	NA	NA	NA	NA	NA	NA	NA	NA	NA	NA	NA	NA	NA	2	0	43	NA	NA	NA	1	NA	NA	1	2	NA	1	NA	1	NA	NA	NA	NA	NA	NA	NA	2	NA	NA	NA	NA	NA	NA	NA	NA	NA	NA	NA	1	NA	0	1	NA	NA	2	NA	1	NA	NA	NA	NA	NA	NA	NA	NA	NA	NA	NA	NA	NA	1	NA	NA	NA	NA	NA	NA	NA	NA	NA	NA	NA	NA	NA	NA	NA	NA
215	NA	NA	NA	NA	10	2	NA	NA	NA	NA	NA	NA	NA	NA	NA	NA	NA	NA	NA	NA	NA	NA	NA	NA	NA	NA	NA	1	NA	40	NA	NA	NA	1	NA	NA	1	2	NA	0	NA	1	NA	NA	NA	NA	NA	NA	NA	1	NA	NA	NA	NA	NA	NA	NA	NA	NA	NA	NA	0	NA	NA	2	NA	NA	1	NA	1	NA	NA	NA	NA	NA	NA	NA	NA	NA	NA	NA	NA	NA	0	NA	NA	NA	NA	NA	NA	NA	NA	NA	NA	NA	NA	NA	NA	NA	NA
216	NA	NA	NA	NA	8	2	NA	NA	NA	NA	NA	NA	NA	NA	NA	NA	NA	NA	NA	NA	NA	NA	NA	NA	NA	NA	NA	1	NA	33	NA	NA	NA	0	NA	NA	1	2	NA	NA	NA	1	NA	NA	NA	NA	NA	NA	NA	1	NA	NA	NA	NA	NA	NA	NA	NA	NA	NA	NA	NA	NA	NA	2	NA	NA	1	NA	1	NA	NA	NA	NA	NA	NA	NA	NA	NA	NA	NA	NA	NA	NA	NA	NA	NA	NA	NA	NA	NA	NA	NA	NA	NA	NA	NA	NA	NA	NA
217	NA	NA	NA	NA	5	1	NA	NA	NA	NA	NA	NA	NA	NA	NA	NA	NA	NA	NA	NA	NA	NA	NA	NA	NA	NA	NA	1	NA	27	NA	NA	NA	NA	NA	NA	1	2	NA	NA	NA	1	NA	NA	NA	NA	NA	NA	NA	1	NA	NA	NA	NA	NA	NA	NA	NA	NA	NA	NA	NA	NA	NA	1	NA	NA	1	NA	1	NA	NA	NA	NA	NA	NA	NA	NA	NA	NA	NA	NA	NA	NA	NA	NA	NA	NA	NA	NA	NA	NA	NA	NA	NA	NA	NA	NA	NA	NA
218	NA	NA	NA	NA	7	1	NA	NA	NA	NA	NA	NA	NA	NA	NA	NA	NA	NA	NA	NA	NA	NA	NA	NA	NA	NA	NA	1	NA	23	NA	NA	NA	NA	NA	NA	1	1	NA	NA	NA	0	NA	NA	NA	NA	NA	NA	NA	0	NA	NA	NA	NA	NA	NA	NA	NA	NA	NA	NA	NA	NA	NA	2	NA	NA	0	NA	1	NA	NA	NA	NA	NA	NA	NA	NA	NA	NA	NA	NA	NA	NA	NA	NA	NA	NA	NA	NA	NA	NA	NA	NA	NA	NA	NA	NA	NA	NA
219	NA	NA	NA	NA	5	0	NA	NA	NA	NA	NA	NA	NA	NA	NA	NA	NA	NA	NA	NA	NA	NA	NA	NA	NA	NA	NA	1	NA	19	NA	NA	NA	NA	NA	NA	1	0	NA	NA	NA	NA	NA	NA	NA	NA	NA	NA	NA	NA	NA	NA	NA	NA	NA	NA	NA	NA	NA	NA	NA	NA	NA	NA	2	NA	NA	NA	NA	0	NA	NA	NA	NA	NA	NA	NA	NA	NA	NA	NA	NA	NA	NA	NA	NA	NA	NA	NA	NA	NA	NA	NA	NA	NA	NA	NA	NA	NA	NA
220	NA	NA	NA	NA	3	NA	NA	NA	NA	NA	NA	NA	NA	NA	NA	NA	NA	NA	NA	NA	NA	NA	NA	NA	NA	NA	NA	1	NA	17	NA	NA	NA	NA	NA	NA	0	NA	NA	NA	NA	NA	NA	NA	NA	NA	NA	NA	NA	NA	NA	NA	NA	NA	NA	NA	NA	NA	NA	NA	NA	NA	NA	NA	2	NA	NA	NA	NA	NA	NA	NA	NA	NA	NA	NA	NA	NA	NA	NA	NA	NA	NA	NA	NA	NA	NA	NA	NA	NA	NA	NA	NA	NA	NA	NA	NA	NA	NA	NA
221	NA	NA	NA	NA	1	NA	NA	NA	NA	NA	NA	NA	NA	NA	NA	NA	NA	NA	NA	NA	NA	NA	NA	NA	NA	NA	NA	1	NA	13	NA	NA	NA	NA	NA	NA	NA	NA	NA	NA	NA	NA	NA	NA	NA	NA	NA	NA	NA	NA	NA	NA	NA	NA	NA	NA	NA	NA	NA	NA	NA	NA	NA	NA	2	NA	NA	NA	NA	NA	NA	NA	NA	NA	NA	NA	NA	NA	NA	NA	NA	NA	NA	NA	NA	NA	NA	NA	NA	NA	NA	NA	NA	NA	NA	NA	NA	NA	NA	NA
222	NA	NA	NA	NA	1	NA	NA	NA	NA	NA	NA	NA	NA	NA	NA	NA	NA	NA	NA	NA	NA	NA	NA	NA	NA	NA	NA	1	NA	13	NA	NA	NA	NA	NA	NA	NA	NA	NA	NA	NA	NA	NA	NA	NA	NA	NA	NA	NA	NA	NA	NA	NA	NA	NA	NA	NA	NA	NA	NA	NA	NA	NA	NA	1	NA	NA	NA	NA	NA	NA	NA	NA	NA	NA	NA	NA	NA	NA	NA	NA	NA	NA	NA	NA	NA	NA	NA	NA	NA	NA	NA	NA	NA	NA	NA	NA	NA	NA	NA
223	NA	NA	NA	NA	1	NA	NA	NA	NA	NA	NA	NA	NA	NA	NA	NA	NA	NA	NA	NA	NA	NA	NA	NA	NA	NA	NA	1	NA	10	NA	NA	NA	NA	NA	NA	NA	NA	NA	NA	NA	NA	NA	NA	NA	NA	NA	NA	NA	NA	NA	NA	NA	NA	NA	NA	NA	NA	NA	NA	NA	NA	NA	NA	1	NA	NA	NA	NA	NA	NA	NA	NA	NA	NA	NA	NA	NA	NA	NA	NA	NA	NA	NA	NA	NA	NA	NA	NA	NA	NA	NA	NA	NA	NA	NA	NA	NA	NA	NA
224	NA	NA	NA	NA	1	NA	NA	NA	NA	NA	NA	NA	NA	NA	NA	NA	NA	NA	NA	NA	NA	NA	NA	NA	NA	NA	NA	1	NA	7	NA	NA	NA	NA	NA	NA	NA	NA	NA	NA	NA	NA	NA	NA	NA	NA	NA	NA	NA	NA	NA	NA	NA	NA	NA	NA	NA	NA	NA	NA	NA	NA	NA	NA	1	NA	NA	NA	NA	NA	NA	NA	NA	NA	NA	NA	NA	NA	NA	NA	NA	NA	NA	NA	NA	NA	NA	NA	NA	NA	NA	NA	NA	NA	NA	NA	NA	NA	NA	NA
225	NA	NA	NA	NA	0	NA	NA	NA	NA	NA	NA	NA	NA	NA	NA	NA	NA	NA	NA	NA	NA	NA	NA	NA	NA	NA	NA	1	NA	7	NA	NA	NA	NA	NA	NA	NA	NA	NA	NA	NA	NA	NA	NA	NA	NA	NA	NA	NA	NA	NA	NA	NA	NA	NA	NA	NA	NA	NA	NA	NA	NA	NA	NA	1	NA	NA	NA	NA	NA	NA	NA	NA	NA	NA	NA	NA	NA	NA	NA	NA	NA	NA	NA	NA	NA	NA	NA	NA	NA	NA	NA	NA	NA	NA	NA	NA	NA	NA	NA
226	NA	NA	NA	NA	NA	NA	NA	NA	NA	NA	NA	NA	NA	NA	NA	NA	NA	NA	NA	NA	NA	NA	NA	NA	NA	NA	NA	1	NA	4	NA	NA	NA	NA	NA	NA	NA	NA	NA	NA	NA	NA	NA	NA	NA	NA	NA	NA	NA	NA	NA	NA	NA	NA	NA	NA	NA	NA	NA	NA	NA	NA	NA	NA	1	NA	NA	NA	NA	NA	NA	NA	NA	NA	NA	NA	NA	NA	NA	NA	NA	NA	NA	NA	NA	NA	NA	NA	NA	NA	NA	NA	NA	NA	NA	NA	NA	NA	NA	NA
227	NA	NA	NA	NA	NA	NA	NA	NA	NA	NA	NA	NA	NA	NA	NA	NA	NA	NA	NA	NA	NA	NA	NA	NA	NA	NA	NA	0	NA	3	NA	NA	NA	NA	NA	NA	NA	NA	NA	NA	NA	NA	NA	NA	NA	NA	NA	NA	NA	NA	NA	NA	NA	NA	NA	NA	NA	NA	NA	NA	NA	NA	NA	NA	1	NA	NA	NA	NA	NA	NA	NA	NA	NA	NA	NA	NA	NA	NA	NA	NA	NA	NA	NA	NA	NA	NA	NA	NA	NA	NA	NA	NA	NA	NA	NA	NA	NA	NA	NA
228	NA	NA	NA	NA	NA	NA	NA	NA	NA	NA	NA	NA	NA	NA	NA	NA	NA	NA	NA	NA	NA	NA	NA	NA	NA	NA	NA	NA	NA	4	NA	NA	NA	NA	NA	NA	NA	NA	NA	NA	NA	NA	NA	NA	NA	NA	NA	NA	NA	NA	NA	NA	NA	NA	NA	NA	NA	NA	NA	NA	NA	NA	NA	NA	1	NA	NA	NA	NA	NA	NA	NA	NA	NA	NA	NA	NA	NA	NA	NA	NA	NA	NA	NA	NA	NA	NA	NA	NA	NA	NA	NA	NA	NA	NA	NA	NA	NA	NA	NA
229	NA	NA	NA	NA	NA	NA	NA	NA	NA	NA	NA	NA	NA	NA	NA	NA	NA	NA	NA	NA	NA	NA	NA	NA	NA	NA	NA	NA	NA	3	NA	NA	NA	NA	NA	NA	NA	NA	NA	NA	NA	NA	NA	NA	NA	NA	NA	NA	NA	NA	NA	NA	NA	NA	NA	NA	NA	NA	NA	NA	NA	NA	NA	NA	1	NA	NA	NA	NA	NA	NA	NA	NA	NA	NA	NA	NA	NA	NA	NA	NA	NA	NA	NA	NA	NA	NA	NA	NA	NA	NA	NA	NA	NA	NA	NA	NA	NA	NA	NA
230	NA	NA	NA	NA	NA	NA	NA	NA	NA	NA	NA	NA	NA	NA	NA	NA	NA	NA	NA	NA	NA	NA	NA	NA	NA	NA	NA	NA	NA	3	NA	NA	NA	NA	NA	NA	NA	NA	NA	NA	NA	NA	NA	NA	NA	NA	NA	NA	NA	NA	NA	NA	NA	NA	NA	NA	NA	NA	NA	NA	NA	NA	NA	NA	1	NA	NA	NA	NA	NA	NA	NA	NA	NA	NA	NA	NA	NA	NA	NA	NA	NA	NA	NA	NA	NA	NA	NA	NA	NA	NA	NA	NA	NA	NA	NA	NA	NA	NA	NA
231	NA	NA	NA	NA	NA	NA	NA	NA	NA	NA	NA	NA	NA	NA	NA	NA	NA	NA	NA	NA	NA	NA	NA	NA	NA	NA	NA	NA	NA	3	NA	NA	NA	NA	NA	NA	NA	NA	NA	NA	NA	NA	NA	NA	NA	NA	NA	NA	NA	NA	NA	NA	NA	NA	NA	NA	NA	NA	NA	NA	NA	NA	NA	NA	1	NA	NA	NA	NA	NA	NA	NA	NA	NA	NA	NA	NA	NA	NA	NA	NA	NA	NA	NA	NA	NA	NA	NA	NA	NA	NA	NA	NA	NA	NA	NA	NA	NA	NA	NA
232	NA	NA	NA	NA	NA	NA	NA	NA	NA	NA	NA	NA	NA	NA	NA	NA	NA	NA	NA	NA	NA	NA	NA	NA	NA	NA	NA	NA	NA	3	NA	NA	NA	NA	NA	NA	NA	NA	NA	NA	NA	NA	NA	NA	NA	NA	NA	NA	NA	NA	NA	NA	NA	NA	NA	NA	NA	NA	NA	NA	NA	NA	NA	NA	1	NA	NA	NA	NA	NA	NA	NA	NA	NA	NA	NA	NA	NA	NA	NA	NA	NA	NA	NA	NA	NA	NA	NA	NA	NA	NA	NA	NA	NA	NA	NA	NA	NA	NA	NA
233	NA	NA	NA	NA	NA	NA	NA	NA	NA	NA	NA	NA	NA	NA	NA	NA	NA	NA	NA	NA	NA	NA	NA	NA	NA	NA	NA	NA	NA	2	NA	NA	NA	NA	NA	NA	NA	NA	NA	NA	NA	NA	NA	NA	NA	NA	NA	NA	NA	NA	NA	NA	NA	NA	NA	NA	NA	NA	NA	NA	NA	NA	NA	NA	1	NA	NA	NA	NA	NA	NA	NA	NA	NA	NA	NA	NA	NA	NA	NA	NA	NA	NA	NA	NA	NA	NA	NA	NA	NA	NA	NA	NA	NA	NA	NA	NA	NA	NA	NA
234	NA	NA	NA	NA	NA	NA	NA	NA	NA	NA	NA	NA	NA	NA	NA	NA	NA	NA	NA	NA	NA	NA	NA	NA	NA	NA	NA	NA	NA	2	NA	NA	NA	NA	NA	NA	NA	NA	NA	NA	NA	NA	NA	NA	NA	NA	NA	NA	NA	NA	NA	NA	NA	NA	NA	NA	NA	NA	NA	NA	NA	NA	NA	NA	1	NA	NA	NA	NA	NA	NA	NA	NA	NA	NA	NA	NA	NA	NA	NA	NA	NA	NA	NA	NA	NA	NA	NA	NA	NA	NA	NA	NA	NA	NA	NA	NA	NA	NA	NA
235	NA	NA	NA	NA	NA	NA	NA	NA	NA	NA	NA	NA	NA	NA	NA	NA	NA	NA	NA	NA	NA	NA	NA	NA	NA	NA	NA	NA	NA	2	NA	NA	NA	NA	NA	NA	NA	NA	NA	NA	NA	NA	NA	NA	NA	NA	NA	NA	NA	NA	NA	NA	NA	NA	NA	NA	NA	NA	NA	NA	NA	NA	NA	NA	1	NA	NA	NA	NA	NA	NA	NA	NA	NA	NA	NA	NA	NA	NA	NA	NA	NA	NA	NA	NA	NA	NA	NA	NA	NA	NA	NA	NA	NA	NA	NA	NA	NA	NA	NA
236	NA	NA	NA	NA	NA	NA	NA	NA	NA	NA	NA	NA	NA	NA	NA	NA	NA	NA	NA	NA	NA	NA	NA	NA	NA	NA	NA	NA	NA	1	NA	NA	NA	NA	NA	NA	NA	NA	NA	NA	NA	NA	NA	NA	NA	NA	NA	NA	NA	NA	NA	NA	NA	NA	NA	NA	NA	NA	NA	NA	NA	NA	NA	NA	1	NA	NA	NA	NA	NA	NA	NA	NA	NA	NA	NA	NA	NA	NA	NA	NA	NA	NA	NA	NA	NA	NA	NA	NA	NA	NA	NA	NA	NA	NA	NA	NA	NA	NA	NA
237	NA	NA	NA	NA	NA	NA	NA	NA	NA	NA	NA	NA	NA	NA	NA	NA	NA	NA	NA	NA	NA	NA	NA	NA	NA	NA	NA	NA	NA	0	NA	NA	NA	NA	NA	NA	NA	NA	NA	NA	NA	NA	NA	NA	NA	NA	NA	NA	NA	NA	NA	NA	NA	NA	NA	NA	NA	NA	NA	NA	NA	NA	NA	NA	1	NA	NA	NA	NA	NA	NA	NA	NA	NA	NA	NA	NA	NA	NA	NA	NA	NA	NA	NA	NA	NA	NA	NA	NA	NA	NA	NA	NA	NA	NA	NA	NA	NA	NA	NA
238	NA	NA	NA	NA	NA	NA	NA	NA	NA	NA	NA	NA	NA	NA	NA	NA	NA	NA	NA	NA	NA	NA	NA	NA	NA	NA	NA	NA	NA	NA	NA	NA	NA	NA	NA	NA	NA	NA	NA	NA	NA	NA	NA	NA	NA	NA	NA	NA	NA	NA	NA	NA	NA	NA	NA	NA	NA	NA	NA	NA	NA	NA	NA	NA	1	NA	NA	NA	NA	NA	NA	NA	NA	NA	NA	NA	NA	NA	NA	NA	NA	NA	NA	NA	NA	NA	NA	NA	NA	NA	NA	NA	NA	NA	NA	NA	NA	NA	NA	NA
239	NA	NA	NA	NA	NA	NA	NA	NA	NA	NA	NA	NA	NA	NA	NA	NA	NA	NA	NA	NA	NA	NA	NA	NA	NA	NA	NA	NA	NA	NA	NA	NA	NA	NA	NA	NA	NA	NA	NA	NA	NA	NA	NA	NA	NA	NA	NA	NA	NA	NA	NA	NA	NA	NA	NA	NA	NA	NA	NA	NA	NA	NA	NA	NA	0	NA	NA	NA	NA	NA	NA	NA	NA	NA	NA	NA	NA	NA	NA	NA	NA	NA	NA	NA	NA	NA	NA	NA	NA	NA	NA	NA	NA	NA	NA	NA	NA	NA	NA	NA
