0	3	3	4	4	4	4	4	5	4	4	4	3	4	5	4	3	3	4	4	3	4	2	3	5	3	4	4	3	5	2	3	5	3	3	3	2	3	2	3	4	4	2	3	2	4	3	3	2	3	2	3	4	3	4	3	2	5	3	4	4	4	4	4	3	4	4	2	4	4	4	2	2	2	4	4	3	3	4	3	4	2	4	3	2	4	4	2	5	2	4	3	5	4	5	1	3	3	3	3	2
1	6	6	7	8	8	9	8	10	9	7	10	6	8	11	9	6	8	8	7	7	11	5	9	9	7	10	8	6	12	8	6	11	9	7	8	5	6	2	9	9	7	6	8	4	10	8	8	4	7	4	8	7	8	10	8	4	11	9	10	10	8	8	9	7	10	8	7	8	10	11	4	6	6	9	9	6	10	10	9	8	4	9	8	5	10	8	7	12	4	12	9	8	8	9	1	7	6	7	8	6
2	10	11	14	13	14	16	17	17	16	20	16	8	13	22	16	11	17	16	15	13	18	11	19	15	10	20	14	13	19	15	10	19	16	10	12	8	11	6	13	14	13	13	16	6	17	17	14	6	14	6	14	13	15	21	14	9	21	22	15	17	14	13	18	13	16	13	12	14	18	20	9	9	12	15	18	10	18	16	18	13	5	17	15	9	17	14	15	23	9	19	16	13	12	15	2	13	12	15	12	14
3	20	17	22	22	24	27	32	26	23	35	20	17	19	31	27	18	27	28	27	22	27	19	31	26	13	30	27	18	31	25	21	29	25	17	17	14	19	11	22	20	22	21	23	11	23	24	24	11	23	10	24	19	29	32	23	14	34	38	20	28	22	21	28	21	24	22	25	23	29	32	14	14	21	23	26	21	23	28	25	22	8	29	26	11	22	22	22	34	16	30	28	20	23	23	4	22	17	23	16	24
4	30	28	33	37	37	39	47	32	32	49	26	29	28	41	38	26	35	47	40	35	37	28	46	38	22	40	40	30	39	40	32	45	36	24	29	17	26	16	35	27	31	30	38	17	32	33	38	19	38	17	38	27	46	44	33	20	49	61	26	46	34	32	37	26	34	33	36	30	41	47	22	23	32	33	39	35	27	39	33	31	12	37	36	18	33	29	32	52	22	39	41	29	35	36	7	29	26	36	28	34
5	44	41	43	46	49	55	63	46	47	68	33	39	34	55	48	39	43	68	57	48	51	38	61	50	34	50	54	50	54	53	46	61	42	37	43	28	35	23	49	43	44	41	54	24	44	41	53	28	52	30	52	38	66	56	45	29	64	90	33	69	45	46	49	37	45	47	50	39	59	68	32	31	43	49	54	52	36	50	46	46	19	49	53	27	48	37	40	71	34	51	55	39	46	53	11	46	39	51	39	38
6	56	52	53	61	68	70	85	56	55	90	45	54	48	73	60	51	52	94	83	56	65	49	75	61	50	62	65	67	74	76	56	75	50	50	66	40	39	28	69	62	62	52	71	36	63	59	66	41	62	46	64	55	89	72	57	38	86	114	44	88	62	60	59	50	59	60	60	50	74	93	37	40	55	64	71	76	41	65	57	58	36	64	69	37	71	49	52	89	46	68	67	46	56	66	21	62	53	66	52	49
7	68	68	62	71	85	83	103	69	68	125	55	68	62	83	76	69	61	137	104	70	81	59	90	80	76	68	81	84	89	98	68	82	61	62	96	52	43	39	91	87	93	65	94	45	80	78	89	58	74	68	80	82	107	78	71	47	132	130	53	130	77	79	68	63	71	75	81	64	84	131	50	49	64	82	96	111	48	81	78	77	55	84	90	52	88	68	64	113	61	84	76	60	68	77	33	73	75	86	74	57
8	88	85	67	91	104	96	120	90	77	175	70	75	75	96	93	82	67	180	133	91	95	78	106	98	109	80	98	108	100	121	86	89	68	80	131	63	52	45	123	119	128	74	120	58	105	94	112	79	87	85	96	106	125	89	93	53	184	157	65	164	94	98	81	80	85	96	102	76	94	173	59	59	83	103	113	154	64	98	99	93	76	97	112	68	114	85	81	142	77	108	88	80	93	91	46	84	96	104	100	65
9	112	98	75	112	116	112	134	104	97	238	92	96	96	114	113	102	86	232	178	116	123	94	128	123	151	93	112	142	122	149	102	107	80	88	163	71	67	51	162	161	159	91	150	79	134	121	133	104	109	109	118	152	160	105	114	64	244	191	87	201	114	124	100	97	100	104	123	95	103	220	70	70	107	124	149	199	76	132	127	118	95	125	141	92	134	118	101	179	100	128	104	103	105	104	64	96	130	125	125	72
10	140	103	77	123	128	127	141	120	128	288	111	122	121	139	151	115	102	290	238	137	158	118	153	142	197	114	125	177	147	181	121	126	105	109	214	85	85	68	205	206	196	119	187	94	166	152	167	130	125	143	136	200	195	129	131	84	324	234	105	237	152	157	120	118	127	123	152	112	124	277	85	81	127	138	186	245	97	160	159	143	110	160	165	125	172	141	118	236	120	152	124	133	114	123	85	109	169	149	157	82
11	161	115	102	145	144	157	152	132	171	353	122	142	155	164	191	133	114	361	300	162	199	146	170	161	257	148	139	222	176	220	137	143	129	136	269	105	121	84	264	253	239	149	218	121	213	193	214	161	146	176	149	254	228	167	145	96	449	273	125	281	173	199	149	146	149	147	172	137	139	341	101	96	153	158	221	314	115	196	201	177	125	188	194	156	213	167	130	293	153	173	142	154	129	145	115	129	224	174	199	90
12	192	134	116	174	159	183	169	141	229	405	136	166	201	202	238	153	127	453	375	184	237	185	213	201	318	181	159	272	212	266	177	161	165	174	328	136	144	102	334	291	292	195	259	145	271	249	263	191	175	209	170	342	277	197	162	108	589	317	147	328	214	231	171	167	167	186	206	147	152	417	124	114	173	196	280	388	139	229	252	215	157	233	233	210	247	205	147	375	182	202	164	184	142	167	144	157	281	210	239	107
13	237	163	135	216	182	243	191	148	303	478	158	197	256	244	289	172	153	544	468	220	287	215	259	226	405	224	185	335	252	317	224	180	218	207	399	162	182	125	416	348	364	253	304	179	363	314	319	225	192	257	187	444	313	249	174	121	722	387	171	400	261	287	199	178	199	230	243	178	171	534	158	136	207	258	342	455	165	268	324	266	183	281	276	284	284	229	159	476	227	223	196	213	155	195	179	191	346	270	296	136
14	299	180	156	258	220	288	219	166	377	554	178	233	313	297	343	189	184	666	583	255	348	253	310	247	497	260	201	429	301	374	269	208	262	248	473	188	217	150	508	412	455	320	364	210	463	402	402	265	219	315	211	544	387	299	191	138	893	449	208	485	294	334	227	207	220	276	278	198	193	667	192	148	250	332	416	545	193	306	382	326	220	352	332	367	337	284	180	581	276	255	234	248	157	238	207	219	410	330	375	150
15	367	209	194	301	256	342	246	188	476	627	197	282	393	344	438	205	202	781	705	283	414	291	363	273	625	317	238	528	370	457	334	230	309	294	565	223	253	190	613	499	540	392	442	254	599	480	495	313	265	381	224	715	468	372	199	160	1095	529	227	571	353	389	274	232	268	320	325	223	217	810	241	168	308	429	514	659	222	363	467	404	268	411	401	465	407	332	209	722	326	290	256	311	183	289	250	262	481	420	451	164
16	457	231	232	342	301	410	278	231	567	712	226	347	471	428	538	251	235	930	846	321	481	330	439	301	753	378	281	676	456	522	407	248	361	340	667	270	302	227	754	601	661	492	522	292	758	594	593	362	333	437	256	916	562	436	217	184	1325	627	268	699	431	443	334	267	309	360	372	260	265	958	316	193	389	529	616	769	253	445	591	524	325	494	506	587	452	411	233	863	380	317	298	387	215	349	308	302	583	519	569	181
17	568	246	281	382	350	473	319	286	685	848	252	426	564	527	657	305	281	1071	1016	361	560	387	530	336	904	448	324	834	563	596	490	278	430	400	769	321	373	267	921	754	794	606	611	346	925	727	714	432	379	518	319	1117	672	537	245	218	1588	749	318	850	539	530	393	306	350	421	417	291	331	1157	401	214	468	658	735	913	289	526	733	646	379	557	615	699	518	505	267	1023	448	365	353	452	252	447	378	323	678	638	704	205
18	705	282	353	440	404	567	376	346	830	962	301	490	691	662	766	363	348	1300	1261	391	642	412	625	386	1133	555	391	1025	678	673	592	308	508	450	903	392	439	305	1103	938	949	729	734	406	1135	871	861	485	460	604	408	1366	806	630	280	270	1854	883	367	1047	650	636	448	363	408	487	486	359	397	1378	491	246	583	777	874	1060	320	642	894	772	478	646	757	854	622	638	302	1227	501	420	428	588	294	557	451	377	801	775	867	210
19	851	321	435	510	458	662	436	405	999	1136	365	604	844	778	922	432	420	1564	1522	434	758	481	766	427	1379	659	476	1223	798	797	717	335	588	546	1034	479	535	370	1300	1135	1137	909	885	478	1406	1035	1025	576	527	691	523	1667	977	731	317	323	2180	1066	423	1264	766	758	531	477	475	577	580	425	500	1676	599	268	747	937	1032	1251	376	778	1061	926	585	757	915	1032	707	779	334	1471	570	487	484	757	351	710	559	450	913	916	1104	222
20	1043	384	526	580	538	755	509	498	1208	1314	453	718	1026	935	1086	515	514	1854	1828	488	878	545	920	508	1670	769	584	1461	964	928	866	377	708	667	1175	578	681	434	1526	1363	1358	1084	1070	549	1701	1239	1229	689	614	777	666	2022	1159	847	368	406	2564	1272	493	1540	895	930	620	591	578	688	695	496	612	1969	722	321	954	1092	1248	1492	435	931	1267	1111	722	876	1132	1238	819	988	380	1742	648	571	563	930	397	896	716	522	1090	1110	1363	248
21	1282	459	629	662	626	858	591	598	1473	1524	547	884	1230	1154	1292	619	630	2211	2193	571	1052	621	1085	613	1990	923	721	1738	1160	1083	1039	451	859	780	1404	701	842	516	1759	1621	1622	1271	1326	630	2047	1462	1461	785	737	887	834	2435	1372	980	424	476	3099	1508	598	1882	1043	1163	755	729	693	824	825	588	743	2313	872	373	1206	1296	1480	1797	497	1131	1484	1296	885	1011	1385	1492	952	1204	426	2057	744	677	648	1150	453	1107	917	627	1263	1298	1691	298
22	1537	536	775	796	744	1035	709	714	1778	1765	659	1051	1447	1383	1550	717	787	2669	2676	643	1237	719	1352	719	2337	1093	895	2067	1432	1259	1242	526	1010	909	1641	839	1038	592	2044	1921	1954	1525	1620	739	2464	1703	1739	931	892	1021	1053	2944	1638	1163	484	563	3716	1856	675	2285	1230	1445	893	883	830	945	1006	699	935	2738	1057	440	1515	1540	1726	2169	584	1352	1746	1537	1081	1157	1739	1787	1137	1447	493	2459	905	774	758	1418	528	1319	1119	733	1451	1545	2091	352
23	1821	632	912	942	853	1219	845	865	2149	2032	802	1195	1682	1616	1860	824	946	3199	3197	770	1480	821	1601	840	2761	1289	1127	2501	1726	1479	1466	631	1217	1086	1914	1042	1271	687	2391	2262	2294	1809	1944	865	2879	2063	2103	1098	1083	1154	1297	3489	1939	1395	578	679	4412	2279	793	2759	1446	1707	1068	1070	999	1079	1189	823	1165	3239	1274	518	1845	1848	2061	2613	675	1613	2038	1816	1296	1336	2183	2177	1381	1705	578	2929	1078	903	895	1743	630	1582	1370	859	1695	1827	2587	428
24	2164	743	1109	1146	1017	1416	1033	1046	2576	2413	976	1386	1987	1903	2199	958	1137	3835	3815	929	1790	956	1904	988	3279	1505	1345	3023	2040	1731	1744	766	1446	1294	2265	1249	1499	832	2819	2714	2708	2137	2329	1060	3414	2469	2493	1252	1324	1302	1590	4153	2306	1622	701	814	5255	2708	919	3297	1670	2034	1286	1276	1175	1232	1394	977	1389	3819	1544	620	2227	2202	2434	3137	785	1934	2381	2169	1563	1545	2684	2664	1646	2031	683	3549	1278	1022	1074	2125	767	1915	1633	1017	1939	2228	3127	502
25	2647	866	1338	1388	1202	1667	1235	1242	3074	2807	1188	1647	2314	2246	2586	1140	1361	4551	4598	1118	2192	1127	2301	1162	3924	1769	1621	3660	2419	2026	2043	889	1757	1532	2656	1506	1798	990	3338	3192	3212	2491	2790	1275	4055	2909	2970	1454	1597	1479	1926	4912	2748	1883	822	971	6270	3306	1053	3898	1957	2445	1558	1547	1414	1427	1615	1171	1660	4592	1871	722	2690	2566	2868	3774	929	2385	2746	2571	1888	1808	3228	3205	1912	2436	796	4223	1517	1226	1241	2581	918	2264	1981	1186	2286	2669	3737	583
26	3125	1041	1611	1683	1449	1991	1466	1485	3655	3306	1381	1929	2701	2662	3063	1308	1605	5405	5516	1311	2605	1334	2741	1383	4675	2081	1985	4373	2844	2375	2404	1060	2135	1810	3110	1842	2088	1171	3890	3784	3821	2955	3303	1560	4778	3459	3457	1699	1946	1628	2362	5743	3267	2190	977	1159	7419	3904	1189	4620	2325	2843	1907	1876	1711	1638	1919	1410	1950	5417	2268	863	3248	3054	3341	4449	1104	2906	3199	3062	2205	2111	3919	3822	2263	2879	930	5042	1819	1410	1501	3138	1103	2716	2385	1389	2656	3222	4428	664
27	3680	1220	1920	2018	1716	2391	1787	1748	4307	3879	1637	2297	3135	3177	3556	1573	1929	6396	6544	1555	3084	1553	3327	1651	5581	2451	2364	5283	3392	2808	2902	1272	2615	2211	3681	2184	2444	1400	4571	4544	4551	3520	3960	1875	5594	4086	4054	1976	2344	1868	2863	6644	3872	2580	1140	1372	8845	4661	1359	5499	2792	3365	2342	2253	2067	1913	2280	1695	2291	6440	2745	1017	3921	3645	3920	5276	1285	3437	3766	3639	2565	2485	4701	4623	2661	3413	1103	5987	2200	1686	1787	3798	1352	3269	2872	1641	3108	3884	5264	781
28	4343	1424	2289	2431	2010	2855	2140	2077	5122	4575	1928	2692	3721	3841	4163	1848	2298	7513	7762	1800	3675	1831	3980	1937	6634	2901	2807	6330	3989	3334	3444	1494	3161	2684	4432	2607	2871	1670	5379	5442	5367	4180	4746	2242	6509	4826	4808	2287	2787	2167	3421	7721	4593	3023	1390	1636	10498	5516	1572	6431	3338	3940	2853	2685	2510	2204	2748	2000	2615	7690	3209	1199	4712	4233	4612	6239	1517	4092	4525	4313	2978	2964	5653	5541	3136	4040	1336	7139	2686	1981	2135	4560	1615	3949	3444	1966	3599	4681	6197	905
29	5143	1696	2707	2917	2431	3394	2506	2405	6053	5364	2323	3207	4446	4583	4811	2159	2769	8841	9140	2117	4390	2188	4771	2295	7791	3444	3423	7498	4747	3918	4089	1791	3734	3234	5209	3083	3354	1958	6397	6436	6331	5009	5689	2680	7629	5716	5660	2643	3324	2503	4052	8974	5422	3495	1710	1954	12474	6637	1807	7494	3953	4659	3479	3189	3028	2570	3329	2349	3065	9083	3737	1409	5613	4978	5354	7335	1778	4868	5420	5070	3465	3541	6699	6603	3695	4785	1569	8419	3305	2378	2564	5398	1915	4726	4094	2326	4175	5443	7385	1064
30	6109	2015	3177	3464	2906	4023	2913	2893	7192	6281	2695	3800	5212	5494	5608	2500	3283	10396	10780	2449	5314	2617	5696	2735	9141	4102	4138	8903	5656	4665	4838	2113	4467	3831	6131	3705	3999	2285	7612	7659	7420	5919	6747	3200	8956	6723	6692	3057	3857	2905	4834	10519	6383	4093	2044	2283	14627	7917	2079	8831	4690	5518	4219	3772	3683	3069	4019	2757	3573	10697	4400	1664	6612	5785	6252	8641	2079	5828	6451	5968	4031	4221	7905	7875	4368	5675	1890	9876	4055	2841	3062	6494	2307	5617	4856	2781	4941	6317	8811	1244
31	7243	2440	3774	4084	3486	4780	3395	3452	8502	7395	3149	4566	6273	6556	6500	2981	3944	12279	12702	2871	6234	3094	6812	3245	10635	4866	5036	10605	6728	5538	5687	2534	5368	4570	7353	4489	4799	2741	8900	9043	8701	7047	8044	3738	10447	7906	7957	3587	4474	3393	5711	12350	7515	4817	2472	2674	17071	9476	2438	10238	5467	6486	5057	4445	4442	3634	4791	3214	4143	12507	5151	1944	7807	6707	7323	10209	2394	6912	7716	7094	4683	4984	9414	9202	5104	6684	2234	11562	4945	3397	3656	7813	2782	6678	5745	3319	5762	7307	10414	1485
32	8571	2917	4494	4802	4137	5707	3968	4079	9975	8653	3650	5400	7409	7723	7551	3490	4754	14374	15012	3387	7414	3737	8079	3838	12338	5794	6049	12499	7952	6576	6649	3047	6441	5408	8850	5409	5772	3227	10414	10673	10225	8356	9437	4409	12138	9248	9453	4196	5228	4017	6694	14384	8818	5625	2971	3187	19772	11255	2893	11866	6395	7615	5976	5246	5278	4304	5745	3773	4780	14661	6016	2282	9123	7851	8586	12093	2840	8124	9229	8424	5509	5882	11076	10818	5949	7925	2695	13473	5972	3998	4334	9269	3337	7864	6740	3961	6753	8507	12171	1798
33	10131	3510	5325	5622	4827	6800	4611	4817	11648	10178	4216	6399	8803	9188	8767	4080	5638	16770	17631	4000	8765	4542	9509	4581	14327	6828	7290	14730	9400	7746	7731	3645	7656	6336	10618	6532	6825	3847	12204	12627	11851	9897	10932	5199	14146	10836	11027	4869	6133	4681	7858	16838	10363	6648	3580	3829	22729	13358	3418	13715	7466	8952	7100	6201	6252	5140	6894	4398	5629	17120	7088	2680	10631	9260	10016	14163	3310	9501	10925	9954	6524	6951	12900	12681	6989	9335	3235	15714	7252	4701	5179	10942	3989	9318	7835	4680	7916	9898	14145	2105
34	11951	4194	6304	6593	5643	8030	5370	5703	13702	11736	4958	7590	10454	10880	10243	4771	6679	19507	20392	4754	10352	5431	11144	5429	16551	8109	8722	17168	11104	9225	8990	4364	9122	7371	12560	7762	8131	4527	14122	14818	13710	11830	12797	6174	16387	12619	12991	5760	7139	5464	9216	19566	12059	7785	4171	4592	25791	15834	4036	15828	8683	10434	8341	7358	7323	6084	8101	5255	6578	19796	8347	3115	12476	10869	11629	16521	3934	11047	12809	11796	7684	8323	14945	14753	8209	10791	3957	18166	8693	5531	6162	12827	4811	10925	9105	5542	9286	11475	16347	2506
35	14016	5009	7532	7763	6635	9496	6199	6790	15935	13572	5803	8994	12295	12793	11919	5559	7941	22579	23441	5658	12253	6500	13030	6461	19035	9599	10392	19674	12987	10805	10414	5130	10850	8767	14765	9203	9634	5451	16272	17163	15810	13996	14766	7226	18846	14706	15184	6742	8466	6369	10686	22389	14166	9152	4939	5491	28986	18540	4739	18200	10096	12154	9894	8741	8563	7193	9471	6207	7712	22792	9778	3629	14510	12684	13489	19092	4644	12892	14952	13977	9079	9833	17320	17101	9649	12550	4689	20931	10380	6532	7308	15107	5827	12715	10597	6512	10876	13389	18889	2994
36	16327	5976	8853	9031	7780	11151	7247	8202	18347	15705	6809	10519	14409	15030	13777	6472	9395	26108	26674	6760	14450	7720	15102	7618	21824	11380	12246	22602	15168	12608	12126	6093	12848	10256	17172	10840	11397	6457	18669	19781	18146	16380	16939	8567	21513	16976	17686	7997	9925	7470	12434	25354	16447	10734	5881	6600	32397	21522	5626	20835	11829	14130	11600	10318	10109	8515	11093	7319	9011	26151	11517	4196	16795	14777	15656	21781	5528	15009	17447	16404	10631	11683	19925	19747	11275	14555	5586	24062	12252	7573	8567	17659	6882	14837	12403	7778	12686	15549	21736	3609
37	19024	7043	10424	10630	9161	12966	8491	9765	21128	18171	7959	12283	16714	17711	15870	7618	11088	29660	29999	8017	16993	9113	17426	9110	24726	13490	14281	25673	17619	14620	13924	7231	15096	12019	19895	12683	13300	7691	21430	22819	20680	18904	19360	10096	24367	19586	20247	9551	11621	8714	14216	28493	19042	12562	6869	7881	35806	24689	6693	23577	13730	16546	13664	12188	11815	10128	12832	8569	10505	29647	13580	4824	19285	16935	18180	24800	6502	17391	20261	19075	12522	13678	22869	22653	13090	16837	6601	27274	14329	8898	10021	20543	8238	17144	14332	9140	14725	18065	24703	4291
38	21973	8302	12193	12487	10699	14975	9949	11380	24214	20859	9253	14344	19367	20640	18278	8910	13034	33296	33346	9509	19667	10761	20070	10747	27898	15876	16673	28914	20451	16957	15848	8613	17591	14050	22770	14761	15600	9145	24095	25959	23428	21796	22148	11923	27459	22480	23067	11204	13634	10246	16260	31552	21978	14573	8104	9308	39198	28302	8067	26484	15875	19175	15971	14218	13751	11964	14885	9986	12294	33217	15833	5594	22117	19358	20903	28058	7736	19915	23152	22017	14743	15907	25958	25691	15134	19376	7812	30728	16668	10398	11728	23547	9785	19837	16555	10787	17183	20876	27953	5102
39	25175	9787	14137	14658	12441	17280	11669	13215	27565	23957	10814	16512	22117	23772	20869	10399	15149	36945	36621	11207	22670	12616	22927	12659	31022	18562	19371	32195	23475	19547	18137	10125	20397	16311	25916	17185	18051	10769	26965	29224	26423	24876	25059	14019	30614	25493	26199	13091	15954	11936	18578	34656	25269	16734	9583	10925	42152	32089	9642	29644	18220	21958	18679	16558	15895	13990	17142	11747	14263	36730	18380	6487	25063	22114	23717	31326	9097	22824	26370	25250	17164	18571	29335	28861	17442	22137	9215	34172	19090	12099	13630	26992	11493	22863	19068	12645	19878	23894	31297	6084
40	28738	11506	16489	17085	14415	19887	13739	15186	31111	27305	12516	18922	25136	27183	23695	12126	17547	40316	39610	13159	26025	14842	25961	14670	34124	21522	22204	35668	26635	22459	20570	12013	23467	18834	29144	20002	20768	12723	30096	32542	29566	28142	28257	16431	33705	28548	29389	15138	18394	13957	21164	37734	28745	19227	11283	12731	44454	35819	11524	32829	20702	25192	21648	19153	18368	16271	19694	13732	16454	40028	21279	7546	28542	25023	26844	34529	10749	25686	29668	28571	19924	21486	32719	32323	19998	25267	10776	37527	21800	13994	15741	30403	13450	26038	21843	14736	22719	27204	34531	7272
41	32284	13498	19047	19842	16602	22901	15953	17401	34548	30722	14472	21533	28369	30500	26646	14067	20066	43461	42297	15375	29478	17262	29158	16928	37241	24667	25459	38719	29999	25589	23193	14130	26787	21581	32390	22874	23978	14876	33398	35851	32925	31575	31647	19165	36814	31764	32718	17436	21263	16090	24001	40551	32221	21969	13388	14822	46149	39347	13620	35959	23387	28756	24827	22177	21135	18929	22409	15859	18987	42955	24507	8723	32008	28142	30097	37577	12550	28586	33065	32165	22890	24739	36186	35596	22989	28660	12601	40665	24784	16125	18143	33821	15669	29539	24796	17044	25793	30478	37621	8698
42	35882	15711	21896	22839	19067	26205	18492	19740	37880	34188	16649	24392	31817	33841	29848	16372	22890	45799	44396	17955	32971	19934	32365	19433	40101	28061	28681	41431	33271	28984	26159	16448	30163	24545	35613	26015	27514	17342	36759	39106	36157	35239	34982	22181	39751	35036	35920	19975	24327	18572	27185	42892	35618	24873	15750	17058	46570	42298	16082	39048	26398	32348	28278	25492	24045	21858	25289	18321	21803	44903	27873	10048	35601	31327	33310	40396	14646	31666	36358	35878	26067	28023	39517	38512	26179	32263	14748	43487	27992	18572	20761	37054	18109	33007	27840	19575	29192	33858	40343	10283
43	39393	18163	25062	25903	21650	29715	21267	22381	40984	37571	18975	27513	35284	37284	32992	18939	26114	47145	45520	20876	36277	22788	35541	22253	42610	31551	32095	43757	36270	32547	29180	19097	33686	27638	38582	29316	31110	20150	39680	41862	39242	38678	38107	25335	42123	37969	38929	22736	27510	21372	30619	44551	38978	28158	18362	19698	45893	44414	18770	41921	29556	35932	31850	28890	27341	25137	28413	21061	24953	46133	31428	11689	38952	34652	36435	42792	17072	34740	39338	39341	29448	31462	42244	41367	29526	35684	17176	45527	31160	21358	23572	40208	20763	36373	30964	22271	32728	37218	42490	12135
44	42548	20938	28362	29323	24530	33077	24247	25292	43528	40366	21678	30808	38447	40511	36058	21704	29301	47381	45858	24028	39418	25823	38486	25214	44476	35033	35383	45410	38971	36152	32545	21972	37305	30806	41307	32784	34739	23140	42246	44027	41674	41884	40795	28829	44254	40755	41666	25826	30885	24285	34036	45247	42062	31534	21258	22522	44004	45668	21593	44217	32967	39633	35215	32593	30633	28572	31621	23897	28227	46601	34934	13493	41991	37870	39436	44490	19677	37649	42068	42413	32863	34800	44345	43802	33021	39139	20067	46629	34615	24339	26691	42931	23570	39629	34212	25182	36244	40349	44086	14138
45	45123	24070	31599	32692	27625	36441	27457	28295	45351	42838	24554	33945	41212	43302	38641	24790	32649	46325	45468	27404	42144	29091	41014	28328	45568	38567	38573	46044	41385	39512	35928	24987	40371	34011	43614	36132	38408	26105	44054	45673	43504	44553	43000	32450	45398	42973	43627	29009	34293	27207	37177	45056	44608	34964	24424	25436	41049	45813	24685	45580	36314	42907	38530	36254	33948	32134	34852	27076	31460	45796	38532	15453	44520	40920	41833	45462	22539	40375	44075	44803	36162	38216	45537	45514	36463	42159	23193	46822	37832	27498	29904	45096	26539	42487	37284	28233	39547	42899	44722	16362
46	47101	27404	34996	35904	30772	39668	30760	31230	46180	44668	27724	36919	43368	45618	41168	27938	35854	44484	43657	30901	44211	32507	43016	31512	45777	41663	41304	45789	43265	42635	38993	28387	43125	37316	45109	39319	41781	29304	45200	46274	44473	46347	44704	36060	45465	44723	44982	32508	37464	30433	40247	43801	46229	38066	27799	28690	37367	45312	27861	45892	39422	45532	41473	39521	37463	35606	38012	30432	34968	43727	41844	17786	46147	43369	43652	45494	25715	42771	45488	46381	39181	41131	45928	46045	39607	44709	26572	45719	40649	30665	33167	46177	29504	44593	40060	31457	42363	44807	44638	18849
47	47846	30929	38347	38875	33913	42213	34134	34293	45877	45484	31010	39888	44765	46966	43189	31326	39072	41202	40825	34563	45853	35859	44268	34953	44728	44305	43793	44476	44326	45262	41620	31826	44926	40353	45737	42114	44711	32523	45443	45669	44491	47167	45362	39318	44394	45491	45419	35728	40317	33763	42873	41483	46962	41074	31243	32178	33123	43769	31169	45187	41933	47422	43833	42537	40586	38814	40877	33837	38067	40952	44278	20314	46704	45029	44863	44497	29033	44571	45840	47129	41882	43501	45323	45428	42241	46420	30018	43355	43043	33875	36178	46424	32403	45935	42482	34700	44840	45993	43524	21467
48	47541	34321	41200	41706	36782	44113	37418	37389	44580	45509	34268	42336	45386	47323	44328	34494	41858	37271	37075	38052	46663	39172	44760	38221	42275	46242	45572	41883	44755	46997	43565	35292	45995	42976	45353	44372	46627	35827	44658	44178	43468	46825	45106	42280	42038	45134	44901	38957	42995	37121	44746	38185	46510	43627	34702	35514	28403	41218	34603	43241	43976	48059	45606	44865	43177	41475	43176	37027	41017	37231	46083	23163	46218	45677	44932	42391	32436	45493	45151	46610	44082	45368	43516	43756	44371	46966	33584	40072	44906	37012	39207	45492	35383	46459	44201	37983	46295	46271	41488	24330
49	45650	37682	43598	44000	39575	45509	40477	40113	42320	44328	37362	44127	45078	46388	44756	37555	43990	32611	32541	41116	46220	42344	44315	41079	39042	47328	46326	38703	44164	47504	44737	38747	46305	44712	43845	45655	47210	38756	42712	41579	41461	45037	43683	44532	38872	43705	43298	41671	45078	40239	45684	34087	44956	45265	38130	38741	23476	37978	37844	40287	45001	47307	46369	46560	44973	43647	44702	40043	43319	32707	46929	26201	44659	45345	44057	39241	35781	45391	43432	45039	45416	46268	40957	41062	45971	46459	36853	35721	45775	39756	41966	43670	38287	45639	44912	41085	46608	45139	38211	27274
50	42773	40530	45129	45359	41904	45977	42866	42539	39056	42019	39991	45109	43754	44290	44092	40285	45496	27585	27691	43767	44671	44859	42775	43446	34894	46957	46230	34448	42698	46962	44899	41654	45375	45585	41274	45989	46887	41425	39552	37888	38288	42054	41097	46168	34938	41107	40627	43933	46413	42581	45650	29347	42105	45880	41148	41566	18754	34088	40821	36268	45228	45211	46318	47091	46073	45219	45563	42504	44898	27702	46442	29505	41950	44011	42122	34935	38880	44155	40516	42336	45835	46387	37420	37426	46531	44648	39984	30747	45782	42261	44050	40651	41009	43820	44887	43548	46034	43274	34564	30620
51	38607	42977	45828	45945	44009	45615	44661	44298	35111	38881	42033	45155	41414	40896	42318	42728	45959	22472	22806	45681	42002	46480	40397	45124	30000	45268	45021	29795	40157	44819	44055	44325	43415	45659	37711	45293	45192	43532	35454	33437	34780	38289	37944	46821	30246	37539	37012	45173	46401	44424	44457	24516	38352	45673	43578	43872	14387	29628	43402	31531	44122	42033	45217	46465	46178	45693	45462	44469	45554	22799	44817	32869	38054	41301	39200	30163	41786	41442	36646	38706	45075	45221	33363	33027	45619	41565	42582	25606	44766	44144	45266	37109	43198	41190	43711	45255	44232	40166	30225	33782
52	33557	44688	45668	45421	45020	43853	45739	45381	30679	35033	43532	44062	38126	36689	39362	44462	45379	17645	18107	46509	38013	47067	36866	46076	25126	42317	42686	24787	36539	41589	42207	46225	40556	44590	33215	43651	42415	45053	30829	28617	30875	33733	33851	46254	25274	33343	32693	45632	45197	45302	42231	19907	33792	44249	45302	45336	10745	24983	45330	26510	41942	37958	42596	44830	44897	45416	44027	45660	45016	18013	42182	36082	33514	37716	35371	25250	44034	37886	32302	34028	43591	42887	28647	28293	43914	37564	44630	20658	42422	45122	45863	32665	44927	37416	41425	45969	41351	36102	25735	36826
53	28437	45559	44474	43700	45207	41078	45803	45508	25754	30576	44308	41919	34160	31818	35589	45320	43652	13227	13878	46341	33326	46755	32879	46157	20176	38670	38889	19687	32645	37504	39487	47229	36722	42433	28508	40666	38785	45612	25782	23697	26596	29050	29081	44531	20539	28605	27927	45083	42979	45376	39041	15425	28798	41819	46207	45692	7807	20328	46270	21461	38825	33039	39101	42064	42589	44166	41654	45420	43266	13759	38497	39254	28618	33488	30976	20360	45670	33277	27575	29100	40906	39375	23718	23472	40756	32870	45838	16099	39201	45221	45356	27708	45760	32967	38288	45593	37463	31345	21166	39905
54	23301	45671	42122	40828	44150	37600	44611	44321	20754	25834	44195	38508	29524	26791	31062	45136	41014	9519	10369	45013	28136	44991	28513	44762	15664	34091	34620	15005	28098	32701	35846	47133	32218	39296	23732	37193	34420	45129	20861	18914	22105	24049	24276	41556	16151	23798	23131	43237	39429	44237	34911	11598	23658	38326	45834	45104	5430	16096	46114	16798	34911	27840	34499	38159	39273	41693	38189	44067	40520	10061	34063	42098	23616	28561	26122	15816	46355	28406	22891	24068	37268	35071	18995	18746	36623	27818	46074	11987	35070	44332	43628	22686	45416	28223	34137	44172	32696	26287	16884	42379
55	18380	44576	38604	36936	42171	32816	42207	42130	16133	21110	42987	34447	24835	21772	26505	44010	37337	6694	7473	42822	22889	41943	23966	42493	11544	29139	29637	10877	23377	27528	31587	45632	27350	35217	19142	32734	29692	43606	16361	14409	17870	19460	19477	37921	12247	19230	18519	40474	35017	41822	30256	8351	18753	33820	44360	43487	3723	12352	45011	12742	30861	22731	29667	33591	35139	38525	34027	41706	37092	7069	29241	44264	18835	23772	21468	11849	46095	23488	18379	19136	32805	30306	14580	14506	31819	22718	45101	8506	30423	42234	40921	17800	43990	23225	29573	41445	27504	21224	12992	44208
56	14095	42446	34375	32478	39252	27768	38877	38616	12114	16678	40881	30032	19978	16963	21690	41585	32939	4443	5183	39545	18065	38019	19470	39087	8284	24136	24453	7499	18716	22324	26885	43123	22486	30621	14903	27930	24725	40977	12437	10482	14080	15244	15267	33454	8983	14958	14260	36786	30144	38671	25370	5912	14426	28902	41993	40690	2388	9260	42768	9209	26322	17919	24575	28498	30478	34408	29111	38533	32954	4764	24530	45184	14452	19102	17160	8543	44469	18787	14192	14729	27846	25112	10646	10919	26852	18008	43264	5935	25581	39180	37009	13416	41218	18472	24634	37745	22436	16476	9611	45347
57	10183	39325	29560	27751	35488	22491	34821	34178	8701	12606	37862	25354	15490	12749	17256	38075	28255	2827	3383	35392	13776	33220	15357	34746	5655	19431	19418	4796	14404	17381	22187	39274	17883	25627	11228	22987	20062	37292	8893	7324	10669	11458	11507	28651	6329	11285	10583	32172	25057	34710	20533	3942	10546	23853	38783	37066	1467	6746	39584	6470	21775	13550	19759	23415	25491	29625	24046	34785	28301	3049	19871	45187	10702	14839	13181	5854	41653	14513	10568	10807	22951	20090	7397	7894	21837	13695	40214	3968	20644	35259	32149	9694	37318	14016	19847	33528	17608	12193	6844	45219
58	7109	35526	24751	23031	30704	17591	30104	29318	6092	9167	33943	20806	11528	9031	13148	33863	23224	1746	2126	30553	10089	27968	11786	29603	3776	15255	14792	2939	10766	12988	17623	34488	13644	20656	8078	18352	15818	32925	6138	4866	7751	8225	8282	23661	4322	8254	7646	27278	20142	30107	15909	2535	7426	18917	34878	32768	865	4800	35400	4352	17431	9793	15242	18320	20635	24520	19162	30344	23703	1842	15477	44134	7536	11146	9823	3942	37931	10874	7517	7628	18172	15483	4932	5547	17051	10110	36372	2501	16202	30683	26927	6635	32744	10218	15592	28827	12945	8646	4813	44124
59	4882	30904	19894	18632	25716	13314	25254	24294	4061	6331	29605	16414	8306	6148	9680	29173	18326	1098	1190	25635	7119	22653	8591	24349	2455	11603	10946	1706	7662	9429	13318	29209	9970	15889	5633	14132	11925	28081	4113	3026	5425	5777	5763	18936	2852	5818	5213	22479	15614	25164	12003	1562	4972	14603	30327	28087	444	3330	30555	2834	13477	6759	11514	13875	16131	19567	14710	25695	19297	1054	11765	42144	5018	8036	7047	2519	33571	7936	5231	5048	13947	11427	3164	3797	12859	7284	31851	1542	12181	25622	21720	4374	27718	7053	12062	24143	9258	5941	3203	41783
60	3163	26131	15492	14379	20696	9668	20356	19305	2673	4149	25034	12522	5740	3959	6894	24269	14003	673	671	20611	4813	17667	6043	19024	1489	8586	7769	937	5214	6505	9652	23972	7011	11839	3700	10560	8773	23042	2610	1815	3634	3816	3871	14683	1848	3881	3377	17872	11748	20324	8696	935	3228	10782	25644	23282	221	2258	25584	1746	10023	4559	8464	10118	12014	15002	10833	21152	15209	546	8564	39015	3325	5611	4980	1580	28699	5569	3457	3210	10315	8009	1923	2525	9366	5067	27129	846	8750	20773	16700	2775	22728	4606	8990	19381	6216	3789	2041	38622
61	1961	21428	11560	10781	16042	6722	15895	14784	1637	2572	20425	9132	3733	2425	4749	19648	10192	413	315	16079	3168	13233	4005	14261	897	6131	5322	514	3440	4347	6773	18934	4740	8279	2318	7792	6211	18370	1566	1047	2387	2442	2475	10997	1152	2440	2067	13740	8485	15986	5996	541	1954	7681	21012	18654	99	1471	20658	1060	7129	2854	6132	7165	8760	11001	7689	16859	11705	268	5977	35279	2090	3725	3388	978	23527	3748	2171	1952	7384	5416	1113	1666	6570	3398	22285	474	5974	16203	12355	1670	18008	2902	6597	14851	4052	2317	1266	34511
62	1151	16928	8124	7770	11796	4520	11878	10759	961	1477	16149	6320	2384	1433	3104	15582	7162	255	139	11975	2046	9505	2585	10308	479	4255	3494	276	2169	2871	4498	14318	3087	5617	1358	5470	4375	14145	862	519	1588	1507	1507	7779	722	1521	1213	10350	6025	12015	3967	312	1167	5271	16500	14537	36	894	15997	601	5074	1713	4249	4801	6081	7777	5207	12940	8781	131	4045	31150	1262	2388	2194	591	18677	2462	1390	1088	5129	3495	659	1059	4346	2218	17800	270	3895	12098	8901	999	13678	1719	4666	11075	2491	1364	757	30183
63	684	12886	5481	5369	8330	2876	8613	7594	549	756	12310	4211	1464	752	1995	11753	4847	146	54	8532	1252	6563	1554	7162	246	2894	2245	133	1275	1823	2886	10391	1833	3705	746	3803	3006	10564	455	298	1005	859	861	5313	431	867	693	7398	4143	8621	2528	180	643	3477	12397	10999	16	535	11889	337	3369	968	2891	3112	4016	5386	3403	9455	6359	55	2670	26443	711	1450	1322	379	14027	1583	856	582	3413	2200	381	676	2780	1376	13654	151	2391	8723	6109	542	9999	954	3218	7978	1455	751	439	25673
64	382	9385	3547	3571	5533	1808	5943	5115	277	359	9046	2646	912	376	1241	8688	3118	93	17	5972	721	4345	892	4707	126	1838	1310	63	757	1133	1746	7201	1056	2328	382	2581	1975	7712	219	135	619	439	497	3500	252	472	362	5219	2779	5882	1531	93	344	2164	9060	8081	7	311	8456	192	2071	524	1905	1980	2614	3574	2112	6808	4389	18	1727	21762	387	800	789	237	10007	987	524	340	2111	1315	212	424	1644	789	10174	80	1401	5985	4068	270	7000	518	2152	5439	791	382	247	21115
65	209	6655	2111	2295	3535	1062	3945	3283	140	155	6333	1571	504	150	716	6145	1949	50	4	4056	406	2733	466	2976	47	1150	737	28	405	671	1055	4754	585	1393	182	1627	1230	5544	96	55	416	241	259	2205	131	220	193	3570	1758	3826	902	38	199	1322	6335	5756	3	169	5664	106	1212	291	1167	1122	1617	2295	1249	4655	2989	7	1061	17135	198	437	425	143	6828	601	281	176	1259	780	97	241	947	397	7399	43	791	3915	2592	127	4713	252	1398	3637	403	187	114	16811
66	100	4457	1222	1393	2154	588	2530	1974	60	45	4331	890	293	71	371	4193	1148	24	2	2671	219	1643	243	1834	15	699	385	4	220	408	588	3002	322	830	72	988	779	3790	37	16	276	118	123	1283	73	109	79	2315	1076	2418	511	17	98	783	4262	4046	2	86	3536	59	691	145	673	628	959	1424	713	3115	2001	1	633	13098	116	208	229	81	4374	386	146	100	733	462	44	135	536	198	5095	20	431	2463	1577	63	3006	126	858	2304	199	80	52	12930
67	45	2842	659	829	1201	333	1543	1107	23	10	2792	472	164	33	189	2811	622	12	1	1765	123	927	118	1054	4	401	183	0	112	241	318	1784	156	471	19	561	447	2496	18	4	155	51	53	705	39	48	26	1405	645	1399	287	6	47	398	2717	2737	0	39	2157	25	384	74	378	340	569	864	419	2025	1280	0	348	9579	46	100	104	49	2633	250	66	60	401	271	14	69	305	105	3342	10	223	1475	909	31	1838	65	520	1407	91	34	17	9548
68	22	1747	318	508	634	169	882	581	9	4	1726	255	97	11	84	1782	340	2	0	1175	58	488	55	572	0	213	80	NA	53	131	158	1030	74	273	8	304	259	1615	5	1	87	15	18	348	17	15	13	781	322	759	146	0	21	192	1686	1776	NA	14	1236	8	194	43	214	176	312	523	221	1243	813	NA	215	6825	25	38	45	30	1444	165	32	37	192	146	6	37	153	37	2094	4	109	848	483	11	1079	26	328	809	43	11	7	6819
69	10	1014	145	306	320	73	517	275	1	0	1050	128	48	2	31	1071	165	0	NA	807	26	252	17	306	NA	111	29	NA	20	69	81	548	32	155	0	157	140	977	0	1	41	7	7	173	1	3	5	419	152	397	78	NA	12	101	1008	1099	NA	5	667	4	92	21	118	93	156	279	108	773	486	NA	113	4629	13	12	12	18	704	106	13	17	95	86	0	17	86	14	1256	0	61	492	252	2	590	11	201	449	12	4	1	4652
70	1	548	73	192	158	34	279	127	0	NA	604	70	20	0	11	613	65	NA	NA	584	11	107	5	146	NA	51	7	NA	7	34	35	248	11	83	NA	87	62	583	NA	0	20	2	4	83	1	0	1	216	68	187	44	NA	4	41	549	619	NA	1	330	3	44	10	49	49	70	154	47	464	304	NA	50	2986	3	3	2	10	302	68	5	8	45	35	NA	5	45	2	712	NA	29	253	115	2	299	6	116	225	5	2	1	3038
71	0	281	21	118	69	12	137	52	NA	NA	330	31	3	NA	2	328	24	NA	NA	390	2	40	1	76	NA	18	1	NA	0	14	20	110	5	41	NA	37	27	291	NA	NA	2	0	1	26	0	NA	0	94	32	97	17	NA	2	15	281	326	NA	0	160	2	17	4	22	25	28	62	22	265	186	NA	23	1836	1	1	0	3	125	43	3	3	23	12	NA	1	19	0	383	NA	15	126	40	0	150	2	71	109	1	0	1	1943
72	NA	125	7	65	29	4	70	20	NA	NA	201	18	2	NA	1	153	10	NA	NA	261	0	14	0	34	NA	8	1	NA	NA	6	12	43	2	23	NA	17	10	133	NA	NA	0	NA	0	9	NA	NA	NA	38	10	38	7	NA	0	6	142	159	NA	NA	79	0	4	2	12	10	13	21	5	142	90	NA	9	1059	1	1	NA	0	50	23	0	1	7	4	NA	0	5	NA	173	NA	6	69	16	NA	66	0	45	47	1	NA	0	1181
73	NA	55	1	31	9	2	23	9	NA	NA	115	7	0	NA	0	67	1	NA	NA	168	NA	2	NA	15	NA	4	0	NA	NA	1	2	13	1	13	NA	7	5	56	NA	NA	NA	NA	NA	3	NA	NA	NA	11	4	18	5	NA	NA	3	69	74	NA	NA	36	NA	1	0	6	6	4	11	1	76	49	NA	3	581	0	1	NA	NA	13	11	NA	0	1	2	NA	NA	2	NA	73	NA	0	40	4	NA	17	NA	29	15	0	NA	NA	679
74	NA	19	0	18	6	0	9	6	NA	NA	57	4	NA	NA	NA	20	1	NA	NA	95	NA	1	NA	5	NA	1	NA	NA	NA	1	1	1	1	8	NA	3	0	17	NA	NA	NA	NA	NA	1	NA	NA	NA	6	1	7	4	NA	NA	2	34	29	NA	NA	10	NA	0	NA	4	1	2	5	0	36	18	NA	0	296	NA	1	NA	NA	3	3	NA	NA	0	0	NA	NA	0	NA	26	NA	NA	25	2	NA	6	NA	20	3	NA	NA	NA	363
75	NA	7	NA	9	2	NA	3	3	NA	NA	25	0	NA	NA	NA	6	0	NA	NA	48	NA	0	NA	1	NA	0	NA	NA	NA	0	0	0	1	3	NA	2	NA	7	NA	NA	NA	NA	NA	0	NA	NA	NA	2	0	2	3	NA	NA	2	12	12	NA	NA	6	NA	NA	NA	2	0	2	3	NA	18	9	NA	NA	131	NA	0	NA	NA	1	0	NA	NA	NA	NA	NA	NA	NA	NA	11	NA	NA	11	0	NA	1	NA	11	0	NA	NA	NA	189
76	NA	5	NA	4	0	NA	0	0	NA	NA	13	NA	NA	NA	NA	2	NA	NA	NA	27	NA	NA	NA	0	NA	NA	NA	NA	NA	NA	NA	NA	0	1	NA	1	NA	1	NA	NA	NA	NA	NA	NA	NA	NA	NA	1	NA	0	2	NA	NA	2	4	7	NA	NA	2	NA	NA	NA	1	NA	0	2	NA	5	4	NA	NA	59	NA	NA	NA	NA	0	NA	NA	NA	NA	NA	NA	NA	NA	NA	3	NA	NA	5	NA	NA	1	NA	3	NA	NA	NA	NA	94
77	NA	0	NA	1	NA	NA	NA	NA	NA	NA	5	NA	NA	NA	NA	1	NA	NA	NA	13	NA	NA	NA	NA	NA	NA	NA	NA	NA	NA	NA	NA	NA	0	NA	0	NA	1	NA	NA	NA	NA	NA	NA	NA	NA	NA	1	NA	NA	0	NA	NA	0	1	2	NA	NA	1	NA	NA	NA	1	NA	NA	2	NA	1	5	NA	NA	20	NA	NA	NA	NA	NA	NA	NA	NA	NA	NA	NA	NA	NA	NA	2	NA	NA	3	NA	NA	0	NA	1	NA	NA	NA	NA	45
78	NA	NA	NA	0	NA	NA	NA	NA	NA	NA	1	NA	NA	NA	NA	0	NA	NA	NA	3	NA	NA	NA	NA	NA	NA	NA	NA	NA	NA	NA	NA	NA	NA	NA	NA	NA	0	NA	NA	NA	NA	NA	NA	NA	NA	NA	0	NA	NA	NA	NA	NA	NA	0	1	NA	NA	1	NA	NA	NA	0	NA	NA	0	NA	0	5	NA	NA	6	NA	NA	NA	NA	NA	NA	NA	NA	NA	NA	NA	NA	NA	NA	1	NA	NA	0	NA	NA	NA	NA	0	NA	NA	NA	NA	20
79	NA	NA	NA	NA	NA	NA	NA	NA	NA	NA	0	NA	NA	NA	NA	NA	NA	NA	NA	0	NA	NA	NA	NA	NA	NA	NA	NA	NA	NA	NA	NA	NA	NA	NA	NA	NA	NA	NA	NA	NA	NA	NA	NA	NA	NA	NA	NA	NA	NA	NA	NA	NA	NA	NA	0	NA	NA	0	NA	NA	NA	NA	NA	NA	NA	NA	NA	4	NA	NA	2	NA	NA	NA	NA	NA	NA	NA	NA	NA	NA	NA	NA	NA	NA	0	NA	NA	NA	NA	NA	NA	NA	NA	NA	NA	NA	NA	7
80	NA	NA	NA	NA	NA	NA	NA	NA	NA	NA	NA	NA	NA	NA	NA	NA	NA	NA	NA	NA	NA	NA	NA	NA	NA	NA	NA	NA	NA	NA	NA	NA	NA	NA	NA	NA	NA	NA	NA	NA	NA	NA	NA	NA	NA	NA	NA	NA	NA	NA	NA	NA	NA	NA	NA	NA	NA	NA	NA	NA	NA	NA	NA	NA	NA	NA	NA	NA	3	NA	NA	1	NA	NA	NA	NA	NA	NA	NA	NA	NA	NA	NA	NA	NA	NA	NA	NA	NA	NA	NA	NA	NA	NA	NA	NA	NA	NA	NA	6
81	NA	NA	NA	NA	NA	NA	NA	NA	NA	NA	NA	NA	NA	NA	NA	NA	NA	NA	NA	NA	NA	NA	NA	NA	NA	NA	NA	NA	NA	NA	NA	NA	NA	NA	NA	NA	NA	NA	NA	NA	NA	NA	NA	NA	NA	NA	NA	NA	NA	NA	NA	NA	NA	NA	NA	NA	NA	NA	NA	NA	NA	NA	NA	NA	NA	NA	NA	NA	3	NA	NA	1	NA	NA	NA	NA	NA	NA	NA	NA	NA	NA	NA	NA	NA	NA	NA	NA	NA	NA	NA	NA	NA	NA	NA	NA	NA	NA	NA	0
82	NA	NA	NA	NA	NA	NA	NA	NA	NA	NA	NA	NA	NA	NA	NA	NA	NA	NA	NA	NA	NA	NA	NA	NA	NA	NA	NA	NA	NA	NA	NA	NA	NA	NA	NA	NA	NA	NA	NA	NA	NA	NA	NA	NA	NA	NA	NA	NA	NA	NA	NA	NA	NA	NA	NA	NA	NA	NA	NA	NA	NA	NA	NA	NA	NA	NA	NA	NA	2	NA	NA	1	NA	NA	NA	NA	NA	NA	NA	NA	NA	NA	NA	NA	NA	NA	NA	NA	NA	NA	NA	NA	NA	NA	NA	NA	NA	NA	NA	NA
83	NA	NA	NA	NA	NA	NA	NA	NA	NA	NA	NA	NA	NA	NA	NA	NA	NA	NA	NA	NA	NA	NA	NA	NA	NA	NA	NA	NA	NA	NA	NA	NA	NA	NA	NA	NA	NA	NA	NA	NA	NA	NA	NA	NA	NA	NA	NA	NA	NA	NA	NA	NA	NA	NA	NA	NA	NA	NA	NA	NA	NA	NA	NA	NA	NA	NA	NA	NA	2	NA	NA	1	NA	NA	NA	NA	NA	NA	NA	NA	NA	NA	NA	NA	NA	NA	NA	NA	NA	NA	NA	NA	NA	NA	NA	NA	NA	NA	NA	NA
84	NA	NA	NA	NA	NA	NA	NA	NA	NA	NA	NA	NA	NA	NA	NA	NA	NA	NA	NA	NA	NA	NA	NA	NA	NA	NA	NA	NA	NA	NA	NA	NA	NA	NA	NA	NA	NA	NA	NA	NA	NA	NA	NA	NA	NA	NA	NA	NA	NA	NA	NA	NA	NA	NA	NA	NA	NA	NA	NA	NA	NA	NA	NA	NA	NA	NA	NA	NA	2	NA	NA	0	NA	NA	NA	NA	NA	NA	NA	NA	NA	NA	NA	NA	NA	NA	NA	NA	NA	NA	NA	NA	NA	NA	NA	NA	NA	NA	NA	NA
85	NA	NA	NA	NA	NA	NA	NA	NA	NA	NA	NA	NA	NA	NA	NA	NA	NA	NA	NA	NA	NA	NA	NA	NA	NA	NA	NA	NA	NA	NA	NA	NA	NA	NA	NA	NA	NA	NA	NA	NA	NA	NA	NA	NA	NA	NA	NA	NA	NA	NA	NA	NA	NA	NA	NA	NA	NA	NA	NA	NA	NA	NA	NA	NA	NA	NA	NA	NA	0	NA	NA	NA	NA	NA	NA	NA	NA	NA	NA	NA	NA	NA	NA	NA	NA	NA	NA	NA	NA	NA	NA	NA	NA	NA	NA	NA	NA	NA	NA	NA
