0	2	3	1	1	1	1	2	1	2	2	2	3	3	2	3	2	2	3	2	1	2	2	2	3	3	1	1	1	3	3	2	3	1	2	3	2	2	1	4	3	2	3	1	2	4	2	3	3	4	3	3	3	2	2	3	2	3	2	3	2	2	4	2	1	2	1	1	3	2	2	3	1	3	2	3	2	3	1	2	2	3	3	2	3	3	2	2	2	2	2	3	2	2	1	2	1	3	3	2	2
1	4	4	2	1	1	2	5	3	6	3	4	7	6	4	5	4	5	6	4	2	3	2	5	7	6	4	3	2	8	7	3	5	2	2	5	4	7	2	7	7	3	7	2	5	7	5	6	9	7	5	6	7	2	5	6	4	5	6	8	7	4	5	4	2	5	2	2	6	4	4	6	1	7	4	3	4	7	1	2	7	6	5	3	6	6	5	5	3	4	3	5	6	4	2	4	1	5	6	4	3
2	7	6	4	3	1	4	7	6	8	6	6	8	11	6	9	9	7	10	8	3	5	5	7	11	12	8	4	3	13	8	4	8	5	4	9	7	10	4	10	10	4	12	4	8	12	7	10	16	10	7	10	13	3	8	8	7	8	9	10	12	8	9	8	3	7	3	4	11	9	10	6	3	10	6	4	7	9	2	3	11	11	8	3	10	11	9	8	4	5	5	8	10	6	5	5	2	10	14	11	4
3	11	9	5	5	1	8	11	10	14	9	9	12	15	8	14	15	9	13	12	6	9	9	10	17	16	11	8	6	18	10	10	15	8	8	11	11	14	11	14	14	7	17	4	11	12	8	15	26	19	11	15	21	5	12	12	10	10	9	13	19	10	14	10	6	10	4	8	14	13	15	6	5	16	7	5	12	12	3	5	15	18	12	4	12	19	16	12	6	7	7	10	16	13	7	7	2	13	20	14	6
4	15	14	7	5	1	12	15	14	18	12	10	16	21	10	19	21	13	13	13	10	16	11	13	21	21	14	11	7	24	10	16	18	12	13	15	13	19	13	21	18	8	20	5	16	14	14	21	40	24	16	19	24	6	17	15	14	12	13	14	28	14	19	12	8	12	6	12	18	16	19	9	6	28	10	8	17	14	5	7	17	22	15	5	13	25	23	19	9	11	10	15	18	19	7	9	5	18	24	16	8
5	16	19	9	7	1	15	20	19	26	16	15	21	26	13	19	33	18	17	18	14	21	14	19	27	24	18	13	8	30	14	26	24	20	17	19	18	19	15	23	23	8	24	9	18	16	18	28	53	32	17	20	26	6	21	18	15	15	16	17	34	19	26	14	14	12	10	14	21	20	23	12	8	39	13	9	24	17	8	9	17	29	19	10	15	32	30	21	14	13	12	21	21	22	7	12	7	25	30	21	12
6	20	24	11	12	1	22	27	24	35	16	19	18	29	15	18	44	23	22	21	15	25	18	18	30	24	22	20	10	40	18	29	27	22	21	23	23	21	19	28	29	10	33	10	25	16	25	34	63	39	18	27	30	9	28	23	20	22	15	18	40	27	34	15	19	10	13	16	29	24	26	16	10	49	18	10	31	16	12	13	21	35	22	12	19	39	41	24	17	17	14	26	26	24	10	12	10	32	35	24	14
7	21	30	15	19	2	24	34	24	42	18	23	21	33	19	21	60	26	26	22	21	31	22	21	36	26	29	23	16	59	24	38	29	26	25	29	25	24	21	38	37	11	37	14	25	19	31	45	78	49	25	31	31	13	30	25	24	31	18	16	46	29	38	16	27	14	18	20	35	27	28	25	15	61	20	11	35	17	15	16	20	39	22	16	24	52	51	30	25	23	18	34	31	28	11	17	11	40	36	23	19
8	24	38	19	25	4	30	40	20	44	23	27	26	39	20	29	77	29	34	24	22	34	24	23	40	35	33	26	25	68	32	46	34	29	28	38	28	22	24	44	42	11	44	19	26	19	38	48	86	62	30	38	34	17	34	25	27	41	19	19	41	35	44	18	36	18	22	25	42	37	29	36	20	66	24	13	38	20	23	20	25	44	25	17	36	53	52	40	31	29	23	43	38	31	12	17	13	47	39	28	21
9	28	46	27	32	8	35	49	24	51	27	31	29	50	27	28	98	34	37	29	23	34	29	28	46	45	39	27	33	81	37	55	37	28	37	43	35	23	26	56	44	12	52	24	30	30	46	51	103	74	37	39	40	21	38	28	27	52	22	21	40	39	49	21	42	26	24	31	52	43	37	42	24	72	26	16	39	24	31	28	30	46	31	19	44	60	55	51	37	36	25	55	44	34	14	18	15	57	35	30	30
10	31	58	35	37	10	37	57	27	49	36	37	35	54	32	34	104	47	42	30	20	30	36	34	49	55	47	26	40	90	43	59	44	33	42	59	43	26	31	58	44	15	55	23	31	40	51	57	124	79	46	42	47	30	43	35	34	64	25	24	39	48	53	26	46	36	29	37	56	51	40	44	24	79	28	21	47	26	34	34	35	42	31	25	52	67	57	56	43	39	31	60	44	35	16	26	18	63	39	29	36
11	40	67	41	51	13	40	67	24	56	45	43	43	54	36	35	124	49	41	35	18	38	42	41	50	67	55	34	52	99	49	64	55	31	49	72	48	29	39	63	40	18	59	24	31	49	56	60	145	88	59	47	59	37	47	43	42	75	25	25	40	60	60	27	51	42	36	43	64	62	49	47	32	91	35	31	57	30	38	41	38	47	33	32	60	74	64	57	46	49	37	66	54	42	18	30	23	76	46	28	48
12	42	79	48	65	17	48	66	27	58	55	45	48	53	37	37	132	56	44	34	16	41	46	41	58	78	69	40	56	99	57	68	62	32	62	83	51	35	43	75	40	27	64	27	28	57	53	70	175	102	70	47	66	36	58	50	51	81	30	29	41	70	71	30	57	48	38	46	77	71	51	53	39	96	38	36	64	29	46	48	43	54	40	33	60	80	69	61	53	55	41	73	55	48	22	36	27	77	49	39	60
13	55	102	58	76	21	55	74	29	70	60	48	53	57	41	41	155	59	43	44	20	42	46	39	68	82	85	48	65	106	62	61	74	27	67	101	59	40	54	94	47	39	66	29	27	68	62	81	195	119	80	53	85	43	69	60	55	103	42	39	30	72	91	34	61	63	34	51	86	81	62	57	45	101	42	46	67	32	43	54	44	65	48	36	71	82	82	64	61	59	44	78	62	55	23	45	30	88	48	48	75
14	69	117	65	91	20	66	81	39	91	60	59	61	62	51	44	160	62	53	59	25	50	51	43	78	89	103	58	66	130	68	67	89	26	77	107	73	52	66	104	52	46	73	32	29	74	71	84	215	143	94	65	102	49	90	61	57	119	51	48	32	80	106	44	61	76	32	50	93	87	72	66	58	114	46	51	73	33	50	54	50	70	55	35	76	96	91	67	64	65	42	91	72	66	22	48	35	94	54	60	84
15	80	142	72	103	21	70	92	46	107	62	63	69	67	49	44	181	74	54	71	39	48	59	55	87	100	119	68	68	168	73	77	92	25	83	128	88	64	71	123	57	62	95	40	27	78	82	94	254	166	108	72	119	52	105	66	64	141	68	52	33	87	129	53	68	83	38	62	99	92	79	67	68	125	48	54	83	37	54	54	55	71	66	38	74	108	103	70	71	73	46	96	77	73	29	56	42	104	58	73	98
16	94	162	78	121	21	78	101	49	135	67	75	75	86	58	42	209	87	57	92	48	52	73	66	104	108	142	72	74	199	74	87	107	30	91	152	101	76	71	146	55	72	114	45	29	80	96	92	288	201	126	74	141	56	115	72	73	164	91	57	31	96	137	56	70	94	47	79	97	110	95	73	84	139	52	62	94	46	56	56	63	73	76	43	74	126	117	75	77	80	50	112	92	87	33	71	45	114	66	88	105
17	112	177	88	130	22	81	114	58	164	73	82	73	108	64	44	230	105	62	100	56	58	79	78	124	116	148	83	77	226	77	101	120	37	105	166	116	86	79	174	54	86	134	51	31	80	104	96	317	237	130	82	168	58	123	73	76	188	100	69	35	106	161	66	74	99	51	95	97	134	112	81	92	159	64	62	104	55	62	52	73	74	90	43	81	153	138	79	83	81	52	118	103	109	39	79	44	138	74	108	108
18	123	190	99	137	25	88	117	74	183	78	89	79	125	75	42	252	115	65	108	63	68	82	89	137	124	165	89	79	251	80	106	137	52	112	173	129	104	90	187	62	89	155	60	32	77	119	102	373	272	142	83	211	61	139	87	81	217	107	64	42	114	175	69	77	106	58	102	97	155	136	78	117	171	83	70	112	56	64	54	78	68	108	50	98	189	161	91	90	93	53	136	121	138	40	91	50	161	84	125	108
19	145	216	101	133	24	96	118	83	201	87	98	85	151	80	39	287	133	69	127	74	75	91	84	144	137	189	96	86	264	93	130	161	68	129	189	150	113	98	213	65	95	170	62	36	72	133	112	413	312	159	89	246	68	168	94	90	234	116	67	50	123	188	66	85	112	60	116	97	172	154	81	136	188	105	73	130	64	67	56	79	70	118	54	109	212	189	88	98	93	58	153	131	161	41	98	52	190	106	134	117
20	176	240	103	152	30	108	121	87	222	102	98	88	168	89	37	310	155	72	139	86	80	100	99	149	149	207	103	89	290	96	143	191	75	157	181	168	121	100	231	69	89	193	63	46	75	155	114	450	355	163	95	289	75	187	113	99	248	131	75	57	130	192	67	105	118	64	130	98	207	172	88	144	212	130	79	155	77	78	59	81	77	131	61	123	241	218	94	115	99	58	159	150	181	47	105	54	204	119	151	120
21	187	285	128	157	34	111	123	90	246	130	105	97	184	103	48	338	181	81	157	93	88	106	113	150	166	220	118	96	316	107	160	212	78	182	189	195	136	108	265	87	98	216	68	50	81	184	116	492	389	175	110	325	79	222	111	108	285	145	80	68	140	220	61	123	125	73	145	103	236	208	102	159	237	146	86	161	82	85	60	98	90	145	61	142	279	264	95	128	102	61	174	172	215	49	113	58	223	136	155	137
22	206	322	129	177	43	119	129	94	269	149	117	102	193	119	55	377	209	87	175	104	99	111	126	142	182	232	134	109	316	123	168	231	83	193	201	216	159	122	295	102	107	235	72	53	97	214	117	534	410	179	119	369	83	252	128	109	314	138	94	78	150	230	65	137	130	80	162	119	272	235	115	173	261	166	88	178	83	80	84	104	95	158	63	157	298	305	105	133	108	70	190	204	239	60	128	61	229	160	161	154
23	245	367	126	194	51	128	138	114	321	176	144	104	216	134	63	425	231	99	210	111	103	116	143	149	210	236	148	124	340	136	176	247	85	216	227	249	163	147	340	116	117	256	82	55	120	227	110	572	447	189	128	427	94	287	144	116	321	163	98	90	169	249	65	160	142	92	173	136	293	275	133	188	284	186	95	181	83	85	97	107	107	173	73	162	335	338	107	156	124	79	206	235	276	67	150	67	252	182	166	172
24	269	422	109	202	59	130	155	119	360	202	172	126	242	158	68	482	249	120	233	120	109	121	162	143	244	261	164	136	368	148	186	283	89	237	255	277	176	164	359	135	128	274	85	56	144	247	113	635	499	221	139	480	94	312	149	122	351	180	110	101	183	274	76	169	160	90	189	150	312	302	155	196	284	204	108	191	86	95	107	106	121	196	72	189	363	392	121	167	133	84	220	245	293	73	154	72	276	209	174	182
25	296	473	123	212	74	144	161	123	415	235	200	138	270	173	73	529	269	136	252	127	117	136	192	143	252	254	178	147	376	177	210	316	88	260	294	316	204	181	399	151	145	293	92	72	159	273	126	698	521	240	151	531	100	361	162	133	374	190	119	104	211	310	87	181	168	111	209	164	326	318	169	206	320	216	116	193	83	115	114	122	134	208	75	203	400	455	141	182	141	87	217	258	333	76	185	73	297	232	179	198
26	344	506	129	229	85	150	187	130	466	261	224	163	300	193	80	611	290	149	273	131	137	154	222	145	262	267	200	166	416	195	229	357	104	277	318	356	238	214	443	163	170	328	91	78	171	279	130	799	570	279	168	584	109	394	168	129	408	222	132	125	229	348	96	205	178	128	233	179	354	336	185	220	335	227	129	211	82	132	127	134	133	228	80	222	439	522	166	197	144	97	238	284	380	83	220	84	317	257	196	208
27	396	534	131	274	97	172	203	138	532	293	259	177	344	225	90	706	317	168	283	135	157	169	242	142	275	278	223	183	446	228	246	368	136	297	345	396	272	231	514	173	188	373	103	89	174	287	145	887	627	322	179	651	126	440	190	143	426	270	157	138	229	392	105	215	201	148	251	193	374	358	195	236	377	243	134	226	85	148	148	147	144	259	88	236	480	557	195	202	152	111	269	313	432	92	234	84	341	272	215	212
28	445	547	137	322	105	190	229	159	583	334	276	190	383	249	113	782	341	189	311	136	180	187	279	152	299	293	247	215	511	258	267	391	152	337	370	444	309	263	583	187	204	414	116	105	177	312	160	1002	711	362	199	725	134	473	207	148	461	295	168	151	243	442	113	240	206	163	274	206	403	388	196	251	420	259	157	250	96	168	166	156	167	296	95	247	523	633	221	205	167	123	317	356	482	104	263	92	371	315	237	214
29	497	584	165	351	112	220	264	183	648	398	304	205	416	270	130	897	355	208	330	131	201	213	313	161	317	330	288	228	582	291	299	447	182	363	411	485	344	269	657	198	207	443	134	105	176	339	181	1120	757	423	225	814	147	523	227	146	514	333	184	180	267	485	118	257	225	190	295	222	443	434	219	283	478	281	161	299	101	175	181	165	186	317	107	273	584	739	238	218	181	140	348	406	536	116	282	103	402	369	260	233
30	556	631	181	383	111	232	311	201	707	444	338	226	457	301	153	1011	392	239	352	137	222	222	335	179	346	348	325	242	656	317	319	486	214	390	466	513	382	279	752	223	222	496	143	114	174	367	208	1247	845	458	234	907	162	565	248	153	574	385	207	208	309	553	120	273	243	217	322	219	484	485	237	318	528	295	179	332	108	192	222	189	196	350	117	302	651	848	262	237	192	162	379	460	598	133	294	112	437	411	288	253
31	607	692	188	423	108	268	353	232	776	503	358	263	508	321	163	1132	429	268	393	144	253	244	383	205	389	391	357	248	732	359	353	534	239	415	509	557	435	287	841	245	232	566	182	126	174	410	213	1365	934	508	260	1026	179	638	284	156	652	412	222	229	353	637	126	304	263	248	350	250	530	538	260	358	572	333	195	346	117	204	257	202	204	419	121	331	712	930	291	246	209	177	422	513	672	150	322	129	473	476	311	276
32	688	750	204	450	111	284	403	250	841	535	413	275	550	359	186	1218	468	283	460	149	265	262	423	245	438	410	369	275	818	375	418	570	272	437	533	596	486	313	937	260	262	631	201	131	174	469	238	1473	1056	551	281	1157	187	703	322	164	739	437	224	269	404	698	134	342	279	268	377	268	567	591	295	396	648	355	224	358	122	204	288	216	222	470	148	370	753	1047	317	276	230	198	483	575	761	164	376	151	510	549	323	302
33	794	844	232	476	118	295	462	271	909	598	447	295	601	398	224	1344	527	305	529	161	278	293	472	284	465	443	401	300	887	399	465	650	300	470	582	626	535	322	1005	303	284	695	219	144	187	528	260	1654	1155	604	303	1270	211	747	356	171	824	500	243	318	452	774	134	371	339	295	377	311	622	652	319	458	703	383	256	388	132	221	324	234	242	521	165	392	768	1156	345	323	252	218	530	647	856	178	420	165	555	585	348	347
34	893	912	242	520	121	328	529	300	1013	673	482	343	669	433	261	1465	573	319	583	175	293	321	511	315	502	502	440	310	944	433	522	725	319	508	630	692	601	327	1097	329	304	764	245	164	213	604	291	1820	1249	656	335	1365	231	822	397	176	917	560	257	355	501	864	157	422	368	327	417	328	690	739	365	500	759	408	280	398	148	227	373	246	244	575	192	429	823	1302	389	357	277	240	577	727	950	194	449	189	596	642	373	393
35	989	988	267	570	121	357	579	337	1110	723	533	380	728	477	295	1597	636	364	656	191	313	333	555	343	564	548	466	325	1006	439	579	820	359	541	699	766	680	365	1181	391	334	851	259	188	250	695	320	2050	1367	759	369	1480	243	875	429	193	1024	636	269	406	560	956	180	465	389	364	457	351	773	815	416	565	807	451	312	419	164	245	434	259	253	657	214	457	873	1442	417	394	301	264	628	831	1083	207	487	211	638	703	432	428
36	1091	1092	301	593	135	411	601	367	1209	793	577	422	821	513	349	1731	709	391	728	209	351	359	627	380	614	611	502	343	1083	486	634	900	412	589	749	851	756	404	1280	446	374	944	275	216	299	754	345	2267	1485	863	405	1565	264	979	479	210	1159	720	307	458	615	1056	198	525	428	399	484	380	877	941	457	596	902	514	345	457	172	258	495	291	282	709	232	476	930	1610	428	421	328	308	724	938	1189	208	556	236	679	815	490	480
37	1216	1166	335	627	137	464	648	420	1314	854	616	468	909	562	405	1942	777	418	822	234	389	378	707	397	663	645	538	369	1175	548	697	1001	464	620	791	941	825	428	1412	495	421	1031	287	248	337	796	394	2534	1640	944	465	1676	284	1089	532	238	1267	796	340	505	693	1154	218	614	457	429	523	405	984	1014	516	636	983	568	381	471	183	299	551	309	308	750	260	522	1032	1828	484	434	372	362	800	1046	1318	210	598	259	736	910	557	526
38	1348	1221	371	680	147	525	679	472	1423	911	691	505	1010	605	453	2156	852	465	897	255	423	420	795	422	730	702	576	386	1293	597	756	1110	524	667	829	1031	901	468	1542	549	470	1172	320	279	363	850	429	2789	1827	1071	535	1793	317	1192	606	259	1430	890	365	550	777	1331	232	686	500	460	546	445	1078	1119	594	702	1120	605	406	502	199	334	599	341	346	843	291	577	1166	2034	554	458	405	416	883	1160	1480	206	633	286	803	1033	634	592
39	1467	1318	387	720	151	601	720	526	1533	993	751	533	1111	658	486	2411	914	495	990	286	481	441	876	438	793	767	611	423	1410	648	832	1167	571	744	885	1168	1012	530	1705	606	511	1300	351	310	399	931	460	3074	1994	1209	626	1935	332	1314	656	271	1618	988	404	616	870	1496	265	770	514	500	594	477	1152	1271	641	771	1243	653	432	559	213	401	657	376	370	926	328	632	1284	2287	632	488	450	458	971	1273	1625	222	656	317	850	1178	692	654
40	1618	1434	433	772	160	666	780	583	1619	1075	797	579	1252	725	517	2720	984	561	1122	305	535	475	940	481	864	828	656	451	1564	707	928	1260	637	811	970	1297	1101	586	1907	678	542	1465	385	326	443	1028	499	3363	2245	1345	727	2146	351	1468	744	287	1780	1089	437	670	963	1657	296	838	513	541	665	536	1284	1430	696	838	1372	695	483	599	225	455	701	412	416	1027	351	688	1402	2529	704	534	500	510	1058	1415	1770	229	711	350	927	1314	747	722
41	1824	1538	479	846	172	737	857	631	1737	1191	833	628	1387	761	549	2983	1071	631	1234	325	581	525	1012	508	951	891	720	493	1788	793	983	1372	693	880	1049	1404	1208	639	2132	737	588	1603	429	357	487	1152	544	3742	2458	1479	810	2341	375	1607	835	305	1993	1200	475	750	1077	1898	331	908	539	593	758	574	1372	1542	723	904	1522	727	560	656	245	502	755	451	465	1146	386	757	1586	2804	782	570	549	565	1189	1521	1913	244	760	397	1015	1480	803	800
42	2017	1707	525	960	190	813	955	716	1857	1305	869	665	1519	843	594	3310	1172	707	1350	374	632	554	1093	550	1050	927	792	529	1997	908	1051	1482	764	977	1137	1525	1365	699	2349	819	662	1762	484	401	542	1302	605	4150	2733	1644	906	2560	410	1709	924	335	2191	1322	514	806	1188	2119	365	985	581	641	835	617	1468	1690	755	1000	1646	758	636	760	278	548	820	497	521	1271	419	827	1742	3022	865	611	607	619	1325	1693	2116	260	800	457	1116	1678	840	882
43	2213	1864	600	1060	212	919	1077	780	2008	1418	934	717	1639	908	640	3672	1271	785	1475	399	683	599	1150	606	1153	980	865	575	2262	1031	1157	1628	828	1087	1313	1664	1501	761	2615	898	734	1940	551	441	601	1487	654	4604	3002	1832	986	2745	463	1836	1044	366	2416	1441	559	878	1298	2327	399	1080	629	735	916	664	1608	1853	802	1096	1788	803	706	844	303	618	867	539	555	1407	467	908	1920	3297	970	650	658	693	1453	1865	2278	274	864	535	1237	1853	892	979
44	2407	2063	670	1161	227	1032	1230	838	2210	1551	1030	771	1762	987	680	4112	1388	860	1611	453	764	661	1204	656	1260	1066	953	629	2511	1185	1225	1769	914	1232	1440	1780	1669	811	2968	1006	823	2089	627	489	698	1688	737	5090	3319	2007	1076	3006	510	1962	1149	390	2626	1609	593	935	1417	2603	464	1158	679	821	1032	712	1725	2053	862	1215	1978	862	777	947	316	683	946	592	616	1603	522	989	2106	3607	1047	710	734	773	1619	2032	2461	301	915	621	1363	2098	952	1091
45	2638	2281	740	1267	264	1168	1364	905	2467	1672	1137	835	1962	1089	761	4538	1476	936	1776	525	834	754	1291	738	1387	1170	1050	695	2784	1330	1342	1934	1023	1376	1614	1950	1841	892	3297	1089	914	2265	695	525	799	1892	822	5532	3569	2206	1179	3217	561	2124	1253	423	2884	1752	647	1005	1586	2864	519	1284	732	904	1105	758	1864	2265	948	1359	2172	912	863	1083	341	748	1025	646	687	1750	587	1103	2281	3870	1162	763	821	837	1778	2240	2651	334	977	722	1492	2375	1026	1241
46	2852	2495	832	1356	299	1320	1534	1006	2785	1833	1270	913	2126	1156	867	4955	1571	1012	1906	602	903	802	1434	808	1512	1287	1187	783	3037	1495	1499	2112	1148	1526	1779	2172	2012	960	3551	1221	1007	2462	749	564	877	2088	915	6065	3862	2425	1324	3446	629	2303	1382	461	3156	1879	719	1089	1763	3132	543	1421	784	1007	1216	827	2010	2506	1006	1497	2360	996	936	1226	386	790	1127	711	750	1962	682	1253	2466	4220	1282	816	887	946	1934	2431	2884	352	1026	808	1597	2601	1159	1410
47	3131	2743	903	1481	356	1497	1698	1139	3070	1998	1419	983	2336	1255	990	5437	1703	1125	2138	635	981	879	1566	904	1652	1466	1304	840	3292	1643	1650	2285	1243	1689	1970	2370	2214	1050	3906	1321	1096	2651	836	601	956	2286	1040	6601	4181	2680	1466	3722	686	2515	1517	497	3442	2039	781	1192	1955	3386	610	1575	836	1123	1306	882	2180	2797	1134	1713	2564	1107	1006	1336	435	876	1219	803	809	2150	775	1414	2689	4568	1437	913	965	1064	2106	2640	3123	383	1088	879	1742	2790	1269	1578
48	3431	3065	987	1626	395	1717	1886	1263	3399	2175	1587	1075	2566	1378	1106	5886	1823	1196	2364	687	1062	975	1764	999	1836	1620	1353	926	3562	1808	1827	2515	1342	1856	2169	2595	2415	1147	4379	1407	1152	2877	913	662	1070	2474	1157	7137	4571	2987	1608	4020	775	2749	1660	532	3784	2279	866	1319	2152	3698	657	1743	899	1246	1405	982	2367	3092	1253	1888	2831	1232	1099	1476	488	981	1352	897	884	2392	880	1559	2913	5031	1648	999	1063	1193	2301	2901	3332	454	1215	967	1894	3070	1410	1748
49	3702	3345	1101	1777	442	1946	2009	1422	3720	2360	1791	1164	2855	1497	1223	6370	1980	1284	2625	741	1180	1053	1968	1123	2012	1833	1480	1012	3857	1973	2025	2765	1478	2043	2364	2837	2598	1263	4859	1520	1262	3190	967	717	1187	2638	1332	7688	4921	3298	1737	4431	819	3051	1831	586	4116	2532	965	1464	2378	4034	681	1922	934	1366	1527	1094	2576	3375	1403	2081	3101	1383	1235	1628	538	1102	1493	997	979	2620	1003	1720	3162	5368	1849	1097	1159	1300	2483	3168	3599	509	1311	998	2060	3346	1556	1921
50	4061	3716	1222	1968	479	2144	2180	1600	4138	2562	1963	1276	3089	1636	1360	6912	2175	1434	2890	818	1324	1155	2183	1234	2219	2026	1611	1119	4149	2175	2254	3048	1617	2219	2617	3068	2850	1417	5275	1649	1402	3536	1044	787	1318	2858	1478	8341	5365	3622	1925	4776	890	3324	2053	610	4468	2719	1049	1651	2618	4402	738	2144	1009	1483	1712	1233	2815	3739	1538	2299	3431	1520	1379	1747	597	1207	1676	1136	1064	2862	1113	1877	3404	5838	2046	1214	1275	1441	2688	3435	3982	581	1430	1076	2231	3683	1727	2131
51	4432	4153	1322	2142	528	2379	2439	1778	4551	2788	2192	1399	3364	1789	1482	7568	2401	1536	3117	909	1470	1249	2427	1353	2416	2177	1743	1205	4553	2366	2472	3333	1739	2459	2846	3358	3144	1572	5749	1769	1540	3883	1152	880	1474	3075	1608	8984	5779	3936	2085	5171	1000	3654	2297	631	4864	2983	1170	1811	2826	4794	809	2340	1107	1617	1892	1356	3108	4157	1652	2529	3752	1660	1533	1886	632	1326	1862	1232	1172	3085	1268	2024	3763	6276	2281	1314	1381	1595	2850	3750	4353	642	1567	1180	2459	4023	1903	2326
52	4833	4569	1443	2356	549	2648	2664	1908	5026	3011	2453	1555	3742	1911	1636	8224	2682	1696	3397	993	1605	1354	2648	1513	2661	2388	1885	1280	4929	2575	2681	3603	1898	2674	3076	3693	3499	1734	6355	1936	1666	4249	1247	971	1645	3326	1748	9717	6340	4307	2251	5662	1089	4057	2594	690	5325	3311	1294	2023	3115	5194	918	2527	1227	1771	2119	1529	3423	4568	1770	2738	4105	1834	1692	2078	689	1464	2041	1381	1283	3389	1420	2256	4093	6853	2543	1437	1513	1750	3042	4091	4786	700	1776	1319	2643	4371	2113	2560
53	5270	5058	1583	2608	573	2906	2903	2110	5436	3269	2704	1717	4063	2042	1789	8991	2992	1877	3704	1115	1773	1493	2904	1674	2942	2636	2039	1357	5277	2873	2898	3958	2099	2926	3363	3911	3865	1879	6985	2077	1878	4677	1343	1064	1816	3616	1917	10465	6915	4648	2406	6164	1159	4363	2889	721	5793	3625	1452	2222	3396	5664	990	2762	1309	1940	2365	1658	3749	5017	1932	2953	4539	1994	1902	2317	750	1618	2267	1516	1395	3745	1545	2459	4440	7339	2814	1577	1676	1906	3294	4435	5292	764	1937	1446	2894	4809	2309	2810
54	5759	5466	1754	2873	610	3145	3173	2326	5965	3611	3001	1848	4443	2233	1982	9761	3282	2070	3997	1211	1952	1662	3185	1885	3234	2865	2200	1478	5732	3123	3164	4318	2348	3173	3608	4291	4213	2089	7610	2241	2092	5122	1451	1171	2030	3992	2131	11158	7477	5124	2588	6632	1294	4656	3140	754	6278	3979	1612	2458	3730	6167	1124	3012	1400	2144	2616	1835	4170	5488	2100	3275	4975	2164	2121	2548	813	1865	2484	1670	1510	4031	1686	2748	4909	7852	3090	1683	1806	2123	3599	4873	5826	847	2096	1593	3176	5264	2589	3056
55	6271	5949	1938	3163	669	3380	3475	2468	6470	3926	3248	2010	4854	2431	2182	10580	3539	2261	4370	1355	2099	1812	3515	2041	3566	3170	2357	1608	6276	3412	3414	4696	2595	3437	3878	4689	4652	2316	8262	2428	2293	5668	1583	1312	2196	4377	2352	11938	8030	5564	2779	7175	1416	5023	3392	828	6808	4437	1752	2723	4058	6728	1294	3274	1522	2338	2858	2024	4586	5873	2294	3524	5501	2369	2354	2804	882	2069	2769	1853	1657	4411	1836	3011	5359	8507	3382	1877	1969	2284	3963	5292	6389	910	2310	1744	3518	5757	2827	3346
56	6724	6429	2100	3469	749	3685	3782	2690	7106	4333	3507	2177	5205	2635	2328	11459	3873	2483	4792	1496	2320	1973	3838	2258	3905	3460	2560	1774	6824	3778	3679	5123	2868	3741	4176	5035	5161	2559	9051	2623	2521	6151	1689	1441	2446	4778	2639	12780	8688	6063	2992	7823	1606	5428	3642	885	7407	4946	1944	3012	4421	7300	1418	3552	1715	2609	3147	2189	5064	6408	2554	3893	6088	2575	2614	3152	969	2299	3032	2017	1808	4792	2009	3289	5893	9218	3673	2074	2128	2533	4334	5691	6954	995	2548	1927	3880	6230	3087	3634
57	7208	7021	2356	3776	807	4022	4087	2967	7730	4750	3807	2355	5708	2843	2503	12439	4156	2695	5242	1665	2551	2183	4253	2533	4273	3713	2761	1887	7329	4124	3957	5551	3149	4085	4517	5401	5671	2764	9795	2851	2811	6670	1842	1597	2685	5212	2918	13648	9418	6603	3253	8497	1756	5836	3980	980	7929	5356	2128	3297	4816	7896	1535	3856	1861	2881	3443	2398	5583	6917	2757	4197	6684	2839	2857	3463	1096	2601	3268	2195	1961	5200	2197	3638	6537	9993	4066	2306	2320	2769	4774	6176	7643	1100	2791	2130	4280	6717	3343	4013
58	7725	7492	2610	4105	877	4395	4474	3256	8425	5158	4077	2559	6249	3045	2728	13389	4461	2890	5680	1823	2841	2377	4723	2805	4723	4031	3022	2020	7900	4460	4354	6020	3425	4496	4883	5771	6209	3055	10595	3103	3079	7164	2008	1774	2941	5652	3189	14381	10131	7184	3522	9170	1919	6338	4304	1101	8491	5821	2373	3612	5211	8575	1664	4175	2075	3180	3847	2618	6021	7465	3017	4563	7248	3116	3120	3840	1256	2830	3536	2439	2188	5691	2421	3999	7222	10727	4414	2522	2552	3035	5272	6711	8369	1236	3021	2340	4741	7242	3623	4335
59	8324	8081	2863	4403	989	4782	4882	3577	9185	5612	4429	2797	6761	3295	2948	14333	4889	3201	6189	2013	3117	2595	5200	3102	5173	4407	3313	2161	8633	4761	4840	6551	3754	4932	5364	6269	6686	3302	11318	3445	3394	7781	2192	1923	3275	6104	3501	15280	10821	7750	3829	9742	2102	6886	4635	1216	9149	6340	2658	3942	5650	9211	1817	4472	2231	3423	4280	2864	6508	8015	3256	5011	7822	3427	3382	4244	1420	3087	3859	2675	2376	6145	2675	4313	7908	11474	4736	2825	2809	3338	5825	7286	9080	1348	3279	2560	5234	7803	3921	4648
60	8932	8620	3137	4738	1106	5237	5347	3828	9895	6076	4859	3030	7304	3569	3232	15091	5211	3489	6745	2211	3470	2851	5714	3448	5629	4795	3693	2327	9440	5153	5300	7039	4028	5460	5846	6810	7229	3566	12095	3738	3784	8452	2359	2134	3554	6688	3823	16242	11451	8432	4122	10404	2355	7434	5010	1330	9801	6865	2972	4303	6117	9992	1997	4888	2416	3789	4809	3129	6959	8672	3505	5389	8427	3770	3719	4623	1602	3383	4284	2906	2608	6655	2929	4658	8654	12205	5095	3059	3150	3697	6398	7976	9846	1443	3582	2779	5735	8353	4288	4993
61	9597	9291	3469	5181	1224	5684	5887	4146	10707	6551	5319	3315	7945	3873	3520	16064	5611	3813	7266	2449	3861	3069	6213	3793	6110	5170	3975	2534	10088	5651	5864	7683	4323	5972	6389	7306	7805	3843	12715	4092	4178	9162	2576	2325	3908	7268	4112	17211	12186	9060	4476	11187	2540	8055	5391	1462	10467	7446	3263	4666	6664	10730	2206	5303	2605	4074	5375	3398	7503	9334	3813	5849	9005	4093	4041	5141	1812	3622	4727	3163	2859	7177	3229	5060	9402	12923	5544	3332	3442	4084	6930	8658	10634	1544	3827	3060	6315	9077	4661	5419
62	10280	9945	3867	5630	1328	6165	6403	4552	11467	7080	5846	3645	8662	4260	3855	16870	6154	4180	7836	2664	4239	3322	6740	4228	6729	5663	4268	2779	10821	6256	6444	8282	4661	6439	6854	7894	8458	4201	13496	4469	4579	9947	2771	2530	4276	7859	4494	17952	13065	9711	4818	12046	2825	8651	5969	1585	11137	8090	3610	5115	7209	11514	2451	5712	2854	4365	5872	3694	8098	9991	4155	6338	9599	4477	4345	5684	2039	3936	5263	3396	3137	7783	3517	5521	10267	13680	6019	3645	3755	4484	7623	9360	11400	1656	4124	3377	6974	9794	5081	5869
63	11020	10630	4289	6056	1447	6612	6964	5059	12295	7726	6315	3999	9287	4696	4241	17514	6541	4647	8454	2967	4636	3598	7327	4661	7464	6175	4661	3036	11478	6863	7012	9107	5053	6951	7484	8530	9151	4608	14226	4837	5059	10670	2989	2814	4644	8488	4875	18683	13847	10477	5263	12818	3075	9212	6542	1750	11802	8664	3960	5650	7868	12310	2704	6166	3197	4688	6384	4074	8735	10696	4461	6837	10254	4889	4636	6180	2306	4285	5767	3732	3457	8339	3775	5913	11131	14641	6503	3900	4168	4905	8234	10103	12141	1766	4451	3762	7644	10584	5556	6246
64	11838	11343	4682	6575	1585	7223	7567	5538	13040	8388	6804	4353	10064	5091	4737	18249	7049	5112	9096	3226	5115	3958	7938	5086	8188	6713	5091	3323	12280	7518	7667	9791	5417	7422	8068	9226	9830	5101	15005	5288	5526	11400	3233	3125	5019	9104	5354	19345	14641	11178	5642	13699	3370	9854	7220	1954	12515	9331	4322	6255	8507	13097	2999	6692	3535	5053	6953	4426	9312	11539	4875	7462	10937	5309	4943	6704	2575	4632	6382	4114	3744	8977	4128	6373	12072	15502	6973	4252	4489	5321	8911	10897	12907	1879	4743	4189	8428	11458	6124	6784
65	12717	12023	5106	7067	1732	7839	8238	6133	13814	9089	7372	4789	10792	5518	5186	18827	7623	5594	9886	3556	5636	4322	8572	5484	8895	7294	5544	3691	13141	8250	8277	10528	5807	8061	8667	9872	10578	5623	15922	5797	6050	12144	3535	3454	5472	9691	5807	19840	15338	11914	6086	14716	3613	10416	7939	2184	13237	10071	4756	6877	9195	13841	3284	7281	3803	5451	7446	4859	9980	12286	5302	8016	11726	5772	5325	7252	2826	5055	6998	4471	4101	9612	4423	6878	13104	16280	7620	4600	4873	5834	9652	11687	13762	2010	5167	4636	9251	12297	6681	7391
66	13505	12747	5633	7637	1921	8450	8921	6728	14515	9796	7957	5183	11479	5991	5676	19574	8182	6067	10653	3947	6077	4733	9297	5995	9660	7895	5895	4019	14029	8997	8888	11316	6281	8757	9337	10578	11315	6135	16705	6320	6647	12997	3833	3784	5994	10355	6347	20219	16115	12653	6633	15677	3929	11135	8574	2411	13951	10861	5173	7538	9974	14624	3604	7870	4136	5894	8006	5362	10692	13091	5765	8699	12532	6308	5734	7882	3075	5454	7568	4796	4471	10240	4807	7492	14119	17091	8272	4960	5272	6407	10386	12479	14509	2169	5575	5105	10056	13152	7264	8003
67	14526	13443	6218	8174	2086	9110	9661	7389	15300	10586	8606	5617	12222	6507	6192	20090	8820	6554	11415	4333	6578	5135	10071	6570	10431	8563	6446	4389	14872	9771	9557	11934	6724	9451	10066	11281	12059	6791	17562	6844	7233	13893	4188	4203	6505	11038	6956	20599	16920	13460	7210	16602	4285	11901	9245	2599	14773	11569	5577	8170	10724	15403	3890	8440	4459	6299	8555	5851	11492	13929	6228	9313	13347	6905	6160	8524	3383	5930	8152	5175	4907	11113	5271	8145	15027	17874	8983	5385	5707	6953	11205	13206	15324	2277	6065	5531	10979	14035	7909	8610
68	15436	14189	6820	8840	2320	9861	10375	8041	16192	11390	9316	6017	12934	7060	6721	20477	9493	7053	12213	4778	7097	5600	10743	7217	11233	9255	7067	4821	15861	10494	10314	12664	7110	10166	10802	12037	12752	7458	18317	7513	7874	14749	4566	4681	7145	11787	7630	21036	17644	14363	7781	17470	4748	12591	9943	2779	15679	12355	6064	8751	11481	16187	4296	9094	4843	6825	9218	6418	12364	14802	6745	9996	14100	7493	6650	9254	3724	6415	8756	5595	5323	11916	5714	8867	15975	18573	9643	5853	6225	7561	12061	13993	16074	2381	6610	6069	11791	14859	8588	9270
69	16222	14974	7433	9617	2532	10552	11059	8631	17054	12220	10023	6506	13845	7643	7266	20730	10280	7652	13067	5199	7686	6132	11512	7868	11970	9985	7674	5236	16706	11259	11060	13402	7652	10908	11519	12820	13509	8167	18846	8187	8503	15651	5019	5231	7722	12528	8311	21191	18359	15195	8378	18235	5171	13471	10697	3004	16396	13064	6522	9395	12226	16967	4731	9810	5204	7360	9899	7109	13093	15622	7357	10808	15014	8214	7251	9956	4018	6989	9437	6015	5729	12807	6198	9637	16883	19175	10348	6317	6749	8144	12965	14811	16842	2545	7162	6554	12593	15767	9242	9971
70	17104	15695	8096	10323	2790	11323	11746	9171	17858	13022	10773	6955	14516	8218	7902	20961	10984	8213	13940	5687	8358	6613	12412	8552	12779	10825	8299	5740	17620	12053	11906	14172	8190	11725	12262	13613	14401	8880	19221	8979	9138	16506	5434	5714	8257	13252	9026	21392	18973	15951	9009	18937	5737	14338	11498	3267	17050	13827	7071	10176	13072	17707	5172	10613	5638	7973	10644	7718	14025	16396	8024	11551	16006	8978	7899	10625	4333	7575	10197	6523	6214	13737	6741	10408	17715	19678	11231	6848	7330	8880	13994	15536	17558	2799	7764	7186	13341	16750	9939	10732
71	18019	16386	8814	11119	3080	12208	12530	9860	18771	13868	11602	7465	15238	8892	8591	21064	11833	8873	14865	6123	8969	7155	13263	9309	13465	11530	9000	6317	18292	12947	12701	14856	8831	12460	13032	14501	15236	9496	19600	9755	9872	17422	5798	6186	8929	14040	9738	21377	19606	16906	9621	19617	6272	15156	12363	3474	17803	14550	7685	10879	13989	18520	5619	11397	6161	8525	11433	8411	15107	17073	8822	12436	16959	9756	8567	11343	4620	8195	11005	7103	6768	14548	7405	11101	18518	20104	12070	7443	7947	9534	15033	16288	18170	2987	8414	7813	14151	17626	10568	11519
72	18733	17036	9582	11953	3398	13021	13245	10625	19621	14657	12493	7960	16165	9543	9321	21025	12714	9482	15813	6650	9667	7757	14160	10032	14182	12477	9723	6894	18977	13773	13475	15512	9475	13155	13875	15352	16028	10236	19941	10536	10575	18230	6240	6680	9627	14812	10477	21155	20056	17795	10366	20009	6853	15964	13332	3756	18471	15421	8368	11520	14753	19157	6115	12260	6712	9196	12216	9082	15914	17758	9469	13259	17860	10633	9225	12051	4975	8901	11844	7668	7267	15387	7969	11775	19117	20400	12927	8027	8609	10374	15926	17031	18756	3203	9027	8427	14972	18406	11269	12400
73	19267	17738	10320	12815	3735	13853	14014	11281	20292	15506	13315	8550	17036	10322	10162	20738	13571	10134	16652	7228	10429	8320	14997	10729	15070	13381	10488	7531	19569	14655	14276	16236	10065	14035	14722	16046	16876	11038	20235	11416	11311	18904	6701	7136	10325	15588	11287	20796	20510	18622	11136	20482	7472	16778	14268	3965	19066	16212	9170	12395	15547	19792	6697	13090	7306	9903	13131	9806	16879	18327	10253	14008	18667	11503	9980	12832	5400	9578	12705	8278	7885	16212	8580	12607	19766	20699	13782	8713	9237	11234	16737	17763	19243	3412	9686	9173	15821	19217	12150	13188
74	19565	18331	11108	13687	4075	14781	14864	12033	20852	16413	14220	9114	17852	11197	10836	20592	14424	10991	17501	7861	11124	8941	15743	11483	15813	14412	11142	8165	20107	15473	15212	16928	10698	14940	15555	16933	17525	11787	20457	12408	12058	19661	7190	7691	11063	16509	12149	20283	20717	19324	11869	20807	8030	17548	15214	4269	19411	16987	9990	13152	16297	20302	7219	13853	7814	10571	14017	10583	17695	18834	11010	14875	19395	12406	10746	13660	5906	10263	13567	8850	8431	16944	9146	13462	20238	20714	14740	9218	9938	12091	17698	18435	19656	3691	10482	9747	16573	19914	12929	14069
75	19963	18934	11992	14545	4460	15631	15722	12722	21205	17149	15060	9765	18564	12104	11609	20215	15218	11988	18182	8508	11937	9583	16484	12321	16486	15278	12072	8763	20485	16443	16022	17682	11462	15794	16441	17630	18111	12461	20473	13271	12808	20428	7749	8278	11798	17286	12984	19505	20857	19818	12545	20891	8726	18278	16085	4579	19710	17765	10847	13955	16926	20719	7868	14738	8405	11208	14853	11341	18456	19329	11880	15641	20271	13240	11423	14405	6423	11024	14515	9435	9138	17760	9849	14290	20624	20657	15566	9870	10694	13044	18413	18911	19968	4043	11267	10374	17169	20578	13751	14817
76	20185	19480	12774	15348	4915	16410	16694	13511	21622	17811	15899	10483	19255	12954	12387	19551	16135	12778	18853	9200	12715	10301	17241	13108	17244	16123	12854	9495	20838	17246	16900	18443	12239	16576	17280	18276	18501	13187	20480	14206	13587	20973	8210	8911	12593	18098	13883	18524	20895	20362	13371	20839	9433	19007	17053	4960	19998	18521	11710	14760	17523	20984	8567	15385	9082	11982	15677	12117	19061	19625	12675	16481	20740	14150	12181	15339	7136	11834	15357	10069	9810	18457	10562	15260	20932	20507	16400	10605	11458	13980	19112	19403	20195	4382	12174	11062	18005	20913	14742	15682
77	20494	19959	13560	16284	5305	17206	17531	14419	21740	18382	16732	11210	19923	13801	13109	18887	16934	13696	19501	9993	13533	11082	17855	13954	17773	16950	13725	10297	20980	18146	17654	18968	12988	17346	18043	18792	19010	13964	20339	15066	14448	21428	8803	9567	13441	18709	14759	17541	20832	20855	14138	20736	10214	19620	17908	5320	20226	19140	12638	15719	18246	21127	9284	16129	9768	12795	16445	13028	19582	19756	13565	17245	21007	14955	13011	16075	7767	12717	16141	10736	10639	19253	11374	16080	21176	20095	17341	11377	12291	14866	19788	19747	20400	4688	13034	11854	18766	21323	15553	16436
78	20488	20391	14373	17145	5804	17826	18117	15177	21699	18892	17413	11896	20385	14624	14045	18061	17736	14563	19929	10767	14365	11924	18444	14665	18221	17616	14582	11139	21128	18870	18411	19408	13643	18039	18574	19378	19345	14715	20026	15976	15284	21588	9431	10328	14347	19284	15510	16387	20571	21152	14917	20378	11067	20138	18722	5724	20291	19748	13507	16703	18868	21092	9893	16880	10350	13597	17161	13922	20101	20033	14450	17936	21373	15873	13890	16903	8460	13571	16913	11412	11483	20056	12153	16974	21173	19676	18235	12121	13010	15787	20402	20067	20450	4963	13826	12571	19421	21574	16367	17238
79	20518	20565	15372	17864	6281	18455	18829	15962	21432	19261	18023	12696	20644	15472	14836	17171	18494	15256	20521	11501	15282	12768	18956	15468	18584	18288	15441	11911	21050	19521	19087	19787	14293	18567	19023	19810	19644	15448	19585	16888	16076	21556	10203	11126	15200	19779	16307	15174	20096	21418	15645	19889	11862	20484	19590	6246	20225	20233	14384	17610	19364	21023	10622	17617	11001	14291	17950	14686	20337	20134	15323	18734	21440	16724	14699	17681	9276	14373	17568	12240	12333	20849	12918	17731	20971	19136	18984	12927	13825	16568	20880	20241	20324	5345	14708	13310	20208	21677	17093	18046
80	20605	20507	16141	18388	6853	18990	19476	16688	21120	19618	18496	13346	20802	16285	15726	16158	19239	16042	20807	12340	16107	13671	19407	16156	19132	18828	16243	12746	20881	20067	19660	19886	15062	19110	19371	20201	19826	16060	19055	17731	16783	21294	11015	11937	16160	20064	17082	13869	19388	21518	16384	19395	12749	20790	20225	6745	19876	20609	15306	18564	19821	20717	11433	18418	11685	15173	18532	15528	20539	20127	16236	19476	21352	17628	15681	18274	10115	15106	18396	13039	13175	21446	13803	18454	20799	18272	19676	13819	14594	17426	21177	20423	20058	5735	15551	14177	20804	21656	17800	18805
81	20413	20432	16815	18927	7371	19417	20007	17440	20754	20018	18999	14090	20890	17136	16594	14989	19704	16789	21028	13099	16925	14530	19798	16935	19470	19185	17017	13621	20521	20551	19974	19954	15759	19443	19724	20544	20077	16835	18222	18498	17483	20951	11786	12677	17040	20319	17739	12631	18730	21481	16986	18613	13605	21081	20794	7247	19407	20704	16081	19367	20213	20303	12200	19089	12315	15946	19030	16292	20553	19947	17051	20138	21083	18309	16556	18932	11026	15928	19089	13963	13964	22041	14557	19152	20531	17320	20294	14652	15506	18234	21217	20359	19704	6243	16300	14930	21270	21514	18550	19449
82	19949	20066	17443	19556	7913	19775	20500	18109	20096	20309	19436	14787	20781	17766	17429	13673	20063	17434	20994	13849	17639	15507	20066	17558	19759	19515	17788	14495	19878	20890	20414	19814	16585	19718	20053	20746	20192	17482	17327	19344	18180	20368	12559	13577	17954	20520	18570	11159	17852	21184	17604	17812	14338	21135	21221	7796	18882	20714	16927	20061	20429	19621	13003	19578	13052	16814	19410	16956	20519	19673	17757	20789	20590	18942	17361	19650	11868	16852	19796	14605	14840	22230	15400	19721	20052	16379	20806	15464	16462	18975	21345	20147	18994	6729	17160	15799	21580	21321	19274	19942
83	19488	19629	18199	20084	8413	20075	20727	18718	19204	20525	19672	15548	20614	18589	18217	12374	20245	18283	20837	14730	18326	16319	20384	18130	19976	19645	18505	15313	19106	21192	20609	19774	17278	19800	20190	20856	20201	18108	16378	19871	18803	19629	13307	14468	18774	20583	19268	9898	16728	20596	18186	16889	15067	21000	21477	8396	18185	20676	17751	20550	20541	18910	13797	20122	13750	17695	19898	17601	20370	19404	18490	21058	20169	19671	18103	20233	12766	17517	20429	15388	15588	22302	16159	20193	19478	15354	21095	16237	17213	19609	21199	19944	18233	7230	18029	16551	21601	20788	19746	20517
84	18686	19079	18845	20632	9149	20326	20774	19344	18114	20628	20059	16262	20262	19131	19032	11004	20418	18953	20609	15582	18808	17095	20581	18716	19942	19854	19167	16127	18169	21375	20673	19483	17938	20003	20287	20802	19863	18702	15321	20375	19329	18751	14069	15329	19847	20548	20023	8587	15461	19951	18778	15861	15873	20555	21532	9063	17433	20498	18501	20975	20529	18042	14654	20537	14437	18329	20230	18287	20239	18778	19147	21304	19317	20340	18782	20685	13548	18296	20904	16094	16358	22056	16900	20505	18788	14257	21236	16981	17982	20084	21021	19534	17359	7847	18724	17220	21493	20066	20242	20715
85	17815	18335	19313	21075	9811	20507	20732	19860	17005	20549	20176	16960	19617	19794	19836	9736	20458	19703	20315	16442	19259	17894	20632	19282	19974	19871	19666	16886	16957	21205	20530	19149	18551	19978	20242	20544	19495	19329	14158	20882	19724	17943	14949	16411	20641	20275	20576	7463	14197	19188	19367	14664	16670	20048	21453	9746	16691	20140	19195	21281	20373	16981	15480	20780	15258	18967	20385	18879	19924	18078	19555	21593	18402	20763	19349	21015	14473	19023	21302	16784	17163	21618	17726	20799	17984	13169	21118	17667	18684	20458	20627	18930	16440	8519	19411	17982	21282	19024	20548	20836
86	16697	17452	19722	21339	10692	20599	20462	20233	15707	20331	20418	17673	18993	20260	20478	8579	20169	20156	19735	17278	19683	18589	20708	19625	19780	19907	20091	17614	15842	21025	20297	18639	19221	20002	20145	20175	19135	19798	13082	21173	20067	17092	15686	17229	21239	19934	21002	6329	12822	18191	20100	13683	17391	19247	21263	10396	15784	19687	19608	21414	19996	15816	16179	20924	16040	19502	20479	19363	19576	17249	19966	21472	17523	21181	19868	21186	15257	19638	21537	17526	17986	21172	18478	20965	17008	11990	20958	18332	19227	20852	20076	18170	15367	9175	19903	18540	20834	17957	20710	20588
87	15622	16488	19870	21320	11609	20306	20145	20488	14371	19868	20362	18387	18283	20884	20956	7442	19850	20613	19048	17864	20044	19304	20496	19947	19472	19776	20376	18389	14785	20571	19945	17946	19804	19784	19842	19533	18449	20263	11930	21220	20330	15978	16468	18074	21684	19387	21182	5311	11631	16966	20294	12729	18060	18356	20966	11060	14806	19122	20112	21386	19674	14676	16963	20793	16759	19984	20514	19885	18955	16256	20331	21249	16503	21345	20236	21227	16074	20168	21695	18093	18622	20319	19300	21050	15844	10796	20645	18904	19808	21045	19474	17441	14379	9758	20312	19032	20335	16770	20857	20320
88	14374	15466	20088	21081	12430	19908	19627	20532	13034	19297	20045	19054	17362	21266	21352	6322	19382	20931	18270	18637	20524	19923	20105	20152	19076	19508	20524	19079	13725	20055	19466	17202	20158	19571	19653	18734	17652	20413	10773	21137	20272	14804	17189	18893	22113	18693	21354	4441	10221	15693	20425	11591	18591	17365	20435	11788	13747	18213	20469	21428	19122	13364	17802	20389	17375	20220	20313	20303	18221	15213	20491	20826	15525	21321	20520	20987	16700	20556	21592	18578	19187	19384	19962	21084	14613	9602	20159	19226	20125	21214	18665	16521	13396	10445	20671	19451	19598	15378	20692	19886
89	13056	14412	20225	20772	13232	19374	19078	20351	11635	18658	19798	19535	16365	21419	21474	5378	18846	21020	17531	19209	20785	20249	19424	20259	18648	19251	20663	19824	12546	19259	18887	16453	20447	19060	19187	17787	16901	20460	9607	21106	20172	13636	17885	19760	22265	17798	21373	3690	9057	14417	20418	10449	19227	16178	19673	12424	12632	17424	20814	21081	18419	12098	18464	20045	18027	20256	20031	20429	17300	14034	20467	20353	14350	21290	20760	20571	17346	20950	21512	18962	19757	18408	20582	20900	13418	8453	19633	19617	20429	21219	17540	15396	12393	11304	20906	19763	18714	14011	20558	19508
90	11813	13357	20354	20350	14161	18860	18310	20056	10332	17862	19220	19991	15386	21198	21459	4525	18218	21019	16502	19820	20908	20698	18715	20313	17870	19024	20676	20318	11438	18484	18220	15518	20551	18469	18499	16615	15880	20331	8501	20788	20079	12531	18528	20477	22110	16861	21206	3028	8029	13029	20274	9392	19785	15062	18826	13126	11591	16387	20997	20832	17523	10812	19075	19494	18496	20224	19560	20552	16212	12993	20472	19567	13104	20979	20829	20005	17892	21103	21104	19441	20245	17283	21107	20698	12157	7287	19042	19815	20740	21220	16572	14318	11346	12053	21030	20084	17756	12808	20317	19108
91	10654	12176	20431	19841	15022	18117	17580	19795	8985	16940	18505	20333	14337	21029	21082	3716	17570	20895	15316	20256	20891	20918	17766	20296	17106	18494	20390	20826	10211	17589	17395	14699	20465	17688	17716	15472	14899	19968	7311	20337	19872	11347	19076	20957	21764	15896	20720	2468	6946	11685	19960	8288	20001	13929	17915	13904	10514	15409	20934	20356	16683	9566	19662	18832	18977	20193	19002	20468	14994	11870	20386	18626	11892	20377	20643	19397	18519	21111	20484	19718	20669	15949	21447	20138	11001	6232	18204	20070	20864	20874	15484	13195	10354	12773	20987	20219	16729	11491	19923	18446
92	9604	11076	20270	19068	15830	17243	16638	19372	7725	15961	17736	20450	13106	20682	20818	3085	16864	20647	14245	20770	20782	21153	16826	20200	16395	17760	20082	21082	9081	16744	16652	13743	20357	16902	16835	14131	13713	19403	6237	19771	19477	10218	19407	21313	21281	14690	20361	1928	6029	10230	19471	7302	20147	12730	16835	14581	9358	14098	20741	19832	15710	8302	20066	17887	19329	20160	18347	20280	13780	10718	20153	17688	10704	19692	20418	18592	19127	21072	19618	19959	20960	14488	21395	19440	9813	5358	17396	20244	20797	20403	14317	11995	9289	13450	20704	20327	15523	10204	19304	17602
93	8552	9965	20000	18131	16696	16424	15833	18887	6723	14831	16878	20480	11943	20183	20350	2502	16038	20195	13187	20884	20371	21092	15732	19865	15373	16958	19693	21227	7890	15816	15741	12736	19914	15930	15650	12783	12566	18778	5278	18992	19055	9143	19752	21804	20703	13537	19696	1477	5108	9040	18877	6354	20200	11556	15707	15248	8326	12807	20381	18940	14590	7275	20387	16953	19733	19741	17594	20042	12547	9696	19715	16607	9608	18924	20087	17741	19786	20789	18509	20088	21068	13101	21221	18412	8640	4528	16430	20284	20515	19743	13035	10805	8304	14273	20366	20319	14349	8944	18607	16645
94	7429	8790	19460	17154	17581	15335	14801	18242	5746	13711	16019	20307	10759	19406	19721	1949	15182	19416	11907	21140	19670	20845	14572	19341	14521	15992	19110	21260	6784	14756	14656	11702	19442	14874	14502	11508	11417	18168	4507	18271	18319	8123	20049	21782	19860	12266	18909	1158	4317	8010	18239	5507	20075	10291	14485	15950	7253	11501	19837	17950	13427	6204	20455	16031	19967	19215	16675	19665	11293	8697	19184	15242	8501	18097	19623	16770	20145	20199	17209	20138	21059	11618	20930	17366	7551	3865	15497	20249	20037	18917	11872	9612	7312	15041	19781	20162	13086	7769	17648	15659
95	6432	7780	18907	15940	18354	14255	13795	17536	4861	12455	15058	19898	9506	18461	19054	1552	14203	18561	10598	21186	18851	20548	13251	18625	13505	15019	18334	21093	5785	13585	13540	10711	18822	13827	13223	10327	10296	17384	3719	17324	17520	7171	20059	21620	19104	11067	17936	896	3491	7022	17315	4715	19850	9121	13228	16700	6282	10291	19130	16686	12247	5201	20593	15000	19985	18602	15596	19165	10059	7743	18596	13873	7454	17305	19023	15649	20455	19557	15813	19975	20943	10170	20535	15959	6475	3216	14259	20140	19470	18010	10578	8540	6290	15769	18976	19850	11773	6647	16558	14649
96	5404	6797	18232	14727	19111	13167	12682	16647	4067	11157	14010	19318	8379	17478	18311	1220	13146	17536	9287	21040	18029	20045	11968	17694	12440	13875	17318	20589	4831	12393	12369	9816	18010	12731	11888	9010	9188	16713	3095	16238	16691	6269	20100	21433	18046	9877	16717	678	2817	6161	16436	3952	19651	8004	12143	17459	5362	9071	18366	15475	11101	4286	20440	13842	19981	17873	14549	18490	8913	6771	17845	12586	6564	16182	18319	14504	20664	18847	14474	19713	20646	8772	19968	14576	5469	2676	13028	19674	18700	16770	9349	7420	5412	16328	18020	19283	10432	5636	15448	13596
97	4586	5844	17309	13447	19655	12212	11547	15572	3497	9853	12963	18543	7186	16355	17358	914	11835	16385	8112	20742	16942	19349	10792	16712	11362	12713	16415	20199	3996	11032	11215	8768	17162	11696	10447	7917	8202	15988	2590	15152	15629	5498	19936	20838	16776	8838	15707	516	2235	5411	15536	3292	19322	6881	10859	18195	4554	8093	17543	14185	9889	3527	20345	12666	19743	16963	13370	17823	7848	5902	16917	11209	5655	15150	17456	13155	20779	17999	13120	19265	20169	7528	19495	13247	4625	2139	11862	19025	17875	15645	8208	6442	4557	17028	17057	18665	9318	4681	14174	12508
98	3779	4866	16406	12110	20270	11052	10348	14587	2944	8552	11850	17724	6167	15201	16130	697	10713	15262	6953	20144	15957	18436	9587	15757	10151	11614	15384	19596	3258	9790	10098	7637	16179	10537	9159	6967	7223	15043	2121	14111	14600	4759	19703	20242	15478	7802	14473	389	1808	4643	14389	2697	18844	5913	9641	18759	3789	7120	16593	12722	8721	2796	19897	11580	19345	15926	12161	17089	6848	5066	15742	9853	4824	13953	16369	11954	20778	17006	11774	18689	19390	6433	18861	11968	3871	1730	10621	18291	16890	14377	7214	5540	3779	17601	15976	17927	8134	3877	12927	11376
99	3190	4103	15334	10752	20778	9993	9207	13450	2441	7316	10650	16835	5179	14064	14897	558	9600	13959	5950	19693	14861	17465	8395	14566	9062	10579	14314	18909	2591	8665	9062	6614	15099	9395	7909	5938	6307	14058	1731	12964	13543	4077	19332	19525	14235	6763	13204	280	1446	4048	13303	2211	18294	4982	8595	19410	3118	6181	15688	11339	7626	2240	19617	10485	18768	14987	10854	16067	5818	4305	14449	8558	4049	12836	15229	10712	20640	15979	10629	17930	18542	5455	17912	10590	3175	1408	9530	17392	15972	13155	6250	4609	3092	17993	14885	16966	7012	3133	11745	10289
100	2681	3461	14330	9353	20935	8909	8070	12409	2003	6221	9490	15894	4372	12897	13601	434	8551	12691	5011	19116	13612	16425	7289	13483	7899	9396	13091	18060	2066	7440	7978	5670	13903	8371	6821	5119	5417	12936	1373	11696	12439	3377	18776	18867	12884	5761	11872	195	1155	3460	12188	1762	17623	4251	7462	19780	2542	5348	14748	9989	6610	1778	19085	9334	18036	14007	9705	14953	4930	3580	13227	7357	3442	11637	14071	9450	20174	14990	9512	17072	17558	4529	16870	9389	2592	1114	8446	16417	14953	12015	5379	3903	2519	18410	13751	16060	5915	2584	10581	9217
101	2289	2860	13124	8171	21015	7856	7006	11270	1632	5227	8346	14948	3604	11561	12255	338	7542	11545	4202	18254	12313	15265	6226	12448	6847	8427	11983	17019	1620	6419	7034	4807	12751	7336	5686	4352	4656	11806	1034	10515	11254	2738	18261	17808	11620	4889	10684	140	904	2936	10964	1371	16817	3521	6529	20157	2036	4643	13752	8667	5631	1414	18382	8185	17205	13002	8646	13790	4137	2982	11975	6216	2864	10405	12876	8320	19738	13815	8417	16112	16432	3677	15664	8299	2054	866	7442	15440	13903	10757	4512	3235	2046	18889	12653	15114	4983	2061	9393	8137
102	1912	2344	11954	6982	21085	6895	6065	10213	1261	4354	7339	14082	3001	10303	11027	254	6706	10497	3512	17138	11040	13928	5283	11217	5786	7450	10796	15910	1270	5432	6131	4001	11538	6484	4839	3587	3962	10615	832	9319	10239	2206	17567	16632	10303	4107	9398	91	680	2421	9894	1066	15982	2921	5610	20256	1639	3948	12652	7473	4738	1063	17444	7181	16392	11975	7588	12601	3510	2421	10830	5139	2376	9323	11558	7193	19094	12677	7370	15042	15221	2927	14404	7183	1649	677	6391	14332	12862	9472	3739	2692	1658	19104	11465	13988	4084	1650	8281	7085
103	1539	1910	10697	5930	20960	6038	5225	9147	1036	3543	6419	12978	2475	9172	9809	195	5843	9443	2840	15874	9827	12703	4398	10011	4859	6603	9609	14754	959	4564	5266	3315	10353	5599	4023	2943	3308	9515	655	8100	9134	1785	16734	15384	9108	3474	8254	71	527	1967	8675	830	15000	2439	4745	20183	1297	3349	11629	6368	3919	772	16573	6255	15536	10913	6581	11274	2882	1976	9648	4323	1915	8201	10270	6148	18158	11408	6433	14057	13886	2312	13190	6220	1325	518	5548	13195	11680	8292	3040	2176	1298	19439	10219	12937	3356	1323	7233	6081
104	1256	1534	9479	4951	20650	5187	4379	8076	850	2932	5442	11864	2024	8003	8642	156	5088	8368	2338	14406	8593	11528	3649	8948	4001	5671	8496	13581	733	3871	4519	2630	9177	4808	3338	2459	2695	8495	502	6972	8095	1472	15813	14069	7953	2890	7170	53	409	1519	7598	612	14000	2064	4095	20025	1028	2770	10456	5388	3282	575	15446	5414	14631	9728	5572	10026	2378	1548	8585	3633	1532	7217	9092	5192	17154	10069	5596	12839	12584	1796	11844	5314	1084	378	4707	12103	10570	7225	2457	1756	999	19508	9070	11748	2750	1025	6217	5208
105	971	1192	8453	4054	20105	4375	3681	7083	683	2343	4662	10724	1620	6863	7563	118	4370	7396	1884	12930	7427	10193	3006	7798	3233	4855	7440	12261	577	3301	3824	2119	8060	4087	2770	2013	2144	7544	383	5930	7201	1220	14782	12802	6831	2352	6143	41	308	1149	6605	457	12827	1657	3443	19655	785	2307	9346	4501	2689	413	14299	4586	13550	8765	4685	8772	1882	1232	7446	2960	1241	6285	7952	4348	16008	8915	4786	11566	11302	1395	10420	4478	856	286	3866	10884	9393	6237	1968	1404	790	19465	7971	10518	2167	781	5332	4509
106	757	947	7324	3276	19423	3621	3025	6081	535	1921	3896	9603	1279	5920	6658	91	3757	6397	1547	11442	6363	8998	2453	6691	2579	4096	6462	10925	460	2721	3166	1718	6972	3414	2246	1601	1698	6666	293	4959	6299	982	13626	11446	5848	1902	5223	28	225	867	5690	336	11685	1334	2868	19091	599	1874	8279	3647	2188	305	13105	3915	12578	7672	3916	7481	1488	962	6574	2451	982	5399	6923	3647	14774	7637	4014	10328	10057	1061	9077	3694	643	216	3204	9664	8295	5349	1513	1120	625	19422	6914	9224	1719	615	4575	3862
107	591	750	6239	2575	18643	2991	2456	5126	415	1506	3201	8502	990	5008	5765	68	3194	5502	1209	10178	5467	7884	1981	5660	1999	3394	5574	9685	360	2197	2553	1322	5919	2839	1785	1246	1327	5858	215	4094	5426	783	12396	10212	4903	1492	4413	21	154	628	4906	250	10536	1075	2394	18580	452	1546	7231	2982	1755	219	11996	3262	11549	6553	3268	6399	1177	785	5665	2008	748	4583	5921	3080	13613	6476	3352	9224	8948	827	7936	3030	506	177	2572	8473	7165	4601	1207	879	474	19231	5993	8115	1357	456	3873	3279
108	471	560	5371	2048	17760	2444	2002	4280	315	1179	2653	7344	775	4217	4909	51	2688	4684	954	9035	4664	6884	1557	4816	1579	2823	4728	8420	266	1789	2019	1006	4963	2297	1410	970	1014	5092	156	3352	4641	604	11151	9103	4049	1179	3686	15	98	445	4156	185	9451	850	2058	17845	334	1247	6371	2406	1392	165	10861	2695	10320	5589	2642	5443	906	622	4811	1648	555	3900	5047	2544	12557	5395	2776	8112	7911	628	6803	2465	400	135	2083	7299	6123	3948	922	680	367	18832	5028	7023	1066	347	3250	2702
109	352	427	4546	1654	16856	1943	1608	3494	240	902	2195	6415	607	3534	4178	38	2215	3961	764	7803	3917	5906	1209	4089	1198	2334	3907	7342	205	1397	1601	762	4238	1894	1096	776	771	4438	107	2759	3904	440	9987	7960	3392	859	3103	8	67	299	3539	136	8441	692	1733	16948	264	1022	5524	1957	1110	116	9766	2242	9197	4659	2128	4606	662	485	4031	1321	419	3205	4236	2073	11481	4515	2286	7030	6835	454	5754	1945	298	115	1676	6206	5209	3370	712	522	281	18322	4243	6051	839	250	2685	2267
110	278	324	3810	1318	16003	1528	1304	2881	174	663	1741	5481	480	2897	3522	26	1783	3418	582	6829	3319	5142	952	3433	912	1878	3251	6275	162	1076	1223	570	3514	1557	852	590	587	3843	75	2296	3233	319	8770	6939	2809	659	2583	4	52	210	2945	108	7453	541	1463	16089	205	856	4776	1593	830	91	8704	1825	8164	3906	1700	3844	498	385	3355	1055	301	2569	3568	1707	10437	3669	1848	6120	5932	334	4836	1543	214	90	1320	5197	4374	2801	542	389	251	17634	3508	5164	645	197	2156	1782
111	216	239	3124	1040	14968	1205	1012	2381	118	499	1386	4705	359	2338	3005	16	1414	2884	443	5921	2730	4425	696	2865	704	1498	2688	5290	126	814	925	411	2862	1250	670	438	442	3254	56	1872	2655	237	7604	6075	2300	492	2158	4	38	156	2427	84	6475	440	1205	15096	162	691	4009	1291	609	77	7668	1499	7172	3208	1357	3185	371	339	2831	850	227	2055	3012	1375	9404	2982	1442	5281	5045	256	3963	1168	160	73	1031	4340	3671	2332	422	313	195	16999	2910	4331	488	121	1749	1444
112	173	169	2543	823	13821	898	800	1923	83	388	1085	3983	268	1819	2522	13	1083	2462	323	5049	2223	3865	500	2398	559	1199	2153	4474	85	609	699	296	2355	993	529	330	345	2749	45	1547	2152	172	6527	5223	1851	366	1796	4	29	99	2011	69	5542	342	976	14033	123	549	3397	1042	446	57	6646	1191	6262	2649	1086	2656	268	276	2404	669	167	1608	2450	1120	8292	2406	1096	4542	4216	179	3226	895	134	60	787	3643	3066	1913	325	221	160	16175	2384	3691	362	80	1328	1164
113	126	129	2045	652	12657	665	644	1546	54	303	848	3365	207	1441	2053	10	789	2089	240	4225	1764	3347	363	1958	449	957	1751	3703	75	474	491	221	1854	788	454	254	269	2300	36	1242	1746	124	5570	4451	1492	274	1504	3	24	63	1632	48	4739	267	785	12953	88	465	2813	829	326	52	5766	934	5395	2163	846	2235	208	219	2014	542	140	1273	1957	872	7322	1887	847	3841	3508	137	2652	718	110	47	608	3003	2577	1537	256	173	131	15356	1920	3137	273	55	1042	947
114	95	90	1624	517	11549	492	515	1234	37	225	674	2836	166	1147	1706	4	583	1746	199	3523	1374	2798	242	1594	338	765	1405	3012	58	371	364	171	1462	633	351	178	202	1946	34	996	1380	97	4752	3732	1181	198	1241	3	13	42	1368	32	3995	209	605	11851	54	370	2318	661	232	34	4903	753	4628	1731	659	1826	148	176	1730	393	109	959	1572	706	6345	1488	637	3221	2902	97	2159	528	83	40	509	2420	2109	1194	199	132	113	14467	1501	2603	207	34	785	735
115	76	60	1288	399	10331	369	406	990	27	167	508	2369	130	865	1342	3	446	1444	143	2897	1079	2318	173	1277	273	585	1057	2456	50	281	256	128	1181	474	302	117	163	1572	21	797	1067	63	4005	3077	951	139	998	2	12	25	1090	19	3341	152	481	10679	31	311	1882	530	164	22	4135	558	3930	1411	520	1455	114	146	1451	296	86	715	1204	561	5409	1149	485	2702	2429	66	1762	408	56	37	386	1930	1706	888	151	108	98	13433	1193	2112	159	24	611	578
116	55	34	985	314	9193	255	311	773	17	123	371	1962	96	668	1085	1	321	1168	106	2348	856	1914	117	1023	220	437	809	1977	41	203	175	101	938	362	245	75	126	1307	16	632	816	46	3341	2570	730	91	792	1	9	20	861	11	2796	99	382	9589	26	246	1517	429	117	17	3405	406	3217	1132	418	1163	77	114	1175	219	62	527	896	453	4665	913	363	2216	2024	45	1446	296	42	32	292	1503	1360	655	124	86	83	12318	951	1704	114	16	477	456
117	47	22	761	225	8060	178	250	594	12	92	289	1599	64	501	889	0	228	930	84	1852	657	1593	73	803	188	352	637	1602	31	155	124	66	735	262	199	55	97	1062	14	505	601	28	2756	2131	558	78	588	0	5	11	673	6	2301	70	303	8537	10	194	1190	313	78	11	2767	295	2626	917	310	889	57	79	930	158	50	382	703	367	4028	725	278	1825	1630	33	1178	221	29	28	232	1145	1090	454	94	65	72	11052	740	1405	94	9	390	325
118	35	16	584	175	6990	123	203	447	8	77	230	1293	55	372	711	NA	150	739	75	1497	498	1297	51	645	146	253	500	1294	32	114	85	45	579	175	166	42	76	813	10	391	436	15	2214	1757	429	64	457	NA	3	8	515	6	1924	52	240	7478	6	153	906	216	57	9	2221	231	2153	748	232	696	41	56	768	116	37	275	513	289	3375	574	203	1523	1317	26	975	164	20	24	182	863	854	341	67	52	59	9974	582	1110	64	7	291	242
119	26	11	441	127	5951	91	172	340	6	50	165	1030	42	276	574	NA	106	579	63	1201	394	1034	36	503	107	187	366	999	30	80	46	30	435	131	144	27	61	631	9	309	301	11	1773	1445	327	53	332	NA	1	6	404	5	1611	43	186	6476	4	129	732	153	32	2	1787	176	1683	569	182	549	25	41	595	88	32	187	368	239	2785	455	136	1242	1023	19	777	132	15	23	141	639	659	243	51	43	41	8868	482	861	45	6	222	182
120	21	5	337	91	5047	65	144	243	3	31	131	817	29	211	454	NA	80	438	48	950	311	822	31	424	80	149	297	792	28	57	31	21	317	94	117	15	36	471	7	231	215	6	1406	1175	257	41	253	NA	1	9	315	2	1290	36	154	5630	5	104	572	110	15	1	1419	143	1334	431	146	415	17	28	431	69	25	136	247	200	2289	379	100	1024	757	14	620	98	12	22	108	492	502	176	38	35	28	7775	366	679	33	2	169	128
121	16	3	254	67	4255	46	114	189	1	24	91	663	21	164	369	NA	55	306	38	779	236	665	23	343	61	120	252	603	22	39	22	10	235	69	99	13	22	350	5	202	144	2	1103	954	195	33	180	NA	1	12	261	1	1017	26	118	4805	4	82	421	61	9	0	1096	113	1059	344	117	303	14	21	331	49	18	96	160	169	1863	299	76	847	561	11	494	69	10	21	82	361	403	136	26	25	19	6655	284	530	24	1	126	95
122	9	2	186	50	3446	30	87	146	0	22	72	531	12	127	301	NA	42	235	28	610	163	506	21	255	42	88	207	460	17	27	20	5	167	49	84	9	11	270	4	173	100	1	871	773	141	26	123	NA	1	16	193	0	814	19	90	4137	4	65	293	37	7	NA	864	83	831	240	98	218	10	14	246	33	14	75	115	143	1508	233	59	676	386	7	374	44	8	19	54	272	325	97	13	22	10	5689	228	420	20	1	88	71
123	5	1	131	38	2746	24	64	113	NA	21	49	400	8	94	254	NA	34	176	20	464	121	391	15	193	28	69	170	332	14	15	19	5	120	35	74	5	9	195	4	148	73	1	667	628	100	21	76	NA	1	18	150	NA	615	14	79	3530	3	50	205	23	3	NA	673	64	627	181	63	175	9	11	196	23	11	48	74	112	1179	174	43	516	283	4	270	30	4	21	45	194	234	82	6	17	7	4814	171	328	17	0	66	53
124	4	1	94	26	2204	16	43	84	NA	14	37	322	6	68	194	NA	30	148	13	359	100	304	10	155	21	53	138	247	7	9	21	3	86	29	66	4	5	152	3	124	54	1	503	489	74	16	56	NA	1	19	123	NA	463	12	59	3013	3	37	143	17	3	NA	531	49	459	127	44	126	6	7	144	22	11	32	53	72	934	128	34	385	206	2	199	22	6	15	37	149	171	63	2	13	3	4000	116	252	16	NA	51	36
125	1	0	70	15	1714	9	30	65	NA	12	29	250	5	52	143	NA	24	112	10	262	80	209	8	118	20	48	113	187	4	5	19	2	54	29	55	2	1	115	2	102	39	0	399	349	58	15	38	NA	1	19	102	NA	364	9	48	2542	2	31	96	11	4	NA	398	36	373	91	28	88	6	5	101	16	7	26	32	50	741	99	26	282	154	2	141	13	5	13	22	99	126	54	1	11	2	3262	84	196	10	NA	39	22
126	1	NA	42	7	1353	5	19	48	NA	9	20	193	5	44	115	NA	19	96	7	200	57	152	6	79	20	38	97	137	4	2	14	0	43	27	43	2	0	91	2	84	31	NA	296	277	43	12	27	NA	0	15	84	NA	279	6	31	2092	1	25	78	10	5	NA	298	23	291	64	23	69	3	3	75	11	5	18	21	34	571	75	16	207	113	0	108	8	4	8	20	70	108	48	0	9	2	2652	58	155	6	NA	33	13
127	0	NA	32	7	1045	5	13	35	NA	6	14	123	2	36	88	NA	14	69	5	153	39	85	1	63	16	27	73	103	3	1	10	NA	28	21	39	2	NA	72	2	62	25	NA	227	207	27	12	20	NA	NA	13	62	NA	222	4	24	1701	1	13	56	7	5	NA	213	19	211	45	18	56	1	1	58	8	2	10	13	22	429	60	11	155	90	NA	76	5	2	7	17	52	76	39	NA	3	1	2108	44	124	4	NA	26	7
128	NA	NA	17	8	822	4	11	23	NA	5	6	92	1	29	65	NA	11	59	5	97	32	56	0	39	15	20	58	76	3	0	9	NA	16	18	29	2	NA	51	0	48	19	NA	177	140	27	11	13	NA	NA	11	47	NA	167	2	16	1356	1	11	42	5	3	NA	153	10	171	34	14	36	0	1	45	8	1	5	4	13	324	49	7	112	75	NA	59	3	2	5	13	32	64	30	NA	3	0	1678	27	94	3	NA	20	4
129	NA	NA	8	8	618	1	8	17	NA	4	5	67	1	25	34	NA	9	47	3	68	32	38	NA	27	13	16	45	60	2	NA	5	NA	10	15	20	0	NA	39	NA	43	15	NA	128	102	21	14	6	NA	NA	7	36	NA	132	1	9	1086	1	8	32	2	3	NA	110	7	125	18	13	23	NA	1	31	5	0	3	3	13	245	42	8	61	55	NA	50	1	1	5	14	22	43	19	NA	1	NA	1263	16	60	3	NA	14	2
130	NA	NA	5	7	497	0	6	11	NA	1	2	48	0	25	26	NA	4	37	3	45	28	21	NA	15	8	12	36	42	0	NA	3	NA	6	11	20	NA	NA	36	NA	39	11	NA	90	68	16	12	6	NA	NA	5	27	NA	116	0	7	842	0	3	26	1	3	NA	81	6	97	10	10	22	NA	1	22	2	NA	3	3	12	198	36	7	37	39	NA	41	0	0	4	12	14	29	13	NA	1	NA	972	9	41	2	NA	10	0
131	NA	NA	2	7	401	NA	3	5	NA	0	1	37	NA	25	17	NA	2	20	3	25	23	12	NA	7	3	7	34	28	NA	NA	2	NA	2	6	17	NA	NA	32	NA	32	9	NA	69	49	9	11	3	NA	NA	5	19	NA	103	NA	6	650	NA	2	19	0	2	NA	61	2	66	6	7	14	NA	1	20	1	NA	1	4	7	137	27	4	29	24	NA	33	NA	NA	3	9	7	26	6	NA	0	NA	747	8	31	0	NA	7	NA
132	NA	NA	2	6	324	NA	2	2	NA	NA	0	24	NA	21	14	NA	2	17	1	16	17	6	NA	2	2	5	27	24	NA	NA	1	NA	0	4	11	NA	NA	23	NA	23	9	NA	46	31	7	9	2	NA	NA	4	11	NA	85	NA	2	505	NA	1	18	NA	1	NA	37	2	53	2	10	9	NA	0	17	1	NA	1	3	4	108	17	3	24	20	NA	22	NA	NA	2	7	5	20	2	NA	NA	NA	552	9	21	NA	NA	6	NA
133	NA	NA	1	4	273	NA	2	1	NA	NA	NA	20	NA	18	8	NA	1	13	2	12	12	5	NA	0	0	2	24	17	NA	NA	0	NA	NA	1	8	NA	NA	17	NA	22	9	NA	34	24	5	7	2	NA	NA	2	6	NA	68	NA	2	409	NA	1	15	NA	1	NA	23	0	33	1	9	6	NA	NA	13	0	NA	0	2	2	74	10	2	17	14	NA	15	NA	NA	3	3	1	17	0	NA	NA	NA	385	6	14	NA	NA	4	NA
134	NA	NA	0	1	208	NA	2	0	NA	NA	NA	17	NA	18	7	NA	1	6	3	4	9	6	NA	NA	NA	1	14	12	NA	NA	NA	NA	NA	0	7	NA	NA	12	NA	21	9	NA	26	17	3	7	1	NA	NA	2	7	NA	57	NA	0	328	NA	0	11	NA	1	NA	19	NA	15	0	7	4	NA	NA	10	NA	NA	NA	2	1	56	7	2	10	9	NA	7	NA	NA	2	3	1	12	NA	NA	NA	NA	286	4	7	NA	NA	4	NA
135	NA	NA	NA	1	152	NA	0	NA	NA	NA	NA	9	NA	20	6	NA	1	7	3	2	8	3	NA	NA	NA	1	12	11	NA	NA	NA	NA	NA	NA	6	NA	NA	10	NA	14	6	NA	22	12	1	3	0	NA	NA	2	4	NA	54	NA	NA	256	NA	NA	7	NA	0	NA	9	NA	9	NA	5	3	NA	NA	11	NA	NA	NA	2	0	37	4	1	7	8	NA	4	NA	NA	2	2	1	9	NA	NA	NA	NA	212	4	4	NA	NA	2	NA
136	NA	NA	NA	0	110	NA	NA	NA	NA	NA	NA	9	NA	20	2	NA	1	3	3	0	5	1	NA	NA	NA	0	8	11	NA	NA	NA	NA	NA	NA	2	NA	NA	7	NA	10	5	NA	19	9	1	3	NA	NA	NA	1	3	NA	45	NA	NA	185	NA	NA	6	NA	NA	NA	6	NA	6	NA	4	1	NA	NA	9	NA	NA	NA	2	NA	24	1	1	9	4	NA	1	NA	NA	2	0	1	9	NA	NA	NA	NA	156	3	2	NA	NA	3	NA
137	NA	NA	NA	NA	81	NA	NA	NA	NA	NA	NA	12	NA	20	1	NA	1	1	4	NA	4	1	NA	NA	NA	NA	4	13	NA	NA	NA	NA	NA	NA	1	NA	NA	5	NA	9	4	NA	14	6	1	3	NA	NA	NA	1	3	NA	36	NA	NA	157	NA	NA	4	NA	NA	NA	5	NA	3	NA	2	0	NA	NA	7	NA	NA	NA	1	NA	19	1	1	7	2	NA	0	NA	NA	2	NA	0	7	NA	NA	NA	NA	105	1	0	NA	NA	3	NA
138	NA	NA	NA	NA	50	NA	NA	NA	NA	NA	NA	10	NA	19	1	NA	1	1	4	NA	1	1	NA	NA	NA	NA	1	11	NA	NA	NA	NA	NA	NA	1	NA	NA	4	NA	7	2	NA	10	4	1	3	NA	NA	NA	1	3	NA	29	NA	NA	124	NA	NA	3	NA	NA	NA	5	NA	0	NA	1	NA	NA	NA	6	NA	NA	NA	0	NA	17	1	0	7	2	NA	NA	NA	NA	0	NA	NA	7	NA	NA	NA	NA	69	1	NA	NA	NA	3	NA
139	NA	NA	NA	NA	35	NA	NA	NA	NA	NA	NA	9	NA	23	1	NA	1	0	2	NA	0	1	NA	NA	NA	NA	0	10	NA	NA	NA	NA	NA	NA	1	NA	NA	2	NA	4	1	NA	6	3	1	2	NA	NA	NA	1	2	NA	21	NA	NA	98	NA	NA	2	NA	NA	NA	7	NA	NA	NA	0	NA	NA	NA	4	NA	NA	NA	NA	NA	17	0	NA	7	1	NA	NA	NA	NA	NA	NA	NA	4	NA	NA	NA	NA	47	1	NA	NA	NA	2	NA
140	NA	NA	NA	NA	27	NA	NA	NA	NA	NA	NA	6	NA	25	0	NA	1	NA	2	NA	NA	0	NA	NA	NA	NA	NA	9	NA	NA	NA	NA	NA	NA	0	NA	NA	2	NA	4	1	NA	6	2	0	0	NA	NA	NA	3	2	NA	18	NA	NA	73	NA	NA	2	NA	NA	NA	6	NA	NA	NA	NA	NA	NA	NA	1	NA	NA	NA	NA	NA	16	NA	NA	7	0	NA	NA	NA	NA	NA	NA	NA	4	NA	NA	NA	NA	29	0	NA	NA	NA	1	NA
141	NA	NA	NA	NA	22	NA	NA	NA	NA	NA	NA	5	NA	25	NA	NA	0	NA	3	NA	NA	NA	NA	NA	NA	NA	NA	7	NA	NA	NA	NA	NA	NA	NA	NA	NA	2	NA	3	0	NA	5	1	NA	NA	NA	NA	NA	3	1	NA	14	NA	NA	57	NA	NA	2	NA	NA	NA	6	NA	NA	NA	NA	NA	NA	NA	1	NA	NA	NA	NA	NA	17	NA	NA	7	NA	NA	NA	NA	NA	NA	NA	NA	1	NA	NA	NA	NA	19	NA	NA	NA	NA	1	NA
142	NA	NA	NA	NA	13	NA	NA	NA	NA	NA	NA	4	NA	23	NA	NA	NA	NA	2	NA	NA	NA	NA	NA	NA	NA	NA	5	NA	NA	NA	NA	NA	NA	NA	NA	NA	1	NA	1	NA	NA	4	0	NA	NA	NA	NA	NA	3	0	NA	8	NA	NA	53	NA	NA	2	NA	NA	NA	6	NA	NA	NA	NA	NA	NA	NA	1	NA	NA	NA	NA	NA	17	NA	NA	6	NA	NA	NA	NA	NA	NA	NA	NA	0	NA	NA	NA	NA	9	NA	NA	NA	NA	1	NA
143	NA	NA	NA	NA	6	NA	NA	NA	NA	NA	NA	4	NA	19	NA	NA	NA	NA	2	NA	NA	NA	NA	NA	NA	NA	NA	3	NA	NA	NA	NA	NA	NA	NA	NA	NA	1	NA	0	NA	NA	3	NA	NA	NA	NA	NA	NA	3	NA	NA	9	NA	NA	40	NA	NA	1	NA	NA	NA	3	NA	NA	NA	NA	NA	NA	NA	0	NA	NA	NA	NA	NA	18	NA	NA	4	NA	NA	NA	NA	NA	NA	NA	NA	NA	NA	NA	NA	NA	5	NA	NA	NA	NA	0	NA
144	NA	NA	NA	NA	3	NA	NA	NA	NA	NA	NA	2	NA	15	NA	NA	NA	NA	2	NA	NA	NA	NA	NA	NA	NA	NA	2	NA	NA	NA	NA	NA	NA	NA	NA	NA	0	NA	NA	NA	NA	3	NA	NA	NA	NA	NA	NA	3	NA	NA	8	NA	NA	29	NA	NA	1	NA	NA	NA	3	NA	NA	NA	NA	NA	NA	NA	NA	NA	NA	NA	NA	NA	14	NA	NA	4	NA	NA	NA	NA	NA	NA	NA	NA	NA	NA	NA	NA	NA	2	NA	NA	NA	NA	NA	NA
145	NA	NA	NA	NA	1	NA	NA	NA	NA	NA	NA	1	NA	11	NA	NA	NA	NA	1	NA	NA	NA	NA	NA	NA	NA	NA	2	NA	NA	NA	NA	NA	NA	NA	NA	NA	NA	NA	NA	NA	NA	3	NA	NA	NA	NA	NA	NA	2	NA	NA	5	NA	NA	21	NA	NA	1	NA	NA	NA	2	NA	NA	NA	NA	NA	NA	NA	NA	NA	NA	NA	NA	NA	9	NA	NA	3	NA	NA	NA	NA	NA	NA	NA	NA	NA	NA	NA	NA	NA	0	NA	NA	NA	NA	NA	NA
146	NA	NA	NA	NA	1	NA	NA	NA	NA	NA	NA	1	NA	10	NA	NA	NA	NA	1	NA	NA	NA	NA	NA	NA	NA	NA	0	NA	NA	NA	NA	NA	NA	NA	NA	NA	NA	NA	NA	NA	NA	1	NA	NA	NA	NA	NA	NA	0	NA	NA	3	NA	NA	13	NA	NA	1	NA	NA	NA	0	NA	NA	NA	NA	NA	NA	NA	NA	NA	NA	NA	NA	NA	7	NA	NA	2	NA	NA	NA	NA	NA	NA	NA	NA	NA	NA	NA	NA	NA	NA	NA	NA	NA	NA	NA	NA
147	NA	NA	NA	NA	1	NA	NA	NA	NA	NA	NA	1	NA	9	NA	NA	NA	NA	1	NA	NA	NA	NA	NA	NA	NA	NA	NA	NA	NA	NA	NA	NA	NA	NA	NA	NA	NA	NA	NA	NA	NA	1	NA	NA	NA	NA	NA	NA	NA	NA	NA	1	NA	NA	8	NA	NA	1	NA	NA	NA	NA	NA	NA	NA	NA	NA	NA	NA	NA	NA	NA	NA	NA	NA	3	NA	NA	0	NA	NA	NA	NA	NA	NA	NA	NA	NA	NA	NA	NA	NA	NA	NA	NA	NA	NA	NA	NA
148	NA	NA	NA	NA	0	NA	NA	NA	NA	NA	NA	0	NA	5	NA	NA	NA	NA	1	NA	NA	NA	NA	NA	NA	NA	NA	NA	NA	NA	NA	NA	NA	NA	NA	NA	NA	NA	NA	NA	NA	NA	0	NA	NA	NA	NA	NA	NA	NA	NA	NA	0	NA	NA	7	NA	NA	1	NA	NA	NA	NA	NA	NA	NA	NA	NA	NA	NA	NA	NA	NA	NA	NA	NA	3	NA	NA	NA	NA	NA	NA	NA	NA	NA	NA	NA	NA	NA	NA	NA	NA	NA	NA	NA	NA	NA	NA	NA
149	NA	NA	NA	NA	NA	NA	NA	NA	NA	NA	NA	NA	NA	5	NA	NA	NA	NA	1	NA	NA	NA	NA	NA	NA	NA	NA	NA	NA	NA	NA	NA	NA	NA	NA	NA	NA	NA	NA	NA	NA	NA	NA	NA	NA	NA	NA	NA	NA	NA	NA	NA	NA	NA	NA	4	NA	NA	0	NA	NA	NA	NA	NA	NA	NA	NA	NA	NA	NA	NA	NA	NA	NA	NA	NA	1	NA	NA	NA	NA	NA	NA	NA	NA	NA	NA	NA	NA	NA	NA	NA	NA	NA	NA	NA	NA	NA	NA	NA
150	NA	NA	NA	NA	NA	NA	NA	NA	NA	NA	NA	NA	NA	4	NA	NA	NA	NA	0	NA	NA	NA	NA	NA	NA	NA	NA	NA	NA	NA	NA	NA	NA	NA	NA	NA	NA	NA	NA	NA	NA	NA	NA	NA	NA	NA	NA	NA	NA	NA	NA	NA	NA	NA	NA	6	NA	NA	NA	NA	NA	NA	NA	NA	NA	NA	NA	NA	NA	NA	NA	NA	NA	NA	NA	NA	1	NA	NA	NA	NA	NA	NA	NA	NA	NA	NA	NA	NA	NA	NA	NA	NA	NA	NA	NA	NA	NA	NA	NA
151	NA	NA	NA	NA	NA	NA	NA	NA	NA	NA	NA	NA	NA	4	NA	NA	NA	NA	NA	NA	NA	NA	NA	NA	NA	NA	NA	NA	NA	NA	NA	NA	NA	NA	NA	NA	NA	NA	NA	NA	NA	NA	NA	NA	NA	NA	NA	NA	NA	NA	NA	NA	NA	NA	NA	6	NA	NA	NA	NA	NA	NA	NA	NA	NA	NA	NA	NA	NA	NA	NA	NA	NA	NA	NA	NA	1	NA	NA	NA	NA	NA	NA	NA	NA	NA	NA	NA	NA	NA	NA	NA	NA	NA	NA	NA	NA	NA	NA	NA
152	NA	NA	NA	NA	NA	NA	NA	NA	NA	NA	NA	NA	NA	4	NA	NA	NA	NA	NA	NA	NA	NA	NA	NA	NA	NA	NA	NA	NA	NA	NA	NA	NA	NA	NA	NA	NA	NA	NA	NA	NA	NA	NA	NA	NA	NA	NA	NA	NA	NA	NA	NA	NA	NA	NA	6	NA	NA	NA	NA	NA	NA	NA	NA	NA	NA	NA	NA	NA	NA	NA	NA	NA	NA	NA	NA	1	NA	NA	NA	NA	NA	NA	NA	NA	NA	NA	NA	NA	NA	NA	NA	NA	NA	NA	NA	NA	NA	NA	NA
153	NA	NA	NA	NA	NA	NA	NA	NA	NA	NA	NA	NA	NA	5	NA	NA	NA	NA	NA	NA	NA	NA	NA	NA	NA	NA	NA	NA	NA	NA	NA	NA	NA	NA	NA	NA	NA	NA	NA	NA	NA	NA	NA	NA	NA	NA	NA	NA	NA	NA	NA	NA	NA	NA	NA	5	NA	NA	NA	NA	NA	NA	NA	NA	NA	NA	NA	NA	NA	NA	NA	NA	NA	NA	NA	NA	1	NA	NA	NA	NA	NA	NA	NA	NA	NA	NA	NA	NA	NA	NA	NA	NA	NA	NA	NA	NA	NA	NA	NA
154	NA	NA	NA	NA	NA	NA	NA	NA	NA	NA	NA	NA	NA	6	NA	NA	NA	NA	NA	NA	NA	NA	NA	NA	NA	NA	NA	NA	NA	NA	NA	NA	NA	NA	NA	NA	NA	NA	NA	NA	NA	NA	NA	NA	NA	NA	NA	NA	NA	NA	NA	NA	NA	NA	NA	4	NA	NA	NA	NA	NA	NA	NA	NA	NA	NA	NA	NA	NA	NA	NA	NA	NA	NA	NA	NA	0	NA	NA	NA	NA	NA	NA	NA	NA	NA	NA	NA	NA	NA	NA	NA	NA	NA	NA	NA	NA	NA	NA	NA
155	NA	NA	NA	NA	NA	NA	NA	NA	NA	NA	NA	NA	NA	4	NA	NA	NA	NA	NA	NA	NA	NA	NA	NA	NA	NA	NA	NA	NA	NA	NA	NA	NA	NA	NA	NA	NA	NA	NA	NA	NA	NA	NA	NA	NA	NA	NA	NA	NA	NA	NA	NA	NA	NA	NA	4	NA	NA	NA	NA	NA	NA	NA	NA	NA	NA	NA	NA	NA	NA	NA	NA	NA	NA	NA	NA	NA	NA	NA	NA	NA	NA	NA	NA	NA	NA	NA	NA	NA	NA	NA	NA	NA	NA	NA	NA	NA	NA	NA	NA
156	NA	NA	NA	NA	NA	NA	NA	NA	NA	NA	NA	NA	NA	3	NA	NA	NA	NA	NA	NA	NA	NA	NA	NA	NA	NA	NA	NA	NA	NA	NA	NA	NA	NA	NA	NA	NA	NA	NA	NA	NA	NA	NA	NA	NA	NA	NA	NA	NA	NA	NA	NA	NA	NA	NA	5	NA	NA	NA	NA	NA	NA	NA	NA	NA	NA	NA	NA	NA	NA	NA	NA	NA	NA	NA	NA	NA	NA	NA	NA	NA	NA	NA	NA	NA	NA	NA	NA	NA	NA	NA	NA	NA	NA	NA	NA	NA	NA	NA	NA
157	NA	NA	NA	NA	NA	NA	NA	NA	NA	NA	NA	NA	NA	2	NA	NA	NA	NA	NA	NA	NA	NA	NA	NA	NA	NA	NA	NA	NA	NA	NA	NA	NA	NA	NA	NA	NA	NA	NA	NA	NA	NA	NA	NA	NA	NA	NA	NA	NA	NA	NA	NA	NA	NA	NA	3	NA	NA	NA	NA	NA	NA	NA	NA	NA	NA	NA	NA	NA	NA	NA	NA	NA	NA	NA	NA	NA	NA	NA	NA	NA	NA	NA	NA	NA	NA	NA	NA	NA	NA	NA	NA	NA	NA	NA	NA	NA	NA	NA	NA
158	NA	NA	NA	NA	NA	NA	NA	NA	NA	NA	NA	NA	NA	1	NA	NA	NA	NA	NA	NA	NA	NA	NA	NA	NA	NA	NA	NA	NA	NA	NA	NA	NA	NA	NA	NA	NA	NA	NA	NA	NA	NA	NA	NA	NA	NA	NA	NA	NA	NA	NA	NA	NA	NA	NA	3	NA	NA	NA	NA	NA	NA	NA	NA	NA	NA	NA	NA	NA	NA	NA	NA	NA	NA	NA	NA	NA	NA	NA	NA	NA	NA	NA	NA	NA	NA	NA	NA	NA	NA	NA	NA	NA	NA	NA	NA	NA	NA	NA	NA
159	NA	NA	NA	NA	NA	NA	NA	NA	NA	NA	NA	NA	NA	0	NA	NA	NA	NA	NA	NA	NA	NA	NA	NA	NA	NA	NA	NA	NA	NA	NA	NA	NA	NA	NA	NA	NA	NA	NA	NA	NA	NA	NA	NA	NA	NA	NA	NA	NA	NA	NA	NA	NA	NA	NA	5	NA	NA	NA	NA	NA	NA	NA	NA	NA	NA	NA	NA	NA	NA	NA	NA	NA	NA	NA	NA	NA	NA	NA	NA	NA	NA	NA	NA	NA	NA	NA	NA	NA	NA	NA	NA	NA	NA	NA	NA	NA	NA	NA	NA
160	NA	NA	NA	NA	NA	NA	NA	NA	NA	NA	NA	NA	NA	NA	NA	NA	NA	NA	NA	NA	NA	NA	NA	NA	NA	NA	NA	NA	NA	NA	NA	NA	NA	NA	NA	NA	NA	NA	NA	NA	NA	NA	NA	NA	NA	NA	NA	NA	NA	NA	NA	NA	NA	NA	NA	3	NA	NA	NA	NA	NA	NA	NA	NA	NA	NA	NA	NA	NA	NA	NA	NA	NA	NA	NA	NA	NA	NA	NA	NA	NA	NA	NA	NA	NA	NA	NA	NA	NA	NA	NA	NA	NA	NA	NA	NA	NA	NA	NA	NA
161	NA	NA	NA	NA	NA	NA	NA	NA	NA	NA	NA	NA	NA	NA	NA	NA	NA	NA	NA	NA	NA	NA	NA	NA	NA	NA	NA	NA	NA	NA	NA	NA	NA	NA	NA	NA	NA	NA	NA	NA	NA	NA	NA	NA	NA	NA	NA	NA	NA	NA	NA	NA	NA	NA	NA	3	NA	NA	NA	NA	NA	NA	NA	NA	NA	NA	NA	NA	NA	NA	NA	NA	NA	NA	NA	NA	NA	NA	NA	NA	NA	NA	NA	NA	NA	NA	NA	NA	NA	NA	NA	NA	NA	NA	NA	NA	NA	NA	NA	NA
162	NA	NA	NA	NA	NA	NA	NA	NA	NA	NA	NA	NA	NA	NA	NA	NA	NA	NA	NA	NA	NA	NA	NA	NA	NA	NA	NA	NA	NA	NA	NA	NA	NA	NA	NA	NA	NA	NA	NA	NA	NA	NA	NA	NA	NA	NA	NA	NA	NA	NA	NA	NA	NA	NA	NA	2	NA	NA	NA	NA	NA	NA	NA	NA	NA	NA	NA	NA	NA	NA	NA	NA	NA	NA	NA	NA	NA	NA	NA	NA	NA	NA	NA	NA	NA	NA	NA	NA	NA	NA	NA	NA	NA	NA	NA	NA	NA	NA	NA	NA
163	NA	NA	NA	NA	NA	NA	NA	NA	NA	NA	NA	NA	NA	NA	NA	NA	NA	NA	NA	NA	NA	NA	NA	NA	NA	NA	NA	NA	NA	NA	NA	NA	NA	NA	NA	NA	NA	NA	NA	NA	NA	NA	NA	NA	NA	NA	NA	NA	NA	NA	NA	NA	NA	NA	NA	1	NA	NA	NA	NA	NA	NA	NA	NA	NA	NA	NA	NA	NA	NA	NA	NA	NA	NA	NA	NA	NA	NA	NA	NA	NA	NA	NA	NA	NA	NA	NA	NA	NA	NA	NA	NA	NA	NA	NA	NA	NA	NA	NA	NA
164	NA	NA	NA	NA	NA	NA	NA	NA	NA	NA	NA	NA	NA	NA	NA	NA	NA	NA	NA	NA	NA	NA	NA	NA	NA	NA	NA	NA	NA	NA	NA	NA	NA	NA	NA	NA	NA	NA	NA	NA	NA	NA	NA	NA	NA	NA	NA	NA	NA	NA	NA	NA	NA	NA	NA	1	NA	NA	NA	NA	NA	NA	NA	NA	NA	NA	NA	NA	NA	NA	NA	NA	NA	NA	NA	NA	NA	NA	NA	NA	NA	NA	NA	NA	NA	NA	NA	NA	NA	NA	NA	NA	NA	NA	NA	NA	NA	NA	NA	NA
165	NA	NA	NA	NA	NA	NA	NA	NA	NA	NA	NA	NA	NA	NA	NA	NA	NA	NA	NA	NA	NA	NA	NA	NA	NA	NA	NA	NA	NA	NA	NA	NA	NA	NA	NA	NA	NA	NA	NA	NA	NA	NA	NA	NA	NA	NA	NA	NA	NA	NA	NA	NA	NA	NA	NA	0	NA	NA	NA	NA	NA	NA	NA	NA	NA	NA	NA	NA	NA	NA	NA	NA	NA	NA	NA	NA	NA	NA	NA	NA	NA	NA	NA	NA	NA	NA	NA	NA	NA	NA	NA	NA	NA	NA	NA	NA	NA	NA	NA	NA
