0	5	3	3	2	4	2	2	3	2	1	5	2	3	1	4	4	3	2	3	3	3	1	3	2	3	2	2	4	4	4	4	4	3	4	1	3	3	4	3	2	2	3	2	5	1	4	4	4	3	2	5	4	3	3	3	4	3	3	3	1	2	3	3	3	4	4	2	3	3	3	4	4	4	3	3	3	2	2	3	3	3	5	4	2	4	4	3	3	2	2	2	3	5	3	3	2	3	4	1	2
1	10	7	6	5	8	6	5	6	7	3	12	7	8	5	8	10	7	2	6	10	7	3	7	2	8	3	7	10	7	8	9	8	5	8	3	5	7	9	8	6	3	6	3	12	2	10	8	10	9	5	11	7	4	5	6	8	6	7	8	5	3	6	8	6	6	8	6	8	5	5	8	7	7	6	6	4	5	6	8	5	7	10	9	5	10	9	6	7	4	5	4	9	10	8	10	6	8	8	3	5
2	15	15	10	9	18	9	8	9	14	5	22	15	14	10	16	15	16	6	14	17	14	11	12	3	18	7	14	17	12	14	19	16	10	17	5	10	13	16	15	11	6	12	7	22	4	18	15	20	17	10	18	11	8	10	12	15	13	11	11	10	9	10	15	14	11	15	11	15	10	13	14	14	16	8	11	7	10	11	14	10	14	16	17	9	17	17	13	10	8	8	10	17	15	12	15	10	16	14	9	11
3	27	22	16	14	27	16	16	15	25	11	32	29	20	19	26	30	27	15	24	25	20	18	17	6	26	13	19	26	19	22	27	30	21	26	11	17	17	28	26	20	9	20	14	35	8	30	21	29	27	18	31	18	15	16	21	20	21	16	18	18	18	17	25	22	17	27	18	23	16	20	22	22	22	15	26	13	15	20	20	15	22	22	25	20	22	26	20	17	18	14	18	25	24	18	28	16	30	23	22	18
4	36	34	26	22	39	28	20	23	39	19	43	55	32	29	38	47	43	22	36	40	26	28	32	13	34	23	30	37	27	37	37	40	28	40	17	28	24	45	36	31	14	32	22	53	12	34	30	42	41	24	47	29	21	27	30	30	25	25	26	23	29	24	33	33	29	38	27	35	24	29	32	32	32	21	44	22	21	28	31	23	32	32	33	33	33	36	32	25	30	22	34	39	31	29	36	24	48	35	41	29
5	43	54	37	33	55	45	32	33	53	28	55	80	44	43	48	67	66	35	46	58	32	42	40	18	47	32	37	48	40	50	52	47	41	53	24	38	28	63	47	46	20	46	31	72	16	46	46	57	57	33	68	42	29	38	42	41	37	43	37	35	42	33	44	44	43	48	35	49	32	43	40	43	45	31	63	31	31	40	45	35	47	46	48	41	45	45	46	37	36	33	54	51	41	42	49	34	66	49	61	35
6	51	72	49	47	70	62	45	46	76	41	65	101	65	55	64	88	103	49	59	79	48	63	60	29	57	46	50	58	58	71	68	54	51	70	35	52	42	90	61	67	29	67	39	102	25	57	62	70	70	43	92	48	43	48	57	51	44	61	50	45	63	41	57	60	57	61	42	67	45	59	54	68	52	41	83	44	47	50	61	45	61	64	66	48	55	62	59	52	47	49	74	71	55	60	67	45	92	63	83	47
7	67	83	60	55	87	87	67	56	97	55	78	137	81	69	77	119	141	67	81	106	61	88	76	41	65	61	67	78	83	83	83	65	64	94	53	67	50	122	74	84	43	96	53	139	37	87	74	88	86	58	118	69	54	62	80	61	59	86	66	58	84	52	66	71	79	74	56	89	58	95	76	86	69	58	112	53	63	63	79	55	78	78	84	59	66	78	67	74	62	68	92	104	70	76	89	54	120	75	114	65
8	91	107	77	76	120	121	86	69	126	65	85	176	109	85	85	147	178	92	89	134	81	124	92	51	79	80	84	95	105	103	99	83	86	118	62	93	63	163	94	103	58	124	68	192	46	113	91	99	99	77	151	83	70	77	96	67	72	114	84	73	110	63	80	79	106	90	66	121	77	121	101	111	86	71	148	67	77	80	97	66	100	94	98	81	88	102	76	97	81	93	119	150	88	90	115	64	155	89	151	87
9	109	129	85	94	157	165	116	91	155	79	104	216	134	115	104	176	220	125	112	169	102	162	106	64	100	96	101	118	141	119	115	94	117	140	77	123	81	212	113	138	75	153	96	266	55	148	113	113	110	97	183	111	83	93	114	86	92	144	103	87	144	76	104	94	136	107	81	147	92	168	125	146	106	93	181	90	99	94	117	81	117	102	118	99	113	124	91	116	100	124	145	184	105	112	144	75	194	102	194	106
10	149	150	89	110	198	211	146	115	176	92	126	262	155	145	129	209	260	149	140	199	124	203	131	79	117	115	116	140	191	136	135	115	139	168	93	160	104	272	134	162	92	190	123	347	68	192	131	127	121	126	225	143	97	123	144	112	114	179	129	98	188	96	127	117	160	117	95	175	116	219	151	179	150	112	231	112	119	110	142	97	135	125	154	119	140	151	107	147	125	156	189	228	120	137	168	92	252	114	235	136
11	194	177	111	132	257	290	185	138	202	118	150	315	193	173	157	254	314	202	180	249	147	265	156	93	151	138	138	173	227	165	167	132	167	190	102	200	122	346	158	194	112	242	143	453	86	234	158	136	140	171	269	171	119	150	170	135	141	201	168	121	250	109	156	138	188	132	113	217	147	285	181	215	194	140	286	140	144	127	175	109	169	150	180	148	163	177	122	193	157	201	231	272	139	183	198	109	316	139	294	170
12	233	229	128	153	323	371	231	168	239	146	171	382	241	225	189	326	375	241	225	301	177	324	193	106	169	160	158	192	272	200	210	160	201	232	116	243	159	423	198	235	126	299	174	606	97	300	197	158	165	223	330	212	152	179	206	173	179	241	207	138	331	129	197	159	213	144	134	277	176	358	222	266	251	178	343	194	176	146	206	125	212	176	203	187	184	206	129	240	189	249	282	340	161	222	232	137	392	166	361	211
13	262	298	146	172	389	470	278	202	264	187	194	461	298	267	229	400	444	293	282	363	204	398	232	118	200	192	190	221	316	235	255	183	245	276	130	306	191	501	250	275	159	350	221	757	110	359	232	185	189	291	398	259	195	219	236	223	209	291	252	174	414	150	244	198	241	167	160	357	214	443	261	317	324	203	407	250	229	168	239	152	260	219	238	216	214	242	143	276	225	292	362	405	179	269	256	172	509	203	446	262
14	315	372	177	176	468	597	341	244	299	239	240	561	350	345	271	471	545	375	334	413	256	505	277	130	236	230	230	249	361	285	296	220	305	327	157	381	235	616	319	317	186	428	272	950	124	428	271	210	226	368	479	326	244	248	282	274	242	334	317	195	509	182	322	243	295	201	195	443	256	526	317	379	414	239	490	313	289	202	293	172	322	278	280	265	251	291	157	335	279	352	440	485	228	329	283	215	622	243	532	297
15	392	469	223	212	557	728	420	285	341	311	293	665	438	436	314	547	637	454	405	509	313	645	336	152	271	267	279	287	417	345	341	258	377	380	178	475	290	738	393	384	226	521	337	1198	152	498	303	234	264	454	592	425	303	287	339	346	274	391	387	228	634	228	404	301	343	240	236	550	299	647	375	438	517	268	601	403	335	242	358	213	382	343	331	306	291	345	178	391	352	420	550	567	272	389	328	266	734	308	650	367
16	483	548	263	250	672	906	501	322	396	370	353	802	513	534	368	652	786	550	464	585	357	806	417	179	339	326	313	353	497	408	391	292	462	445	210	577	345	896	496	456	294	648	406	1447	171	573	376	266	305	555	709	534	369	354	440	427	302	468	461	265	772	276	490	359	417	280	265	694	373	777	460	488	660	287	741	501	389	311	424	262	469	397	373	358	329	409	206	453	437	475	666	663	327	484	367	350	872	386	812	424
17	602	660	320	292	815	1114	619	374	465	462	434	953	634	642	425	779	947	657	522	675	410	1001	500	197	391	408	385	430	604	488	448	340	552	531	259	705	443	1054	625	523	343	786	472	1738	193	671	444	297	362	677	835	649	447	435	544	533	330	549	545	310	952	325	586	436	494	349	311	876	461	916	541	571	825	320	913	610	457	393	485	326	584	473	439	427	380	490	223	511	531	562	833	786	379	587	421	449	1022	474	962	490
18	738	766	395	327	946	1382	760	418	552	564	538	1160	773	740	482	902	1157	778	597	797	491	1194	621	231	462	488	457	523	712	576	532	390	666	618	317	845	564	1244	780	614	411	952	561	2068	221	801	525	321	443	797	1005	823	507	527	676	640	390	647	681	363	1172	391	714	515	619	410	371	1062	569	1118	615	651	1002	346	1104	739	544	461	562	416	714	570	532	496	455	552	252	593	643	662	1006	919	455	731	493	573	1189	570	1178	602
19	930	913	492	376	1128	1649	930	472	632	718	643	1381	957	875	545	1080	1365	937	720	921	579	1473	722	274	562	592	553	617	827	670	638	451	814	733	376	1020	710	1482	982	690	495	1164	665	2447	254	936	631	341	532	942	1214	985	603	644	857	774	435	776	805	415	1412	467	862	620	745	498	448	1292	701	1340	750	775	1197	394	1346	889	628	560	635	504	852	673	631	564	536	665	292	685	778	790	1225	1079	533	886	579	710	1371	704	1462	718
20	1136	1057	577	431	1334	2030	1152	550	758	876	764	1704	1205	1041	651	1290	1638	1093	832	1080	686	1779	853	317	677	740	685	767	974	772	761	504	972	874	450	1197	890	1767	1227	804	606	1422	780	2910	303	1119	749	389	631	1176	1484	1225	708	769	1067	937	506	943	972	499	1739	549	1027	761	899	617	550	1583	870	1601	868	908	1411	456	1602	1032	730	666	728	615	1019	790	752	656	633	800	340	793	936	934	1527	1282	615	1089	676	859	1615	858	1788	882
21	1395	1234	687	486	1565	2470	1389	633	888	1070	913	2081	1452	1276	747	1544	1887	1288	967	1266	808	2160	1013	377	817	873	817	927	1169	899	940	584	1170	1023	540	1413	1084	2106	1510	911	727	1728	922	3483	354	1345	915	449	764	1441	1775	1487	828	954	1325	1095	596	1118	1198	571	2050	646	1219	906	1069	722	678	1937	1025	1924	997	1084	1694	543	1930	1197	854	790	848	731	1269	962	879	752	716	922	412	949	1134	1112	1890	1530	729	1292	803	1017	1903	1036	2181	1091
22	1708	1449	793	572	1841	3020	1677	759	1064	1286	1079	2506	1807	1518	887	1838	2239	1564	1155	1504	957	2588	1204	434	1000	1027	991	1093	1421	1064	1108	654	1405	1189	642	1666	1282	2506	1826	1042	909	2077	1050	4133	409	1562	1065	513	895	1723	2131	1798	944	1155	1657	1327	681	1334	1439	666	2458	785	1443	1074	1279	865	834	2362	1228	2265	1141	1290	2003	626	2314	1368	997	924	989	891	1509	1151	1034	865	827	1103	471	1128	1353	1306	2329	1821	855	1572	950	1186	2280	1294	2531	1332
23	2056	1734	914	661	2156	3717	1987	877	1280	1554	1282	3024	2191	1767	1040	2186	2595	1822	1384	1848	1180	3128	1463	517	1183	1188	1174	1299	1704	1240	1341	737	1714	1400	783	1965	1537	2995	2147	1240	1127	2492	1255	4908	469	1811	1279	596	1060	2076	2602	2155	1088	1382	2016	1558	839	1597	1709	823	2937	941	1734	1261	1521	1028	1014	2844	1474	2680	1302	1484	2355	749	2776	1604	1175	1093	1175	1070	1833	1411	1206	1019	959	1339	533	1337	1645	1568	2843	2164	1012	1891	1144	1428	2712	1560	2952	1616
24	2476	2039	1076	760	2534	4515	2415	1022	1536	1879	1520	3655	2614	2093	1224	2588	3054	2121	1664	2175	1463	3662	1766	616	1399	1396	1400	1548	2038	1453	1609	846	2068	1631	966	2372	1844	3593	2536	1466	1398	2964	1483	5845	526	2155	1550	684	1238	2422	3239	2620	1268	1620	2479	1859	977	1867	2015	979	3534	1122	2093	1473	1811	1291	1215	3483	1777	3126	1532	1767	2845	864	3374	1872	1398	1269	1367	1273	2200	1694	1450	1230	1114	1580	614	1590	1979	1878	3500	2601	1178	2243	1394	1650	3187	1884	3460	1973
25	2933	2402	1264	905	2970	5433	2870	1196	1842	2241	1766	4420	3082	2507	1411	3086	3629	2481	1976	2616	1721	4324	2065	733	1639	1639	1700	1823	2474	1759	1895	1002	2413	1955	1141	2880	2177	4308	2979	1752	1717	3542	1747	6922	621	2495	1868	802	1452	2895	3962	3128	1473	1923	2989	2219	1145	2240	2441	1155	4270	1324	2461	1752	2171	1572	1487	4227	2194	3661	1792	2090	3371	1004	4077	2191	1676	1524	1632	1527	2665	2066	1733	1463	1320	1873	692	1870	2352	2280	4309	3054	1394	2677	1657	1925	3817	2271	4089	2417
26	3505	2849	1493	1057	3490	6498	3399	1416	2176	2710	2070	5266	3702	2953	1660	3660	4288	2970	2344	3149	2083	5108	2458	887	1921	1920	2050	2170	2958	2095	2256	1146	2859	2303	1406	3486	2552	5175	3500	2098	2109	4204	2060	8191	729	2957	2279	968	1690	3425	4787	3739	1732	2273	3603	2639	1370	2688	2997	1345	5106	1561	2891	2067	2623	1897	1784	4995	2669	4308	2099	2462	3958	1169	4912	2595	1997	1889	1899	1838	3124	2466	2048	1747	1555	2210	829	2207	2803	2754	5238	3648	1641	3159	1980	2280	4561	2660	4752	2899
27	4119	3401	1732	1282	4137	7815	3970	1675	2566	3281	2428	6304	4382	3503	1938	4381	5059	3587	2833	3802	2510	6034	2895	1080	2264	2226	2484	2571	3567	2512	2668	1363	3392	2750	1740	4212	2987	6256	4131	2557	2524	5002	2447	9651	846	3432	2718	1158	1971	4074	5796	4459	2037	2699	4348	3134	1645	3197	3572	1580	6010	1826	3438	2455	3160	2321	2121	5979	3183	5013	2439	2928	4765	1392	6026	3146	2378	2262	2249	2201	3721	2965	2374	2106	1895	2660	955	2638	3354	3301	6381	4363	1902	3718	2400	2635	5393	3144	5550	3548
28	4947	4030	2047	1519	4920	9369	4745	2007	3069	3889	2864	7493	5210	4223	2290	5226	5957	4311	3410	4516	2950	7112	3427	1265	2721	2607	2958	3067	4275	2970	3120	1612	3976	3260	2138	5105	3548	7446	4844	2999	3054	5980	2949	11492	982	4020	3264	1365	2303	4861	6979	5263	2388	3190	5221	3725	1928	3894	4327	1862	7132	2169	4106	2934	3757	2821	2580	7005	3819	5907	2878	3383	5669	1639	7182	3810	2864	2696	2608	2667	4409	3582	2835	2543	2248	3184	1154	3141	3967	3988	7616	5196	2249	4400	2838	3108	6317	3737	6501	4240
29	5942	4761	2388	1795	5847	11147	5608	2361	3601	4677	3400	8890	6148	5096	2722	6206	7024	5202	4068	5388	3500	8422	4055	1569	3214	3011	3511	3689	5084	3532	3711	1935	4707	3864	2599	6153	4164	8858	5725	3547	3636	7093	3551	13527	1127	4775	3902	1636	2647	5806	8322	6251	2749	3731	6293	4438	2241	4672	5290	2207	8447	2550	4904	3504	4482	3331	3077	8248	4524	6931	3400	3961	6603	1961	8586	4519	3416	3254	3058	3175	5198	4311	3345	3081	2649	3760	1371	3727	4752	4791	9047	6226	2638	5176	3326	3649	7486	4431	7705	5076
30	7143	5595	2748	2120	6932	13215	6655	2817	4253	5580	4040	10504	7297	6110	3234	7343	8233	6242	4863	6435	4152	9866	4841	1903	3874	3499	4262	4367	6097	4211	4396	2286	5552	4571	3138	7363	4908	10461	6739	4223	4353	8471	4210	15820	1333	5611	4637	1942	3084	7005	9783	7421	3231	4421	7474	5218	2598	5637	6319	2620	9946	2986	5827	4239	5309	3922	3661	9750	5453	8219	3946	4637	7783	2341	10221	5414	4042	3983	3604	3804	6132	5209	4011	3698	3122	4486	1633	4404	5646	5698	10590	7410	3079	6067	4007	4338	8855	5229	9114	6095
31	8474	6677	3195	2481	8122	15470	7866	3350	5096	6620	4825	12450	8647	7249	3871	8726	9618	7466	5786	7575	4880	11675	5759	2270	4600	4177	5159	5188	7196	5002	5309	2722	6634	5469	3779	8762	5801	12326	7947	4995	5171	10009	5071	18545	1582	6603	5568	2259	3641	8335	11600	8754	3779	5197	8882	6129	3057	6649	7507	3078	11626	3518	6894	5078	6368	4675	4309	11438	6469	9710	4632	5521	9309	2765	12129	6417	4760	4730	4228	4533	7272	6204	4724	4472	3624	5250	2003	5201	6788	6827	12513	8816	3638	7132	4692	5136	10524	6219	10651	7159
32	10016	7859	3777	2891	9594	18094	9367	3937	6106	7803	5686	14636	10203	8508	4648	10282	11279	8934	6815	8931	5749	13656	6770	2737	5513	4868	6230	6080	8513	5921	6285	3217	7761	6561	4557	10293	6741	14318	9371	5986	6140	11823	5990	21640	1873	7702	6524	2656	4280	9901	13701	10261	4479	6088	10464	7245	3618	7856	8994	3641	13661	4189	8226	6022	7619	5596	5012	13497	7679	11512	5442	6515	11068	3294	14171	7604	5607	5604	4989	5415	8484	7426	5580	5313	4260	6223	2427	6185	8064	8142	14615	10496	4333	8380	5600	6117	12412	7408	12548	8328
33	11827	9239	4580	3322	11224	21059	11120	4715	7255	9289	6716	17104	12045	10000	5498	12111	13044	10775	8037	10486	6771	15734	7970	3253	6565	5737	7416	7155	10086	6936	7380	3797	9103	7947	5421	12206	7891	16637	11072	7143	7203	13867	7057	25105	2285	9089	7747	3115	5096	11695	16110	12075	5253	7152	12205	8503	4300	9216	10739	4280	15915	4901	9792	7092	8960	6657	5887	15777	8994	13598	6375	7728	13072	3882	16699	8933	6633	6584	5836	6441	10012	8787	6565	6321	4990	7316	2958	7313	9574	9618	16979	12524	5127	9900	6655	7195	14643	8839	14555	9771
34	13867	10836	5402	3874	13150	24190	13036	5625	8610	10936	7989	19732	14104	11690	6525	14299	15244	12835	9411	12346	7901	18182	9417	3828	7811	6862	8883	8277	11902	8125	8627	4533	10743	9543	6441	14383	9213	19350	12922	8581	8460	16173	8321	28837	2709	10738	9180	3714	6111	13614	18770	14073	6181	8490	14118	10003	5140	10882	12703	5033	18602	5838	11703	8386	10599	7852	6930	18202	10571	16012	7587	9038	15305	4573	19235	10423	7786	7829	6864	7657	11639	10361	7793	7579	5837	8577	3568	8700	11330	11427	19754	14692	6097	11644	7861	8439	17185	10557	16767	11391
35	16296	12699	6480	4508	15305	27473	15298	6705	10202	12856	9405	22569	16328	13569	7725	16778	17718	15321	11123	14501	9158	20965	11126	4517	9248	8105	10598	9703	13953	9559	10029	5329	12681	11412	7633	16793	10769	22394	15008	10106	9911	18787	9757	32712	3236	12572	10752	4428	7304	15917	21749	16360	7271	9970	16387	11708	6154	12629	15088	5862	21669	6997	13840	9935	12529	9225	8189	21064	12272	18595	8973	10694	17756	5436	22100	12149	9164	9263	7985	9121	13471	12195	9200	9019	6768	9993	4337	10238	13394	13401	22951	17108	7306	13631	9172	9804	19912	12510	19366	13213
36	19103	14810	7647	5301	17881	31099	17809	8023	11966	15046	11093	25687	18838	15704	9025	19631	20524	18028	13070	16931	10635	23966	12972	5309	10987	9589	12561	11335	16298	11162	11679	6281	14852	13685	9056	19426	12592	25718	17441	11914	11537	21593	11338	36732	3849	14593	12657	5231	8587	18368	25126	18981	8630	11587	19011	13719	7337	14843	17656	6828	24941	8316	16300	11768	14728	10804	9681	24064	14357	21407	10572	12655	20606	6488	25322	14194	10758	10932	9346	10780	15615	14277	10900	10681	7828	11616	5224	12071	15770	15599	26524	19989	8691	15894	10741	11432	23001	14745	22237	15322
37	22126	17239	8991	6260	20817	34838	20731	9485	13984	17638	13036	29147	21716	17973	10662	22905	23600	21088	15424	19599	12430	27118	15274	6277	12920	11371	14760	13310	18941	13030	13563	7358	17462	16142	10772	22567	14764	28994	20163	14057	13520	24610	13119	40664	4565	16758	14705	6198	10056	21186	28686	21925	10165	13516	22002	16023	8700	17363	20584	8055	28234	9692	19137	13847	17208	12533	11441	27356	16673	24546	12441	14914	23693	7768	28707	16736	12519	12833	10859	12778	17980	16617	12735	12612	9201	13497	6185	14130	18247	18018	30351	22982	10273	18528	12581	13299	26365	17386	25352	17857
38	25502	20024	10542	7420	24000	38452	23862	11234	16319	20273	15239	32855	24703	20699	12492	26348	26919	24417	18031	22539	14475	30477	17952	7274	15191	13428	17285	15532	21916	15301	15799	8702	20164	18870	12733	25749	17273	32582	23138	16439	15780	27989	15235	44294	5324	19300	17139	7353	11864	24240	32404	25015	11849	15744	25211	18531	10210	20119	23749	9427	31935	11447	22266	16225	20033	14502	13413	30757	19250	27884	14573	17367	26888	9137	32117	19318	14675	15011	12638	15025	20624	19306	14944	14882	10736	15579	7345	16589	21048	20766	34218	26312	12281	21228	14759	15514	29816	20091	28658	20700
39	29174	23232	12244	8747	27567	42078	27208	13106	18871	23261	17828	36488	28021	23727	14590	30036	30642	28084	21020	25791	16885	34074	20894	8557	17687	15709	20016	18098	25096	17643	18294	10239	23288	21875	14965	29074	20125	36328	26477	19172	18171	31531	17612	47571	6275	22215	19742	8683	13862	27384	36295	28520	13957	18245	28573	21452	12089	23146	27100	10970	35693	13269	25647	18747	23057	16831	15618	34212	22091	31477	17041	20285	30383	10722	35851	22298	17073	17329	14913	17510	23735	22207	17369	17382	12555	18164	8685	19253	24286	23839	37979	29855	14449	24267	17203	18024	33393	23262	32076	23889
40	32926	26786	14178	10464	31200	45336	30841	15317	21832	26625	20706	40212	31532	26950	16908	33836	34458	31892	24422	29330	19543	37823	24050	10004	20607	18226	22943	20901	28531	20466	21282	12062	26698	25111	17565	32742	23187	39955	30059	22111	20980	35071	20234	49915	7326	25243	22703	10217	16218	30789	40022	32107	16376	20998	32103	24712	14064	26362	30639	12759	39646	15373	29172	21538	26308	19288	18120	37797	25363	35148	19807	23461	34035	12485	39514	25407	19683	20113	17492	20474	26966	25367	20061	20064	14789	20884	10248	22151	27641	27080	41477	33638	16986	27649	19984	20930	37050	26678	35443	27419
41	36751	30532	16518	12341	35054	47957	34785	17817	25041	30183	23870	43736	35296	30606	19648	37659	38058	35849	28130	32929	22605	41171	27537	11670	23640	21184	26073	24043	31938	23424	24597	14030	30364	28526	20397	36365	26596	43343	33782	25238	24078	38638	23001	51464	8636	28719	25870	12047	18921	34354	43521	35848	18940	23780	35740	28157	16427	29722	34734	14731	43380	17785	32923	24656	29936	22191	20880	41309	28763	38990	22776	26885	37975	14560	43128	28870	22378	23131	20317	23763	30448	28873	22949	23137	17321	23857	11903	25444	31173	30582	44815	37472	20023	31194	23209	23990	40495	30301	39030	31053
42	40402	34380	19105	14514	38801	49794	38722	20751	28647	33765	27088	46646	39217	34378	22716	41368	41446	39562	32036	36623	25972	44271	31053	13606	26941	24271	29464	27530	35505	26845	28093	16294	34207	32180	23518	40283	30099	46248	37335	28743	27342	42151	25919	51953	10183	32290	29294	14186	21840	37795	46826	39722	21949	27019	39422	31920	19085	33421	38673	17179	46553	20413	36663	28140	33908	25571	23904	44396	32412	42580	25983	30304	41799	16880	46404	32503	25464	26582	23513	27419	33985	32421	26349	26360	20125	27157	13907	29045	34977	34464	47235	41334	23090	34676	26507	27366	43743	34048	42208	35154
43	43773	38202	21934	16977	42351	50752	42581	23926	32290	37361	30901	48725	42749	38253	26090	44856	44563	43227	35888	40377	29444	46862	34741	15655	30361	27645	33307	31175	38948	30407	31811	18952	38190	35904	26946	43985	33825	48584	40861	32314	30974	45153	29241	51090	11885	35870	32449	16464	25080	41406	49362	43160	25289	30446	42709	35463	22066	37133	42418	19746	49063	23430	40568	31637	38079	29112	27302	47087	36228	45801	29526	34023	45735	19525	49076	36157	28785	30166	26933	31223	37597	36055	29974	29882	23259	30786	16050	32691	38798	38437	49112	44696	26403	38313	30321	30721	46645	37719	45119	39033
44	46795	41852	24968	19846	45454	50630	45969	27384	36031	40664	34925	49775	45959	41844	29676	47730	47144	46250	39736	43754	32959	48876	38334	18095	34003	31221	37036	35072	42098	34105	35511	21875	41767	39608	30482	47534	37566	49851	44190	35858	34699	47901	32624	48724	13839	39217	35833	19015	28316	44665	51076	46456	28856	34111	45613	39196	25328	40811	46015	22652	50554	26831	44281	35353	42125	32908	30901	49106	40165	48397	33232	37696	48805	22276	51119	39764	32162	33932	30495	35314	41031	39543	33805	33271	26677	34366	18536	36384	42254	42255	50209	47704	30009	41632	34247	34341	48716	41344	47431	42767
45	49169	45020	28393	23045	48161	49040	48737	31050	39671	43825	38920	49889	48819	45173	33518	49829	48938	48812	43382	46948	36608	49847	41684	20875	37585	34897	40638	38799	44946	37716	39288	25080	45196	43033	34133	50258	41135	50189	46955	39336	38474	49799	36197	45131	16111	42716	38930	21860	31746	47219	51741	48924	32496	37654	47971	42902	28999	44096	49017	25788	51052	30446	47479	38943	45595	36629	34613	50060	43761	50055	37011	41320	50956	25385	52082	43266	35604	37758	34179	39162	44367	42720	37672	36982	30285	37812	21338	40002	45322	45683	50043	50042	33735	44575	38363	38053	50188	44557	49056	46083
46	50726	47784	31980	26216	49993	46304	50501	34786	42960	46530	42669	48895	50706	47702	37424	51172	49892	50459	46503	49338	40031	49538	45020	23774	41163	38526	44061	42509	47263	41283	42959	28496	47775	46003	38157	51747	44619	49333	48777	42776	41937	50545	39463	40541	18797	45678	41753	25112	35180	49346	50867	50572	36302	41007	49657	46230	32850	46580	51248	29168	50099	34233	49818	42610	48614	40426	38092	49783	47076	50677	40642	44524	52220	28655	51485	46150	39082	41402	38019	42923	47165	45586	41374	40447	33997	41214	24351	43192	47883	48589	48973	51136	37369	47050	42195	41621	50517	47425	49635	48970
47	50983	49657	35752	29746	50893	42394	51076	38513	45929	48559	46223	46880	51508	49468	41308	51128	49774	51087	49115	50600	43294	48159	48073	26979	44212	42134	46628	46026	49085	44307	46105	32137	49827	48259	41793	51812	47553	47110	49904	45827	45160	49964	42528	35286	21843	47764	44087	28570	38560	50340	48572	50889	40003	44198	50318	48637	36599	48734	52318	32882	47978	38159	51114	45784	50840	44002	41409	48237	49463	50072	44279	47223	52022	32044	49359	48534	42413	44544	41669	46314	49021	48045	44772	43805	37652	44325	27583	45907	49911	50696	46598	51081	41021	48845	45835	44830	49601	49636	49155	50806
48	50073	50590	39249	33487	50417	37601	50352	42167	48017	49828	48862	43796	50925	50298	44776	49843	48591	50333	50641	50751	46133	45631	50262	30197	46826	45332	48763	49047	50050	46813	48793	35910	50930	49717	45166	50804	49516	43795	49835	48317	47713	48170	45037	29599	25237	49316	46138	32261	41896	50033	44924	50070	43381	46895	49535	50356	40246	50004	51862	36520	44910	41826	51206	48361	52043	46952	44424	45813	51174	48415	47425	49308	50387	35478	45574	50135	45397	47569	44845	49007	49958	49547	47567	46788	41282	46895	31084	47997	50932	51611	43038	49921	44382	49737	48635	47643	47390	50507	47567	51719
49	47751	50252	42840	37254	48626	32248	48258	45530	49280	49877	50698	39655	48775	50035	47584	47437	46138	48404	51459	49691	48185	41705	51240	33668	48600	47960	49990	51044	49638	48756	50515	39469	50832	50154	47953	48363	50669	39495	48431	49813	49448	45172	47097	23963	28778	49613	47618	36109	44701	48630	40372	48220	46476	48779	47902	50884	43755	50038	50251	40115	40752	45128	49989	49852	51664	48987	46831	42208	51410	45360	49910	50529	47155	38995	40861	50501	47590	49739	47426	50844	49741	50061	49428	49073	44506	48681	34863	49126	50795	51425	38557	47247	47216	49560	50544	49465	43858	50311	44582	51232
50	44279	48779	45817	40779	45564	26733	45093	48157	49720	48660	51443	34776	45320	48655	49742	43779	42579	45431	50765	47156	49373	37168	51134	37009	49501	49869	50174	51814	48020	49813	51093	42900	49355	49511	49827	44203	50612	34518	45820	50382	50240	41239	48440	18657	32776	48862	48198	39852	47262	45723	35211	44896	48706	49901	44952	50131	46423	49045	47191	43529	35796	47876	47828	50554	50072	50391	48612	37754	50379	41092	51185	50491	42883	42245	35399	49769	48704	50854	49293	51672	48264	49376	50336	50441	47278	49407	38462	49311	49159	49746	33579	43316	49469	48313	51378	50177	39258	48953	40494	49183
51	39887	46153	48303	43927	41594	21352	41188	50000	48859	46427	50922	29390	40757	45889	50927	39040	38020	41475	48906	43542	49668	32199	49472	40350	49131	50393	49279	51548	45280	49830	50447	45800	46550	47580	50715	39396	49224	29192	42131	49449	49853	36361	48592	13980	36829	46871	47715	43411	48849	41655	29701	40445	50073	49654	40860	48114	48462	46929	42676	46319	30578	49497	44289	49653	47170	50710	49368	32497	47970	36061	51147	49051	37532	45173	29584	47654	49155	50838	50269	51182	45598	47555	50134	50778	49208	49251	41925	48319	46352	46577	28229	38620	50857	45840	50756	49833	34186	46404	35573	45651
52	34938	42490	50003	46679	36555	16513	36469	50938	47041	43117	49208	24076	35546	41801	50492	33685	32749	36624	45680	38722	48614	26836	46481	43495	48199	49913	47085	49673	41507	48651	48489	48091	42618	44614	50235	33963	46530	24092	37614	47273	48367	31162	47740	10065	40770	43732	46039	46601	49723	37117	24267	35386	50166	48158	35902	44848	49748	43629	37469	48502	25123	50441	39657	47693	43268	49682	48885	27199	44234	30540	49864	46297	31820	47510	23805	44422	48376	49502	49718	49470	41723	44143	48785	49842	49969	47892	45097	46268	42242	42421	23031	33282	51046	42160	49140	48151	28463	42782	30268	41249
53	29531	37668	50599	48686	31164	12222	31542	50561	43998	38795	46350	18852	29870	36936	49077	28114	27040	31304	41269	33462	46458	21578	42332	46282	45938	48089	44116	46345	36614	46209	45228	49425	37662	40693	48452	28334	43045	19059	32437	44270	45530	25789	45773	6879	44412	39534	43259	48977	49358	32136	19039	30018	48966	45720	30414	40567	49734	39253	31834	49841	19767	50236	34639	44714	38318	47318	47309	21947	39586	24797	47094	42456	25889	49276	18562	40075	46257	47065	48221	46527	36958	40040	46227	47535	49715	45183	47861	43178	37388	37389	18051	27590	49897	37492	46426	45377	22932	38124	24616	36145
54	24092	32538	49708	49776	25546	8752	26107	48899	40050	33724	42255	14235	24121	31573	46463	22301	21387	25759	36231	28028	43184	16679	37309	48453	42757	45341	39748	41844	30973	42388	40735	49877	32195	35905	45792	22830	38213	14604	27178	40227	41759	20659	42658	4462	47702	34842	39403	50413	47880	26445	14375	24656	46695	41721	24939	35487	48660	34195	26058	49998	14858	48657	29059	40644	32687	43812	44664	16907	34277	19468	43164	37827	20343	49978	13895	35035	43359	43412	45459	42437	32004	35055	42616	44090	48026	41591	49556	39093	31768	31550	13702	22153	47486	32123	42498	41575	17899	33062	19262	30634
55	18968	27088	47713	49710	20251	6008	21093	46002	35360	28376	37216	10297	18892	26134	42578	17109	16213	20522	30779	22770	39018	12557	31622	49718	38604	41381	34686	36438	25262	37758	35453	49178	26536	30689	42161	17675	32845	10744	22098	35443	36998	15835	38595	2813	50248	29539	34732	50779	45032	21121	10538	19551	43307	36785	19716	29928	46720	28472	20754	49027	10687	45707	23822	35558	27057	39373	40881	12651	28513	14733	38159	32558	15331	49487	9885	29506	39301	38821	41705	37575	26662	29577	38090	39590	45475	37010	50311	34608	26020	25682	9981	17208	43915	26546	37708	36996	13371	27582	14392	25268
56	14331	21635	44606	48559	15508	3880	16259	42090	30167	23033	31669	7039	14248	20917	37791	12704	11853	15746	25118	17718	34101	9015	25903	49919	33557	36684	29175	30647	19836	32399	29975	47356	21129	25319	37650	13214	27185	7631	17388	30184	31717	11582	33801	1666	51641	24121	29822	50142	40983	16208	7562	14689	39158	31425	14991	24363	43562	22925	15889	46720	7255	41966	18573	30296	21381	34254	36506	9040	22980	10616	32813	27127	11175	47753	6783	23866	34776	33496	37090	31968	21390	24142	32873	34267	41676	31953	50004	29511	20231	19967	7048	12826	39344	21003	32428	31632	9512	22339	10248	20106
57	10341	16737	40299	46217	11421	2441	12038	37387	25026	17893	25953	4586	10191	16070	32435	8958	8381	11672	19698	13438	28873	6149	20537	48791	28251	31245	23488	24811	14962	26817	24400	44052	16350	20171	32534	9427	21675	5110	13224	24792	26237	8018	28947	953	51856	18877	24638	48011	36272	12043	5155	10529	34437	25986	10934	19090	39627	17458	11673	42950	4695	37200	13915	24930	16298	28610	31532	6060	17794	7560	27193	21786	7782	44509	4474	18486	29780	27857	32173	26105	16542	19130	27547	28591	36968	26601	48356	24439	15199	15067	4714	9089	33957	15803	27023	26225	6488	17386	6988	15457
58	7192	12383	35396	43056	8088	1492	8561	32091	19894	13469	20426	2883	7062	11868	27015	6046	5672	8320	14795	9930	23514	4009	15664	46317	22647	25920	18260	19316	10861	21481	19035	39886	12220	15476	27340	6551	16777	3271	9695	19545	21016	5326	23846	532	50809	14294	19737	44700	30868	8607	3359	7222	29204	20779	7643	14385	34906	12868	8205	38635	2871	31661	9999	19763	11828	23065	26328	3828	13288	5170	21815	16927	5283	40281	2814	13751	24546	22305	26857	20612	12306	14703	22072	22987	31762	21379	45514	19692	10967	10821	3098	6303	28173	11444	21509	21022	4235	13083	4562	11408
59	4707	8830	29853	38649	5561	914	5842	26257	15306	9745	15444	1721	4716	8404	21882	3941	3679	5759	10678	7029	18369	2460	11540	42707	17549	20545	13432	14404	7623	16470	14439	35155	8682	11416	22238	4325	12449	2024	6951	14899	16181	3289	18895	281	48063	10355	15309	39999	25272	5875	2056	4700	24073	16126	5175	10708	29834	9017	5584	33572	1677	26063	6924	15014	8254	17967	21498	2291	9540	3328	16909	12679	3464	34984	1694	9810	19592	16883	21697	15692	8842	10924	17034	17722	26722	16549	41643	15189	7583	7399	1916	4082	22587	7968	16507	16119	2659	9586	2860	8038
60	2977	5998	24210	33922	3601	543	3811	20663	11230	6681	11089	946	3014	5747	17007	2487	2334	3904	7296	4816	13898	1467	8024	37738	12994	15620	9478	10348	5131	12249	10547	29899	5971	8133	17381	2795	8846	1167	4773	10813	11987	1982	14376	129	44253	7138	11562	34673	19868	3813	1176	2874	18975	12122	3283	7547	24472	6012	3594	28247	961	20732	4618	11027	5516	13323	16875	1297	6550	2089	12722	9061	2186	29503	955	6679	15009	12253	16848	11310	5988	7862	12663	12989	21742	12208	36662	11317	5082	4994	1125	2503	17241	5218	12017	11852	1577	6584	1704	5461
61	1777	3858	18686	28651	2300	295	2365	15674	7944	4356	7536	510	1861	3718	12799	1517	1390	2511	4758	3164	9992	782	5409	32252	9133	11479	6459	7076	3334	8853	7373	24443	3946	5511	13036	1719	5949	646	3165	7577	8420	1091	10631	62	39518	4705	8388	29032	15063	2324	639	1625	14544	8731	2027	5166	19342	3853	2181	22736	540	15877	2948	7816	3514	9570	12946	666	4311	1242	9258	6250	1336	23866	497	4392	10962	8448	12648	7746	3983	5472	9035	9044	17114	8740	31265	8050	3213	3252	682	1460	12682	3269	8436	8383	885	4540	965	3533
62	1043	2360	14094	23264	1398	158	1457	11352	5313	2653	4870	280	1044	2313	9318	903	796	1553	2933	1998	6912	390	3404	26639	6159	8143	4273	4735	2076	6129	4900	19394	2435	3684	9474	981	3931	330	2045	5056	5688	608	7495	29	34122	2954	5928	23427	11060	1385	327	854	10631	6137	1202	3439	14630	2466	1258	17578	336	11792	1799	5334	2054	6497	9488	342	2748	708	6452	4116	770	18618	260	2715	7620	5532	9067	5040	2490	3740	6207	6066	13034	5968	25558	5469	2038	2042	385	778	8769	1945	5509	5672	472	2976	521	2158
63	590	1397	10043	18144	808	86	828	7853	3398	1518	2976	141	591	1375	6506	533	461	959	1705	1229	4533	178	2028	21035	4032	5565	2666	2978	1226	4063	3154	14709	1429	2346	6583	567	2433	181	1273	3213	3630	293	5016	12	28451	1755	4167	18106	7690	762	134	435	7371	4131	668	2322	10546	1499	679	13171	207	8479	1040	3626	1220	4197	6722	146	1682	351	4273	2578	420	14096	133	1629	4934	3425	6155	3084	1543	2497	4034	3862	9591	3900	20149	3605	1271	1251	208	409	5924	1103	3407	3614	227	1851	302	1273
64	308	793	6895	13538	466	49	455	5144	2028	796	1739	61	324	746	4457	263	224	586	968	733	2802	66	1139	16145	2616	3665	1608	1781	719	2535	1900	10782	795	1415	4412	303	1419	100	755	1887	2167	158	3130	2	22800	1042	2824	13605	5141	401	45	196	4895	2765	324	1466	7301	879	317	9469	151	5862	582	2330	657	2657	4660	57	1051	176	2729	1551	216	10310	50	967	3055	2034	4121	1813	893	1604	2543	2294	6793	2389	15163	2322	767	799	112	186	3816	636	1962	2210	115	1074	143	719
65	162	420	4568	9532	251	26	234	3269	1143	392	962	30	176	373	2992	145	108	320	497	410	1627	30	628	11922	1633	2326	938	1022	412	1538	1133	7551	422	778	2887	171	801	41	444	1053	1261	90	1863	1	17559	612	1782	9911	3263	176	18	80	3115	1818	146	910	4844	525	140	6491	104	3912	311	1514	337	1579	3066	22	605	64	1674	916	111	7289	13	535	1866	1144	2575	1017	512	1009	1517	1287	4656	1381	11119	1367	461	505	50	71	2345	303	1049	1263	48	585	67	382
66	79	208	2913	6535	115	12	107	1949	580	176	481	14	81	187	1957	78	46	168	238	209	933	9	319	8473	950	1390	528	545	239	882	621	5041	201	437	1824	91	423	20	239	553	660	45	1033	0	12940	327	1101	6938	2025	82	5	22	1931	1105	62	552	3113	271	69	4222	78	2587	165	945	178	867	1948	10	353	17	941	477	53	4998	2	297	1094	599	1551	500	253	585	847	723	3027	773	7713	777	283	322	20	29	1422	141	530	652	16	283	38	193
67	36	97	1768	4228	49	3	44	1134	286	69	216	5	26	73	1246	44	17	78	103	101	484	4	164	5789	546	789	272	284	119	480	290	3187	100	219	1085	35	209	10	123	254	316	19	525	NA	9302	170	706	4640	1176	35	1	7	1128	671	26	279	1930	143	33	2665	55	1711	92	560	89	405	1196	1	198	5	513	232	25	3317	1	144	629	283	872	232	126	336	485	407	1885	391	5062	437	177	211	7	13	848	65	257	310	6	132	19	94
68	12	34	990	2574	23	1	15	609	135	20	77	1	10	27	792	21	4	26	40	45	229	2	58	3899	314	427	129	140	49	238	135	1909	43	83	685	14	113	5	56	126	145	8	260	NA	6265	93	413	3026	680	12	1	2	615	412	9	149	1133	79	12	1624	36	1081	53	313	48	187	727	1	114	1	240	107	12	2111	0	60	352	121	469	81	59	173	280	231	1076	194	3213	249	99	146	1	5	484	24	121	134	2	44	6	39
69	5	13	534	1491	4	0	6	314	52	7	31	1	2	5	482	10	1	12	16	22	104	0	30	2452	176	219	59	54	25	118	54	1095	20	35	399	9	38	0	27	53	65	5	102	NA	4083	46	217	1917	361	2	0	1	309	248	2	59	656	41	4	913	22	688	22	188	19	84	409	0	58	0	111	52	4	1257	NA	30	210	39	235	26	13	79	154	122	564	87	1934	109	57	101	1	0	268	11	62	45	0	10	0	19
70	2	1	261	827	1	NA	0	144	21	1	14	0	0	0	274	4	0	3	7	6	42	NA	11	1476	95	111	17	21	5	55	19	654	8	7	209	3	12	NA	11	23	16	3	32	NA	2547	19	108	1177	200	1	NA	0	134	140	1	19	352	17	0	486	16	439	16	86	14	30	221	NA	24	NA	47	17	0	732	NA	7	128	18	114	7	7	36	76	72	275	43	1106	57	26	69	0	NA	122	4	23	20	NA	3	NA	9
71	0	0	99	470	0	NA	NA	59	5	0	6	NA	NA	NA	173	1	NA	0	4	2	10	NA	0	822	43	58	4	6	2	26	7	382	4	2	115	0	3	NA	5	8	6	0	10	NA	1472	7	50	672	105	0	NA	NA	53	78	0	8	195	5	NA	225	8	267	8	42	6	11	119	NA	9	NA	16	6	NA	382	NA	2	65	4	44	1	4	17	32	41	124	19	578	19	12	42	NA	NA	64	1	9	9	NA	1	NA	4
72	NA	NA	48	254	NA	NA	NA	20	0	NA	1	NA	NA	NA	92	1	NA	NA	0	0	3	NA	NA	463	20	29	0	2	0	15	1	219	2	1	58	NA	0	NA	3	2	2	NA	1	NA	814	3	22	393	50	NA	NA	NA	23	37	NA	3	89	4	NA	102	4	157	1	14	1	3	60	NA	3	NA	4	3	NA	184	NA	0	37	1	16	1	0	5	18	20	45	10	306	7	5	21	NA	NA	28	0	2	2	NA	0	NA	1
73	NA	NA	14	142	NA	NA	NA	8	NA	NA	0	NA	NA	NA	51	0	NA	NA	NA	NA	1	NA	NA	235	4	11	NA	0	NA	5	0	124	0	0	25	NA	NA	NA	0	1	0	NA	0	NA	447	1	15	223	24	NA	NA	NA	9	17	NA	0	44	0	NA	46	1	82	0	3	0	0	26	NA	1	NA	2	2	NA	84	NA	NA	28	0	9	0	NA	0	7	8	15	3	161	2	3	5	NA	NA	8	NA	2	1	NA	NA	NA	0
74	NA	NA	2	74	NA	NA	NA	2	NA	NA	NA	NA	NA	NA	26	NA	NA	NA	NA	NA	0	NA	NA	127	0	4	NA	NA	NA	3	NA	71	NA	NA	7	NA	NA	NA	NA	0	NA	NA	NA	NA	211	0	4	119	11	NA	NA	NA	1	8	NA	NA	18	NA	NA	18	1	51	NA	0	NA	NA	12	NA	0	NA	0	0	NA	35	NA	NA	18	NA	1	NA	NA	NA	2	2	3	0	73	0	0	3	NA	NA	3	NA	0	0	NA	NA	NA	NA
75	NA	NA	0	40	NA	NA	NA	1	NA	NA	NA	NA	NA	NA	12	NA	NA	NA	NA	NA	NA	NA	NA	64	NA	3	NA	NA	NA	2	NA	39	NA	NA	2	NA	NA	NA	NA	NA	NA	NA	NA	NA	97	NA	0	61	2	NA	NA	NA	0	3	NA	NA	7	NA	NA	8	0	30	NA	NA	NA	NA	3	NA	NA	NA	NA	NA	NA	9	NA	NA	7	NA	0	NA	NA	NA	1	0	1	NA	31	NA	NA	1	NA	NA	0	NA	NA	NA	NA	NA	NA	NA
76	NA	NA	NA	18	NA	NA	NA	1	NA	NA	NA	NA	NA	NA	2	NA	NA	NA	NA	NA	NA	NA	NA	28	NA	0	NA	NA	NA	1	NA	17	NA	NA	1	NA	NA	NA	NA	NA	NA	NA	NA	NA	44	NA	NA	30	1	NA	NA	NA	NA	0	NA	NA	2	NA	NA	3	NA	14	NA	NA	NA	NA	0	NA	NA	NA	NA	NA	NA	1	NA	NA	3	NA	NA	NA	NA	NA	0	NA	1	NA	14	NA	NA	1	NA	NA	NA	NA	NA	NA	NA	NA	NA	NA
77	NA	NA	NA	9	NA	NA	NA	1	NA	NA	NA	NA	NA	NA	1	NA	NA	NA	NA	NA	NA	NA	NA	12	NA	NA	NA	NA	NA	0	NA	8	NA	NA	0	NA	NA	NA	NA	NA	NA	NA	NA	NA	16	NA	NA	12	0	NA	NA	NA	NA	NA	NA	NA	0	NA	NA	0	NA	6	NA	NA	NA	NA	NA	NA	NA	NA	NA	NA	NA	0	NA	NA	0	NA	NA	NA	NA	NA	NA	NA	0	NA	4	NA	NA	0	NA	NA	NA	NA	NA	NA	NA	NA	NA	NA
78	NA	NA	NA	4	NA	NA	NA	0	NA	NA	NA	NA	NA	NA	1	NA	NA	NA	NA	NA	NA	NA	NA	5	NA	NA	NA	NA	NA	NA	NA	2	NA	NA	NA	NA	NA	NA	NA	NA	NA	NA	NA	NA	5	NA	NA	7	NA	NA	NA	NA	NA	NA	NA	NA	NA	NA	NA	NA	NA	2	NA	NA	NA	NA	NA	NA	NA	NA	NA	NA	NA	NA	NA	NA	NA	NA	NA	NA	NA	NA	NA	NA	NA	NA	2	NA	NA	NA	NA	NA	NA	NA	NA	NA	NA	NA	NA	NA
79	NA	NA	NA	1	NA	NA	NA	NA	NA	NA	NA	NA	NA	NA	0	NA	NA	NA	NA	NA	NA	NA	NA	1	NA	NA	NA	NA	NA	NA	NA	0	NA	NA	NA	NA	NA	NA	NA	NA	NA	NA	NA	NA	3	NA	NA	1	NA	NA	NA	NA	NA	NA	NA	NA	NA	NA	NA	NA	NA	0	NA	NA	NA	NA	NA	NA	NA	NA	NA	NA	NA	NA	NA	NA	NA	NA	NA	NA	NA	NA	NA	NA	NA	NA	1	NA	NA	NA	NA	NA	NA	NA	NA	NA	NA	NA	NA	NA
80	NA	NA	NA	0	NA	NA	NA	NA	NA	NA	NA	NA	NA	NA	NA	NA	NA	NA	NA	NA	NA	NA	NA	1	NA	NA	NA	NA	NA	NA	NA	NA	NA	NA	NA	NA	NA	NA	NA	NA	NA	NA	NA	NA	0	NA	NA	0	NA	NA	NA	NA	NA	NA	NA	NA	NA	NA	NA	NA	NA	NA	NA	NA	NA	NA	NA	NA	NA	NA	NA	NA	NA	NA	NA	NA	NA	NA	NA	NA	NA	NA	NA	NA	NA	NA	0	NA	NA	NA	NA	NA	NA	NA	NA	NA	NA	NA	NA	NA
81	NA	NA	NA	NA	NA	NA	NA	NA	NA	NA	NA	NA	NA	NA	NA	NA	NA	NA	NA	NA	NA	NA	NA	0	NA	NA	NA	NA	NA	NA	NA	NA	NA	NA	NA	NA	NA	NA	NA	NA	NA	NA	NA	NA	NA	NA	NA	NA	NA	NA	NA	NA	NA	NA	NA	NA	NA	NA	NA	NA	NA	NA	NA	NA	NA	NA	NA	NA	NA	NA	NA	NA	NA	NA	NA	NA	NA	NA	NA	NA	NA	NA	NA	NA	NA	NA	NA	NA	NA	NA	NA	NA	NA	NA	NA	NA	NA	NA	NA	NA
