0	1	1	1	1	1	1	1	1	1	1	1	1	1	1	1	1	1	1	1	1	1	1	1	1	1	1	1	1	1	1	1	1	1	1	1	1	1	1	1	1	1	1	1	1	1	1	1	1	1	1	1	1	1	1	1	1	1	1	1	1	1	1	1	1	1	1	1	1	1	1	1	1	1	1	1	1	1	1	1	1	1	1	1	1	1	1	1	1	1	1	1	1	1	1	1	1	1	1	1	1
1	1	1	1	1	1	1	1	1	1	1	1	1	1	1	1	1	1	1	1	1	1	1	1	1	1	3	1	1	1	1	1	1	1	1	1	1	1	1	1	1	1	1	1	1	1	1	1	1	1	1	1	1	1	1	1	1	1	1	1	1	1	1	1	1	1	1	1	1	1	1	1	1	1	1	1	1	1	1	1	1	1	1	1	1	1	1	1	1	1	1	1	1	1	1	1	1	1	1	1	1
2	1	1	2	1	1	1	1	1	1	1	1	1	1	1	1	1	1	1	1	1	1	1	1	1	1	2	1	1	1	1	1	1	1	1	1	1	1	1	1	1	1	1	1	1	1	1	1	2	1	1	1	1	1	1	1	1	2	1	1	1	1	1	1	1	3	1	1	1	1	1	1	1	1	1	1	1	1	1	1	1	1	1	1	1	1	1	1	2	1	1	1	1	1	1	1	1	1	1	1	1
3	1	1	3	1	1	1	1	1	1	1	1	1	1	1	1	1	3	1	1	3	1	1	1	1	1	1	2	2	1	1	1	1	1	1	1	1	1	1	1	1	1	1	1	1	1	1	3	2	1	1	1	1	2	1	1	1	2	2	1	1	2	1	1	1	3	1	1	1	1	1	1	1	1	1	1	1	1	1	1	1	1	1	1	1	1	1	1	2	1	1	1	1	2	1	1	1	1	1	1	1
4	1	1	3	1	1	1	1	1	1	1	1	1	1	1	1	1	1	1	2	4	1	1	1	1	1	3	2	3	2	1	1	2	1	1	1	1	1	1	3	1	1	1	1	1	1	1	2	3	1	2	2	1	2	1	2	1	2	1	1	1	2	2	1	1	2	1	2	2	1	2	3	1	1	1	1	1	1	1	1	2	1	1	1	2	1	1	1	3	2	1	1	1	1	1	3	1	2	2	1	1
5	1	2	3	1	1	2	2	1	2	1	2	1	1	1	1	1	2	1	2	3	1	1	1	2	1	1	2	3	2	2	2	2	1	2	1	1	2	2	3	0	2	1	3	2	2	2	1	5	3	2	2	3	4	2	2	1	2	1	1	3	3	2	2	1	2	1	2	6	2	2	3	1	1	3	1	1	3	5	1	2	1	3	1	1	1	1	1	3	3	2	2	2	3	1	3	2	2	4	3	1
6	1	5	3	1	3	2	5	2	2	2	3	5	2	1	1	2	4	2	2	3	2	3	2	4	2	1	4	3	2	3	3	3	2	3	2	1	2	3	2	NA	3	1	3	3	2	3	2	7	3	3	2	3	4	3	2	1	3	2	1	4	3	3	3	1	2	3	2	3	3	4	5	1	3	4	1	2	3	4	2	2	1	3	2	1	1	1	2	3	3	3	2	2	5	2	2	3	3	3	2	3
7	1	4	3	2	3	2	6	3	4	1	5	6	3	1	3	2	3	4	3	2	2	3	5	5	2	5	4	6	2	3	4	3	3	3	4	1	2	5	3	NA	3	2	3	2	3	3	2	12	3	3	2	4	5	2	2	3	3	2	1	6	3	6	5	2	2	3	2	4	4	4	5	2	4	3	1	3	5	5	3	2	1	4	2	2	3	3	4	1	3	3	4	2	3	2	4	3	3	6	2	3
8	2	5	3	2	7	2	6	4	4	5	5	4	6	1	4	4	3	5	7	2	3	3	6	8	2	8	5	7	2	3	5	3	5	4	6	1	2	5	4	NA	3	4	4	4	4	3	4	13	7	3	3	4	6	3	2	6	4	3	1	6	5	6	5	3	2	4	3	3	3	7	4	5	3	3	3	2	3	5	3	3	1	6	4	3	2	3	4	1	3	4	6	2	3	4	5	6	3	5	3	3
9	5	7	4	3	5	4	7	4	4	5	4	5	8	2	4	3	4	4	11	2	4	2	8	10	1	10	4	9	2	3	9	4	5	3	8	3	2	5	4	NA	3	6	3	3	3	4	5	13	7	3	5	3	5	3	5	6	5	4	1	7	5	8	5	3	1	4	3	4	3	11	7	5	3	2	4	7	3	6	7	4	2	5	4	4	4	6	6	1	5	6	5	6	6	4	6	3	5	5	5	3
10	6	6	6	3	5	4	6	4	6	5	4	5	8	3	4	3	5	6	16	3	2	5	6	10	1	8	7	5	2	2	6	4	5	3	10	2	2	4	5	NA	2	7	3	4	3	4	7	15	9	7	7	5	6	3	5	7	7	7	1	6	7	9	4	3	3	3	2	3	3	10	7	4	2	3	8	7	3	5	6	5	2	5	4	4	5	7	9	1	5	4	4	5	6	5	5	5	5	9	7	3
11	7	5	4	5	5	3	6	3	4	3	4	8	7	3	5	4	5	4	17	4	3	5	7	9	1	12	9	11	3	5	5	4	4	3	8	2	4	4	7	NA	2	8	4	5	3	5	9	12	11	6	7	7	5	4	6	9	8	6	2	9	7	8	6	4	2	4	2	3	4	11	7	5	3	4	12	9	3	6	5	5	2	5	5	4	6	6	9	1	7	5	4	4	5	4	5	4	3	12	3	3
12	5	5	8	6	2	3	6	3	5	4	4	8	10	4	7	4	4	4	15	4	4	7	7	10	1	13	10	12	3	4	6	5	5	3	7	1	4	4	8	NA	2	8	3	5	3	9	9	21	10	6	7	7	5	9	7	8	7	6	2	6	7	6	7	4	2	5	2	3	5	10	6	7	2	7	11	8	3	7	4	8	2	5	4	3	7	8	12	1	10	5	4	5	5	3	8	4	4	11	5	3
13	4	6	10	6	3	3	8	3	7	4	4	7	12	4	7	4	5	4	14	4	5	7	8	7	1	15	14	15	4	4	8	7	5	3	10	1	4	5	9	NA	4	5	2	5	3	7	9	23	10	6	7	5	5	7	13	4	8	6	3	8	6	6	7	5	2	7	2	4	7	7	8	9	4	7	9	7	3	10	5	9	2	6	5	4	10	7	15	3	7	9	4	6	7	1	8	5	3	8	5	4
14	4	8	9	5	3	5	8	4	7	4	5	10	12	4	7	6	8	7	13	2	9	6	11	9	2	16	18	13	5	5	7	7	5	5	10	1	3	5	8	NA	2	9	3	5	4	5	6	30	12	7	5	8	15	8	13	8	9	5	2	8	6	6	5	5	3	8	4	3	10	9	10	9	5	8	9	5	3	8	4	7	3	10	6	5	14	6	15	3	6	5	6	5	9	1	14	7	3	7	7	5
15	5	7	9	8	4	10	8	5	8	6	6	15	18	6	9	7	6	7	12	5	8	5	9	9	2	20	18	21	7	8	6	10	5	6	15	1	4	5	15	NA	2	9	1	3	5	4	6	32	12	8	9	8	15	10	10	8	11	9	2	8	9	9	3	8	6	10	5	4	10	10	8	15	7	8	14	7	4	9	4	5	3	10	8	4	13	5	16	3	5	6	6	5	7	1	15	8	9	7	10	3
16	4	8	12	6	5	9	11	4	9	9	10	16	19	9	14	5	6	8	19	8	6	10	7	8	3	19	22	25	9	10	7	9	10	9	15	2	5	5	14	NA	3	8	2	5	7	3	7	38	13	9	11	11	11	9	8	12	14	7	5	11	10	12	3	8	6	12	4	5	10	10	11	12	8	7	20	11	3	8	4	9	3	11	8	5	11	5	16	4	6	6	7	7	9	2	16	8	11	8	8	3
17	3	11	12	6	5	12	12	5	12	8	12	15	20	8	16	6	7	12	19	8	14	6	8	12	5	20	25	31	10	10	5	9	8	8	17	2	7	7	17	NA	5	7	2	6	8	4	6	38	20	11	9	10	13	4	9	14	16	9	4	14	13	12	4	8	6	11	2	7	8	14	14	11	11	9	23	12	6	10	5	8	3	8	9	7	12	6	16	5	7	8	7	7	8	2	20	8	13	10	6	2
18	5	13	11	9	5	10	14	5	19	6	13	18	18	9	17	7	10	11	29	11	11	6	9	10	5	22	29	36	8	10	8	8	8	5	25	4	11	6	18	NA	5	8	2	9	7	4	7	45	22	10	11	18	14	4	16	14	19	8	4	14	15	11	6	10	6	12	4	7	8	12	13	10	9	10	25	13	6	9	4	8	2	11	10	6	13	5	18	7	8	8	7	10	8	3	23	8	12	12	4	2
19	4	15	14	14	5	12	17	5	18	8	15	18	22	11	17	10	10	14	37	11	13	7	9	19	6	20	33	40	9	8	7	10	10	5	25	3	12	6	15	NA	4	12	2	9	6	4	8	44	20	9	9	18	15	5	20	15	20	10	6	13	13	13	8	7	6	11	5	5	11	10	14	14	7	8	30	17	6	7	4	8	2	12	13	5	13	7	18	10	8	12	10	11	7	4	24	9	11	13	6	5
20	6	17	13	12	7	11	18	5	16	11	18	22	23	12	20	11	14	15	35	11	16	6	13	24	5	20	39	50	11	12	9	9	13	5	29	6	12	7	16	NA	5	17	3	12	5	5	7	45	17	9	11	17	13	7	13	16	18	15	5	19	13	13	5	9	8	13	7	9	9	10	14	15	7	8	29	19	7	7	4	10	2	14	16	6	16	8	23	9	9	13	11	13	12	3	27	11	9	9	6	6
21	9	14	12	14	8	8	18	4	20	12	15	23	30	14	22	12	15	15	32	13	21	7	15	24	8	26	38	47	9	18	12	8	16	5	37	6	11	9	15	NA	7	19	2	12	8	7	8	59	16	10	12	14	18	6	20	12	19	18	6	19	10	13	6	8	8	15	8	6	8	12	14	16	8	10	28	22	7	7	7	12	1	14	15	7	19	7	23	7	9	12	11	14	10	4	30	11	9	8	9	7
22	18	13	11	16	9	11	20	3	23	11	16	25	34	9	17	16	17	15	27	13	16	9	13	24	8	29	30	46	10	14	10	11	12	6	41	7	12	14	16	NA	7	20	3	14	7	8	8	61	17	11	13	21	19	7	22	11	22	16	6	23	9	10	9	10	9	15	10	9	8	14	10	20	8	13	30	17	8	7	6	14	0	13	16	9	17	8	22	10	9	13	13	13	12	3	38	15	10	10	10	7
23	22	17	13	15	9	13	31	5	22	13	22	21	39	13	23	15	15	16	29	13	18	11	17	25	5	31	35	56	12	18	17	16	13	7	38	7	11	19	21	NA	9	18	2	15	11	9	10	70	21	12	10	21	19	9	24	15	23	14	8	18	15	9	12	11	9	15	12	7	13	13	11	28	9	20	34	17	8	7	7	12	NA	12	19	11	22	10	24	19	12	11	17	16	14	3	41	18	7	10	11	7
24	22	19	12	19	8	15	27	4	24	10	29	23	37	11	18	14	19	16	40	9	23	12	19	27	11	37	37	68	11	17	18	13	16	7	41	7	11	20	23	NA	8	21	2	15	14	9	13	70	19	11	15	32	21	9	24	20	27	20	6	20	19	14	8	15	10	21	10	6	14	19	13	25	9	23	37	20	6	8	9	10	NA	23	21	11	20	9	29	21	14	15	21	18	13	4	41	21	10	11	12	6
25	18	25	20	16	8	14	30	3	23	13	32	26	42	14	19	9	24	17	40	9	19	11	19	28	9	39	41	72	17	16	22	11	14	10	44	7	10	17	23	NA	8	22	2	15	13	6	14	82	21	12	19	36	24	10	21	28	24	26	6	26	18	13	10	15	8	23	9	7	17	18	17	26	6	21	42	28	9	6	7	17	NA	24	21	11	22	8	25	23	16	21	23	21	15	5	45	25	11	13	12	7
26	19	23	20	17	9	13	36	4	20	16	33	29	49	11	26	6	20	18	43	9	13	17	21	25	11	36	43	83	20	14	19	14	18	12	45	7	10	20	28	NA	10	31	2	12	16	10	17	73	32	13	20	28	19	12	21	35	38	27	7	28	19	13	10	13	8	22	9	9	20	21	14	34	8	21	40	22	8	7	7	18	NA	20	19	10	25	11	34	24	16	22	26	24	18	6	49	30	15	12	11	7
27	20	23	18	16	10	11	38	4	24	14	35	34	47	12	24	8	22	20	56	10	17	15	25	27	14	44	49	84	23	19	25	15	15	14	51	8	17	23	30	NA	8	33	3	13	15	8	21	72	33	13	16	26	16	8	22	36	48	24	16	29	20	14	10	13	8	18	13	11	17	26	14	32	9	25	49	22	9	7	7	15	NA	18	20	10	24	11	36	25	19	26	22	23	14	8	48	32	14	14	12	10
28	20	26	14	16	12	16	39	4	26	20	40	46	49	17	21	9	27	30	65	8	19	21	28	31	12	39	55	93	27	21	29	13	17	13	56	6	20	22	27	NA	13	39	6	17	22	12	24	83	38	12	19	25	18	14	21	42	53	28	16	30	25	13	9	13	10	17	16	7	17	30	17	43	9	20	55	22	13	7	11	13	NA	16	20	13	29	17	36	38	18	26	21	28	13	8	50	40	14	18	11	16
29	16	24	16	21	14	14	40	4	29	21	38	47	46	16	18	10	30	33	73	10	19	23	26	37	10	43	53	99	32	20	32	16	21	15	64	9	17	25	31	NA	12	37	7	19	23	14	31	85	42	13	18	27	23	20	21	41	55	27	18	30	26	19	11	15	10	24	16	7	14	29	24	43	8	28	58	23	11	8	8	14	NA	17	20	20	28	16	41	35	21	32	25	33	15	11	61	41	13	19	19	11
30	22	25	18	20	16	16	41	5	29	24	48	52	60	17	19	10	24	33	86	12	22	19	27	38	8	52	60	107	26	31	29	16	25	15	62	8	17	26	30	NA	12	37	7	18	23	16	31	96	41	17	18	31	36	19	27	46	64	27	13	45	24	15	13	17	14	27	23	8	15	26	26	46	8	28	64	28	11	9	9	17	NA	20	17	16	33	20	45	39	24	38	31	35	20	9	73	40	15	27	16	11
31	19	26	20	19	14	21	47	5	28	20	51	57	59	19	25	10	23	34	91	16	25	20	27	43	9	59	58	106	27	34	26	17	28	20	71	7	17	32	32	NA	12	31	7	22	29	16	33	105	45	18	21	37	36	15	26	53	63	33	13	43	27	17	12	19	12	34	21	6	15	35	23	48	10	22	74	30	12	9	9	19	NA	23	20	20	41	18	50	40	19	40	34	41	22	11	83	41	16	22	16	12
32	30	30	25	27	16	19	48	8	34	25	50	55	77	22	30	13	23	47	93	18	25	21	30	39	10	63	64	123	28	31	33	28	28	21	86	10	18	35	43	NA	15	35	11	26	29	15	28	107	54	19	26	40	38	15	29	52	61	43	9	39	29	14	14	15	12	35	22	10	19	39	25	43	12	24	74	30	14	11	8	21	NA	29	24	22	47	20	63	42	20	48	35	47	24	14	82	46	18	31	13	12
33	37	23	25	41	16	22	56	11	35	26	58	55	74	21	30	14	28	49	89	24	27	21	38	38	7	65	62	133	34	32	29	31	35	24	87	10	13	33	54	NA	18	43	9	31	30	15	33	115	54	18	28	48	33	16	33	56	63	47	9	48	30	18	15	20	11	37	24	12	18	42	26	51	20	23	78	34	15	13	11	23	NA	31	27	19	45	21	71	43	22	57	34	46	23	14	81	60	19	34	15	9
34	42	33	28	35	19	25	62	9	32	32	66	62	82	24	27	13	32	44	90	19	27	26	41	36	10	62	67	149	45	31	29	33	28	31	78	7	17	27	52	NA	20	55	10	35	28	14	40	122	51	15	30	54	39	21	35	67	69	42	13	54	24	20	13	22	14	40	27	12	20	40	37	47	19	22	76	39	19	13	11	29	NA	33	28	24	48	18	70	50	26	60	42	56	22	19	83	60	17	35	15	13
35	43	38	24	33	19	21	57	9	33	30	75	69	88	22	36	10	32	53	93	18	22	28	44	36	9	69	70	155	47	37	33	33	26	33	89	9	19	31	56	NA	17	57	12	41	30	18	37	131	55	16	31	58	42	26	31	71	73	57	14	57	26	22	16	23	14	49	22	9	18	37	42	53	26	24	88	40	20	11	13	29	NA	35	29	23	50	19	70	58	27	65	38	63	27	16	100	64	19	40	18	15
36	41	47	32	33	15	24	62	9	31	33	84	76	91	23	37	13	29	53	114	19	29	23	57	37	8	77	90	153	47	38	46	39	33	28	108	13	16	30	67	NA	20	54	16	44	25	19	42	116	61	18	30	60	45	31	38	79	84	53	13	57	29	26	16	20	18	58	30	8	14	37	47	56	28	21	90	40	23	16	12	24	NA	34	25	24	56	20	81	73	27	69	40	69	25	13	112	71	26	48	18	19
37	45	40	33	43	15	24	68	11	38	32	98	83	87	18	36	13	33	59	131	23	34	25	59	41	14	79	101	175	48	46	52	38	31	29	129	14	27	38	72	NA	21	61	18	54	29	18	44	114	69	21	32	64	45	34	45	76	94	49	14	80	37	23	20	17	18	62	27	9	16	39	47	62	32	25	97	42	26	16	12	31	NA	43	26	25	49	22	83	100	32	87	47	77	28	16	120	74	28	58	17	23
38	46	41	32	44	19	24	78	11	45	38	95	91	86	26	39	17	29	62	144	27	41	26	51	45	17	80	105	182	49	45	51	41	36	31	129	17	34	43	72	NA	27	61	18	56	35	20	50	122	68	28	40	84	42	44	51	86	91	54	12	66	36	25	21	22	14	67	27	11	16	39	47	59	31	28	113	42	27	20	15	32	NA	51	29	27	56	23	89	113	34	91	45	82	26	14	122	74	33	57	16	20
39	54	47	31	49	20	34	82	18	43	45	110	98	104	34	34	17	33	74	157	28	41	28	48	48	19	85	108	189	62	48	54	38	45	31	126	17	38	45	83	NA	32	66	19	53	41	19	49	135	64	21	48	90	43	55	50	92	101	69	19	67	44	39	21	25	13	84	32	10	23	36	46	59	36	32	123	50	25	21	14	36	NA	54	31	35	72	28	98	108	36	97	49	96	28	16	129	80	32	53	15	23
40	47	46	24	57	18	39	84	25	55	54	109	105	116	33	37	16	33	74	163	31	42	30	59	60	20	99	119	208	61	46	48	35	56	31	163	15	36	45	91	NA	34	72	18	52	45	16	56	150	68	21	47	89	53	60	55	116	97	74	20	67	49	47	23	30	14	82	35	13	25	37	59	67	34	39	120	53	37	19	13	39	NA	61	30	40	83	31	124	108	39	105	48	110	39	16	132	82	27	56	20	24
41	45	48	35	66	20	37	90	24	61	59	125	113	125	35	45	18	40	76	171	33	49	39	72	73	20	107	117	219	69	55	48	41	49	36	165	17	37	50	92	NA	31	76	21	61	46	18	65	176	75	20	46	95	54	67	53	144	105	87	16	72	49	53	22	32	15	93	34	16	22	39	63	79	40	43	133	56	39	21	15	49	NA	64	35	44	84	27	126	114	47	124	54	103	40	16	141	78	32	63	22	27
42	52	58	37	65	18	38	110	21	67	69	125	123	145	40	49	17	40	75	181	41	45	39	70	77	15	114	113	252	71	64	52	44	57	45	191	18	42	61	113	NA	40	77	24	71	52	20	76	201	93	25	57	112	56	76	56	155	114	99	21	84	48	54	24	30	21	100	39	18	29	61	68	75	43	41	142	61	36	20	15	55	NA	58	32	51	77	28	143	129	43	119	63	110	39	16	138	84	38	83	22	30
43	56	53	36	67	22	41	108	26	68	77	139	132	158	51	62	19	39	86	193	47	51	42	81	83	15	127	127	264	73	65	50	40	57	46	185	20	46	62	125	NA	41	89	27	76	45	17	78	211	91	29	60	122	62	79	67	167	124	106	26	85	48	61	22	32	23	114	47	19	31	70	73	86	55	43	158	64	42	20	17	57	NA	63	39	55	73	31	157	135	49	140	67	114	37	21	140	91	44	88	27	41
44	63	61	53	73	29	43	131	23	70	81	144	156	152	51	54	26	41	81	211	50	52	54	93	83	13	147	127	269	88	71	48	43	57	43	198	21	53	63	136	NA	35	96	26	81	46	20	103	224	89	35	65	119	66	86	76	177	139	102	28	86	46	69	26	31	22	122	46	21	36	73	82	96	60	48	170	80	48	22	18	64	NA	64	42	51	73	35	171	152	47	148	68	117	47	23	150	101	47	101	26	38
45	76	58	45	75	28	51	134	24	75	108	161	161	161	54	69	27	49	91	211	48	54	64	94	79	14	157	149	276	87	77	55	45	56	49	220	25	54	71	149	NA	35	106	29	85	52	20	110	225	89	44	65	129	75	87	84	179	149	106	25	88	45	80	38	29	24	125	51	17	49	81	78	102	65	48	193	86	54	21	23	55	NA	69	48	59	81	39	173	160	53	145	76	134	50	24	170	93	55	106	28	47
46	83	60	46	95	29	54	140	19	76	113	171	171	170	54	75	24	50	97	225	54	61	61	100	95	15	195	156	290	96	82	62	48	72	54	230	26	54	81	158	NA	40	112	28	101	63	23	106	247	99	54	74	148	84	97	88	197	158	131	22	101	52	82	37	34	30	128	47	16	48	89	92	114	63	48	190	80	65	20	22	62	NA	79	55	65	85	45	177	170	59	162	89	148	48	21	184	101	58	118	30	60
47	86	74	41	95	31	57	154	22	92	111	193	192	165	62	80	27	59	100	229	51	64	70	104	108	19	204	152	332	102	96	69	58	71	57	258	33	61	91	168	NA	43	107	32	116	76	28	119	256	102	58	85	172	90	95	91	205	170	133	28	104	46	89	33	35	31	129	52	16	44	90	98	132	69	54	189	83	75	33	22	62	NA	101	58	72	86	43	193	186	67	171	89	146	53	22	182	107	57	127	36	68
48	100	80	39	97	31	66	177	26	104	118	210	188	190	59	82	31	68	111	255	52	73	69	119	122	21	237	166	359	109	92	71	67	80	72	292	31	57	110	178	NA	41	116	33	117	79	29	124	300	122	59	100	186	96	99	98	211	184	133	29	119	52	88	36	37	37	147	58	18	46	95	110	143	70	50	215	98	70	41	22	67	NA	104	60	76	102	49	224	190	67	175	90	161	57	24	188	122	59	145	34	77
49	107	77	52	101	30	70	171	27	127	132	231	203	211	67	77	38	65	110	281	63	71	85	130	128	30	247	191	384	123	97	88	68	99	75	303	40	79	116	195	NA	50	119	35	118	80	36	131	311	123	68	108	212	107	104	103	230	185	138	34	121	59	101	42	37	38	157	61	24	49	99	102	154	74	61	217	104	71	34	25	80	NA	121	58	82	103	53	224	185	70	180	105	169	54	22	185	151	54	150	38	95
50	118	78	57	112	28	71	173	30	119	145	239	203	226	80	76	36	75	108	305	65	67	91	158	131	26	261	206	427	138	101	100	85	98	76	337	41	80	115	221	NA	47	124	34	126	89	42	162	340	142	79	119	221	116	113	109	227	191	153	35	126	62	111	47	43	38	169	80	26	54	113	105	165	81	63	241	101	66	33	26	91	NA	123	56	96	113	59	245	210	82	209	111	178	62	23	199	149	64	168	42	100
51	105	90	74	114	27	84	194	33	137	162	264	232	256	85	93	38	93	123	319	66	81	94	164	137	29	292	222	480	155	118	108	75	106	78	349	40	79	128	223	NA	54	141	44	132	94	41	179	360	145	84	142	232	114	131	125	250	197	173	37	137	69	99	47	39	45	177	81	26	61	124	104	167	86	68	251	99	78	34	27	87	NA	146	61	95	116	66	260	241	88	199	127	193	61	19	224	152	80	189	47	103
52	113	94	66	115	35	97	203	39	159	163	279	256	274	103	100	41	101	125	323	77	91	105	179	136	32	305	245	509	160	138	100	86	110	100	355	40	81	149	233	NA	55	156	49	142	95	43	182	385	156	95	156	237	120	119	121	271	228	183	37	147	70	96	53	47	55	197	88	25	61	132	112	183	91	81	277	108	87	33	35	95	NA	159	69	97	128	74	282	253	82	207	149	205	70	19	242	164	72	200	53	93
53	115	98	74	130	35	104	218	40	172	178	289	274	273	94	106	32	107	148	321	86	103	115	186	149	35	316	261	539	182	138	111	96	116	111	386	50	79	168	249	NA	62	166	50	138	105	41	197	419	166	100	169	273	114	143	139	296	247	206	39	152	81	111	52	50	55	221	101	28	69	149	125	204	87	84	299	110	96	46	38	90	NA	176	73	101	133	76	305	272	90	208	148	234	70	29	252	155	81	211	53	111
54	129	108	78	144	45	115	227	52	185	186	304	298	273	95	112	38	114	172	340	102	107	125	187	173	39	343	271	569	184	145	114	107	112	105	413	49	86	182	268	NA	74	185	53	158	102	43	219	442	183	97	173	304	123	164	150	322	245	242	45	164	97	112	55	61	55	216	100	31	74	155	124	211	87	89	324	121	95	50	39	92	NA	200	87	106	124	84	346	282	98	248	169	240	76	31	273	170	84	228	60	109
55	150	123	87	156	52	116	250	58	174	209	320	320	285	110	119	41	125	169	364	85	105	126	218	177	34	362	264	628	211	153	128	115	120	116	445	57	95	182	295	NA	69	211	53	180	114	58	241	465	196	97	196	347	129	175	159	366	253	255	49	168	104	125	67	61	56	223	111	37	76	184	145	208	95	93	362	136	108	46	53	109	NA	198	89	111	126	90	368	297	109	263	151	262	83	31	271	185	81	231	62	112
56	164	140	93	168	45	119	278	62	194	232	335	350	320	122	144	56	111	179	395	93	116	142	239	194	33	388	279	666	218	167	131	129	138	128	486	58	112	193	326	NA	67	206	55	193	113	56	249	495	226	106	207	390	137	196	163	378	264	255	59	200	112	141	72	59	62	241	127	47	79	204	156	230	110	108	359	144	117	49	49	117	NA	226	103	132	134	87	408	323	102	279	174	285	92	39	283	205	87	248	70	114
57	172	153	99	188	58	137	306	69	200	246	357	363	360	124	155	54	132	200	430	105	122	135	244	194	36	416	298	732	232	178	138	125	157	145	534	63	115	211	337	NA	69	215	52	199	113	69	255	512	229	116	219	396	145	224	182	382	293	268	65	209	115	149	78	63	67	252	133	46	74	226	155	256	123	121	399	160	113	45	53	117	NA	250	102	148	146	103	418	357	121	293	198	298	89	42	309	210	98	278	79	126
58	166	157	122	201	68	141	307	72	241	260	359	423	381	134	156	49	144	214	473	118	117	145	271	218	44	438	291	788	272	169	167	133	163	148	537	65	107	229	369	NA	75	233	63	199	119	66	276	530	239	125	258	402	169	257	190	423	309	294	70	215	124	156	84	67	83	285	127	48	75	253	182	277	150	138	419	179	122	55	54	124	NA	298	113	169	162	119	455	397	124	332	211	331	104	49	341	223	114	299	84	148
59	170	159	128	220	70	158	337	72	255	291	393	422	404	149	162	59	155	222	487	120	138	163	284	244	45	476	321	829	299	193	180	147	167	157	569	81	115	252	383	NA	79	236	62	225	145	66	307	584	272	130	281	455	190	259	204	471	328	303	73	240	141	179	74	73	91	306	136	55	78	270	197	294	149	140	467	200	137	57	67	149	NA	298	119	155	184	129	498	429	147	362	225	334	101	52	354	224	111	307	88	167
60	191	186	124	232	75	175	345	78	283	298	410	456	438	161	179	61	166	227	561	123	128	172	311	246	47	507	341	857	338	206	196	147	182	175	599	82	125	277	414	NA	85	246	76	233	151	71	358	620	278	130	300	482	202	284	214	515	346	328	73	262	154	195	97	76	104	333	146	55	102	279	222	306	169	155	535	229	140	74	78	175	NA	321	126	170	190	134	577	446	166	385	221	340	103	57	384	237	129	334	97	185
61	216	222	136	248	93	176	360	84	325	314	453	481	443	166	187	65	184	261	592	134	137	196	322	277	52	549	398	887	353	213	216	146	192	187	620	104	129	302	442	NA	87	260	69	258	155	70	400	681	295	135	304	500	210	304	246	524	399	358	78	274	162	192	104	76	106	353	158	52	131	314	238	345	179	174	558	236	146	81	81	185	NA	355	131	181	208	131	599	487	186	411	226	346	113	54	399	267	147	340	114	206
62	251	232	138	266	98	177	410	89	359	341	491	505	457	177	200	66	192	282	621	147	153	212	338	302	57	591	431	991	369	227	231	180	214	206	672	106	153	325	485	NA	104	289	66	275	163	78	421	717	319	135	311	512	217	324	266	574	442	392	82	271	185	223	114	93	115	377	180	69	133	313	255	359	182	170	583	259	161	90	79	199	NA	392	147	192	205	138	649	529	195	419	225	357	112	63	443	302	151	349	139	208
63	254	259	156	292	99	192	405	88	386	355	503	554	499	183	215	74	201	332	678	159	160	234	360	323	63	607	452	1009	379	234	253	170	245	232	707	95	155	354	527	NA	112	312	69	289	161	86	447	788	341	147	343	550	235	344	284	621	482	427	90	306	213	227	131	96	135	390	175	68	140	350	260	371	197	186	607	284	182	82	79	199	NA	431	155	205	236	157	686	551	200	462	237	393	135	73	492	308	158	391	125	214
64	270	297	163	313	105	228	429	91	388	401	550	594	550	188	224	83	207	351	706	194	187	241	374	376	69	652	486	1071	407	248	297	179	273	241	729	116	155	392	558	NA	100	341	71	290	172	87	460	845	341	162	361	554	261	360	312	647	517	434	95	325	220	250	136	101	137	420	189	75	143	391	273	412	210	191	629	314	188	89	100	227	NA	430	167	217	235	171	742	591	208	499	274	438	150	84	520	327	157	402	138	225
65	291	310	160	333	109	267	450	93	400	425	586	636	593	209	254	92	229	380	747	198	201	268	420	388	72	707	518	1124	417	275	309	208	293	252	775	133	168	418	565	NA	94	355	77	344	182	79	476	910	356	174	372	603	264	409	337	687	581	467	110	346	228	282	148	93	140	438	187	83	158	404	281	451	200	214	652	315	202	92	98	262	NA	485	195	248	239	184	757	606	206	534	275	454	163	91	541	341	153	424	156	247
66	330	331	171	356	109	304	483	109	394	474	649	659	613	222	263	96	244	388	799	200	216	288	466	401	85	749	561	1194	451	295	324	232	313	280	839	144	164	440	628	NA	97	382	87	373	207	80	518	924	403	185	419	670	287	425	364	775	632	491	113	368	212	309	143	99	135	463	213	92	174	424	311	468	223	236	708	345	229	91	90	272	NA	528	207	240	241	198	820	660	213	551	276	482	170	89	592	356	154	488	166	257
67	333	364	182	379	101	328	536	115	408	490	677	703	633	214	287	107	264	415	848	219	234	317	484	430	87	773	606	1259	501	339	339	246	330	305	891	177	173	465	649	NA	108	406	106	390	226	89	565	978	436	198	466	728	294	479	383	818	654	527	119	403	230	321	143	122	156	478	214	84	187	467	313	511	245	277	792	359	231	97	107	282	NA	570	227	278	276	221	867	743	228	598	279	532	183	91	610	386	171	503	171	284
68	335	381	205	397	113	330	570	129	486	531	730	768	684	238	316	122	264	435	887	249	257	347	516	453	96	800	660	1350	551	364	376	276	343	328	959	184	200	488	677	NA	124	418	113	412	251	98	613	1011	470	236	510	759	308	513	406	883	743	551	137	445	247	358	154	133	164	499	237	96	186	505	338	539	275	276	834	371	240	123	120	303	NA	610	226	305	308	226	928	774	249	629	305	567	182	91	677	403	185	530	182	320
69	373	416	202	454	116	364	610	137	501	554	745	807	715	256	342	131	287	468	951	270	282	355	540	510	97	882	682	1405	616	379	394	288	374	361	1000	211	216	511	742	NA	133	453	120	429	273	100	617	1071	506	240	526	796	340	548	423	948	783	587	148	462	269	368	167	142	176	525	244	105	199	540	358	612	297	287	892	414	269	121	123	326	NA	619	249	331	332	250	959	766	274	690	343	601	192	115	698	441	212	561	205	347
70	391	460	218	498	126	391	639	141	543	600	815	879	746	276	346	133	306	501	1033	296	308	383	544	543	109	924	754	1515	638	407	436	310	399	367	1074	213	224	544	765	NA	141	468	123	460	283	110	658	1153	558	268	551	846	379	575	448	1027	793	641	169	492	309	402	177	165	203	556	256	121	215	593	405	636	312	322	918	436	305	140	131	332	NA	658	262	360	348	283	998	818	302	786	384	622	218	117	745	493	226	632	221	365
71	438	477	234	503	128	407	657	158	565	622	905	907	780	302	366	136	335	546	1064	306	321	407	599	562	117	1006	797	1549	701	459	443	334	436	416	1116	244	241	579	800	NA	134	497	123	478	316	119	717	1249	555	293	580	915	394	628	484	1069	879	671	170	519	311	395	186	158	195	587	264	120	227	676	446	677	317	331	956	480	342	148	149	347	NA	707	277	383	358	272	1079	876	298	789	417	679	234	129	786	521	225	664	231	390
72	459	491	252	527	148	471	703	168	587	671	963	975	836	290	422	156	370	580	1131	326	338	430	661	617	113	1072	836	1674	752	484	477	342	466	422	1193	278	268	612	818	NA	145	570	131	509	322	124	782	1324	613	316	612	949	426	663	500	1135	919	701	180	547	334	425	217	174	201	619	290	135	240	716	487	732	348	353	997	479	373	161	155	349	NA	781	301	408	365	308	1148	891	322	857	433	712	279	131	822	532	241	679	248	410
73	473	553	259	574	151	494	751	165	622	739	967	1030	856	324	466	167	375	619	1203	359	378	460	707	681	129	1107	853	1790	834	514	508	365	495	470	1254	301	282	643	882	NA	162	642	144	527	348	135	825	1407	644	359	679	1012	434	701	538	1227	942	737	172	544	338	479	237	185	197	696	316	149	257	747	541	758	355	380	1049	552	422	172	191	376	NA	841	341	423	373	327	1189	948	339	897	460	758	288	152	858	569	266	713	266	453
74	524	577	300	634	167	517	808	193	663	763	977	1091	867	354	479	174	376	654	1290	390	393	459	759	703	135	1177	917	1864	874	518	527	392	519	498	1321	320	313	705	957	NA	181	702	161	565	346	141	902	1522	651	381	719	1045	460	707	617	1342	1027	747	191	576	367	521	244	190	211	729	330	143	278	805	561	857	381	398	1142	597	443	175	180	417	NA	878	361	449	414	350	1269	1042	368	916	532	827	302	174	963	635	272	771	290	484
75	534	613	300	675	176	550	871	196	729	825	1019	1137	921	358	496	178	428	729	1313	425	428	511	788	694	140	1266	975	1955	942	540	583	440	566	499	1415	326	342	734	1020	NA	193	736	186	607	380	153	955	1558	708	408	770	1135	484	735	657	1381	1103	806	211	623	383	568	248	194	205	750	349	182	305	852	599	892	406	454	1186	614	444	193	186	454	NA	958	382	472	434	373	1338	1133	396	985	573	867	320	178	1010	669	303	831	305	507
76	560	644	313	720	180	604	946	218	737	877	1112	1182	991	394	519	176	445	796	1470	451	480	552	849	768	145	1316	1065	2012	996	567	620	462	587	537	1476	353	387	790	1061	NA	214	767	202	649	412	161	992	1630	767	435	813	1228	532	778	693	1463	1167	871	244	649	408	599	273	203	223	815	379	200	321	893	615	923	458	450	1245	670	457	210	204	499	NA	977	393	499	468	412	1404	1181	443	1028	600	918	347	185	1077	695	313	873	304	537
77	589	696	334	704	201	615	1031	222	764	933	1162	1255	1049	423	554	183	482	821	1566	494	476	565	916	820	162	1413	1107	2056	1047	625	638	512	609	576	1555	370	410	835	1130	NA	239	836	214	690	446	171	1031	1755	789	467	908	1249	574	848	757	1548	1211	931	251	688	431	635	278	224	251	851	411	218	330	943	670	1022	505	510	1322	727	521	231	217	532	NA	1012	431	548	491	449	1472	1183	477	1038	633	1026	379	196	1134	727	322	919	326	568
78	615	732	347	756	228	647	1057	252	827	958	1281	1327	1102	470	576	197	525	862	1657	495	509	637	961	856	179	1497	1158	2105	1116	628	693	556	652	608	1679	392	459	917	1174	NA	261	865	242	707	488	185	1130	1851	883	519	955	1300	619	882	788	1647	1333	1020	278	732	476	691	294	239	269	929	439	218	377	1026	724	1033	550	561	1363	758	542	224	221	609	NA	1108	452	584	533	473	1541	1299	494	1104	634	1087	428	211	1196	754	345	972	346	615
79	652	753	359	781	239	668	1106	289	901	1015	1329	1405	1122	488	612	217	569	935	1735	522	512	674	993	940	197	1581	1212	2245	1191	707	753	623	699	649	1777	431	491	985	1271	NA	273	929	256	749	515	206	1219	1974	936	588	992	1376	616	928	834	1718	1413	1085	284	785	499	743	335	286	294	994	461	245	386	1078	770	1103	561	579	1437	779	578	252	245	636	NA	1223	491	619	582	500	1646	1404	523	1167	662	1151	475	225	1225	829	367	1050	366	660
80	684	792	386	854	236	727	1198	310	936	1068	1410	1497	1154	518	659	241	615	983	1795	555	549	717	1108	1000	213	1707	1268	2239	1321	735	791	642	769	698	1838	442	502	1008	1334	NA	303	965	265	769	541	210	1320	2004	1000	597	1046	1473	657	989	910	1783	1501	1134	300	843	534	792	348	320	326	1029	510	273	382	1167	834	1187	575	596	1494	853	615	265	264	671	NA	1329	534	632	622	522	1675	1490	558	1254	694	1215	510	248	1263	887	398	1120	387	714
81	732	852	408	940	267	786	1236	328	1014	1161	1455	1560	1240	563	705	225	649	1067	1842	614	591	765	1152	1047	237	1773	1344	2318	1396	804	838	682	815	734	1935	476	527	1095	1398	NA	326	998	305	800	583	219	1413	2102	1084	638	1117	1548	717	1038	1016	1851	1608	1201	311	880	573	853	360	337	343	1115	529	287	409	1222	872	1240	609	621	1565	909	649	287	268	713	NA	1375	566	697	658	557	1767	1578	586	1326	737	1258	534	267	1369	962	410	1153	399	765
82	787	880	429	951	303	855	1346	327	1084	1204	1509	1645	1351	589	737	243	675	1089	1929	672	647	777	1203	1114	258	1821	1396	2375	1510	898	848	723	854	798	2031	511	579	1111	1499	NA	349	1071	335	846	621	250	1486	2168	1167	695	1188	1635	767	1078	1028	1912	1668	1246	346	937	604	890	403	356	363	1183	555	325	442	1299	876	1343	689	656	1650	939	699	288	289	754	NA	1423	622	767	687	589	1820	1659	597	1413	807	1309	543	259	1501	1010	442	1214	439	833
83	868	940	471	978	308	925	1425	359	1166	1290	1549	1745	1420	631	812	262	712	1146	1994	722	668	833	1275	1198	266	1867	1458	2452	1645	955	921	786	913	798	2075	551	604	1143	1595	NA	356	1157	380	913	659	257	1564	2289	1203	778	1233	1710	793	1135	1064	1969	1747	1347	356	999	650	975	444	373	430	1243	567	317	516	1377	914	1435	732	761	1706	965	739	307	304	798	NA	1497	660	817	752	639	1874	1738	598	1456	870	1336	581	301	1542	1061	477	1334	473	858
84	901	1002	517	1080	334	991	1451	373	1271	1364	1694	1826	1465	704	852	274	781	1228	2075	774	688	903	1340	1248	290	1901	1579	2516	1671	967	978	824	948	859	2165	595	668	1250	1663	NA	384	1223	408	949	723	280	1643	2349	1238	854	1290	1814	846	1207	1165	2073	1825	1412	392	1050	663	1015	456	404	441	1281	602	355	555	1427	996	1484	769	815	1737	1058	784	318	319	820	NA	1583	696	869	800	692	1987	1751	657	1540	944	1431	636	326	1561	1100	529	1389	504	891
85	977	1064	554	1137	356	1023	1539	410	1293	1431	1795	1926	1544	719	875	286	846	1319	2170	831	733	951	1403	1307	331	1976	1612	2561	1736	1029	1033	877	988	921	2245	633	701	1275	1722	NA	422	1273	409	1020	763	317	1713	2394	1308	898	1382	1915	884	1301	1160	2179	1947	1463	427	1127	706	1051	479	429	454	1324	650	384	582	1478	1053	1617	811	858	1831	1145	792	320	340	852	NA	1644	744	884	798	757	2084	1798	709	1639	988	1496	700	333	1665	1158	567	1426	525	952
86	1019	1112	614	1213	376	1064	1624	425	1411	1520	1894	1990	1677	767	940	327	888	1454	2283	841	805	1029	1491	1363	334	2032	1670	2601	1843	1094	1100	948	1059	964	2363	701	771	1323	1797	NA	465	1312	433	1110	791	364	1812	2411	1351	961	1450	2010	943	1380	1240	2237	1997	1549	464	1142	767	1135	529	477	454	1403	682	418	620	1571	1121	1713	866	887	1894	1191	842	359	365	890	NA	1712	777	958	842	784	2119	1850	746	1649	1047	1580	746	359	1757	1219	600	1471	541	1006
87	1075	1191	639	1249	414	1124	1688	453	1491	1542	1904	2015	1711	803	1022	349	913	1586	2373	897	866	1064	1510	1442	341	2162	1741	2669	1955	1170	1216	1024	1177	1026	2444	714	822	1433	1884	NA	489	1418	455	1172	856	367	1941	2501	1450	1056	1530	2078	992	1490	1346	2322	2049	1603	490	1211	795	1203	581	508	477	1498	704	433	627	1683	1155	1808	950	933	1998	1249	907	392	405	965	NA	1813	810	1054	928	827	2177	1924	797	1725	1088	1656	796	370	1796	1265	665	1546	603	1052
88	1120	1292	686	1334	428	1208	1819	479	1574	1624	1965	2093	1803	865	1087	370	991	1637	2452	938	916	1136	1589	1495	375	2293	1840	2731	2048	1230	1279	1084	1235	1115	2509	762	861	1520	1966	NA	530	1491	499	1202	873	361	1993	2571	1522	1091	1572	2118	1042	1585	1439	2373	2164	1706	491	1275	838	1268	618	552	533	1596	795	461	676	1759	1207	1876	957	976	2058	1307	1013	425	441	1050	NA	1907	877	1099	987	882	2261	1956	828	1827	1171	1757	853	420	1825	1356	730	1625	657	1120
89	1207	1322	747	1409	458	1285	1874	520	1625	1746	2030	2238	1880	929	1130	406	1032	1729	2464	1072	980	1235	1687	1616	404	2398	1926	2759	2098	1308	1350	1130	1292	1194	2575	783	899	1613	2056	NA	544	1593	500	1296	896	381	2102	2676	1623	1160	1576	2178	1099	1682	1577	2481	2273	1775	517	1360	903	1322	646	584	570	1677	809	481	682	1847	1253	1926	996	1052	2117	1345	1088	420	477	1119	NA	1970	921	1153	1053	952	2332	2106	883	1924	1240	1828	889	450	1861	1454	762	1690	698	1167
90	1260	1392	753	1416	483	1364	1922	564	1674	1796	2144	2290	1954	995	1170	411	1045	1789	2533	1113	1102	1282	1799	1677	435	2438	1945	2748	2198	1396	1401	1166	1396	1249	2692	835	939	1662	2114	NA	582	1675	551	1356	970	414	2198	2696	1699	1230	1606	2298	1161	1729	1598	2561	2331	1880	547	1448	986	1435	667	629	586	1778	853	519	730	1953	1384	2025	1089	1157	2160	1405	1146	443	480	1140	NA	2056	991	1232	1108	999	2368	2190	962	2068	1279	1952	915	471	1950	1516	847	1733	751	1245
91	1362	1508	804	1507	527	1466	2048	618	1759	1875	2182	2393	2030	1061	1225	447	1117	1896	2569	1189	1137	1326	1866	1734	468	2421	2041	2785	2268	1473	1477	1239	1477	1261	2729	886	1007	1739	2197	NA	614	1769	572	1422	1048	441	2240	2664	1775	1330	1738	2376	1213	1820	1637	2608	2402	1968	554	1534	1047	1490	719	659	625	1852	898	580	818	2038	1498	2066	1161	1194	2182	1496	1176	480	519	1203	NA	2127	1024	1249	1166	1048	2461	2220	1029	2185	1356	2039	980	514	2022	1585	910	1883	807	1314
92	1400	1576	850	1571	562	1559	2085	659	1874	2003	2315	2546	2081	1127	1296	463	1207	2008	2661	1252	1210	1398	1998	1840	505	2445	2079	2823	2339	1505	1532	1321	1547	1319	2758	960	1067	1856	2304	NA	649	1837	607	1496	1095	485	2365	2746	1849	1369	1832	2489	1281	1899	1729	2686	2468	2045	593	1609	1124	1562	760	691	654	1916	963	622	926	2160	1572	2183	1209	1264	2274	1591	1272	536	549	1295	NA	2231	1089	1284	1208	1087	2535	2352	1088	2249	1397	2112	1068	544	2118	1650	949	1948	794	1388
93	1433	1649	930	1700	603	1631	2168	701	1945	2036	2378	2592	2186	1180	1348	498	1279	2067	2726	1323	1240	1452	2070	1950	561	2526	2154	2806	2417	1573	1647	1369	1601	1414	2833	1016	1171	1952	2345	NA	696	1908	654	1563	1157	528	2403	2778	1909	1474	1917	2515	1338	2013	1748	2741	2551	2106	653	1653	1178	1652	808	737	675	1951	988	632	970	2223	1639	2280	1263	1311	2338	1709	1287	577	581	1364	NA	2344	1162	1354	1290	1148	2611	2377	1141	2319	1466	2223	1126	566	2198	1755	1021	2033	835	1457
94	1483	1734	1003	1802	634	1651	2265	764	2021	2124	2495	2683	2278	1262	1415	561	1418	2144	2762	1389	1307	1571	2155	2046	591	2571	2263	2871	2506	1608	1730	1439	1679	1508	2888	1047	1221	2004	2410	NA	746	1985	709	1646	1213	561	2537	2825	2009	1534	2038	2572	1428	2054	1828	2846	2637	2194	688	1709	1249	1684	919	802	793	2081	1040	651	996	2283	1749	2389	1315	1365	2439	1764	1323	634	607	1413	NA	2412	1234	1450	1440	1158	2636	2462	1189	2347	1596	2284	1206	622	2269	1775	1091	2106	894	1512
95	1588	1852	1056	1883	680	1753	2286	799	2090	2195	2525	2761	2370	1339	1455	602	1461	2239	2816	1495	1378	1666	2240	2147	611	2615	2337	2843	2573	1728	1870	1520	1814	1624	2877	1107	1297	2106	2443	NA	809	2050	757	1702	1291	598	2597	2816	2093	1621	2089	2633	1494	2124	1899	2830	2709	2295	702	1770	1285	1789	948	841	821	2202	1081	667	1046	2393	1799	2483	1370	1470	2560	1842	1387	699	684	1485	NA	2427	1332	1522	1499	1252	2664	2573	1237	2371	1707	2344	1259	664	2321	1839	1127	2185	933	1585
96	1640	1945	1108	1970	699	1772	2423	845	2191	2221	2541	2785	2464	1408	1548	608	1523	2279	2825	1616	1448	1714	2376	2227	694	2626	2375	2790	2645	1824	1948	1595	1857	1737	2963	1184	1386	2141	2453	NA	897	2148	773	1810	1366	647	2677	2825	2115	1732	2194	2757	1579	2274	2047	2904	2800	2465	753	1817	1311	1872	991	899	876	2264	1158	704	1100	2545	1881	2569	1451	1541	2621	1924	1481	734	737	1540	NA	2526	1420	1615	1561	1365	2750	2591	1306	2399	1785	2416	1323	722	2396	1942	1211	2270	980	1693
97	1738	1992	1147	2078	761	1858	2481	875	2259	2238	2546	2823	2543	1455	1616	632	1566	2410	2811	1681	1534	1790	2417	2267	714	2687	2404	2726	2689	1931	2004	1683	1960	1836	2930	1225	1468	2235	2519	NA	944	2229	844	1917	1491	670	2720	2726	2225	1818	2329	2732	1634	2324	2122	2864	2851	2555	817	1842	1390	1959	1026	927	961	2297	1240	807	1184	2581	1911	2627	1508	1623	2708	1946	1551	749	799	1633	NA	2582	1458	1702	1637	1408	2815	2602	1409	2477	1794	2487	1384	770	2485	1993	1310	2281	1085	1812
98	1895	2088	1228	2117	824	1931	2523	982	2382	2272	2633	2871	2587	1547	1756	665	1669	2505	2808	1761	1569	1863	2418	2348	794	2674	2522	2711	2709	2011	2105	1742	2099	1837	2940	1293	1554	2326	2602	NA	1012	2296	953	1995	1537	727	2749	2713	2285	1888	2382	2743	1686	2463	2153	2850	2915	2594	845	1978	1492	2053	1070	990	987	2360	1308	851	1198	2648	1993	2789	1588	1743	2760	2046	1624	794	837	1672	NA	2535	1579	1798	1702	1459	2822	2670	1437	2534	1842	2566	1465	838	2588	2052	1378	2353	1120	1946
99	1982	2133	1284	2182	871	2006	2600	997	2457	2384	2705	2928	2661	1573	1858	707	1718	2602	2859	1868	1625	1946	2516	2452	838	2749	2584	2643	2752	2118	2238	1836	2175	1917	2951	1385	1567	2335	2599	NA	1073	2398	1035	2050	1639	769	2760	2717	2347	1944	2432	2743	1780	2535	2216	2875	2900	2651	909	2135	1576	2095	1128	1045	1078	2453	1396	881	1301	2640	2141	2809	1705	1835	2757	2110	1693	832	859	1793	NA	2649	1662	1923	1727	1538	2858	2604	1520	2625	1930	2642	1552	915	2631	2136	1455	2384	1170	1991
100	2027	2258	1397	2314	903	2104	2620	1066	2587	2511	2754	2953	2682	1625	1938	739	1797	2696	2834	1952	1714	2057	2582	2540	898	2744	2607	2577	2819	2178	2255	1867	2270	1965	2906	1433	1625	2413	2694	NA	1079	2496	1065	2112	1718	796	2814	2663	2356	2011	2460	2806	1862	2549	2343	2896	2902	2705	937	2219	1620	2153	1202	1142	1153	2520	1454	931	1383	2670	2230	2900	1706	1923	2773	2153	1769	891	912	1815	NA	2700	1750	1970	1875	1588	2924	2655	1599	2727	2045	2690	1564	1002	2641	2241	1537	2445	1248	2036
101	2140	2360	1456	2426	981	2179	2712	1126	2673	2602	2818	2907	2742	1713	2005	790	1869	2751	2752	2048	1878	2126	2629	2656	959	2700	2606	2502	2805	2265	2327	1991	2352	2086	2869	1485	1717	2395	2740	NA	1157	2566	1157	2149	1790	881	2859	2652	2482	2072	2502	2853	1899	2609	2408	2797	2872	2739	964	2232	1727	2217	1305	1244	1187	2678	1515	999	1420	2721	2324	2867	1831	1995	2783	2251	1845	940	951	1901	NA	2683	1782	2068	1917	1657	2790	2686	1698	2756	2059	2720	1699	1014	2682	2280	1615	2511	1310	2171
102	2175	2426	1526	2467	1039	2308	2775	1196	2739	2624	2862	2981	2774	1804	2081	829	1965	2847	2766	2110	1997	2197	2670	2714	1010	2645	2673	2411	2833	2318	2410	2067	2462	2159	2861	1554	1785	2488	2796	NA	1215	2605	1208	2215	1915	906	2881	2630	2480	2193	2560	2801	1959	2646	2507	2799	2898	2736	1033	2339	1818	2298	1360	1305	1236	2636	1599	1053	1512	2816	2426	2892	1901	2083	2836	2353	1939	1031	1043	1989	NA	2738	1862	2161	1940	1772	2692	2711	1766	2750	2172	2720	1731	1077	2658	2317	1703	2573	1370	2262
103	2230	2433	1618	2537	1085	2392	2824	1235	2741	2711	2857	2911	2809	1786	2136	876	2022	2875	2754	2262	2056	2235	2702	2759	1050	2637	2703	2382	2776	2407	2507	2167	2566	2273	2766	1641	1907	2512	2808	NA	1288	2685	1291	2333	2028	1004	2893	2563	2517	2281	2680	2721	2001	2691	2581	2738	2942	2762	1115	2397	1891	2413	1435	1367	1267	2580	1630	1085	1622	2806	2521	2922	1994	2204	2853	2452	1991	1092	1122	2041	NA	2766	1935	2213	2056	1838	2732	2787	1845	2762	2303	2783	1820	1092	2681	2403	1842	2623	1435	2361
104	2245	2531	1708	2553	1133	2500	2868	1297	2820	2761	2765	2967	2836	1917	2195	924	2127	2860	2664	2297	2117	2378	2757	2819	1135	2620	2687	2276	2750	2496	2594	2264	2636	2309	2710	1724	1981	2573	2766	NA	1377	2790	1378	2444	2156	1037	2835	2503	2556	2351	2700	2696	2096	2754	2642	2762	2903	2752	1204	2483	1915	2495	1514	1419	1284	2596	1740	1137	1657	2814	2628	2852	2061	2320	2798	2483	2077	1135	1167	2125	NA	2785	2075	2286	2147	1953	2661	2803	1980	2809	2326	2884	1944	1144	2803	2438	1940	2707	1539	2411
105	2299	2626	1798	2597	1250	2511	2903	1360	2882	2810	2795	2940	2772	2003	2234	982	2152	2936	2643	2396	2180	2386	2788	2920	1212	2648	2683	2140	2789	2541	2705	2319	2737	2371	2652	1761	1987	2566	2756	NA	1432	2833	1484	2460	2227	1115	2808	2402	2596	2420	2775	2769	2197	2849	2690	2742	2892	2733	1259	2546	2008	2525	1597	1466	1363	2669	1846	1251	1747	2868	2771	2917	2113	2364	2738	2577	2162	1205	1230	2220	NA	2824	2128	2348	2232	2048	2612	2738	2079	2848	2378	2837	2059	1210	2763	2495	2002	2781	1639	2473
106	2361	2670	1868	2692	1293	2594	2952	1352	2921	2825	2751	2909	2814	2067	2292	1024	2254	2922	2677	2467	2265	2524	2793	2968	1335	2579	2720	2038	2819	2599	2665	2436	2780	2406	2531	1864	2083	2624	2761	NA	1514	2931	1617	2565	2305	1153	2806	2389	2636	2517	2836	2738	2246	2893	2756	2636	2834	2707	1352	2566	2067	2639	1679	1561	1490	2688	1888	1349	1862	2823	2754	2958	2173	2431	2670	2677	2232	1264	1305	2329	NA	2829	2185	2409	2313	2138	2504	2729	2208	2918	2469	2836	2116	1281	2763	2555	2066	2763	1689	2618
107	2470	2718	1957	2735	1313	2649	2966	1450	2879	2934	2703	2817	2744	2169	2354	1091	2324	2921	2608	2523	2280	2557	2744	2933	1376	2577	2729	1933	2813	2650	2764	2528	2817	2500	2440	1993	2143	2671	2715	NA	1558	2905	1685	2566	2330	1225	2832	2258	2637	2557	2865	2727	2296	2950	2771	2564	2832	2731	1379	2647	2099	2713	1798	1649	1541	2745	2012	1397	1918	2821	2794	2994	2238	2494	2595	2674	2318	1357	1435	2380	NA	2827	2278	2539	2437	2210	2455	2708	2270	2889	2516	2852	2134	1386	2779	2642	2153	2783	1804	2648
108	2524	2732	1983	2771	1405	2662	2881	1513	2913	2923	2680	2758	2682	2232	2349	1147	2393	2911	2487	2738	2398	2653	2727	2913	1441	2491	2721	1839	2746	2724	2823	2603	2845	2539	2400	2013	2242	2763	2700	NA	1648	2919	1791	2651	2446	1300	2809	2159	2735	2604	2917	2615	2321	2917	2769	2454	2758	2816	1423	2677	2172	2763	1823	1751	1630	2735	2078	1409	2014	2845	2795	2966	2274	2540	2586	2723	2431	1418	1477	2449	NA	2773	2353	2578	2487	2271	2426	2687	2289	2934	2520	2852	2249	1424	2770	2675	2251	2728	1853	2680
109	2627	2745	2136	2810	1466	2752	2847	1585	2869	2918	2693	2643	2688	2284	2418	1182	2463	2911	2391	2773	2536	2669	2763	2904	1547	2398	2730	1707	2708	2757	2876	2681	2889	2647	2297	2083	2343	2781	2641	NA	1752	2947	1897	2623	2493	1404	2780	2107	2721	2655	2850	2478	2386	2852	2761	2395	2673	2874	1485	2682	2280	2875	1859	1869	1703	2723	2098	1496	2093	2821	2851	2931	2378	2590	2552	2733	2530	1536	1532	2450	NA	2761	2404	2675	2495	2323	2378	2664	2393	2882	2581	2812	2324	1501	2754	2688	2346	2799	1874	2767
110	2653	2759	2287	2753	1517	2754	2720	1651	2829	2876	2576	2515	2614	2330	2481	1252	2491	2870	2292	2810	2593	2712	2730	2860	1625	2388	2703	1603	2632	2785	2941	2715	2865	2649	2191	2178	2393	2801	2629	NA	1821	2932	1963	2718	2512	1493	2759	1955	2733	2708	2876	2441	2479	2842	2762	2294	2588	2804	1601	2745	2332	2890	1934	1925	1804	2749	2120	1560	2140	2803	2911	2887	2439	2699	2471	2761	2575	1576	1632	2482	NA	2770	2433	2715	2597	2402	2334	2618	2421	2814	2601	2792	2400	1609	2741	2716	2433	2795	1980	2734
111	2648	2774	2370	2782	1592	2791	2688	1742	2839	2826	2487	2406	2545	2407	2591	1298	2553	2891	2133	2816	2653	2775	2723	2857	1746	2299	2701	1518	2629	2794	2875	2784	2895	2686	2118	2253	2471	2782	2588	NA	1968	2917	1957	2734	2564	1550	2661	1904	2685	2794	2898	2354	2514	2815	2765	2163	2482	2722	1661	2746	2395	2905	2029	2026	1899	2734	2214	1667	2232	2747	2904	2842	2508	2802	2388	2748	2619	1626	1649	2539	NA	2671	2491	2807	2642	2504	2235	2552	2517	2696	2635	2745	2476	1687	2685	2732	2459	2701	2050	2726
112	2718	2772	2460	2814	1694	2834	2682	1803	2851	2794	2491	2397	2528	2407	2643	1378	2647	2864	2022	2816	2660	2815	2623	2806	1815	2257	2599	1382	2629	2768	2862	2835	2907	2750	1992	2314	2543	2777	2493	NA	2030	2867	2094	2774	2649	1633	2642	1817	2659	2833	2845	2305	2597	2793	2750	2059	2413	2703	1777	2685	2423	2904	2097	2071	1933	2740	2324	1755	2349	2666	2923	2721	2574	2759	2349	2813	2642	1702	1802	2544	NA	2620	2519	2833	2604	2583	2153	2497	2543	2583	2682	2676	2520	1754	2598	2762	2524	2633	2157	2717
113	2708	2816	2521	2803	1753	2876	2660	1909	2773	2803	2415	2290	2453	2502	2632	1432	2709	2795	1888	2882	2754	2811	2623	2682	1837	2123	2551	1296	2506	2804	2882	2816	2882	2846	1835	2354	2635	2692	2477	NA	2044	2820	2138	2825	2731	1754	2601	1674	2643	2828	2762	2168	2628	2750	2744	2025	2285	2652	1838	2675	2523	2851	2189	2112	1971	2677	2472	1862	2406	2622	2999	2626	2585	2775	2268	2856	2732	1803	1903	2586	NA	2567	2579	2895	2681	2688	2038	2412	2656	2454	2768	2611	2596	1867	2471	2725	2538	2630	2169	2806
114	2715	2819	2584	2787	1856	2880	2666	1966	2739	2776	2330	2146	2373	2526	2672	1517	2759	2736	1803	2909	2735	2836	2480	2671	1952	2044	2453	1204	2405	2775	2902	2783	2887	2858	1753	2394	2679	2663	2357	NA	2139	2764	2229	2815	2726	1780	2479	1594	2669	2806	2683	2145	2691	2684	2721	1883	2179	2534	1918	2616	2541	2884	2282	2260	2046	2640	2552	1958	2451	2619	2904	2529	2683	2798	2162	2914	2727	1902	2021	2630	NA	2513	2584	2897	2735	2688	1914	2298	2675	2423	2807	2476	2647	1959	2388	2697	2589	2601	2279	2809
115	2729	2770	2617	2740	1940	2931	2587	2034	2621	2711	2223	2019	2247	2610	2751	1596	2808	2664	1727	2976	2752	2782	2430	2645	2027	1949	2385	1078	2300	2725	2943	2767	2920	2865	1600	2508	2715	2659	2287	NA	2215	2678	2341	2770	2753	1809	2330	1506	2569	2762	2683	2032	2674	2660	2705	1797	2092	2489	2015	2656	2617	2927	2348	2376	2141	2552	2582	2055	2526	2509	2868	2421	2720	2836	2053	2854	2771	1964	2065	2689	NA	2402	2730	2867	2828	2702	1774	2189	2682	2331	2791	2445	2663	2042	2328	2666	2646	2531	2383	2832
116	2706	2770	2665	2706	2043	2866	2559	2141	2615	2617	2141	1941	2175	2580	2829	1638	2758	2553	1620	2975	2771	2763	2384	2594	2129	1867	2286	992	2238	2696	2896	2837	2840	2895	1458	2559	2746	2545	2204	NA	2350	2662	2384	2721	2821	1883	2171	1383	2620	2768	2677	1976	2677	2574	2712	1681	1994	2438	2110	2633	2653	2938	2406	2422	2260	2464	2654	2176	2585	2465	2861	2314	2715	2860	1938	2809	2895	2003	2145	2686	NA	2297	2746	2900	2868	2762	1672	2034	2677	2264	2759	2319	2691	2101	2231	2627	2747	2467	2447	2866
117	2714	2748	2750	2645	2124	2862	2419	2160	2481	2509	2058	1805	2166	2637	2889	1698	2743	2450	1485	2981	2814	2720	2344	2577	2176	1773	2205	901	2116	2683	2857	2832	2759	2854	1359	2630	2759	2444	2039	NA	2457	2671	2471	2655	2881	1969	2097	1293	2580	2796	2639	1859	2650	2502	2732	1580	1850	2349	2201	2654	2690	2838	2504	2532	2307	2404	2732	2221	2641	2355	2862	2248	2736	2821	1866	2772	2855	2120	2234	2761	NA	2179	2785	2890	2861	2851	1581	1978	2769	2166	2687	2286	2788	2178	2150	2575	2838	2402	2587	2888
118	2674	2733	2801	2557	2163	2807	2315	2256	2462	2396	1927	1723	2031	2645	2821	1804	2747	2386	1368	2932	2893	2689	2263	2512	2258	1672	2091	839	2030	2636	2788	2911	2694	2808	1235	2672	2825	2355	1957	NA	2498	2612	2524	2641	2820	2093	1993	1199	2511	2808	2515	1775	2651	2424	2656	1433	1718	2235	2269	2632	2715	2830	2576	2607	2390	2307	2741	2399	2720	2242	2829	2148	2732	2847	1716	2636	2826	2190	2301	2762	NA	2116	2771	2844	2889	2887	1499	1835	2821	2053	2677	2234	2806	2226	2027	2489	2874	2380	2643	2820
119	2626	2659	2779	2578	2260	2778	2194	2366	2367	2315	1787	1594	1951	2683	2802	1916	2734	2255	1239	2922	2910	2670	2214	2333	2284	1604	2013	734	1930	2629	2643	2885	2727	2781	1142	2718	2864	2314	1864	NA	2550	2491	2634	2635	2765	2186	1905	1122	2419	2792	2389	1720	2649	2365	2582	1306	1610	2129	2321	2645	2716	2733	2681	2653	2474	2276	2809	2474	2774	2223	2776	1963	2771	2809	1587	2540	2841	2246	2363	2792	NA	1979	2770	2867	2833	2888	1447	1699	2786	1915	2692	2088	2845	2307	1945	2484	2830	2240	2638	2794
120	2534	2578	2755	2472	2301	2710	2095	2444	2308	2210	1631	1488	1857	2691	2758	2000	2759	2169	1131	2829	2913	2669	2157	2243	2354	1510	1929	666	1800	2640	2595	2816	2679	2764	1031	2720	2867	2286	1780	NA	2607	2392	2644	2610	2863	2274	1826	1011	2334	2729	2334	1575	2627	2284	2480	1229	1480	1959	2364	2514	2763	2647	2704	2666	2520	2168	2878	2545	2734	2074	2673	1902	2833	2762	1483	2558	2907	2282	2465	2723	NA	1886	2753	2893	2860	2852	1331	1629	2753	1818	2617	1912	2787	2368	1915	2458	2888	2189	2693	2736
121	2571	2479	2741	2361	2387	2688	1978	2472	2219	2075	1514	1372	1750	2659	2631	2137	2739	2068	1051	2801	2892	2609	2053	2126	2450	1408	1842	589	1682	2537	2577	2707	2629	2718	926	2734	2854	2222	1683	NA	2659	2299	2760	2544	2823	2312	1727	920	2170	2661	2222	1499	2671	2218	2407	1158	1391	1916	2463	2448	2760	2561	2730	2717	2586	2107	2869	2598	2799	1968	2641	1809	2765	2740	1424	2481	2888	2327	2536	2689	NA	1778	2806	2810	2851	2857	1243	1587	2804	1692	2559	1794	2773	2448	1809	2406	2885	2113	2828	2686
122	2532	2408	2791	2239	2484	2628	1810	2570	2102	1946	1380	1274	1679	2705	2666	2188	2664	1950	997	2743	2958	2520	2016	2006	2527	1338	1708	489	1544	2444	2478	2609	2580	2722	851	2796	2782	2085	1610	NA	2732	2156	2749	2487	2796	2386	1601	810	2103	2654	2090	1399	2628	2136	2292	1053	1313	1783	2579	2330	2720	2440	2805	2805	2594	2012	2906	2614	2767	1883	2511	1704	2698	2737	1298	2357	2893	2433	2593	2695	NA	1690	2704	2776	2763	2780	1123	1505	2773	1561	2505	1731	2794	2515	1717	2287	2825	2011	2860	2600
123	2441	2324	2811	2168	2550	2520	1678	2607	2001	1872	1283	1170	1562	2616	2640	2188	2669	1855	893	2626	2878	2507	1902	1862	2541	1232	1594	404	1459	2360	2410	2523	2494	2678	768	2821	2752	2032	1519	NA	2790	1992	2797	2439	2748	2431	1519	723	2039	2658	1939	1299	2573	2025	2213	941	1200	1705	2582	2322	2708	2326	2870	2775	2671	1893	2906	2740	2794	1793	2303	1558	2688	2759	1203	2291	2786	2442	2659	2659	NA	1589	2669	2683	2734	2753	1056	1461	2703	1458	2468	1655	2715	2616	1638	2199	2817	1930	2840	2562
124	2383	2284	2816	2060	2608	2412	1573	2619	1857	1763	1217	1096	1444	2665	2581	2203	2594	1697	850	2524	2880	2433	1823	1770	2648	1144	1471	353	1393	2294	2314	2442	2329	2668	678	2843	2732	1927	1441	NA	2771	1904	2779	2345	2651	2517	1426	666	1908	2582	1804	1209	2554	1902	2089	898	1116	1596	2630	2286	2691	2271	2830	2899	2725	1789	2948	2755	2723	1643	2216	1455	2666	2688	1109	2202	2718	2571	2750	2628	NA	1485	2555	2616	2681	2713	960	1316	2688	1328	2406	1556	2673	2702	1524	2141	2811	1866	2921	2497
125	2281	2201	2760	1998	2722	2279	1430	2641	1747	1680	1103	979	1344	2622	2486	2296	2561	1599	761	2501	2794	2360	1724	1719	2731	1063	1381	322	1261	2182	2197	2433	2207	2503	603	2843	2721	1786	1353	NA	2810	1818	2792	2248	2636	2605	1330	599	1856	2483	1722	1071	2512	1697	2040	844	1013	1477	2702	2190	2627	2140	2800	2918	2782	1704	2965	2743	2653	1503	2119	1332	2592	2599	1029	2125	2626	2614	2823	2522	NA	1418	2536	2496	2508	2682	875	1189	2629	1234	2331	1447	2595	2778	1381	1998	2767	1710	2884	2393
126	2204	2112	2744	1881	2782	2206	1326	2690	1625	1604	1006	886	1223	2564	2452	2335	2524	1471	683	2451	2726	2244	1595	1605	2765	998	1329	296	1175	2072	2089	2390	2072	2383	551	2876	2660	1679	1253	NA	2799	1785	2788	2182	2578	2689	1246	543	1753	2412	1621	971	2457	1623	1935	732	917	1393	2731	2056	2528	2078	2826	2930	2828	1615	2882	2818	2723	1400	1965	1231	2525	2529	956	2099	2553	2662	2822	2378	NA	1370	2483	2424	2403	2655	794	1114	2588	1174	2284	1348	2595	2834	1281	1991	2733	1598	2849	2282
127	2128	1997	2703	1792	2803	2060	1211	2702	1511	1508	932	802	1139	2514	2371	2358	2459	1402	613	2321	2599	2163	1499	1480	2811	882	1191	245	1084	2036	1915	2301	1984	2277	503	2766	2610	1617	1156	NA	2790	1633	2841	2080	2467	2745	1120	475	1660	2300	1518	886	2363	1509	1863	699	837	1227	2763	1894	2449	2019	2852	2986	2828	1562	2775	2863	2676	1266	1893	1125	2433	2393	862	1971	2501	2660	2847	2284	NA	1257	2444	2225	2294	2564	729	1043	2514	1106	2164	1272	2510	2803	1187	1819	2703	1449	2821	2113
128	2032	1851	2714	1706	2831	1979	1138	2719	1416	1432	884	713	1069	2499	2314	2406	2411	1289	530	2212	2511	2096	1442	1332	2727	762	1120	212	1017	1860	1806	2211	1886	2172	459	2788	2552	1529	1076	NA	2819	1515	2916	1992	2445	2749	1018	435	1523	2255	1392	818	2337	1399	1785	635	768	1185	2856	1796	2365	1890	2820	2933	2848	1440	2662	2907	2713	1207	1772	1056	2391	2264	775	1831	2424	2670	2883	2231	NA	1151	2422	2143	2184	2486	680	921	2372	991	2052	1172	2435	2770	1101	1708	2632	1318	2763	2024
129	1948	1743	2625	1589	2856	1841	1077	2704	1283	1286	811	640	972	2470	2230	2474	2338	1182	487	2135	2484	2039	1348	1217	2742	704	1053	187	987	1796	1731	2161	1822	2113	409	2637	2458	1447	963	NA	2777	1424	2852	1844	2339	2793	925	388	1393	2118	1286	740	2240	1285	1646	576	720	1109	2924	1705	2284	1731	2855	2894	2792	1329	2597	2865	2697	1119	1689	1003	2258	2178	706	1679	2333	2674	2827	2130	NA	1100	2413	2029	2113	2450	576	832	2305	925	1983	1064	2328	2785	1022	1615	2538	1238	2690	1879
130	1860	1629	2563	1497	2851	1728	970	2722	1206	1163	733	581	876	2356	2114	2485	2196	1105	450	1996	2282	1919	1220	1150	2794	618	940	153	917	1694	1611	2040	1695	1980	335	2541	2379	1358	868	NA	2751	1367	2833	1726	2268	2770	824	352	1319	2037	1182	699	2173	1178	1554	501	646	996	2883	1647	2164	1610	2813	2878	2784	1248	2507	2883	2671	1005	1593	905	2154	2070	666	1580	2241	2698	2830	2064	NA	974	2302	1923	2019	2381	522	750	2252	832	1872	987	2268	2781	960	1487	2488	1117	2690	1831
131	1738	1511	2522	1398	2786	1630	866	2688	1158	1051	677	527	783	2255	1995	2579	2071	1056	407	1899	2284	1761	1083	1113	2826	554	882	141	860	1639	1484	1899	1563	1862	308	2539	2311	1252	783	NA	2778	1260	2726	1649	2142	2820	731	305	1242	1866	1054	655	2042	1120	1385	450	583	937	2911	1518	2085	1486	2730	2827	2763	1143	2398	2883	2572	941	1481	810	2041	1953	612	1484	2147	2713	2850	1999	NA	890	2234	1804	1897	2313	499	651	2181	748	1740	927	2214	2722	881	1386	2374	1029	2693	1751
132	1665	1375	2425	1309	2812	1542	806	2608	1060	970	603	473	739	2144	1878	2672	1986	970	343	1787	2137	1660	992	1029	2766	481	809	112	763	1542	1342	1845	1458	1738	270	2485	2132	1132	693	NA	2700	1143	2614	1462	2054	2799	678	275	1110	1733	988	567	1936	1021	1233	389	518	843	2929	1463	2023	1404	2615	2793	2680	1017	2332	2875	2479	830	1367	717	2020	1854	521	1413	2030	2742	2763	1870	NA	788	2161	1706	1782	2178	432	593	2061	665	1627	835	2145	2734	765	1290	2269	951	2603	1679
133	1568	1281	2330	1176	2813	1427	717	2600	966	860	556	413	676	2049	1743	2632	1841	875	288	1693	2031	1545	908	972	2735	453	702	107	683	1437	1260	1684	1327	1665	256	2361	2101	1049	638	NA	2646	991	2535	1434	1933	2807	606	259	1022	1657	897	522	1868	943	1125	344	453	786	2870	1344	1936	1324	2514	2687	2676	924	2254	2877	2424	775	1195	661	1922	1745	484	1298	1934	2658	2761	1792	NA	713	2088	1593	1675	2061	405	521	1947	589	1493	760	2054	2740	654	1218	2200	899	2484	1537
134	1471	1166	2248	1115	2810	1320	647	2575	897	767	527	372	624	1940	1595	2607	1749	844	275	1598	1851	1481	878	869	2734	418	650	97	642	1330	1154	1599	1271	1580	211	2312	2006	965	568	NA	2569	889	2466	1343	1812	2752	521	232	976	1564	827	489	1748	854	1037	306	399	700	2838	1181	1849	1214	2504	2601	2604	885	2168	2855	2350	688	1136	566	1801	1634	432	1185	1736	2691	2719	1673	NA	673	1943	1474	1545	1905	358	452	1851	537	1424	702	1973	2739	642	1126	2158	813	2441	1379
135	1395	1056	2161	1018	2755	1241	580	2588	827	690	470	303	550	1797	1551	2705	1629	745	243	1532	1724	1332	750	780	2673	357	604	79	565	1260	1061	1466	1170	1437	185	2176	1888	898	511	NA	2525	807	2408	1219	1656	2736	476	209	846	1478	756	433	1646	784	1001	270	372	657	2736	1100	1739	1115	2393	2554	2572	806	2051	2829	2258	603	1088	484	1642	1502	401	1079	1626	2607	2648	1535	NA	559	1854	1377	1463	1775	346	402	1813	523	1353	661	1857	2744	571	1033	2015	722	2361	1256
136	1288	981	2073	966	2683	1156	521	2546	761	618	440	279	504	1718	1422	2696	1481	684	200	1407	1596	1245	684	722	2671	301	539	72	518	1167	994	1358	1040	1314	160	2070	1789	853	458	NA	2459	748	2325	1094	1596	2764	444	186	794	1376	681	381	1569	734	921	236	331	596	2583	1010	1638	1049	2310	2477	2451	699	1953	2744	2158	555	1010	428	1512	1424	362	1008	1560	2533	2580	1408	NA	484	1779	1216	1399	1717	319	349	1707	470	1263	605	1761	2676	529	943	1937	646	2225	1145
137	1209	909	1963	908	2601	1040	483	2536	641	573	371	255	472	1649	1319	2636	1378	620	180	1279	1470	1176	612	662	2619	272	484	67	455	1057	866	1245	904	1207	132	1955	1678	778	431	NA	2358	684	2250	1005	1471	2765	394	163	707	1275	639	345	1490	661	851	210	294	555	2462	960	1646	948	2212	2415	2345	649	1856	2682	2067	500	895	413	1407	1301	309	918	1474	2505	2514	1311	NA	431	1653	1125	1352	1615	300	319	1618	410	1121	520	1645	2609	451	882	1790	579	2145	1093
138	1125	865	1853	802	2568	955	426	2463	582	513	316	239	429	1530	1219	2626	1314	570	163	1146	1345	1097	545	590	2577	227	462	59	431	956	802	1197	831	1106	118	1840	1596	711	389	NA	2291	600	2097	881	1356	2680	331	140	665	1160	579	324	1394	623	779	185	286	495	2445	897	1551	877	2146	2283	2219	610	1767	2599	1940	460	819	364	1355	1218	254	801	1395	2452	2472	1274	NA	428	1542	1030	1252	1485	274	273	1592	371	1033	451	1520	2572	398	835	1728	543	2036	1026
139	1060	787	1729	726	2496	841	349	2374	527	441	265	211	372	1389	1133	2629	1265	506	154	1041	1223	1008	488	540	2510	210	402	51	395	876	707	1098	779	1004	97	1742	1466	640	369	NA	2183	519	2082	789	1312	2657	281	129	580	1071	503	273	1267	538	718	167	231	428	2355	812	1460	804	1984	2128	2179	554	1652	2522	1781	422	758	325	1274	1123	223	719	1243	2374	2409	1179	NA	422	1464	919	1169	1424	241	255	1475	350	930	399	1409	2461	351	773	1652	499	1979	941
140	980	694	1632	654	2419	748	303	2354	475	401	237	192	322	1332	1081	2652	1187	446	131	963	1093	895	453	494	2427	175	348	54	350	793	663	997	674	942	80	1692	1384	584	321	NA	2075	423	2032	729	1225	2665	257	104	508	968	452	249	1129	488	633	147	199	368	2312	745	1349	732	1892	2027	2152	478	1558	2400	1662	382	686	290	1213	1045	198	642	1161	2314	2306	1104	NA	362	1378	822	1077	1317	203	220	1343	321	850	349	1341	2420	314	702	1541	455	1851	868
141	898	625	1544	614	2303	685	270	2225	450	348	212	167	294	1253	1008	2542	1083	391	118	869	1031	814	398	467	2335	154	322	43	327	724	593	893	616	867	72	1560	1233	528	293	NA	1946	372	1905	670	1140	2544	228	89	473	880	390	234	1062	425	605	128	172	331	2215	663	1298	678	1822	1952	2088	422	1421	2298	1595	343	620	233	1120	961	167	589	1072	2262	2270	999	NA	340	1254	760	963	1186	180	192	1235	266	806	315	1188	2346	294	641	1442	424	1772	789
142	835	569	1423	590	2220	609	247	2152	391	314	184	140	262	1208	930	2523	977	368	98	840	928	729	367	419	2235	130	290	39	305	689	501	799	572	754	59	1421	1148	458	255	NA	1818	331	1859	597	1034	2430	194	81	434	769	366	209	981	364	554	97	133	297	2127	598	1227	626	1735	1819	1982	391	1296	2147	1542	340	560	203	1028	847	147	530	983	2247	2192	902	NA	295	1115	679	889	1040	163	167	1097	244	718	285	1104	2277	249	578	1350	384	1669	701
143	720	507	1327	529	2086	545	204	2035	360	284	165	108	222	1136	807	2482	863	337	85	777	824	667	318	379	2160	115	258	29	266	577	436	727	531	683	65	1324	1102	415	206	NA	1671	292	1744	530	935	2330	178	75	404	706	363	180	896	322	520	98	114	260	2000	536	1152	545	1633	1738	1879	367	1124	1947	1406	297	493	167	944	751	129	448	876	2267	2077	823	NA	275	1014	611	835	977	140	149	1006	205	652	242	1029	2165	208	514	1266	335	1514	637
144	670	459	1226	479	1949	470	176	1907	302	249	145	93	191	1064	706	2471	788	305	65	717	739	635	286	323	2090	103	214	27	242	519	384	683	487	589	55	1225	978	384	186	NA	1565	260	1668	490	844	2248	155	65	376	638	332	151	826	298	446	88	103	235	1893	481	1038	479	1488	1564	1747	321	1007	1873	1307	241	439	139	877	710	119	400	794	2195	1928	734	NA	231	932	559	744	894	145	139	967	188	611	208	974	2075	186	457	1138	299	1467	555
145	636	427	1145	405	1910	443	153	1825	267	216	115	76	174	961	621	2404	702	271	59	634	685	564	256	297	2029	92	171	30	210	478	326	605	434	543	43	1114	893	355	187	NA	1476	235	1575	446	768	2143	130	64	317	576	288	146	757	271	415	78	94	209	1773	442	959	427	1376	1481	1588	273	949	1773	1200	211	428	120	830	649	116	356	729	2085	1810	685	NA	207	849	503	670	838	130	133	845	170	538	177	926	2004	167	426	1051	257	1324	501
146	558	398	1041	347	1841	390	138	1737	215	199	103	75	165	899	572	2303	649	250	49	576	594	492	226	249	1931	65	149	25	174	411	283	552	375	490	37	1103	830	306	172	NA	1414	203	1511	395	714	1996	113	52	274	510	243	120	668	245	352	62	85	172	1686	394	881	382	1260	1386	1452	238	856	1686	1105	181	371	105	760	577	102	311	645	1988	1707	576	NA	184	802	433	622	769	122	125	763	141	530	153	825	1918	152	383	910	212	1253	428
147	503	354	1001	312	1788	344	125	1653	200	184	107	73	132	856	535	2186	577	226	43	533	513	445	214	202	1846	60	129	23	150	369	245	496	310	422	28	1005	751	259	147	NA	1360	172	1436	346	619	1924	97	47	246	455	213	108	582	240	305	58	74	167	1588	338	834	362	1143	1246	1393	201	814	1612	986	162	329	94	684	510	82	282	561	1867	1584	491	NA	153	752	397	565	713	95	106	668	129	478	134	740	1822	136	339	840	203	1153	386
148	443	297	914	286	1716	286	112	1577	175	157	84	64	108	751	491	2079	524	204	28	476	475	396	185	193	1743	50	121	25	138	336	206	449	268	352	25	877	684	229	128	NA	1249	151	1306	303	544	1841	82	38	203	418	182	99	513	206	241	49	64	142	1459	292	768	327	1042	1152	1287	169	739	1501	913	137	293	84	615	465	67	257	494	1739	1524	434	NA	138	668	364	502	627	94	95	608	102	405	120	671	1649	122	303	780	182	1066	346
149	394	270	804	266	1581	248	90	1415	149	139	69	58	93	659	453	2009	460	180	21	431	405	339	162	160	1626	44	101	22	129	298	185	407	251	301	24	787	591	193	106	NA	1137	131	1206	261	509	1717	70	34	192	371	167	87	461	183	216	52	55	124	1396	268	662	291	941	1052	1196	150	653	1453	818	105	257	71	538	399	61	238	441	1588	1405	408	NA	126	601	327	447	567	80	73	554	92	373	100	597	1530	108	271	718	169	969	303
150	331	225	724	239	1410	226	78	1325	128	123	62	51	77	605	402	1834	415	159	17	428	334	297	146	153	1498	37	82	19	111	270	178	372	223	252	26	685	543	171	87	NA	1035	114	1082	233	476	1630	51	34	174	328	150	75	412	154	177	43	44	113	1325	236	632	271	881	945	1096	140	573	1313	750	84	238	67	499	354	62	248	399	1481	1336	371	NA	99	539	302	390	527	66	70	510	76	335	90	552	1415	94	260	656	147	888	270
151	304	200	629	224	1345	203	65	1218	109	110	64	37	63	538	354	1742	360	131	16	363	311	272	122	144	1369	34	73	21	91	228	147	314	192	215	28	608	496	153	70	NA	960	90	1010	190	438	1508	48	30	163	290	127	67	358	123	148	40	36	101	1203	207	568	225	821	856	1040	127	511	1214	669	69	207	59	473	314	56	215	370	1465	1241	353	NA	75	479	265	332	465	53	57	447	62	301	77	514	1298	74	238	579	127	823	251
152	283	176	568	204	1235	171	56	1112	100	101	54	33	53	500	318	1643	321	114	17	325	274	240	101	127	1283	29	68	20	78	200	131	251	171	174	27	551	458	118	66	NA	880	90	940	179	396	1389	44	25	133	282	105	60	306	110	124	32	27	86	1097	180	498	183	767	783	971	116	465	1086	638	62	173	50	430	302	49	181	312	1333	1192	320	NA	57	424	238	287	433	53	45	399	47	271	61	472	1192	68	216	532	103	731	238
153	258	146	497	174	1119	154	42	1041	83	101	42	30	48	439	287	1531	291	96	14	289	242	206	87	116	1225	29	59	14	66	183	115	237	148	171	20	510	412	109	56	NA	820	79	871	165	346	1272	38	25	122	253	81	49	272	101	109	29	19	79	1073	171	446	160	704	731	891	92	438	1007	555	54	153	46	376	276	43	164	284	1266	1059	286	NA	47	372	207	270	365	49	46	355	39	242	57	416	1062	51	188	480	87	682	205
154	218	137	460	160	1051	145	33	972	74	86	41	24	37	396	246	1492	241	92	16	240	230	179	83	115	1143	25	57	13	57	163	84	224	127	163	18	440	361	95	42	NA	764	70	811	159	305	1178	30	22	101	218	74	43	216	93	97	24	20	72	1018	140	417	141	675	670	778	89	424	927	508	42	139	41	320	250	38	140	238	1142	937	246	NA	43	332	190	229	332	38	43	304	35	214	42	381	980	44	177	418	72	608	183
155	195	130	447	136	982	133	28	869	65	76	36	21	30	366	226	1358	199	77	12	202	218	163	78	97	1051	20	58	11	44	144	75	187	103	144	18	407	319	91	38	NA	725	67	761	148	272	1054	23	21	93	172	67	44	181	89	92	16	20	62	904	114	373	134	593	605	704	81	374	826	433	46	109	37	276	224	36	125	205	1055	862	209	NA	34	313	164	212	302	42	38	293	30	196	44	358	876	44	167	366	68	547	171
156	173	112	417	124	894	124	26	804	58	62	32	15	26	338	195	1287	178	67	10	163	198	134	74	79	992	15	56	8	40	136	73	154	93	126	16	370	267	95	35	NA	648	56	674	128	258	956	16	19	89	150	61	33	154	74	93	13	19	56	811	102	324	140	529	523	651	75	328	777	382	37	88	25	231	189	36	98	181	951	808	199	NA	31	286	151	172	253	34	38	250	26	181	40	337	840	42	138	311	48	470	135
157	152	97	361	107	822	101	25	732	49	48	26	14	18	310	168	1232	153	58	10	144	177	119	77	70	894	15	51	6	33	116	70	152	76	101	20	337	227	88	28	NA	588	53	618	122	226	818	13	18	87	131	56	27	133	58	74	13	14	44	754	86	299	127	481	476	591	67	276	692	319	32	84	18	192	162	29	86	151	856	717	185	NA	25	258	137	156	234	27	32	208	23	169	35	305	741	28	114	276	42	418	115
158	142	98	300	96	745	79	23	646	44	43	19	14	14	292	136	1115	146	40	8	131	151	113	69	58	767	11	49	5	32	102	58	144	67	87	19	296	207	75	29	NA	562	44	547	103	190	746	11	19	78	113	39	25	114	49	56	13	16	42	659	72	260	110	444	433	561	64	224	624	302	24	70	18	174	133	23	77	127	773	633	171	NA	21	215	132	151	192	27	22	202	18	151	33	258	650	26	99	254	32	386	98
159	121	76	269	86	672	68	16	575	35	41	15	15	13	255	122	1068	133	34	7	113	120	99	56	42	695	12	47	4	31	86	40	136	53	81	15	252	185	60	27	NA	478	37	504	80	180	689	11	17	75	102	34	18	94	37	48	11	13	40	606	70	231	109	402	391	508	58	189	566	266	16	60	17	160	123	15	65	109	699	572	162	NA	16	185	125	133	172	23	17	189	16	138	30	232	565	20	93	230	26	357	92
160	108	71	263	71	581	56	12	518	24	39	15	13	16	232	106	952	127	32	5	100	108	94	61	41	607	10	35	3	29	78	31	120	46	72	14	222	163	48	23	NA	436	33	466	64	163	597	8	12	66	86	33	14	71	32	45	8	11	38	529	70	198	95	358	361	457	44	159	519	255	15	50	16	145	99	13	58	94	606	499	144	NA	13	164	116	113	166	20	12	165	8	116	28	214	519	13	79	195	27	333	67
161	92	63	230	66	521	55	9	475	18	36	9	10	16	209	98	876	110	28	5	98	98	81	52	36	536	10	37	3	23	63	26	108	43	68	13	191	144	47	24	NA	386	26	407	56	129	524	9	9	56	73	31	8	63	29	47	6	8	32	486	58	176	76	312	325	390	37	129	471	225	11	45	11	128	97	9	55	89	568	433	130	NA	14	143	106	95	153	12	8	156	8	109	26	180	460	9	76	172	22	311	59
162	84	49	201	57	452	46	7	424	15	25	8	5	18	194	73	810	103	22	2	88	85	83	45	32	463	11	37	3	20	57	24	106	30	44	7	155	128	34	14	NA	332	26	345	51	117	490	8	8	46	65	29	9	53	25	44	7	6	23	453	45	161	65	258	286	345	33	104	415	186	9	45	13	129	71	12	52	73	506	385	123	NA	7	121	93	93	135	10	8	137	7	95	24	174	418	9	67	156	25	285	48
163	71	50	196	53	403	31	7	379	11	17	12	6	16	169	69	723	94	20	2	71	69	70	40	39	422	9	29	6	16	45	26	99	28	40	6	155	123	31	14	NA	313	22	305	49	99	424	6	6	44	49	27	7	47	23	36	7	3	21	400	39	131	64	239	242	290	30	104	364	157	7	40	13	107	63	11	36	63	436	341	109	NA	5	110	82	78	122	9	9	108	4	82	22	173	390	8	57	131	19	245	48
164	66	39	156	45	344	24	6	333	10	19	9	6	15	149	55	658	77	19	3	66	60	56	40	42	389	9	24	6	14	34	21	78	25	35	8	132	99	26	12	NA	291	22	299	45	79	392	5	3	39	39	27	4	47	20	36	7	3	17	347	36	113	62	210	210	257	30	91	335	142	6	34	7	97	54	9	33	55	396	321	89	NA	6	99	74	79	106	6	8	101	2	68	21	152	356	7	55	131	13	220	43
165	61	37	140	44	317	26	6	265	9	16	9	4	13	121	51	597	62	14	3	56	51	46	37	38	338	10	21	6	11	34	18	69	19	29	9	119	89	24	9	NA	260	20	263	42	69	321	4	4	37	30	24	3	43	17	32	5	2	18	303	30	99	51	209	193	224	28	79	293	119	7	28	8	79	43	6	29	43	356	280	82	NA	6	81	62	67	93	5	11	81	1	59	14	134	310	7	41	110	7	203	37
166	51	25	123	39	283	23	7	229	6	15	6	3	16	107	37	569	54	9	3	53	44	36	30	37	300	9	23	2	11	37	16	63	17	21	12	95	68	19	9	NA	237	16	250	34	60	278	4	3	35	25	23	3	36	14	23	4	1	14	268	29	97	38	178	158	189	26	65	254	115	4	22	8	64	37	6	20	39	318	240	75	NA	4	70	49	65	83	4	9	68	1	54	13	114	253	7	34	95	4	186	35
167	41	20	110	35	245	21	6	197	5	13	5	3	15	88	32	529	51	5	3	43	45	31	26	34	262	8	20	2	10	30	13	56	14	14	9	96	62	15	6	NA	221	11	222	28	59	255	2	2	27	21	17	5	29	9	27	3	1	17	236	24	89	34	148	131	184	22	53	242	81	3	18	6	58	30	4	18	41	281	198	64	NA	3	68	43	56	69	2	8	58	1	50	12	93	220	6	35	96	4	163	36
168	32	19	104	30	224	23	7	182	6	10	3	2	12	78	28	464	46	4	3	36	40	30	28	28	220	6	20	2	11	26	12	56	11	7	7	74	57	17	7	NA	197	7	170	28	54	239	1	2	20	19	15	5	22	5	25	2	1	12	186	23	83	24	135	119	153	18	49	215	76	5	14	7	45	27	2	16	34	254	159	52	NA	3	50	41	46	73	1	5	56	1	40	9	71	197	9	33	89	5	145	31
169	31	19	88	37	184	21	5	163	6	12	3	2	9	65	20	400	36	4	4	25	39	23	25	27	184	6	18	2	10	23	8	49	15	4	6	65	54	14	8	NA	177	6	161	24	45	216	1	2	16	17	15	3	15	3	18	2	1	8	170	20	64	16	117	112	117	19	36	183	68	5	14	6	38	23	2	13	29	224	138	51	NA	3	42	37	40	61	1	4	50	1	35	5	69	155	9	28	70	4	119	27
170	31	12	80	33	173	16	3	147	5	12	2	3	6	66	18	353	36	4	4	21	31	21	21	22	154	7	15	3	10	22	6	40	14	3	4	59	48	14	7	NA	165	7	135	15	46	178	1	1	11	15	18	2	12	2	13	1	2	8	151	15	53	19	98	97	104	17	27	147	63	4	13	3	32	20	4	11	26	204	113	41	NA	2	37	35	36	54	1	3	47	1	27	3	70	144	9	24	52	3	104	24
171	30	13	68	31	150	13	3	124	5	12	2	6	8	60	13	280	36	3	4	18	26	13	20	21	129	6	12	5	8	23	6	32	11	2	3	45	45	12	6	NA	152	8	116	10	41	156	1	1	10	14	10	1	9	2	10	1	1	6	120	11	50	17	81	90	89	12	22	128	56	2	11	1	29	15	4	10	18	180	95	37	NA	2	28	31	34	45	1	2	42	1	24	3	61	125	6	20	42	3	85	22
172	22	15	54	26	119	10	2	108	4	13	2	6	8	59	11	226	34	4	4	17	17	14	23	15	129	6	11	4	8	17	5	32	11	1	3	35	46	8	4	NA	121	7	102	6	38	136	1	2	5	13	9	1	6	1	7	1	2	5	116	9	47	17	76	85	80	8	20	114	49	2	7	0	28	14	4	9	14	156	74	34	NA	2	26	25	28	37	1	1	40	1	26	3	51	114	5	15	23	5	77	16
173	18	12	45	18	114	9	2	87	6	13	2	3	8	45	7	192	27	3	2	7	13	13	24	12	112	8	5	2	8	11	4	29	7	1	2	33	39	6	3	NA	105	1	94	4	37	112	1	2	3	15	10	0	5	0	5	2	0	8	102	7	39	14	67	69	68	5	21	98	46	2	5	NA	28	13	2	6	12	125	61	32	NA	2	27	22	26	24	0	3	29	0	22	5	52	94	3	11	14	6	75	14
174	16	10	41	17	98	9	2	86	4	9	1	3	8	31	7	164	28	2	2	8	10	9	23	12	89	10	3	1	7	12	3	32	7	1	0	30	26	4	2	NA	98	1	79	2	30	100	1	2	2	11	11	NA	5	NA	7	1	NA	7	90	7	33	12	55	65	58	3	19	78	40	1	4	NA	26	12	2	5	13	115	51	28	NA	1	23	20	20	21	NA	3	25	NA	21	4	45	87	3	9	11	5	72	13
175	10	11	33	17	88	7	2	73	2	8	3	4	6	30	8	146	23	2	1	5	10	4	16	11	75	5	4	1	6	10	2	29	4	1	NA	25	22	3	1	NA	90	1	68	2	33	95	0	1	1	10	8	NA	3	NA	3	1	NA	5	67	6	31	8	48	58	52	1	16	74	29	0	2	NA	23	10	1	5	13	96	42	30	NA	1	18	16	18	20	NA	3	25	NA	17	5	32	73	2	10	10	5	65	13
176	8	12	26	15	84	5	0	61	1	7	4	3	6	25	8	131	22	1	1	6	9	4	17	7	66	3	3	1	5	10	2	28	2	1	NA	20	18	2	2	NA	72	1	58	1	27	79	NA	1	1	10	6	NA	5	NA	4	0	NA	4	50	9	27	7	42	52	47	1	15	61	26	NA	2	NA	20	8	1	4	10	84	39	29	NA	1	12	13	16	13	NA	3	18	NA	12	3	30	54	1	9	6	5	50	12
177	4	11	25	13	73	5	NA	54	0	4	5	2	6	24	5	115	19	1	2	4	7	3	18	6	56	2	1	0	5	6	3	21	2	1	NA	22	12	1	2	NA	52	1	50	1	21	68	NA	1	1	8	6	NA	4	NA	4	NA	NA	3	48	7	25	5	35	41	43	1	15	53	18	NA	2	NA	20	8	0	3	13	60	38	26	NA	1	11	7	14	12	NA	2	18	NA	13	2	35	42	0	7	6	5	38	13
178	2	9	19	6	58	3	NA	42	NA	6	3	2	6	17	4	96	18	1	2	4	7	3	15	3	43	1	1	NA	5	6	3	18	2	0	NA	17	11	0	1	NA	45	1	38	1	21	68	NA	1	1	8	5	NA	4	NA	4	NA	NA	5	40	9	26	3	33	31	34	1	17	54	21	NA	1	NA	16	6	NA	3	7	54	31	19	NA	0	7	7	11	10	NA	1	14	NA	10	2	28	31	NA	6	7	5	33	13
179	3	8	21	4	51	3	NA	32	NA	5	3	3	7	12	5	85	16	1	1	4	6	4	15	4	44	0	1	NA	5	3	2	16	2	NA	NA	15	11	NA	1	NA	43	2	29	1	18	46	NA	1	1	7	4	NA	4	NA	3	NA	NA	5	32	10	21	2	37	24	26	1	14	43	22	NA	0	NA	16	5	NA	4	6	47	25	22	NA	NA	7	9	8	9	NA	1	9	NA	11	4	33	29	NA	5	6	3	27	10
180	6	8	17	4	42	3	NA	28	NA	4	5	3	4	11	4	73	15	1	1	3	3	3	11	2	31	NA	0	NA	5	1	1	13	0	NA	NA	13	8	NA	1	NA	30	1	31	1	15	44	NA	0	0	8	5	NA	2	NA	4	NA	NA	3	27	9	19	1	32	22	20	1	9	38	19	NA	NA	NA	12	3	NA	5	4	40	19	18	NA	NA	8	8	7	9	NA	0	4	NA	9	3	23	28	NA	4	5	3	23	6
181	5	6	15	4	33	4	NA	25	NA	4	5	7	5	9	4	63	11	0	1	1	2	3	12	2	27	NA	NA	NA	6	1	1	8	NA	NA	NA	11	7	NA	3	NA	26	1	25	1	13	41	NA	NA	NA	9	5	NA	3	NA	4	NA	NA	3	26	11	22	2	27	23	20	1	7	39	15	NA	NA	NA	12	3	NA	8	5	36	17	20	NA	NA	6	8	7	6	NA	NA	3	NA	9	3	24	23	NA	4	4	2	21	4
182	5	4	14	1	28	2	NA	26	NA	2	6	6	7	6	4	57	9	NA	1	0	2	2	13	1	20	NA	NA	NA	4	1	0	5	NA	NA	NA	7	4	NA	2	NA	20	1	23	2	12	39	NA	NA	NA	9	3	NA	3	NA	3	NA	NA	2	20	10	21	2	27	20	19	0	9	30	13	NA	NA	NA	9	3	NA	5	4	41	17	16	NA	NA	6	7	5	4	NA	NA	2	NA	10	1	20	21	NA	5	1	2	17	4
183	5	2	10	1	19	2	NA	20	NA	0	5	5	8	5	3	49	6	NA	0	NA	2	1	11	1	14	NA	NA	NA	5	1	NA	4	NA	NA	NA	8	2	NA	2	NA	22	1	25	1	11	34	NA	NA	NA	5	2	NA	2	NA	2	NA	NA	1	19	7	18	2	25	23	16	NA	10	27	12	NA	NA	NA	10	1	NA	5	3	37	20	17	NA	NA	8	7	6	1	NA	NA	2	NA	9	1	15	18	NA	4	1	2	14	3
184	5	2	10	1	15	1	NA	16	NA	NA	4	4	5	4	3	43	3	NA	NA	NA	3	0	10	2	17	NA	NA	NA	3	0	NA	4	NA	NA	NA	8	2	NA	2	NA	17	1	16	1	8	31	NA	NA	NA	2	2	NA	1	NA	3	NA	NA	1	19	7	21	1	25	19	13	NA	7	18	12	NA	NA	NA	12	0	NA	4	3	29	19	12	NA	NA	9	4	3	1	NA	NA	1	NA	7	1	16	19	NA	2	1	2	14	1
185	5	2	11	0	18	1	NA	11	NA	NA	3	2	4	3	1	39	1	NA	NA	NA	5	NA	8	2	18	NA	NA	NA	2	NA	NA	6	NA	NA	NA	7	2	NA	1	NA	16	1	11	0	7	26	NA	NA	NA	3	2	NA	2	NA	3	NA	NA	1	16	6	17	0	24	16	10	NA	6	16	10	NA	NA	NA	10	NA	NA	3	5	24	11	9	NA	NA	9	5	4	2	NA	NA	1	NA	5	1	16	19	NA	2	2	1	9	0
186	3	1	12	NA	12	1	NA	8	NA	NA	1	2	2	3	0	39	1	NA	NA	NA	5	NA	8	1	12	NA	NA	NA	4	NA	NA	4	NA	NA	NA	6	2	NA	0	NA	15	1	8	NA	7	22	NA	NA	NA	2	1	NA	2	NA	3	NA	NA	0	11	5	19	NA	15	18	12	NA	6	15	13	NA	NA	NA	8	NA	NA	3	5	20	10	7	NA	NA	5	3	2	2	NA	NA	1	NA	5	1	13	21	NA	2	1	1	5	NA
187	3	1	10	NA	9	0	NA	7	NA	NA	1	2	0	5	NA	38	1	NA	NA	NA	4	NA	5	1	10	NA	NA	NA	3	NA	NA	4	NA	NA	NA	4	3	NA	NA	NA	12	1	7	NA	7	24	NA	NA	NA	3	0	NA	2	NA	3	NA	NA	NA	10	4	14	NA	10	16	11	NA	6	14	10	NA	NA	NA	7	NA	NA	3	5	17	7	5	NA	NA	4	5	1	3	NA	NA	1	NA	5	2	10	17	NA	2	1	1	4	NA
188	3	0	10	NA	8	NA	NA	7	NA	NA	0	1	NA	6	NA	32	1	NA	NA	NA	3	NA	3	1	8	NA	NA	NA	2	NA	NA	2	NA	NA	NA	3	1	NA	NA	NA	10	0	7	NA	6	23	NA	NA	NA	6	NA	NA	2	NA	3	NA	NA	NA	11	4	11	NA	7	14	6	NA	4	11	9	NA	NA	NA	8	NA	NA	1	4	14	5	4	NA	NA	4	5	1	2	NA	NA	1	NA	7	2	10	16	NA	1	0	0	3	NA
189	4	NA	9	NA	6	NA	NA	7	NA	NA	NA	0	NA	3	NA	28	1	NA	NA	NA	2	NA	2	1	6	NA	NA	NA	2	NA	NA	2	NA	NA	NA	3	1	NA	NA	NA	9	NA	7	NA	8	23	NA	NA	NA	4	NA	NA	2	NA	4	NA	NA	NA	9	1	9	NA	8	11	6	NA	3	11	4	NA	NA	NA	7	NA	NA	1	1	8	5	4	NA	NA	3	6	1	2	NA	NA	1	NA	10	2	6	16	NA	1	NA	NA	2	NA
190	1	NA	8	NA	7	NA	NA	4	NA	NA	NA	NA	NA	3	NA	24	0	NA	NA	NA	1	NA	2	2	4	NA	NA	NA	3	NA	NA	2	NA	NA	NA	1	1	NA	NA	NA	9	NA	7	NA	11	22	NA	NA	NA	3	NA	NA	1	NA	4	NA	NA	NA	6	1	11	NA	6	8	4	NA	4	9	3	NA	NA	NA	5	NA	NA	1	0	6	4	4	NA	NA	4	8	0	2	NA	NA	0	NA	8	1	6	14	NA	0	NA	NA	2	NA
191	2	NA	10	NA	6	NA	NA	3	NA	NA	NA	NA	NA	1	NA	26	NA	NA	NA	NA	3	NA	4	2	4	NA	NA	NA	2	NA	NA	1	NA	NA	NA	2	0	NA	NA	NA	9	NA	7	NA	8	16	NA	NA	NA	3	NA	NA	1	NA	2	NA	NA	NA	6	1	15	NA	5	12	6	NA	3	7	3	NA	NA	NA	3	NA	NA	1	NA	7	3	1	NA	NA	4	5	NA	2	NA	NA	NA	NA	4	1	8	15	NA	NA	NA	NA	2	NA
192	2	NA	9	NA	6	NA	NA	4	NA	NA	NA	NA	NA	1	NA	22	NA	NA	NA	NA	2	NA	3	2	5	NA	NA	NA	1	NA	NA	0	NA	NA	NA	1	NA	NA	NA	NA	8	NA	6	NA	7	14	NA	NA	NA	3	NA	NA	1	NA	2	NA	NA	NA	5	1	17	NA	4	12	9	NA	1	4	5	NA	NA	NA	2	NA	NA	1	NA	7	1	0	NA	NA	3	5	NA	1	NA	NA	NA	NA	1	0	6	7	NA	NA	NA	NA	1	NA
193	2	NA	5	NA	5	NA	NA	4	NA	NA	NA	NA	NA	2	NA	24	NA	NA	NA	NA	2	NA	2	2	5	NA	NA	NA	0	NA	NA	NA	NA	NA	NA	1	NA	NA	NA	NA	8	NA	6	NA	3	13	NA	NA	NA	2	NA	NA	0	NA	1	NA	NA	NA	4	1	12	NA	4	10	9	NA	2	3	5	NA	NA	NA	3	NA	NA	1	NA	4	3	NA	NA	NA	3	4	NA	0	NA	NA	NA	NA	1	NA	6	4	NA	NA	NA	NA	1	NA
194	5	NA	5	NA	3	NA	NA	2	NA	NA	NA	NA	NA	3	NA	23	NA	NA	NA	NA	2	NA	0	2	5	NA	NA	NA	NA	NA	NA	NA	NA	NA	NA	1	NA	NA	NA	NA	10	NA	7	NA	3	10	NA	NA	NA	1	NA	NA	NA	NA	1	NA	NA	NA	3	1	7	NA	3	7	10	NA	4	2	3	NA	NA	NA	3	NA	NA	1	NA	2	5	NA	NA	NA	5	4	NA	NA	NA	NA	NA	NA	1	NA	4	5	NA	NA	NA	NA	1	NA
195	6	NA	5	NA	3	NA	NA	3	NA	NA	NA	NA	NA	3	NA	18	NA	NA	NA	NA	2	NA	NA	1	5	NA	NA	NA	NA	NA	NA	NA	NA	NA	NA	0	NA	NA	NA	NA	10	NA	6	NA	1	10	NA	NA	NA	1	NA	NA	NA	NA	1	NA	NA	NA	3	1	8	NA	6	6	7	NA	3	1	3	NA	NA	NA	2	NA	NA	1	NA	4	5	NA	NA	NA	3	5	NA	NA	NA	NA	NA	NA	1	NA	3	6	NA	NA	NA	NA	1	NA
196	5	NA	5	NA	3	NA	NA	1	NA	NA	NA	NA	NA	3	NA	12	NA	NA	NA	NA	1	NA	NA	1	5	NA	NA	NA	NA	NA	NA	NA	NA	NA	NA	NA	NA	NA	NA	NA	9	NA	6	NA	0	9	NA	NA	NA	2	NA	NA	NA	NA	1	NA	NA	NA	5	2	7	NA	3	5	5	NA	3	1	4	NA	NA	NA	2	NA	NA	1	NA	2	4	NA	NA	NA	3	4	NA	NA	NA	NA	NA	NA	2	NA	3	4	NA	NA	NA	NA	1	NA
197	4	NA	5	NA	2	NA	NA	1	NA	NA	NA	NA	NA	1	NA	9	NA	NA	NA	NA	0	NA	NA	1	3	NA	NA	NA	NA	NA	NA	NA	NA	NA	NA	NA	NA	NA	NA	NA	4	NA	3	NA	NA	7	NA	NA	NA	2	NA	NA	NA	NA	1	NA	NA	NA	4	1	6	NA	3	3	6	NA	1	1	5	NA	NA	NA	2	NA	NA	1	NA	2	4	NA	NA	NA	2	4	NA	NA	NA	NA	NA	NA	2	NA	3	3	NA	NA	NA	NA	1	NA
198	3	NA	4	NA	2	NA	NA	1	NA	NA	NA	NA	NA	1	NA	9	NA	NA	NA	NA	NA	NA	NA	1	4	NA	NA	NA	NA	NA	NA	NA	NA	NA	NA	NA	NA	NA	NA	NA	2	NA	3	NA	NA	7	NA	NA	NA	1	NA	NA	NA	NA	0	NA	NA	NA	3	1	3	NA	2	2	5	NA	1	1	5	NA	NA	NA	2	NA	NA	1	NA	1	10	NA	NA	NA	2	5	NA	NA	NA	NA	NA	NA	2	NA	3	3	NA	NA	NA	NA	1	NA
199	3	NA	1	NA	2	NA	NA	1	NA	NA	NA	NA	NA	0	NA	7	NA	NA	NA	NA	NA	NA	NA	0	3	NA	NA	NA	NA	NA	NA	NA	NA	NA	NA	NA	NA	NA	NA	NA	2	NA	3	NA	NA	11	NA	NA	NA	1	NA	NA	NA	NA	NA	NA	NA	NA	1	1	3	NA	2	1	9	NA	2	0	4	NA	NA	NA	0	NA	NA	0	NA	0	10	NA	NA	NA	2	7	NA	NA	NA	NA	NA	NA	2	NA	4	2	NA	NA	NA	NA	0	NA
200	3	NA	0	NA	1	NA	NA	1	NA	NA	NA	NA	NA	NA	NA	4	NA	NA	NA	NA	NA	NA	NA	NA	5	NA	NA	NA	NA	NA	NA	NA	NA	NA	NA	NA	NA	NA	NA	NA	2	NA	4	NA	NA	12	NA	NA	NA	1	NA	NA	NA	NA	NA	NA	NA	NA	1	2	2	NA	1	0	9	NA	1	NA	2	NA	NA	NA	NA	NA	NA	NA	NA	NA	8	NA	NA	NA	0	7	NA	NA	NA	NA	NA	NA	3	NA	4	1	NA	NA	NA	NA	NA	NA
201	3	NA	NA	NA	0	NA	NA	0	NA	NA	NA	NA	NA	NA	NA	4	NA	NA	NA	NA	NA	NA	NA	NA	4	NA	NA	NA	NA	NA	NA	NA	NA	NA	NA	NA	NA	NA	NA	NA	2	NA	5	NA	NA	10	NA	NA	NA	1	NA	NA	NA	NA	NA	NA	NA	NA	0	2	2	NA	1	NA	6	NA	1	NA	2	NA	NA	NA	NA	NA	NA	NA	NA	NA	6	NA	NA	NA	NA	5	NA	NA	NA	NA	NA	NA	3	NA	1	1	NA	NA	NA	NA	NA	NA
202	4	NA	NA	NA	NA	NA	NA	NA	NA	NA	NA	NA	NA	NA	NA	3	NA	NA	NA	NA	NA	NA	NA	NA	4	NA	NA	NA	NA	NA	NA	NA	NA	NA	NA	NA	NA	NA	NA	NA	2	NA	5	NA	NA	7	NA	NA	NA	1	NA	NA	NA	NA	NA	NA	NA	NA	NA	2	2	NA	1	NA	2	NA	1	NA	1	NA	NA	NA	NA	NA	NA	NA	NA	NA	6	NA	NA	NA	NA	3	NA	NA	NA	NA	NA	NA	2	NA	1	0	NA	NA	NA	NA	NA	NA
203	3	NA	NA	NA	NA	NA	NA	NA	NA	NA	NA	NA	NA	NA	NA	3	NA	NA	NA	NA	NA	NA	NA	NA	5	NA	NA	NA	NA	NA	NA	NA	NA	NA	NA	NA	NA	NA	NA	NA	2	NA	5	NA	NA	7	NA	NA	NA	1	NA	NA	NA	NA	NA	NA	NA	NA	NA	2	2	NA	1	NA	2	NA	1	NA	2	NA	NA	NA	NA	NA	NA	NA	NA	NA	4	NA	NA	NA	NA	2	NA	NA	NA	NA	NA	NA	3	NA	1	NA	NA	NA	NA	NA	NA	NA
204	3	NA	NA	NA	NA	NA	NA	NA	NA	NA	NA	NA	NA	NA	NA	3	NA	NA	NA	NA	NA	NA	NA	NA	3	NA	NA	NA	NA	NA	NA	NA	NA	NA	NA	NA	NA	NA	NA	NA	2	NA	4	NA	NA	5	NA	NA	NA	0	NA	NA	NA	NA	NA	NA	NA	NA	NA	2	1	NA	1	NA	2	NA	1	NA	2	NA	NA	NA	NA	NA	NA	NA	NA	NA	4	NA	NA	NA	NA	1	NA	NA	NA	NA	NA	NA	2	NA	2	NA	NA	NA	NA	NA	NA	NA
205	2	NA	NA	NA	NA	NA	NA	NA	NA	NA	NA	NA	NA	NA	NA	5	NA	NA	NA	NA	NA	NA	NA	NA	2	NA	NA	NA	NA	NA	NA	NA	NA	NA	NA	NA	NA	NA	NA	NA	2	NA	5	NA	NA	6	NA	NA	NA	NA	NA	NA	NA	NA	NA	NA	NA	NA	NA	2	1	NA	1	NA	1	NA	0	NA	1	NA	NA	NA	NA	NA	NA	NA	NA	NA	5	NA	NA	NA	NA	0	NA	NA	NA	NA	NA	NA	2	NA	1	NA	NA	NA	NA	NA	NA	NA
206	2	NA	NA	NA	NA	NA	NA	NA	NA	NA	NA	NA	NA	NA	NA	5	NA	NA	NA	NA	NA	NA	NA	NA	2	NA	NA	NA	NA	NA	NA	NA	NA	NA	NA	NA	NA	NA	NA	NA	2	NA	5	NA	NA	4	NA	NA	NA	NA	NA	NA	NA	NA	NA	NA	NA	NA	NA	2	0	NA	1	NA	0	NA	NA	NA	1	NA	NA	NA	NA	NA	NA	NA	NA	NA	5	NA	NA	NA	NA	NA	NA	NA	NA	NA	NA	NA	1	NA	1	NA	NA	NA	NA	NA	NA	NA
207	2	NA	NA	NA	NA	NA	NA	NA	NA	NA	NA	NA	NA	NA	NA	4	NA	NA	NA	NA	NA	NA	NA	NA	1	NA	NA	NA	NA	NA	NA	NA	NA	NA	NA	NA	NA	NA	NA	NA	1	NA	4	NA	NA	2	NA	NA	NA	NA	NA	NA	NA	NA	NA	NA	NA	NA	NA	1	NA	NA	1	NA	NA	NA	NA	NA	1	NA	NA	NA	NA	NA	NA	NA	NA	NA	6	NA	NA	NA	NA	NA	NA	NA	NA	NA	NA	NA	1	NA	0	NA	NA	NA	NA	NA	NA	NA
208	2	NA	NA	NA	NA	NA	NA	NA	NA	NA	NA	NA	NA	NA	NA	3	NA	NA	NA	NA	NA	NA	NA	NA	1	NA	NA	NA	NA	NA	NA	NA	NA	NA	NA	NA	NA	NA	NA	NA	1	NA	6	NA	NA	2	NA	NA	NA	NA	NA	NA	NA	NA	NA	NA	NA	NA	NA	1	NA	NA	1	NA	NA	NA	NA	NA	0	NA	NA	NA	NA	NA	NA	NA	NA	NA	2	NA	NA	NA	NA	NA	NA	NA	NA	NA	NA	NA	1	NA	NA	NA	NA	NA	NA	NA	NA	NA
209	2	NA	NA	NA	NA	NA	NA	NA	NA	NA	NA	NA	NA	NA	NA	3	NA	NA	NA	NA	NA	NA	NA	NA	1	NA	NA	NA	NA	NA	NA	NA	NA	NA	NA	NA	NA	NA	NA	NA	1	NA	6	NA	NA	2	NA	NA	NA	NA	NA	NA	NA	NA	NA	NA	NA	NA	NA	1	NA	NA	0	NA	NA	NA	NA	NA	NA	NA	NA	NA	NA	NA	NA	NA	NA	NA	3	NA	NA	NA	NA	NA	NA	NA	NA	NA	NA	NA	0	NA	NA	NA	NA	NA	NA	NA	NA	NA
210	2	NA	NA	NA	NA	NA	NA	NA	NA	NA	NA	NA	NA	NA	NA	3	NA	NA	NA	NA	NA	NA	NA	NA	0	NA	NA	NA	NA	NA	NA	NA	NA	NA	NA	NA	NA	NA	NA	NA	1	NA	4	NA	NA	3	NA	NA	NA	NA	NA	NA	NA	NA	NA	NA	NA	NA	NA	0	NA	NA	NA	NA	NA	NA	NA	NA	NA	NA	NA	NA	NA	NA	NA	NA	NA	NA	3	NA	NA	NA	NA	NA	NA	NA	NA	NA	NA	NA	NA	NA	NA	NA	NA	NA	NA	NA	NA	NA
211	1	NA	NA	NA	NA	NA	NA	NA	NA	NA	NA	NA	NA	NA	NA	4	NA	NA	NA	NA	NA	NA	NA	NA	NA	NA	NA	NA	NA	NA	NA	NA	NA	NA	NA	NA	NA	NA	NA	NA	1	NA	3	NA	NA	3	NA	NA	NA	NA	NA	NA	NA	NA	NA	NA	NA	NA	NA	NA	NA	NA	NA	NA	NA	NA	NA	NA	NA	NA	NA	NA	NA	NA	NA	NA	NA	NA	3	NA	NA	NA	NA	NA	NA	NA	NA	NA	NA	NA	NA	NA	NA	NA	NA	NA	NA	NA	NA	NA
212	1	NA	NA	NA	NA	NA	NA	NA	NA	NA	NA	NA	NA	NA	NA	3	NA	NA	NA	NA	NA	NA	NA	NA	NA	NA	NA	NA	NA	NA	NA	NA	NA	NA	NA	NA	NA	NA	NA	NA	1	NA	4	NA	NA	3	NA	NA	NA	NA	NA	NA	NA	NA	NA	NA	NA	NA	NA	NA	NA	NA	NA	NA	NA	NA	NA	NA	NA	NA	NA	NA	NA	NA	NA	NA	NA	NA	5	NA	NA	NA	NA	NA	NA	NA	NA	NA	NA	NA	NA	NA	NA	NA	NA	NA	NA	NA	NA	NA
213	2	NA	NA	NA	NA	NA	NA	NA	NA	NA	NA	NA	NA	NA	NA	5	NA	NA	NA	NA	NA	NA	NA	NA	NA	NA	NA	NA	NA	NA	NA	NA	NA	NA	NA	NA	NA	NA	NA	NA	0	NA	2	NA	NA	3	NA	NA	NA	NA	NA	NA	NA	NA	NA	NA	NA	NA	NA	NA	NA	NA	NA	NA	NA	NA	NA	NA	NA	NA	NA	NA	NA	NA	NA	NA	NA	NA	4	NA	NA	NA	NA	NA	NA	NA	NA	NA	NA	NA	NA	NA	NA	NA	NA	NA	NA	NA	NA	NA
214	3	NA	NA	NA	NA	NA	NA	NA	NA	NA	NA	NA	NA	NA	NA	4	NA	NA	NA	NA	NA	NA	NA	NA	NA	NA	NA	NA	NA	NA	NA	NA	NA	NA	NA	NA	NA	NA	NA	NA	NA	NA	2	NA	NA	3	NA	NA	NA	NA	NA	NA	NA	NA	NA	NA	NA	NA	NA	NA	NA	NA	NA	NA	NA	NA	NA	NA	NA	NA	NA	NA	NA	NA	NA	NA	NA	NA	4	NA	NA	NA	NA	NA	NA	NA	NA	NA	NA	NA	NA	NA	NA	NA	NA	NA	NA	NA	NA	NA
215	2	NA	NA	NA	NA	NA	NA	NA	NA	NA	NA	NA	NA	NA	NA	3	NA	NA	NA	NA	NA	NA	NA	NA	NA	NA	NA	NA	NA	NA	NA	NA	NA	NA	NA	NA	NA	NA	NA	NA	NA	NA	2	NA	NA	2	NA	NA	NA	NA	NA	NA	NA	NA	NA	NA	NA	NA	NA	NA	NA	NA	NA	NA	NA	NA	NA	NA	NA	NA	NA	NA	NA	NA	NA	NA	NA	NA	4	NA	NA	NA	NA	NA	NA	NA	NA	NA	NA	NA	NA	NA	NA	NA	NA	NA	NA	NA	NA	NA
216	0	NA	NA	NA	NA	NA	NA	NA	NA	NA	NA	NA	NA	NA	NA	2	NA	NA	NA	NA	NA	NA	NA	NA	NA	NA	NA	NA	NA	NA	NA	NA	NA	NA	NA	NA	NA	NA	NA	NA	NA	NA	3	NA	NA	2	NA	NA	NA	NA	NA	NA	NA	NA	NA	NA	NA	NA	NA	NA	NA	NA	NA	NA	NA	NA	NA	NA	NA	NA	NA	NA	NA	NA	NA	NA	NA	NA	4	NA	NA	NA	NA	NA	NA	NA	NA	NA	NA	NA	NA	NA	NA	NA	NA	NA	NA	NA	NA	NA
217	NA	NA	NA	NA	NA	NA	NA	NA	NA	NA	NA	NA	NA	NA	NA	2	NA	NA	NA	NA	NA	NA	NA	NA	NA	NA	NA	NA	NA	NA	NA	NA	NA	NA	NA	NA	NA	NA	NA	NA	NA	NA	1	NA	NA	2	NA	NA	NA	NA	NA	NA	NA	NA	NA	NA	NA	NA	NA	NA	NA	NA	NA	NA	NA	NA	NA	NA	NA	NA	NA	NA	NA	NA	NA	NA	NA	NA	2	NA	NA	NA	NA	NA	NA	NA	NA	NA	NA	NA	NA	NA	NA	NA	NA	NA	NA	NA	NA	NA
218	NA	NA	NA	NA	NA	NA	NA	NA	NA	NA	NA	NA	NA	NA	NA	2	NA	NA	NA	NA	NA	NA	NA	NA	NA	NA	NA	NA	NA	NA	NA	NA	NA	NA	NA	NA	NA	NA	NA	NA	NA	NA	0	NA	NA	2	NA	NA	NA	NA	NA	NA	NA	NA	NA	NA	NA	NA	NA	NA	NA	NA	NA	NA	NA	NA	NA	NA	NA	NA	NA	NA	NA	NA	NA	NA	NA	NA	4	NA	NA	NA	NA	NA	NA	NA	NA	NA	NA	NA	NA	NA	NA	NA	NA	NA	NA	NA	NA	NA
219	NA	NA	NA	NA	NA	NA	NA	NA	NA	NA	NA	NA	NA	NA	NA	2	NA	NA	NA	NA	NA	NA	NA	NA	NA	NA	NA	NA	NA	NA	NA	NA	NA	NA	NA	NA	NA	NA	NA	NA	NA	NA	NA	NA	NA	1	NA	NA	NA	NA	NA	NA	NA	NA	NA	NA	NA	NA	NA	NA	NA	NA	NA	NA	NA	NA	NA	NA	NA	NA	NA	NA	NA	NA	NA	NA	NA	NA	4	NA	NA	NA	NA	NA	NA	NA	NA	NA	NA	NA	NA	NA	NA	NA	NA	NA	NA	NA	NA	NA
220	NA	NA	NA	NA	NA	NA	NA	NA	NA	NA	NA	NA	NA	NA	NA	0	NA	NA	NA	NA	NA	NA	NA	NA	NA	NA	NA	NA	NA	NA	NA	NA	NA	NA	NA	NA	NA	NA	NA	NA	NA	NA	NA	NA	NA	0	NA	NA	NA	NA	NA	NA	NA	NA	NA	NA	NA	NA	NA	NA	NA	NA	NA	NA	NA	NA	NA	NA	NA	NA	NA	NA	NA	NA	NA	NA	NA	NA	3	NA	NA	NA	NA	NA	NA	NA	NA	NA	NA	NA	NA	NA	NA	NA	NA	NA	NA	NA	NA	NA
221	NA	NA	NA	NA	NA	NA	NA	NA	NA	NA	NA	NA	NA	NA	NA	NA	NA	NA	NA	NA	NA	NA	NA	NA	NA	NA	NA	NA	NA	NA	NA	NA	NA	NA	NA	NA	NA	NA	NA	NA	NA	NA	NA	NA	NA	NA	NA	NA	NA	NA	NA	NA	NA	NA	NA	NA	NA	NA	NA	NA	NA	NA	NA	NA	NA	NA	NA	NA	NA	NA	NA	NA	NA	NA	NA	NA	NA	NA	3	NA	NA	NA	NA	NA	NA	NA	NA	NA	NA	NA	NA	NA	NA	NA	NA	NA	NA	NA	NA	NA
222	NA	NA	NA	NA	NA	NA	NA	NA	NA	NA	NA	NA	NA	NA	NA	NA	NA	NA	NA	NA	NA	NA	NA	NA	NA	NA	NA	NA	NA	NA	NA	NA	NA	NA	NA	NA	NA	NA	NA	NA	NA	NA	NA	NA	NA	NA	NA	NA	NA	NA	NA	NA	NA	NA	NA	NA	NA	NA	NA	NA	NA	NA	NA	NA	NA	NA	NA	NA	NA	NA	NA	NA	NA	NA	NA	NA	NA	NA	1	NA	NA	NA	NA	NA	NA	NA	NA	NA	NA	NA	NA	NA	NA	NA	NA	NA	NA	NA	NA	NA
223	NA	NA	NA	NA	NA	NA	NA	NA	NA	NA	NA	NA	NA	NA	NA	NA	NA	NA	NA	NA	NA	NA	NA	NA	NA	NA	NA	NA	NA	NA	NA	NA	NA	NA	NA	NA	NA	NA	NA	NA	NA	NA	NA	NA	NA	NA	NA	NA	NA	NA	NA	NA	NA	NA	NA	NA	NA	NA	NA	NA	NA	NA	NA	NA	NA	NA	NA	NA	NA	NA	NA	NA	NA	NA	NA	NA	NA	NA	0	NA	NA	NA	NA	NA	NA	NA	NA	NA	NA	NA	NA	NA	NA	NA	NA	NA	NA	NA	NA	NA
