0	1	1	1	1	1	1	1	1	1	1	1	1	1	1	1	1	1	1	1	1	1	1	1	1	1	1	1	1	1	1	1	1	1	1	1	1	1	1	1	1	1	1	1	1	1	1	1	1	1	1	1	1	1	1	1	1	1	1	1	1	1	1	1	1	1	1	1	1	1	1	1	1	1	1	1	1	1	1	1	1	1	1	1	1	1	1	1	1	1	1	1	1	1	1	1	1	1	1	1	1
5	1	1	1	3	1	1	1	1	1	2	NA	1	2	1	2	1	1	1	1	1	2	2	1	1	1	2	1	1	1	2	1	1	1	1	1	2	1	1	2	NA	2	3	2	1	2	2	1	1	1	1	2	1	2	3	1	1	2	1	2	1	1	NA	2	1	1	1	2	1	1	2	1	1	1	2	1	1	1	2	1	2	1	4	1	1	3	1	2	1	2	2	NA	1	1	1	1	2	2	2	1	1
10	1	6	2	1	2	2	2	3	1	3	NA	5	3	2	3	1	NA	2	1	1	3	4	3	3	4	1	1	3	2	2	7	3	3	2	5	3	2	2	5	NA	2	2	2	1	3	4	3	2	1	3	5	4	5	1	3	1	2	1	2	3	2	NA	3	3	1	4	4	1	2	2	1	3	4	3	4	2	4	4	3	5	3	3	3	1	3	NA	1	2	6	3	NA	3	5	2	3	1	2	2	5	2
15	1	4	2	4	2	2	1	3	5	4	NA	3	2	1	6	2	NA	5	1	1	1	2	2	2	3	1	2	4	NA	2	6	5	7	3	8	7	NA	4	6	NA	3	3	3	3	2	3	2	2	2	3	6	6	4	4	2	1	3	1	5	3	3	NA	4	6	4	5	5	3	2	2	1	2	5	5	2	6	4	6	4	7	5	3	4	NA	4	NA	2	2	7	6	NA	5	6	5	3	4	4	4	4	3
20	1	5	4	5	1	1	NA	6	8	5	NA	3	NA	2	5	1	NA	3	1	1	NA	2	6	10	5	3	8	5	NA	1	8	5	6	5	12	7	NA	7	6	NA	3	6	4	1	4	6	0	2	2	3	6	6	5	6	4	1	4	4	4	3	5	NA	2	1	4	9	9	4	2	2	1	3	5	2	3	8	7	11	9	9	3	3	4	NA	7	NA	4	4	6	6	NA	4	9	9	4	7	5	5	10	3
25	1	6	3	9	NA	NA	NA	6	11	8	NA	4	NA	2	4	NA	NA	4	1	1	NA	7	9	6	7	2	6	5	NA	2	9	3	10	12	7	12	NA	8	5	NA	3	5	11	2	2	5	NA	5	3	1	6	6	7	5	2	NA	3	4	5	1	7	NA	3	1	2	11	7	4	2	6	2	4	5	2	3	12	7	7	9	10	4	3	4	NA	5	NA	3	2	2	7	NA	3	11	6	4	6	11	4	7	2
30	2	3	3	11	NA	NA	NA	14	13	8	NA	4	NA	5	8	NA	NA	9	1	2	NA	13	11	7	7	4	10	4	NA	2	15	4	15	12	3	8	NA	10	6	NA	5	7	13	2	3	9	NA	3	7	2	6	3	15	8	4	NA	2	2	5	5	12	NA	2	1	4	13	5	5	NA	7	5	9	3	3	5	12	7	6	17	10	8	8	8	NA	12	NA	5	3	2	11	NA	3	13	9	3	8	16	4	7	2
35	2	2	1	10	NA	NA	NA	13	12	11	NA	7	NA	6	9	NA	NA	9	1	1	NA	15	11	5	7	5	8	6	NA	3	19	3	16	13	5	5	NA	10	9	NA	6	4	9	4	0	9	NA	3	12	3	4	4	21	5	3	NA	4	2	6	7	11	NA	1	2	5	17	9	6	NA	15	4	12	5	8	2	8	6	4	17	13	8	8	14	NA	15	NA	4	6	4	14	NA	5	15	13	8	11	11	11	9	6
40	4	3	NA	13	NA	NA	NA	18	11	13	NA	7	NA	9	13	NA	NA	8	1	3	NA	18	13	5	2	4	8	7	NA	1	21	4	17	12	5	5	NA	7	13	NA	6	8	11	7	NA	10	NA	8	9	4	6	4	25	8	2	NA	5	4	8	7	7	NA	3	1	7	25	8	9	NA	18	2	10	8	6	1	14	10	5	17	12	9	15	18	NA	16	NA	8	4	6	20	NA	8	15	14	10	11	12	10	5	4
45	6	5	NA	13	NA	NA	NA	18	13	17	NA	6	NA	3	13	NA	NA	11	NA	6	NA	26	14	6	5	3	10	4	NA	1	18	4	15	16	5	3	NA	10	12	NA	5	12	3	4	NA	11	NA	9	9	4	7	5	36	5	2	NA	7	2	15	6	9	NA	3	3	3	23	5	10	NA	16	2	8	6	7	3	13	14	7	17	9	10	14	19	NA	16	NA	13	5	6	19	NA	6	18	12	12	20	12	11	10	6
50	7	3	NA	20	NA	NA	NA	21	8	24	NA	1	NA	2	16	NA	NA	16	NA	8	NA	27	16	5	4	5	11	2	NA	1	21	8	16	21	6	1	NA	14	10	NA	7	9	3	6	NA	12	NA	8	11	2	8	6	36	6	3	NA	6	NA	9	10	16	NA	1	2	3	27	7	9	NA	24	2	8	5	7	4	10	11	7	25	15	10	17	27	NA	19	NA	11	7	12	15	NA	5	23	12	9	15	13	15	8	8
55	11	5	NA	18	NA	NA	NA	30	10	31	NA	2	NA	NA	9	NA	NA	8	NA	5	NA	32	19	4	10	5	11	2	NA	NA	23	8	18	21	7	1	NA	12	12	NA	13	11	4	9	NA	18	NA	12	14	1	12	9	31	10	4	NA	4	NA	9	18	14	NA	1	3	2	34	12	13	NA	30	2	9	3	7	6	6	9	19	33	15	12	15	27	NA	21	NA	14	7	11	18	NA	6	24	12	10	19	11	18	7	6
60	8	5	NA	23	NA	NA	NA	26	12	39	NA	NA	NA	NA	15	NA	NA	10	NA	4	NA	40	20	4	11	7	14	2	NA	NA	19	9	23	24	8	2	NA	10	8	NA	15	11	7	11	NA	23	NA	13	12	1	16	6	32	10	10	NA	5	NA	8	19	13	NA	1	1	8	32	15	13	NA	32	3	10	4	13	6	13	9	17	44	17	13	14	23	NA	30	NA	10	6	7	26	NA	6	29	10	12	24	9	29	8	10
65	8	6	NA	23	NA	NA	NA	24	9	40	NA	NA	NA	NA	11	NA	NA	8	NA	5	NA	42	22	2	16	4	17	2	NA	NA	21	12	29	26	8	4	NA	11	15	NA	13	11	6	10	NA	31	NA	17	16	2	19	6	38	12	9	NA	8	NA	12	17	13	NA	1	1	9	40	13	24	NA	35	4	16	2	23	7	17	8	21	56	15	15	17	23	NA	34	NA	11	9	6	27	NA	3	43	10	8	25	8	33	7	11
70	15	5	NA	23	NA	NA	NA	29	4	48	NA	NA	NA	NA	10	NA	NA	13	NA	3	NA	39	19	2	13	4	15	5	NA	NA	18	11	30	34	12	5	NA	11	18	NA	14	10	4	11	NA	31	NA	18	23	1	19	2	42	13	9	NA	10	NA	13	19	10	NA	NA	2	10	40	10	19	NA	36	8	22	3	26	4	19	9	27	83	22	13	18	23	NA	37	NA	13	10	5	30	NA	6	53	8	6	31	16	37	8	14
75	12	5	NA	22	NA	NA	NA	30	11	57	NA	NA	NA	NA	13	NA	NA	18	NA	4	NA	45	24	2	16	8	21	4	NA	NA	31	14	25	34	19	3	NA	10	16	NA	19	13	5	21	NA	34	NA	16	34	1	14	2	60	12	11	NA	8	NA	8	25	12	NA	NA	2	11	43	12	23	NA	37	10	20	2	25	7	20	8	26	74	26	18	17	22	NA	43	NA	15	15	3	27	NA	8	55	8	6	33	20	49	7	12
80	9	6	NA	23	NA	NA	NA	30	10	64	NA	NA	NA	NA	19	NA	NA	10	NA	5	NA	54	33	2	18	5	22	5	NA	NA	22	16	25	53	15	5	NA	5	14	NA	27	8	9	28	NA	46	NA	20	32	2	11	2	61	14	12	NA	10	NA	14	24	16	NA	NA	4	13	44	12	19	NA	54	6	20	7	30	8	19	7	30	84	22	22	19	24	NA	36	NA	17	18	6	30	NA	8	54	6	6	34	21	46	5	18
85	11	9	NA	21	NA	NA	NA	33	9	88	NA	NA	NA	NA	25	NA	NA	17	NA	8	NA	57	29	3	28	7	20	5	NA	NA	36	15	25	65	21	5	NA	8	12	NA	33	10	8	33	NA	40	NA	19	35	2	13	5	80	10	16	NA	9	NA	15	25	18	NA	NA	4	18	54	14	25	NA	51	6	24	4	34	9	19	7	26	94	22	22	19	30	NA	49	NA	17	18	6	37	NA	8	87	11	3	33	20	44	9	13
90	16	14	NA	28	NA	NA	NA	45	10	89	NA	NA	NA	NA	27	NA	NA	17	NA	7	NA	56	44	3	26	10	26	6	NA	NA	34	9	25	68	23	11	NA	6	13	NA	29	8	12	34	NA	60	NA	26	37	6	16	6	74	14	19	NA	10	NA	12	21	18	NA	NA	3	17	68	15	29	NA	56	6	25	6	38	11	31	9	33	106	22	21	22	38	NA	61	NA	29	27	8	40	NA	7	91	11	3	38	15	46	11	21
95	14	21	NA	29	NA	NA	NA	59	10	109	NA	NA	NA	NA	22	NA	NA	17	NA	11	NA	71	44	3	30	6	32	8	NA	NA	36	9	23	74	36	13	NA	7	23	NA	37	10	11	30	NA	57	NA	27	36	7	22	14	66	11	22	NA	11	NA	13	23	13	NA	NA	4	22	77	16	25	NA	66	5	26	7	35	13	22	12	32	109	17	23	24	48	NA	60	NA	21	21	7	30	NA	11	98	14	2	46	13	54	8	17
100	21	23	NA	42	NA	NA	NA	53	8	121	NA	NA	NA	NA	19	NA	NA	28	NA	15	NA	73	38	3	40	12	30	9	NA	NA	48	9	22	87	45	16	NA	5	18	NA	39	12	10	46	NA	58	NA	29	38	9	18	14	87	7	20	NA	12	NA	13	28	15	NA	NA	2	17	80	23	27	NA	60	10	32	6	34	13	25	18	29	115	19	23	23	45	NA	72	NA	24	29	11	38	NA	14	110	24	4	56	17	63	12	22
105	21	28	NA	52	NA	NA	NA	62	5	127	NA	NA	NA	NA	23	NA	NA	28	NA	22	NA	95	36	5	45	12	39	10	NA	NA	44	14	27	104	51	18	NA	5	19	NA	52	13	13	55	NA	63	NA	34	43	8	20	8	93	6	20	NA	22	NA	14	29	16	NA	NA	5	22	85	22	33	NA	59	12	35	3	52	12	23	12	37	122	23	32	24	51	NA	77	NA	25	33	9	39	NA	9	117	27	5	69	25	68	12	25
110	25	33	NA	55	NA	NA	NA	69	7	151	NA	NA	NA	NA	23	NA	NA	21	NA	25	NA	91	41	5	50	8	35	8	NA	NA	54	16	34	100	60	23	NA	4	23	NA	53	15	16	63	NA	69	NA	35	55	13	22	12	101	9	26	NA	22	NA	16	36	24	NA	NA	3	23	92	26	36	NA	74	16	30	2	62	19	31	16	44	136	27	33	31	54	NA	75	NA	31	33	9	42	NA	8	145	35	5	73	39	92	13	30
115	27	37	NA	66	NA	NA	NA	66	7	183	NA	NA	NA	NA	25	NA	NA	21	NA	28	NA	96	48	3	55	13	50	5	NA	NA	56	16	33	102	52	23	NA	2	21	NA	62	21	20	76	NA	82	NA	38	54	8	30	17	122	11	26	NA	28	NA	17	44	21	NA	NA	8	25	105	31	41	NA	67	19	31	1	54	21	40	18	51	137	30	31	39	48	NA	68	NA	32	45	7	41	NA	8	167	41	8	77	41	115	13	34
120	34	41	NA	81	NA	NA	NA	59	6	193	NA	NA	NA	NA	26	NA	NA	24	NA	36	NA	117	53	3	55	12	56	4	NA	NA	53	17	44	133	69	27	NA	2	24	NA	83	17	21	95	NA	88	NA	38	74	8	26	21	135	18	21	NA	30	NA	17	50	25	NA	NA	8	33	112	36	41	NA	71	16	35	2	70	16	50	15	45	153	41	38	36	61	NA	73	NA	35	53	5	34	NA	13	182	37	7	87	36	120	14	38
125	35	39	NA	79	NA	NA	NA	67	7	248	NA	NA	NA	NA	36	NA	NA	32	NA	46	NA	130	53	7	78	17	64	7	NA	NA	59	22	47	113	85	29	NA	2	13	NA	75	19	19	94	NA	102	NA	48	86	15	33	29	143	21	24	NA	21	NA	10	55	43	NA	NA	5	42	123	28	49	NA	66	21	30	3	82	20	59	17	62	183	55	43	42	64	NA	96	NA	43	60	9	40	NA	13	224	40	6	91	44	111	10	38
130	54	53	NA	98	NA	NA	NA	76	7	294	NA	NA	NA	NA	43	NA	NA	41	NA	45	NA	134	60	8	64	19	80	10	NA	NA	72	33	48	148	79	30	NA	3	18	NA	88	18	19	100	NA	123	NA	62	94	9	28	29	183	19	15	NA	25	NA	16	54	38	NA	NA	5	49	131	39	48	NA	71	32	43	2	91	13	71	18	66	223	67	32	55	64	NA	108	NA	49	69	7	53	NA	20	239	53	8	112	59	140	16	48
135	51	59	NA	98	NA	NA	NA	88	8	316	NA	NA	NA	NA	39	NA	NA	43	NA	41	NA	132	69	12	83	21	90	7	NA	NA	82	36	57	160	74	38	NA	NA	23	NA	100	29	29	131	NA	125	NA	58	85	13	37	36	206	19	19	NA	24	NA	14	65	34	NA	NA	8	59	145	44	50	NA	79	38	59	2	98	16	78	29	71	214	72	37	51	73	NA	127	NA	63	93	6	51	NA	20	280	61	9	117	68	143	14	52
140	60	69	NA	125	NA	NA	NA	104	10	351	NA	NA	NA	NA	39	NA	NA	51	NA	49	NA	143	80	10	72	20	107	9	NA	NA	83	41	66	180	101	42	NA	NA	27	NA	105	35	30	149	NA	137	NA	57	89	20	45	39	210	21	27	NA	28	NA	15	66	37	NA	NA	9	73	175	47	57	NA	98	37	64	2	117	25	70	33	77	246	87	48	67	80	NA	117	NA	49	88	6	55	NA	22	296	40	6	127	68	160	14	53
145	70	90	NA	127	NA	NA	NA	105	10	336	NA	NA	NA	NA	42	NA	NA	53	NA	47	NA	155	90	15	79	23	125	8	NA	NA	94	50	66	196	100	44	NA	NA	34	NA	102	45	43	159	NA	129	NA	77	98	27	47	41	224	25	34	NA	20	NA	20	71	37	NA	NA	11	70	178	58	63	NA	112	38	66	2	125	28	65	37	91	251	96	46	55	80	NA	142	NA	52	101	6	55	NA	28	298	48	6	142	78	184	17	55
150	72	98	NA	141	NA	NA	NA	130	8	375	NA	NA	NA	NA	45	NA	NA	57	NA	59	NA	168	101	12	85	26	134	11	NA	NA	103	55	77	227	102	55	NA	NA	30	NA	135	43	45	195	NA	145	NA	69	128	29	57	40	262	22	35	NA	26	NA	21	72	36	NA	NA	16	80	209	62	72	NA	148	38	84	5	154	25	75	29	83	292	108	53	72	95	NA	163	NA	60	94	6	69	NA	33	330	44	9	137	78	198	12	53
155	84	111	NA	159	NA	NA	NA	132	4	407	NA	NA	NA	NA	64	NA	NA	56	NA	63	NA	169	99	13	76	21	147	5	NA	NA	116	52	82	271	113	63	NA	NA	45	NA	160	52	55	213	NA	190	NA	80	162	30	58	39	275	19	34	NA	29	NA	21	84	51	NA	NA	19	87	205	55	75	NA	155	45	95	5	174	25	82	36	86	306	125	50	72	92	NA	173	NA	72	101	6	80	NA	45	383	53	7	144	79	229	14	57
160	105	106	NA	160	NA	NA	NA	163	6	436	NA	NA	NA	NA	63	NA	NA	57	NA	83	NA	194	119	11	83	31	143	4	NA	NA	149	68	99	276	126	69	NA	NA	31	NA	191	57	51	218	NA	212	NA	87	176	34	53	34	307	24	43	NA	25	NA	18	117	44	NA	NA	16	99	234	59	70	NA	167	52	109	2	196	37	98	50	88	318	129	54	81	96	NA	186	NA	74	115	10	74	NA	48	423	70	6	171	93	260	15	68
165	133	127	NA	179	NA	NA	NA	157	6	455	NA	NA	NA	NA	65	NA	NA	65	NA	100	NA	216	128	12	90	31	176	5	NA	NA	151	69	105	311	144	84	NA	NA	28	NA	188	51	57	261	NA	229	NA	94	161	51	63	42	334	29	44	NA	22	NA	16	121	31	NA	NA	20	110	257	66	98	NA	186	46	128	1	211	42	109	58	101	339	144	69	89	115	NA	190	NA	76	122	6	86	NA	59	441	97	5	171	105	265	17	68
170	129	147	NA	195	NA	NA	NA	149	5	473	NA	NA	NA	NA	71	NA	NA	83	NA	94	NA	217	142	12	110	42	198	5	NA	NA	154	71	122	340	167	106	NA	NA	34	NA	219	47	64	267	NA	248	NA	109	196	45	67	42	389	35	59	NA	25	NA	22	139	40	NA	NA	10	106	274	66	97	NA	225	44	149	2	225	48	109	62	123	351	165	76	77	138	NA	210	NA	86	120	3	83	NA	72	469	101	4	196	89	316	18	73
175	138	153	NA	227	NA	NA	NA	168	7	539	NA	NA	NA	NA	87	NA	NA	93	NA	124	NA	239	167	20	130	46	217	12	NA	NA	179	86	132	368	189	137	NA	NA	45	NA	211	51	53	300	NA	303	NA	147	226	48	90	39	386	38	61	NA	30	NA	22	158	39	NA	NA	16	133	270	80	119	NA	269	43	180	3	297	66	113	79	119	414	170	62	89	165	NA	237	NA	83	128	3	89	NA	90	503	107	2	204	119	325	20	83
180	164	181	NA	259	NA	NA	NA	194	8	592	NA	NA	NA	NA	94	NA	NA	91	NA	149	NA	262	177	34	126	55	239	11	NA	NA	200	76	165	395	204	133	NA	NA	47	NA	216	71	52	366	NA	304	NA	148	236	52	82	44	403	32	68	NA	26	NA	23	160	40	NA	NA	21	155	306	86	122	NA	274	47	205	3	319	58	129	84	146	428	179	55	112	180	NA	269	NA	93	135	4	91	NA	99	552	114	1	202	132	340	31	99
185	189	195	NA	281	NA	NA	NA	227	12	625	NA	NA	NA	NA	96	NA	NA	109	NA	169	NA	260	182	28	140	56	269	16	NA	NA	240	86	180	438	221	140	NA	NA	47	NA	249	60	59	375	NA	336	NA	155	258	52	81	60	432	38	80	NA	34	NA	27	166	42	NA	NA	25	161	321	82	134	NA	303	53	220	3	322	65	149	88	144	446	206	56	127	202	NA	289	NA	112	162	6	102	NA	107	559	112	2	223	145	372	29	109
190	197	227	NA	294	NA	NA	NA	240	18	673	NA	NA	NA	NA	99	NA	NA	124	NA	186	NA	264	205	37	155	65	314	14	NA	NA	258	106	207	453	234	140	NA	NA	50	NA	287	59	74	413	NA	350	NA	177	295	60	98	62	447	49	76	NA	39	NA	37	179	44	NA	NA	25	178	355	91	148	NA	325	54	244	3	332	55	186	121	143	524	227	53	146	204	NA	336	NA	117	171	4	119	NA	112	613	125	5	247	159	406	26	125
195	235	266	NA	335	NA	NA	NA	234	16	719	NA	NA	NA	NA	87	NA	NA	144	NA	224	NA	283	232	48	179	53	397	24	NA	NA	290	134	197	524	277	151	NA	NA	56	NA	341	62	77	446	NA	368	NA	208	328	56	131	81	478	47	83	NA	48	NA	37	174	56	NA	NA	33	186	373	104	170	NA	370	44	251	4	378	70	207	140	146	555	246	64	151	219	NA	361	NA	122	192	6	147	NA	112	623	135	3	273	169	448	21	138
200	251	281	NA	352	NA	NA	NA	238	13	772	NA	NA	NA	NA	99	NA	NA	150	NA	245	NA	297	253	49	167	51	437	27	NA	NA	294	154	208	523	296	172	NA	NA	65	NA	379	64	102	503	NA	427	NA	227	361	46	137	81	497	50	97	NA	57	NA	35	205	54	NA	NA	28	177	413	132	182	NA	397	45	277	3	399	80	225	139	171	575	265	71	148	238	NA	384	NA	132	207	5	171	NA	121	671	142	2	308	168	485	25	156
205	291	304	NA	392	NA	NA	NA	235	13	816	NA	NA	NA	NA	114	NA	NA	178	NA	265	NA	317	263	57	178	55	455	23	NA	NA	313	201	234	589	318	173	NA	NA	77	NA	365	70	106	530	NA	453	NA	253	389	64	138	79	527	54	111	NA	70	NA	47	228	45	NA	NA	41	181	485	137	189	NA	407	46	313	2	442	88	223	163	197	649	282	82	166	258	NA	400	NA	171	226	7	176	NA	132	668	159	2	299	194	525	35	171
210	291	351	NA	421	NA	NA	NA	258	22	825	NA	NA	NA	NA	137	NA	NA	193	NA	313	NA	356	308	57	197	64	522	29	NA	NA	358	207	245	576	329	197	NA	NA	76	NA	402	68	133	633	NA	502	NA	272	435	76	167	92	575	59	112	NA	85	NA	46	272	56	NA	NA	46	184	560	148	191	NA	441	41	334	4	472	113	246	164	227	688	290	99	159	295	NA	412	NA	195	247	5	216	NA	145	709	179	0	332	214	587	35	187
215	315	341	NA	465	NA	NA	NA	284	20	903	NA	NA	NA	NA	142	NA	NA	217	NA	314	NA	368	341	47	230	66	513	35	NA	NA	366	235	261	616	357	229	NA	NA	102	NA	442	73	157	673	NA	549	NA	322	462	88	196	96	608	56	132	NA	82	NA	40	308	67	NA	NA	48	220	624	169	253	NA	468	59	353	5	497	109	273	182	231	778	336	102	184	273	NA	436	NA	213	297	4	232	NA	166	767	180	NA	357	246	643	33	226
220	333	372	NA	504	NA	NA	NA	324	16	963	NA	NA	NA	NA	155	NA	NA	215	NA	327	NA	369	411	55	266	67	560	41	NA	NA	406	280	302	652	384	233	NA	NA	115	NA	465	95	205	723	NA	598	NA	332	479	96	175	115	634	61	129	NA	101	NA	44	335	66	NA	NA	48	242	674	184	274	NA	491	60	387	4	536	120	289	182	258	873	353	112	191	290	NA	470	NA	248	338	4	247	NA	200	750	184	NA	387	261	717	36	249
225	388	393	NA	543	NA	NA	NA	387	19	986	NA	NA	NA	NA	181	NA	NA	202	NA	339	NA	438	431	71	312	85	589	44	NA	NA	458	282	347	676	405	280	NA	NA	129	NA	519	120	229	770	NA	655	NA	380	485	117	179	122	682	74	157	NA	122	NA	45	381	78	NA	NA	59	266	688	205	319	NA	531	60	406	4	594	130	323	202	269	920	407	117	212	342	NA	500	NA	248	351	4	283	NA	205	836	205	NA	393	276	800	41	258
230	362	423	NA	595	NA	NA	NA	408	22	1003	NA	NA	NA	NA	190	NA	NA	235	NA	397	NA	477	453	68	330	92	630	51	NA	NA	556	285	325	742	408	327	NA	NA	136	NA	536	111	277	788	NA	665	NA	449	550	116	200	125	758	74	174	NA	113	NA	50	419	96	NA	NA	68	288	766	235	351	NA	540	71	403	NA	679	140	342	210	291	1013	386	130	215	373	NA	539	NA	298	357	5	322	NA	197	899	236	NA	406	301	849	53	303
235	403	472	NA	653	NA	NA	NA	429	23	1049	NA	NA	NA	NA	204	NA	NA	235	NA	400	NA	498	506	77	349	89	661	61	NA	NA	629	323	326	792	447	365	NA	NA	155	NA	578	124	317	823	NA	735	NA	480	571	140	213	145	820	79	203	NA	139	NA	60	460	116	NA	NA	71	349	792	266	359	NA	615	89	452	NA	753	141	339	239	314	1045	435	136	236	391	NA	574	NA	312	364	7	335	NA	224	867	276	NA	461	336	894	41	332
240	446	520	NA	716	NA	NA	NA	455	28	1091	NA	NA	NA	NA	219	NA	NA	267	NA	434	NA	538	512	82	403	91	690	77	NA	NA	669	357	374	878	451	383	NA	NA	152	NA	625	155	330	863	NA	804	NA	514	638	155	257	166	861	77	215	NA	161	NA	69	514	132	NA	NA	70	369	874	280	405	NA	689	111	461	NA	786	159	360	255	335	1121	493	170	287	417	NA	636	NA	335	410	11	363	NA	246	885	288	NA	505	362	929	41	377
245	431	545	NA	742	NA	NA	NA	483	29	1098	NA	NA	NA	NA	218	NA	NA	302	NA	502	NA	554	516	93	491	100	739	83	NA	NA	703	401	410	887	489	469	NA	NA	178	NA	649	170	376	897	NA	845	NA	554	676	172	263	198	870	98	231	NA	185	NA	57	499	155	NA	NA	70	399	902	296	447	NA	683	105	509	NA	839	161	403	298	344	1196	491	181	327	443	NA	668	NA	395	405	10	431	NA	267	941	284	NA	539	370	950	46	405
250	497	607	NA	752	NA	NA	NA	524	27	1102	NA	NA	NA	NA	237	NA	NA	364	NA	520	NA	606	556	107	520	124	776	98	NA	NA	717	416	468	896	530	465	NA	NA	203	NA	730	185	420	1009	NA	916	NA	599	724	185	270	217	860	105	261	NA	173	NA	72	544	170	NA	NA	84	450	935	336	513	NA	722	114	572	NA	897	197	421	322	368	1184	536	188	373	453	NA	749	NA	456	473	22	450	NA	303	980	325	NA	584	373	954	44	459
255	528	667	NA	769	NA	NA	NA	595	31	1173	NA	NA	NA	NA	249	NA	NA	397	NA	580	NA	673	607	111	559	124	784	94	NA	NA	764	436	504	927	574	542	NA	NA	215	NA	770	205	459	1066	NA	980	NA	649	762	193	288	241	904	107	316	NA	204	NA	87	566	185	NA	NA	79	461	980	366	542	NA	803	130	592	NA	954	221	460	357	414	1225	558	218	391	493	NA	765	NA	501	496	25	463	NA	329	1015	328	NA	596	433	965	53	481
260	556	701	NA	880	NA	NA	NA	625	40	1200	NA	NA	NA	NA	298	NA	NA	435	NA	621	NA	737	668	110	620	138	819	98	NA	NA	808	463	539	933	608	579	NA	NA	262	NA	786	212	451	1120	NA	1057	NA	717	849	225	319	260	938	130	339	NA	258	NA	86	628	196	NA	NA	85	479	1025	362	582	NA	845	142	606	NA	956	247	481	381	464	1196	626	233	400	539	NA	827	NA	510	549	26	497	NA	354	985	336	NA	602	448	976	56	532
265	639	766	NA	894	NA	NA	NA	648	39	1193	NA	NA	NA	NA	301	NA	NA	461	NA	682	NA	765	685	129	723	150	871	122	NA	NA	869	533	593	1003	660	624	NA	NA	260	NA	835	244	499	1161	NA	1111	NA	778	902	243	371	286	955	134	383	NA	291	NA	109	657	218	NA	NA	109	526	1064	432	633	NA	948	149	631	NA	1039	268	506	442	481	1130	690	253	441	553	NA	886	NA	558	589	25	537	NA	371	1020	373	NA	679	506	1031	80	615
270	682	839	NA	922	NA	NA	NA	723	41	1135	NA	NA	NA	NA	312	NA	NA	521	NA	738	NA	775	731	133	775	176	865	117	NA	NA	912	576	568	1032	668	667	NA	NA	307	NA	949	282	532	1217	NA	1172	NA	790	913	275	429	297	1023	151	386	NA	287	NA	97	709	240	NA	NA	98	536	1100	463	705	NA	1015	162	707	NA	1068	305	563	443	540	1240	754	277	497	604	NA	951	NA	634	634	32	603	NA	372	1078	400	NA	697	592	1049	68	640
275	760	898	NA	937	NA	NA	NA	765	49	1157	NA	NA	NA	NA	348	NA	NA	555	NA	728	NA	798	779	169	774	177	1000	106	NA	NA	948	593	666	1054	714	722	NA	NA	346	NA	1021	335	566	1292	NA	1277	NA	826	931	280	450	326	1028	147	417	NA	315	NA	106	754	258	NA	NA	101	598	1056	507	732	NA	1025	196	738	NA	1145	323	555	502	550	1228	799	288	564	610	NA	978	NA	639	681	36	585	NA	400	1060	447	NA	717	655	1115	71	714
280	799	974	NA	936	NA	NA	NA	815	58	1061	NA	NA	NA	NA	372	NA	NA	601	NA	765	NA	848	830	183	831	197	982	120	NA	NA	971	681	704	1046	724	790	NA	NA	379	NA	1043	346	589	1284	NA	1257	NA	895	1010	317	490	339	1035	167	480	NA	344	NA	117	809	300	NA	NA	125	643	1041	618	761	NA	1078	186	790	NA	1143	367	630	555	572	1254	830	315	602	703	NA	994	NA	632	700	45	629	NA	448	1071	502	NA	809	714	1177	77	731
285	873	989	NA	941	NA	NA	NA	876	69	1065	NA	NA	NA	NA	410	NA	NA	633	NA	838	NA	878	874	229	875	222	977	119	NA	NA	970	747	735	1046	736	842	NA	NA	356	NA	1091	374	647	1383	NA	1264	NA	965	1096	353	487	332	1003	168	501	NA	387	NA	130	868	295	NA	NA	133	661	1107	632	840	NA	1050	220	808	NA	1204	428	656	594	591	1227	899	351	688	740	NA	1012	NA	636	746	41	694	NA	475	1102	539	NA	861	738	1126	79	770
290	878	1055	NA	971	NA	NA	NA	919	86	1014	NA	NA	NA	NA	413	NA	NA	647	NA	871	NA	940	937	240	907	236	1034	128	NA	NA	1041	806	754	1024	793	893	NA	NA	398	NA	1123	425	685	1372	NA	1269	NA	1074	1116	344	537	377	985	213	580	NA	414	NA	142	876	320	NA	NA	149	748	1096	693	845	NA	1106	246	831	NA	1250	433	730	596	628	1170	974	379	725	822	NA	1052	NA	679	800	52	720	NA	464	1087	561	NA	914	800	1093	82	832
295	906	1110	NA	1015	NA	NA	NA	914	103	1026	NA	NA	NA	NA	439	NA	NA	708	NA	937	NA	974	959	273	977	266	1028	135	NA	NA	996	842	785	1023	819	961	NA	NA	446	NA	1167	426	731	1392	NA	1292	NA	1087	1138	387	539	363	1043	228	617	NA	456	NA	167	916	340	NA	NA	148	802	1051	742	867	NA	1106	277	908	NA	1335	490	756	606	622	1117	967	459	751	884	NA	1025	NA	747	827	62	754	NA	474	962	596	NA	1040	876	1144	93	900
300	938	1113	NA	1005	NA	NA	NA	959	109	966	NA	NA	NA	NA	478	NA	NA	771	NA	1011	NA	998	993	294	1042	288	1078	138	NA	NA	1084	924	804	1007	861	1008	NA	NA	439	NA	1212	474	822	1338	NA	1273	NA	1173	1157	441	569	398	970	246	649	NA	511	NA	183	940	359	NA	NA	168	834	1117	762	995	NA	1145	293	952	NA	1333	546	816	684	707	1106	1002	523	755	931	NA	1093	NA	741	871	69	839	NA	538	952	604	NA	1037	947	1110	105	981
305	995	1100	NA	1064	NA	NA	NA	1013	113	927	NA	NA	NA	NA	527	NA	NA	812	NA	1027	NA	1049	989	303	1095	330	1135	156	NA	NA	1082	945	816	951	875	1075	NA	NA	535	NA	1169	534	870	1303	NA	1278	NA	1184	1169	465	605	445	913	286	711	NA	554	NA	187	942	390	NA	NA	175	889	1111	787	1003	NA	1166	345	973	NA	1326	603	879	713	746	1080	1028	579	812	999	NA	1125	NA	777	913	72	848	NA	597	920	668	NA	1010	1054	1148	94	995
310	998	1158	NA	1046	NA	NA	NA	1078	134	876	NA	NA	NA	NA	527	NA	NA	838	NA	1084	NA	1117	950	348	1083	342	1118	190	NA	NA	1148	966	872	995	937	1086	NA	NA	598	NA	1138	561	947	1226	NA	1215	NA	1217	1229	512	669	472	891	302	706	NA	605	NA	210	951	413	NA	NA	195	965	1114	804	1078	NA	1198	392	1047	NA	1288	651	894	768	778	1043	1067	628	834	998	NA	1127	NA	854	959	89	895	NA	618	899	711	NA	1044	1106	1181	115	1067
315	1047	1159	NA	1124	NA	NA	NA	1112	139	847	NA	NA	NA	NA	565	NA	NA	911	NA	1057	NA	1135	1003	377	1091	387	1136	227	NA	NA	1096	1019	890	980	951	1107	NA	NA	601	NA	1128	610	1011	1132	NA	1207	NA	1280	1206	554	724	512	931	359	763	NA	617	NA	205	988	465	NA	NA	207	974	1121	846	1121	NA	1268	452	1058	NA	1229	705	912	836	837	1008	1124	656	884	1055	NA	1146	NA	890	999	95	942	NA	611	832	815	NA	1106	1151	1101	109	1097
320	1043	1209	NA	1121	NA	NA	NA	1183	169	815	NA	NA	NA	NA	602	NA	NA	920	NA	1079	NA	1116	1010	367	1119	403	1048	283	NA	NA	1078	1020	910	935	1073	1080	NA	NA	651	NA	1126	663	1077	1110	NA	1124	NA	1254	1220	611	755	520	926	372	779	NA	687	NA	215	986	509	NA	NA	213	1005	1100	886	1097	NA	1199	493	1090	NA	1196	740	960	829	897	944	1117	746	985	1109	NA	1144	NA	874	994	100	1007	NA	662	781	832	NA	1210	1144	1041	105	1186
325	1072	1264	NA	1063	NA	NA	NA	1206	169	768	NA	NA	NA	NA	607	NA	NA	980	NA	1128	NA	1085	1042	413	1165	466	1061	312	NA	NA	1077	1061	938	934	1066	1115	NA	NA	691	NA	1076	711	1141	1031	NA	1078	NA	1301	1195	660	856	528	920	357	832	NA	713	NA	247	1089	560	NA	NA	234	1054	1065	900	1091	NA	1232	545	1103	NA	1156	821	977	885	904	889	1103	834	1004	1174	NA	1101	NA	855	1025	130	975	NA	703	704	856	NA	1192	1197	992	107	1223
330	1091	1221	NA	1014	NA	NA	NA	1242	191	681	NA	NA	NA	NA	620	NA	NA	1022	NA	1117	NA	1051	1056	456	1190	506	1069	358	NA	NA	1080	1110	950	897	1119	1140	NA	NA	748	NA	1078	742	1181	943	NA	1060	NA	1291	1152	667	886	565	875	404	865	NA	781	NA	259	1033	586	NA	NA	255	1069	1042	894	1113	NA	1183	578	1100	NA	1081	918	952	893	964	795	1122	900	1033	1182	NA	1150	NA	899	1075	133	1017	NA	744	669	917	NA	1193	1172	935	127	1227
335	1103	1156	NA	991	NA	NA	NA	1210	199	630	NA	NA	NA	NA	639	NA	NA	1014	NA	1123	NA	1069	1053	471	1187	550	976	415	NA	NA	1022	1188	928	843	1132	1094	NA	NA	813	NA	1103	819	1237	876	NA	1032	NA	1252	1107	736	927	629	846	415	885	NA	838	NA	309	1012	651	NA	NA	304	1079	953	952	1188	NA	1136	630	1119	NA	1062	958	992	910	943	725	1145	947	1041	1181	NA	1063	NA	929	1068	126	1054	NA	846	636	1000	NA	1205	1245	969	131	1243
340	1136	1150	NA	1030	NA	NA	NA	1178	205	586	NA	NA	NA	NA	702	NA	NA	1081	NA	1117	NA	1003	1071	486	1194	591	949	470	NA	NA	997	1177	977	789	1140	1120	NA	NA	911	NA	1079	852	1275	798	NA	1007	NA	1240	1043	743	983	621	762	442	926	NA	902	NA	305	1008	673	NA	NA	334	1127	874	951	1154	NA	1114	662	1123	NA	1018	929	964	903	1070	655	1062	1031	1073	1226	NA	1048	NA	916	1017	131	1063	NA	840	615	983	NA	1159	1205	906	145	1241
345	1122	1098	NA	941	NA	NA	NA	1147	264	517	NA	NA	NA	NA	753	NA	NA	1078	NA	1097	NA	1022	1041	542	1210	600	886	461	NA	NA	933	1168	1017	771	1080	1140	NA	NA	953	NA	1003	860	1313	696	NA	948	NA	1246	1003	782	1047	706	764	511	954	NA	892	NA	340	1010	702	NA	NA	371	1124	824	965	1187	NA	1005	731	1076	NA	907	1027	979	945	1045	600	1053	1051	1088	1212	NA	984	NA	954	1052	134	1097	NA	894	568	995	NA	1140	1215	798	165	1271
350	1134	1094	NA	878	NA	NA	NA	1112	274	477	NA	NA	NA	NA	783	NA	NA	1074	NA	1147	NA	1003	1042	580	1158	659	812	505	NA	NA	914	1167	1066	707	1084	1127	NA	NA	951	NA	948	896	1299	624	NA	857	NA	1175	986	779	1033	799	698	527	959	NA	996	NA	357	1049	720	NA	NA	410	1165	747	980	1180	NA	975	718	1036	NA	887	1089	1001	1002	1032	538	1074	1065	1103	1145	NA	933	NA	954	1057	167	1094	NA	928	516	1011	NA	1094	1188	739	189	1291
355	1060	1119	NA	851	NA	NA	NA	1131	321	456	NA	NA	NA	NA	812	NA	NA	1044	NA	1172	NA	884	1066	632	1146	686	804	547	NA	NA	867	1158	1101	711	1107	1092	NA	NA	994	NA	938	944	1341	552	NA	783	NA	1149	921	832	1036	841	671	509	1007	NA	1009	NA	388	1059	817	NA	NA	449	1099	707	985	1170	NA	946	792	1013	NA	817	1061	995	1053	1024	525	1034	1090	1093	1065	NA	869	NA	935	1048	161	1107	NA	997	502	995	NA	1027	1150	689	181	1289
360	1043	1023	NA	769	NA	NA	NA	1086	356	415	NA	NA	NA	NA	810	NA	NA	1091	NA	1128	NA	859	1044	652	1103	722	758	572	NA	NA	815	1172	1133	647	1119	1082	NA	NA	1045	NA	884	971	1350	550	NA	682	NA	1131	812	915	1038	881	630	550	1001	NA	1042	NA	414	1047	853	NA	NA	482	1108	654	1013	1112	NA	851	837	1038	NA	773	1057	996	1086	1041	472	1031	1147	1086	1089	NA	834	NA	902	1027	178	1091	NA	1059	451	1081	NA	959	1156	630	192	1228
365	962	991	NA	773	NA	NA	NA	1028	386	368	NA	NA	NA	NA	867	NA	NA	1094	NA	1099	NA	820	1003	663	1011	734	692	619	NA	NA	800	1151	1093	575	1117	1020	NA	NA	1061	NA	839	1017	1297	441	NA	620	NA	1048	787	920	1106	915	595	598	1016	NA	1028	NA	467	1043	911	NA	NA	516	1042	610	1089	1055	NA	787	869	984	NA	745	1028	1035	1079	1065	430	965	1131	1064	1101	NA	788	NA	919	997	185	1075	NA	1018	452	1075	NA	928	1119	595	218	1199
370	952	911	NA	721	NA	NA	NA	988	438	320	NA	NA	NA	NA	924	NA	NA	1038	NA	1127	NA	719	979	726	986	819	672	630	NA	NA	783	1137	1061	560	1053	1006	NA	NA	1049	NA	762	1060	1203	423	NA	557	NA	977	726	976	1119	970	585	650	1008	NA	1083	NA	504	1021	991	NA	NA	551	1046	567	1072	1069	NA	758	913	998	NA	728	1106	1000	1067	1068	402	945	1143	998	1083	NA	713	NA	917	964	196	1028	NA	1098	415	1079	NA	901	1151	550	245	1114
375	881	865	NA	660	NA	NA	NA	919	479	270	NA	NA	NA	NA	901	NA	NA	1011	NA	1060	NA	679	941	777	947	879	640	663	NA	NA	723	1137	1044	476	950	950	NA	NA	1128	NA	725	1133	1191	409	NA	479	NA	981	672	988	1085	992	515	671	1030	NA	1123	NA	577	1003	1017	NA	NA	623	1005	524	1084	980	NA	695	918	998	NA	602	1102	971	1058	1033	363	850	1217	963	1024	NA	661	NA	935	928	232	982	NA	1084	389	1054	NA	827	1105	466	266	1078
380	826	822	NA	594	NA	NA	NA	862	511	237	NA	NA	NA	NA	937	NA	NA	988	NA	939	NA	623	864	819	907	937	622	672	NA	NA	711	1087	993	456	913	900	NA	NA	1113	NA	667	1149	1135	365	NA	407	NA	935	621	1033	1085	1049	483	671	1148	NA	1134	NA	590	922	1058	NA	NA	643	987	459	1019	968	NA	615	994	1009	NA	577	1101	976	1087	1034	322	786	1163	932	980	NA	609	NA	954	893	263	995	NA	1118	393	1041	NA	791	1050	454	322	1033
385	767	757	NA	582	NA	NA	NA	763	572	232	NA	NA	NA	NA	982	NA	NA	948	NA	936	NA	571	890	862	831	947	611	742	NA	NA	690	1017	1007	415	845	874	NA	NA	1158	NA	591	1136	1098	326	NA	343	NA	883	593	1082	1114	1017	445	730	1172	NA	1100	NA	634	919	1086	NA	NA	689	897	413	1010	921	NA	554	1028	959	NA	528	1125	974	1039	1083	287	718	1259	960	866	NA	517	NA	989	901	301	909	NA	1142	320	1057	NA	775	986	369	326	968
390	711	670	NA	535	NA	NA	NA	724	597	223	NA	NA	NA	NA	990	NA	NA	948	NA	860	NA	553	835	869	757	1004	577	812	NA	NA	666	996	892	378	804	846	NA	NA	1176	NA	541	1151	1019	304	NA	282	NA	795	519	1012	1125	1018	414	755	1125	NA	1082	NA	678	818	1130	NA	NA	732	825	387	991	863	NA	517	998	865	NA	507	1068	917	991	1025	266	666	1182	930	818	NA	475	NA	981	930	351	882	NA	1101	273	1027	NA	686	949	383	363	962
395	678	630	NA	557	NA	NA	NA	636	665	189	NA	NA	NA	NA	1003	NA	NA	937	NA	804	NA	503	790	875	711	1031	517	853	NA	NA	647	894	875	370	731	794	NA	NA	1234	NA	507	1131	903	272	NA	273	NA	688	500	1061	1088	1050	370	815	1128	NA	1054	NA	714	720	1136	NA	NA	751	801	377	998	839	NA	460	1114	847	NA	463	1064	943	957	1051	231	566	1171	842	735	NA	426	NA	877	889	390	826	NA	1091	243	962	NA	626	903	312	411	873
400	671	565	NA	502	NA	NA	NA	621	677	164	NA	NA	NA	NA	982	NA	NA	937	NA	758	NA	457	736	943	642	1026	464	859	NA	NA	577	839	796	345	700	716	NA	NA	1198	NA	505	1115	842	254	NA	248	NA	602	465	1061	1060	1057	322	836	1121	NA	1115	NA	753	673	1150	NA	NA	760	788	350	985	823	NA	417	1101	788	NA	443	1037	899	943	1037	232	547	1123	823	717	NA	406	NA	884	840	443	770	NA	1113	233	969	NA	630	847	267	421	788
405	629	514	NA	450	NA	NA	NA	577	717	140	NA	NA	NA	NA	999	NA	NA	892	NA	704	NA	438	684	971	605	1033	428	910	NA	NA	530	774	820	319	632	686	NA	NA	1173	NA	468	1107	791	222	NA	222	NA	534	391	1124	995	1054	332	880	1051	NA	1081	NA	871	649	1172	NA	NA	787	741	322	932	754	NA	398	1118	682	NA	380	981	843	953	991	193	551	1055	813	633	NA	355	NA	817	745	459	748	NA	1067	220	949	NA	553	772	239	452	715
410	573	488	NA	402	NA	NA	NA	551	795	132	NA	NA	NA	NA	956	NA	NA	860	NA	678	NA	422	600	1003	549	1057	400	968	NA	NA	474	725	775	312	602	642	NA	NA	1120	NA	425	1082	714	194	NA	196	NA	494	374	1089	1009	1091	314	904	1035	NA	1027	NA	919	635	1187	NA	NA	820	667	310	870	699	NA	341	1095	650	NA	335	970	820	892	909	171	539	1044	819	551	NA	345	NA	796	703	464	764	NA	1106	175	852	NA	485	723	242	494	633
415	526	423	NA	389	NA	NA	NA	509	825	125	NA	NA	NA	NA	980	NA	NA	815	NA	639	NA	362	576	999	490	1087	386	1052	NA	NA	405	676	699	288	545	583	NA	NA	1098	NA	363	1050	678	196	NA	167	NA	448	328	1050	959	1035	301	959	1046	NA	1029	NA	957	597	1171	NA	NA	801	620	280	860	669	NA	337	1070	591	NA	341	983	741	813	917	161	525	1027	750	533	NA	312	NA	713	678	494	707	NA	975	178	793	NA	439	671	200	520	595
420	484	373	NA	343	NA	NA	NA	444	867	115	NA	NA	NA	NA	980	NA	NA	746	NA	598	NA	351	496	980	473	1065	344	1102	NA	NA	365	573	652	239	512	526	NA	NA	1069	NA	328	1024	623	161	NA	154	NA	429	300	982	909	940	270	954	973	NA	961	NA	1002	570	1154	NA	NA	852	565	281	831	593	NA	292	1079	545	NA	265	933	731	764	832	158	478	964	722	469	NA	276	NA	686	655	532	699	NA	964	167	744	NA	384	590	169	554	525
425	429	349	NA	319	NA	NA	NA	386	934	99	NA	NA	NA	NA	954	NA	NA	689	NA	496	NA	325	471	1011	391	1007	317	1129	NA	NA	335	519	603	232	473	527	NA	NA	1046	NA	295	982	565	166	NA	140	NA	359	265	932	848	945	250	951	933	NA	889	NA	1088	557	1105	NA	NA	890	504	247	776	569	NA	270	1088	493	NA	243	917	660	713	797	135	431	974	707	411	NA	259	NA	619	575	534	651	NA	933	159	705	NA	355	544	137	551	482
430	425	344	NA	274	NA	NA	NA	367	945	87	NA	NA	NA	NA	885	NA	NA	634	NA	433	NA	294	411	1045	351	985	275	1154	NA	NA	307	502	551	206	422	505	NA	NA	985	NA	257	914	494	143	NA	111	NA	330	246	945	821	909	207	958	845	NA	846	NA	1121	500	1100	NA	NA	905	452	221	751	508	NA	259	998	417	NA	195	885	630	670	775	112	378	894	641	337	NA	232	NA	605	539	595	632	NA	871	154	662	NA	292	521	131	645	420
435	381	297	NA	246	NA	NA	NA	351	999	94	NA	NA	NA	NA	870	NA	NA	585	NA	394	NA	272	427	1090	316	982	238	1122	NA	NA	280	481	536	191	395	455	NA	NA	955	NA	228	861	495	124	NA	102	NA	297	214	878	730	886	192	980	817	NA	801	NA	1119	437	1030	NA	NA	934	421	217	671	460	NA	236	996	342	NA	154	848	610	633	713	98	318	796	625	324	NA	238	NA	615	465	640	591	NA	779	129	652	NA	271	461	125	652	404
440	340	270	NA	218	NA	NA	NA	301	1050	66	NA	NA	NA	NA	883	NA	NA	574	NA	364	NA	247	336	1055	280	994	199	1103	NA	NA	282	428	480	177	341	409	NA	NA	893	NA	205	798	492	120	NA	88	NA	258	174	875	703	843	196	992	717	NA	769	NA	1179	412	1023	NA	NA	951	410	185	626	390	NA	214	955	316	NA	145	852	580	628	696	73	288	705	576	266	NA	195	NA	539	416	680	470	NA	758	102	583	NA	230	415	127	677	344
445	337	236	NA	180	NA	NA	NA	277	1152	55	NA	NA	NA	NA	849	NA	NA	505	NA	310	NA	249	309	1044	267	961	192	1173	NA	NA	249	391	454	176	310	390	NA	NA	882	NA	178	734	438	109	NA	84	NA	250	161	873	673	812	187	1008	692	NA	727	NA	1181	415	972	NA	NA	1017	354	185	579	349	NA	175	938	293	NA	129	840	502	557	580	71	260	669	517	232	NA	169	NA	496	381	744	463	NA	660	91	539	NA	200	362	113	758	328
450	296	248	NA	183	NA	NA	NA	261	1149	41	NA	NA	NA	NA	826	NA	NA	500	NA	271	NA	208	275	992	249	895	162	1150	NA	NA	258	367	399	167	268	360	NA	NA	767	NA	163	683	415	112	NA	83	NA	203	156	834	616	794	198	1012	588	NA	698	NA	1200	361	922	NA	NA	976	318	166	471	299	NA	140	921	253	NA	108	750	458	507	513	63	232	627	501	235	NA	140	NA	456	364	748	428	NA	593	81	518	NA	192	332	114	768	283
455	273	218	NA	157	NA	NA	NA	222	1145	44	NA	NA	NA	NA	799	NA	NA	459	NA	231	NA	213	246	958	219	869	150	1126	NA	NA	248	316	365	149	227	329	NA	NA	669	NA	150	632	343	96	NA	76	NA	182	139	745	529	705	176	1006	537	NA	633	NA	1193	289	867	NA	NA	1012	280	138	394	264	NA	148	843	205	NA	95	692	419	474	470	45	203	584	457	221	NA	130	NA	425	335	773	387	NA	521	85	482	NA	186	306	108	809	261
460	232	173	NA	129	NA	NA	NA	193	1179	40	NA	NA	NA	NA	726	NA	NA	424	NA	218	NA	199	213	953	191	812	139	1085	NA	NA	215	296	344	144	205	282	NA	NA	567	NA	124	564	322	87	NA	80	NA	155	112	700	472	686	144	1007	502	NA	577	NA	1154	280	823	NA	NA	1058	253	115	362	236	NA	135	833	192	NA	89	644	379	423	437	38	183	493	437	191	NA	130	NA	368	310	812	345	NA	442	83	397	NA	172	249	100	870	243
465	214	163	NA	120	NA	NA	NA	194	1235	33	NA	NA	NA	NA	676	NA	NA	384	NA	195	NA	193	165	871	148	775	140	1040	NA	NA	226	262	304	119	162	268	NA	NA	534	NA	107	504	296	79	NA	66	NA	132	120	653	427	697	150	999	481	NA	497	NA	1191	248	782	NA	NA	1052	229	103	337	214	NA	135	755	167	NA	70	628	339	397	383	28	176	435	399	189	NA	141	NA	365	263	859	326	NA	356	66	332	NA	152	206	77	870	231
470	215	152	NA	97	NA	NA	NA	183	1244	23	NA	NA	NA	NA	575	NA	NA	401	NA	183	NA	162	147	849	137	729	132	949	NA	NA	183	217	284	131	138	241	NA	NA	439	NA	92	492	275	90	NA	64	NA	106	113	645	389	627	135	976	430	NA	490	NA	1111	203	779	NA	NA	1036	202	86	274	184	NA	142	713	136	NA	58	531	324	351	312	27	141	431	349	170	NA	118	NA	329	233	905	295	NA	315	59	344	NA	145	175	72	880	196
475	186	144	NA	83	NA	NA	NA	182	1216	27	NA	NA	NA	NA	521	NA	NA	366	NA	173	NA	149	122	783	118	702	129	966	NA	NA	174	196	270	98	135	207	NA	NA	415	NA	86	457	260	86	NA	55	NA	84	97	634	361	601	109	946	410	NA	450	NA	1023	179	682	NA	NA	1011	174	76	243	146	NA	137	661	109	NA	47	464	269	326	296	28	135	410	331	149	NA	111	NA	294	218	954	253	NA	325	50	329	NA	121	158	57	914	162
480	168	111	NA	70	NA	NA	NA	170	1257	26	NA	NA	NA	NA	498	NA	NA	350	NA	158	NA	120	113	690	112	689	115	896	NA	NA	159	186	264	97	145	172	NA	NA	360	NA	68	440	239	81	NA	55	NA	78	99	577	349	506	83	893	381	NA	442	NA	1014	162	597	NA	NA	1001	156	66	206	120	NA	143	625	101	NA	42	424	214	268	258	21	121	354	300	115	NA	89	NA	248	188	985	220	NA	279	49	301	NA	112	117	52	929	144
485	150	97	NA	76	NA	NA	NA	154	1268	34	NA	NA	NA	NA	462	NA	NA	302	NA	140	NA	111	102	683	84	581	104	807	NA	NA	127	153	249	95	101	161	NA	NA	323	NA	69	395	196	70	NA	48	NA	61	75	580	322	479	67	871	350	NA	403	NA	1007	140	516	NA	NA	955	145	60	180	99	NA	127	591	101	NA	34	417	210	250	204	13	102	311	279	123	NA	63	NA	219	177	1024	194	NA	262	42	286	NA	110	97	37	970	122
490	136	87	NA	50	NA	NA	NA	144	1194	25	NA	NA	NA	NA	465	NA	NA	247	NA	116	NA	101	107	629	73	525	91	761	NA	NA	112	136	226	84	97	146	NA	NA	283	NA	51	396	172	49	NA	43	NA	44	59	503	313	431	56	768	321	NA	374	NA	987	135	413	NA	NA	934	137	55	153	96	NA	99	560	91	NA	24	372	166	216	171	11	90	319	249	127	NA	49	NA	186	171	1066	192	NA	231	32	261	NA	97	88	32	994	109
495	108	93	NA	65	NA	NA	NA	124	1186	24	NA	NA	NA	NA	428	NA	NA	189	NA	87	NA	92	79	614	55	498	75	710	NA	NA	109	119	186	82	91	121	NA	NA	272	NA	42	362	149	40	NA	38	NA	51	53	433	264	404	42	778	296	NA	346	NA	943	145	389	NA	NA	860	129	52	151	87	NA	87	559	90	NA	25	330	141	201	157	9	88	306	202	108	NA	61	NA	184	136	1061	169	NA	230	33	229	NA	87	70	24	989	101
500	97	83	NA	55	NA	NA	NA	125	1081	11	NA	NA	NA	NA	380	NA	NA	177	NA	83	NA	85	74	574	37	447	80	683	NA	NA	96	119	170	66	87	122	NA	NA	255	NA	28	307	122	31	NA	36	NA	43	43	440	230	393	46	719	240	NA	341	NA	834	134	338	NA	NA	812	118	56	128	75	NA	76	501	84	NA	21	294	128	187	151	4	76	261	212	107	NA	39	NA	196	133	1105	149	NA	196	29	208	NA	77	74	24	995	106
505	78	67	NA	51	NA	NA	NA	91	1026	8	NA	NA	NA	NA	341	NA	NA	147	NA	60	NA	59	60	556	36	407	69	661	NA	NA	82	107	164	61	78	122	NA	NA	234	NA	29	284	104	19	NA	33	NA	34	41	396	164	355	40	648	215	NA	318	NA	798	121	317	NA	NA	762	109	50	130	64	NA	58	469	86	NA	25	295	118	165	122	4	59	230	184	82	NA	25	NA	190	136	1058	131	NA	163	23	180	NA	67	70	25	942	94
510	73	53	NA	47	NA	NA	NA	78	971	7	NA	NA	NA	NA	289	NA	NA	144	NA	64	NA	71	43	525	41	370	62	595	NA	NA	67	89	132	50	75	107	NA	NA	201	NA	31	254	107	18	NA	25	NA	27	36	344	153	293	31	606	183	NA	292	NA	782	91	277	NA	NA	760	115	51	130	70	NA	63	429	59	NA	18	237	110	139	114	5	62	215	171	81	NA	27	NA	175	109	1070	124	NA	152	20	149	NA	53	64	26	943	82
515	78	42	NA	35	NA	NA	NA	68	900	10	NA	NA	NA	NA	263	NA	NA	123	NA	52	NA	65	36	517	25	362	62	565	NA	NA	56	64	114	46	66	88	NA	NA	172	NA	45	247	97	19	NA	16	NA	24	34	306	138	269	30	564	142	NA	273	NA	736	74	262	NA	NA	714	89	48	135	65	NA	54	380	64	NA	17	188	94	128	103	3	63	198	141	78	NA	24	NA	163	75	1125	108	NA	165	24	128	NA	51	61	19	921	83
520	68	25	NA	24	NA	NA	NA	52	822	8	NA	NA	NA	NA	253	NA	NA	116	NA	31	NA	58	27	465	27	370	55	527	NA	NA	45	61	90	48	59	84	NA	NA	146	NA	48	220	90	10	NA	14	NA	25	17	269	114	232	23	529	116	NA	227	NA	702	62	234	NA	NA	675	86	35	135	42	NA	37	344	50	NA	10	184	91	120	92	3	63	169	130	58	NA	27	NA	136	57	1131	99	NA	146	21	130	NA	57	47	20	869	69
525	59	29	NA	18	NA	NA	NA	48	739	5	NA	NA	NA	NA	217	NA	NA	106	NA	24	NA	53	23	432	18	347	56	496	NA	NA	46	56	74	37	54	72	NA	NA	125	NA	38	193	81	8	NA	10	NA	16	12	255	108	209	21	493	101	NA	213	NA	610	51	234	NA	NA	649	79	33	115	33	NA	32	312	35	NA	13	172	77	113	81	NA	62	146	106	60	NA	23	NA	123	48	1097	77	NA	138	21	116	NA	60	35	24	882	55
530	60	20	NA	14	NA	NA	NA	40	693	7	NA	NA	NA	NA	203	NA	NA	90	NA	18	NA	49	22	400	22	312	52	460	NA	NA	34	44	51	26	44	73	NA	NA	98	NA	39	164	71	16	NA	16	NA	16	12	262	95	181	19	480	85	NA	195	NA	538	45	203	NA	NA	584	51	32	103	32	NA	29	314	24	NA	20	155	64	122	68	NA	58	150	106	68	NA	20	NA	112	36	1067	62	NA	120	12	108	NA	45	35	21	842	41
535	50	12	NA	13	NA	NA	NA	44	626	3	NA	NA	NA	NA	179	NA	NA	81	NA	18	NA	40	23	356	18	294	48	443	NA	NA	30	49	68	30	37	72	NA	NA	113	NA	29	128	68	12	NA	11	NA	8	8	256	87	172	17	444	81	NA	164	NA	496	47	193	NA	NA	535	36	36	103	38	NA	30	276	24	NA	17	133	71	109	51	NA	56	120	93	78	NA	21	NA	104	32	1064	66	NA	126	8	86	NA	45	28	21	798	41
540	44	18	NA	13	NA	NA	NA	33	560	3	NA	NA	NA	NA	152	NA	NA	80	NA	12	NA	28	26	328	13	277	34	421	NA	NA	24	36	63	25	37	60	NA	NA	100	NA	40	121	77	7	NA	13	NA	13	6	238	98	163	18	389	84	NA	166	NA	446	56	167	NA	NA	515	29	28	105	28	NA	32	252	25	NA	15	111	71	105	49	NA	58	118	74	72	NA	24	NA	90	21	1022	61	NA	112	11	90	NA	38	29	14	802	37
545	41	14	NA	16	NA	NA	NA	24	510	1	NA	NA	NA	NA	144	NA	NA	66	NA	10	NA	35	22	296	8	234	29	396	NA	NA	22	31	54	16	27	45	NA	NA	73	NA	31	98	59	14	NA	11	NA	15	4	217	79	142	15	362	70	NA	148	NA	412	37	153	NA	NA	498	39	25	104	29	NA	35	242	28	NA	12	107	51	98	44	NA	51	92	77	63	NA	11	NA	78	20	1001	54	NA	109	11	85	NA	35	28	8	792	29
550	36	11	NA	8	NA	NA	NA	21	470	1	NA	NA	NA	NA	130	NA	NA	59	NA	7	NA	31	17	293	5	208	29	372	NA	NA	22	31	58	16	29	44	NA	NA	80	NA	22	81	53	16	NA	9	NA	17	8	164	56	117	12	325	73	NA	145	NA	406	43	137	NA	NA	452	30	25	102	22	NA	24	209	29	NA	14	74	42	88	37	NA	39	76	55	60	NA	15	NA	62	18	933	58	NA	95	13	78	NA	29	25	8	762	31
555	27	9	NA	12	NA	NA	NA	18	408	1	NA	NA	NA	NA	105	NA	NA	56	NA	6	NA	33	16	267	5	216	25	357	NA	NA	19	30	38	11	21	42	NA	NA	64	NA	20	69	46	13	NA	2	NA	8	12	169	52	125	8	286	69	NA	127	NA	361	47	119	NA	NA	433	30	31	117	12	NA	17	206	25	NA	16	67	38	69	35	NA	33	71	51	53	NA	15	NA	51	28	912	49	NA	78	13	73	NA	22	25	6	728	26
560	20	6	NA	6	NA	NA	NA	10	360	1	NA	NA	NA	NA	96	NA	NA	48	NA	7	NA	27	20	218	2	160	21	329	NA	NA	21	24	31	6	24	33	NA	NA	54	NA	13	56	39	7	NA	3	NA	7	9	138	55	126	11	274	78	NA	121	NA	339	32	102	NA	NA	397	37	26	88	13	NA	12	179	24	NA	14	63	32	70	27	NA	21	67	43	45	NA	12	NA	44	27	878	39	NA	84	8	62	NA	31	18	4	704	23
565	13	7	NA	6	NA	NA	NA	7	324	NA	NA	NA	NA	NA	77	NA	NA	38	NA	8	NA	25	12	166	1	153	11	279	NA	NA	21	21	30	7	22	32	NA	NA	58	NA	11	53	42	6	NA	3	NA	7	9	133	48	120	4	248	72	NA	132	NA	306	30	99	NA	NA	335	31	15	84	13	NA	15	158	22	NA	11	56	37	68	21	NA	20	64	38	32	NA	9	NA	42	30	824	35	NA	85	8	63	NA	27	16	3	665	20
570	17	4	NA	1	NA	NA	NA	4	298	NA	NA	NA	NA	NA	76	NA	NA	29	NA	8	NA	18	12	163	NA	142	9	280	NA	NA	8	23	19	9	19	32	NA	NA	46	NA	18	42	45	3	NA	5	NA	10	8	130	47	102	2	223	66	NA	104	NA	290	33	81	NA	NA	314	22	18	87	8	NA	8	134	21	NA	11	44	32	54	15	NA	22	56	33	46	NA	15	NA	29	27	743	24	NA	75	6	41	NA	27	15	0	671	19
575	13	6	NA	NA	NA	NA	NA	1	248	NA	NA	NA	NA	NA	66	NA	NA	26	NA	7	NA	21	8	146	NA	133	4	267	NA	NA	7	24	11	6	18	38	NA	NA	53	NA	16	30	46	2	NA	2	NA	8	8	121	38	87	2	222	57	NA	95	NA	271	37	64	NA	NA	278	21	15	63	11	NA	8	110	15	NA	6	33	40	45	20	NA	12	48	24	44	NA	13	NA	38	26	678	20	NA	58	6	42	NA	22	19	NA	657	21
580	11	3	NA	NA	NA	NA	NA	2	236	NA	NA	NA	NA	NA	60	NA	NA	18	NA	4	NA	15	10	132	NA	98	5	240	NA	NA	9	16	11	4	13	22	NA	NA	41	NA	18	30	44	3	NA	1	NA	8	8	81	29	64	3	222	56	NA	78	NA	262	24	53	NA	NA	226	28	15	59	9	NA	7	95	14	NA	7	34	44	40	20	NA	12	39	23	36	NA	11	NA	40	24	615	23	NA	63	4	33	NA	15	14	NA	647	20
585	14	7	NA	NA	NA	NA	NA	1	207	NA	NA	NA	NA	NA	62	NA	NA	21	NA	2	NA	23	14	134	NA	84	2	230	NA	NA	8	20	10	3	14	23	NA	NA	34	NA	15	29	41	1	NA	NA	NA	11	5	79	29	60	3	187	62	NA	62	NA	214	27	41	NA	NA	216	26	12	64	12	NA	6	96	12	NA	4	31	42	41	21	NA	8	36	20	50	NA	9	NA	40	19	568	20	NA	50	2	30	NA	17	13	NA	614	21
590	16	13	NA	NA	NA	NA	NA	NA	165	NA	NA	NA	NA	NA	55	NA	NA	25	NA	2	NA	20	12	113	NA	71	3	199	NA	NA	9	18	5	4	11	23	NA	NA	24	NA	11	21	44	3	NA	NA	NA	7	2	75	14	61	4	153	56	NA	64	NA	183	29	34	NA	NA	209	17	10	43	6	NA	8	80	8	NA	4	32	30	37	19	NA	10	47	20	41	NA	13	NA	39	17	542	14	NA	44	3	22	NA	13	11	NA	579	20
595	12	7	NA	NA	NA	NA	NA	NA	179	NA	NA	NA	NA	NA	45	NA	NA	22	NA	0	NA	15	7	118	NA	82	1	194	NA	NA	4	19	8	4	8	16	NA	NA	13	NA	6	18	33	1	NA	NA	NA	3	2	54	9	59	1	148	52	NA	57	NA	158	27	29	NA	NA	208	18	10	51	4	NA	4	86	7	NA	6	22	23	26	17	NA	12	44	17	41	NA	9	NA	34	22	492	15	NA	51	3	19	NA	10	12	NA	555	27
600	7	6	NA	NA	NA	NA	NA	NA	182	NA	NA	NA	NA	NA	39	NA	NA	26	NA	NA	NA	13	8	114	NA	79	1	167	NA	NA	6	16	7	2	11	15	NA	NA	13	NA	5	13	30	1	NA	NA	NA	4	1	46	8	56	NA	135	50	NA	37	NA	134	23	29	NA	NA	180	18	9	33	7	NA	2	77	9	NA	6	22	21	28	10	NA	11	34	13	23	NA	10	NA	41	20	462	10	NA	53	3	16	NA	7	13	NA	546	31
605	10	9	NA	NA	NA	NA	NA	NA	145	NA	NA	NA	NA	NA	44	NA	NA	19	NA	NA	NA	10	6	105	NA	58	NA	156	NA	NA	4	9	5	NA	10	11	NA	NA	13	NA	6	17	33	1	NA	NA	NA	4	1	55	12	45	NA	122	53	NA	29	NA	127	31	23	NA	NA	180	20	13	33	4	NA	5	67	7	NA	4	16	22	20	6	NA	7	29	12	18	NA	13	NA	38	18	403	2	NA	46	3	23	NA	7	11	NA	494	15
610	6	6	NA	NA	NA	NA	NA	NA	123	NA	NA	NA	NA	NA	43	NA	NA	19	NA	NA	NA	9	6	84	NA	50	NA	128	NA	NA	5	12	3	NA	13	11	NA	NA	11	NA	3	7	24	1	NA	NA	NA	4	NA	44	10	37	NA	100	44	NA	31	NA	103	22	29	NA	NA	158	18	10	32	2	NA	2	64	15	NA	4	11	25	24	6	NA	4	24	11	17	NA	10	NA	34	12	337	5	NA	41	2	26	NA	5	13	NA	460	10
615	4	4	NA	NA	NA	NA	NA	NA	112	NA	NA	NA	NA	NA	39	NA	NA	20	NA	NA	NA	5	3	71	NA	43	NA	88	NA	NA	2	11	4	NA	16	13	NA	NA	15	NA	2	12	17	1	NA	NA	NA	4	NA	33	10	32	NA	87	39	NA	28	NA	94	17	24	NA	NA	135	12	7	26	1	NA	3	59	11	NA	NA	9	26	22	4	NA	4	30	17	15	NA	4	NA	37	11	307	5	NA	55	2	24	NA	1	12	NA	397	6
620	5	3	NA	NA	NA	NA	NA	NA	107	NA	NA	NA	NA	NA	34	NA	NA	21	NA	NA	NA	5	4	63	NA	47	NA	75	NA	NA	0	12	4	NA	6	8	NA	NA	20	NA	1	9	11	NA	NA	NA	NA	1	NA	28	10	37	NA	89	30	NA	32	NA	75	12	24	NA	NA	122	14	9	15	1	NA	3	55	13	NA	NA	11	29	20	4	NA	3	25	13	10	NA	5	NA	31	10	256	5	NA	34	2	27	NA	NA	10	NA	322	6
625	3	2	NA	NA	NA	NA	NA	NA	91	NA	NA	NA	NA	NA	33	NA	NA	22	NA	NA	NA	8	3	59	NA	38	NA	66	NA	NA	NA	11	5	NA	7	8	NA	NA	13	NA	1	17	8	NA	NA	NA	NA	1	NA	31	9	32	NA	86	34	NA	25	NA	69	11	19	NA	NA	104	12	5	15	NA	NA	1	56	15	NA	NA	13	32	18	2	NA	3	21	10	14	NA	6	NA	22	4	250	6	NA	36	4	25	NA	NA	8	NA	311	5
630	5	2	NA	NA	NA	NA	NA	NA	83	NA	NA	NA	NA	NA	30	NA	NA	17	NA	NA	NA	7	2	52	NA	35	NA	44	NA	NA	NA	13	9	NA	7	6	NA	NA	14	NA	1	14	9	NA	NA	NA	NA	1	NA	33	8	30	NA	86	28	NA	12	NA	62	14	17	NA	NA	95	15	4	13	NA	NA	NA	60	14	NA	NA	13	31	14	1	NA	6	9	14	18	NA	6	NA	29	1	217	3	NA	27	5	32	NA	NA	7	NA	272	6
635	9	2	NA	NA	NA	NA	NA	NA	74	NA	NA	NA	NA	NA	24	NA	NA	14	NA	NA	NA	3	2	55	NA	41	NA	44	NA	NA	NA	9	5	NA	4	9	NA	NA	7	NA	NA	13	6	NA	NA	NA	NA	1	NA	31	9	35	NA	85	22	NA	8	NA	56	14	11	NA	NA	94	12	4	11	NA	NA	NA	49	8	NA	NA	14	30	12	1	NA	2	9	11	11	NA	7	NA	23	2	204	1	NA	15	5	26	NA	NA	1	NA	232	6
640	10	8	NA	NA	NA	NA	NA	NA	61	NA	NA	NA	NA	NA	19	NA	NA	11	NA	NA	NA	1	6	48	NA	30	NA	31	NA	NA	NA	12	6	NA	3	9	NA	NA	3	NA	NA	9	4	NA	NA	NA	NA	1	NA	32	7	35	NA	83	23	NA	6	NA	46	10	5	NA	NA	81	12	1	17	NA	NA	NA	47	6	NA	NA	8	26	13	2	NA	2	10	14	12	NA	2	NA	19	0	173	1	NA	16	3	24	NA	NA	1	NA	232	6
645	11	5	NA	NA	NA	NA	NA	NA	62	NA	NA	NA	NA	NA	15	NA	NA	11	NA	NA	NA	NA	6	49	NA	29	NA	34	NA	NA	NA	8	4	NA	2	10	NA	NA	4	NA	NA	11	6	NA	NA	NA	NA	NA	NA	18	7	24	NA	82	13	NA	4	NA	42	7	6	NA	NA	69	8	1	9	NA	NA	NA	52	5	NA	NA	8	24	17	1	NA	0	12	18	11	NA	2	NA	17	NA	134	NA	NA	16	1	15	NA	NA	NA	NA	191	6
650	4	8	NA	NA	NA	NA	NA	NA	52	NA	NA	NA	NA	NA	14	NA	NA	6	NA	NA	NA	NA	6	44	NA	24	NA	28	NA	NA	NA	6	5	NA	2	13	NA	NA	3	NA	NA	9	1	NA	NA	NA	NA	NA	NA	13	6	29	NA	82	12	NA	5	NA	39	6	5	NA	NA	58	11	1	8	NA	NA	NA	46	9	NA	NA	7	27	19	3	NA	NA	11	16	9	NA	2	NA	19	NA	126	NA	NA	15	2	8	NA	NA	NA	NA	199	4
655	3	4	NA	NA	NA	NA	NA	NA	50	NA	NA	NA	NA	NA	20	NA	NA	7	NA	NA	NA	NA	3	35	NA	18	NA	26	NA	NA	NA	6	3	NA	2	11	NA	NA	3	NA	NA	6	1	NA	NA	NA	NA	NA	NA	12	5	24	NA	68	15	NA	10	NA	38	5	4	NA	NA	61	6	NA	11	NA	NA	NA	48	5	NA	NA	15	15	17	9	NA	NA	14	18	10	NA	6	NA	20	NA	124	NA	NA	10	2	6	NA	NA	NA	NA	153	4
660	3	7	NA	NA	NA	NA	NA	NA	44	NA	NA	NA	NA	NA	17	NA	NA	8	NA	NA	NA	NA	2	37	NA	22	NA	25	NA	NA	NA	7	4	NA	NA	7	NA	NA	2	NA	NA	9	NA	NA	NA	NA	NA	NA	NA	12	3	24	NA	53	19	NA	7	NA	28	2	1	NA	NA	57	2	NA	14	NA	NA	NA	49	5	NA	NA	9	15	12	9	NA	NA	4	17	4	NA	4	NA	16	NA	115	NA	NA	12	1	9	NA	NA	NA	NA	132	2
665	1	5	NA	NA	NA	NA	NA	NA	38	NA	NA	NA	NA	NA	13	NA	NA	4	NA	NA	NA	NA	3	27	NA	17	NA	23	NA	NA	NA	5	1	NA	NA	7	NA	NA	2	NA	NA	4	NA	NA	NA	NA	NA	NA	NA	7	3	33	NA	52	27	NA	5	NA	25	1	2	NA	NA	61	6	NA	8	NA	NA	NA	53	4	NA	NA	10	16	10	7	NA	NA	4	13	2	NA	4	NA	17	NA	101	NA	NA	9	2	8	NA	NA	NA	NA	107	1
670	NA	5	NA	NA	NA	NA	NA	NA	36	NA	NA	NA	NA	NA	15	NA	NA	7	NA	NA	NA	NA	1	19	NA	17	NA	21	NA	NA	NA	2	1	NA	NA	7	NA	NA	1	NA	NA	1	NA	NA	NA	NA	NA	NA	NA	6	1	31	NA	48	28	NA	5	NA	16	1	2	NA	NA	50	5	NA	8	NA	NA	NA	42	4	NA	NA	9	15	5	5	NA	NA	2	17	2	NA	3	NA	11	NA	90	NA	NA	3	1	2	NA	NA	NA	NA	115	1
675	NA	3	NA	NA	NA	NA	NA	NA	38	NA	NA	NA	NA	NA	12	NA	NA	4	NA	NA	NA	NA	NA	17	NA	20	NA	22	NA	NA	NA	NA	1	NA	NA	4	NA	NA	1	NA	NA	2	NA	NA	NA	NA	NA	NA	NA	9	NA	32	NA	45	20	NA	5	NA	16	2	2	NA	NA	57	7	NA	7	NA	NA	NA	31	4	NA	NA	10	12	4	6	NA	NA	3	21	1	NA	7	NA	13	NA	62	NA	NA	4	NA	3	NA	NA	NA	NA	80	1
680	NA	4	NA	NA	NA	NA	NA	NA	29	NA	NA	NA	NA	NA	11	NA	NA	10	NA	NA	NA	NA	NA	18	NA	16	NA	22	NA	NA	NA	NA	1	NA	NA	4	NA	NA	NA	NA	NA	5	NA	NA	NA	NA	NA	NA	NA	6	NA	28	NA	30	17	NA	4	NA	19	1	1	NA	NA	49	6	NA	9	NA	NA	NA	33	5	NA	NA	9	9	7	6	NA	NA	1	18	0	NA	8	NA	11	NA	72	NA	NA	1	NA	1	NA	NA	NA	NA	73	NA
685	NA	5	NA	NA	NA	NA	NA	NA	31	NA	NA	NA	NA	NA	13	NA	NA	7	NA	NA	NA	NA	NA	12	NA	18	NA	21	NA	NA	NA	NA	1	NA	NA	8	NA	NA	NA	NA	NA	6	NA	NA	NA	NA	NA	NA	NA	5	NA	15	NA	27	14	NA	2	NA	26	1	NA	NA	NA	40	1	NA	7	NA	NA	NA	23	6	NA	NA	7	10	10	4	NA	NA	NA	14	NA	NA	6	NA	11	NA	45	NA	NA	NA	NA	1	NA	NA	NA	NA	74	NA
690	NA	7	NA	NA	NA	NA	NA	NA	31	NA	NA	NA	NA	NA	9	NA	NA	12	NA	NA	NA	NA	NA	12	NA	19	NA	18	NA	NA	NA	NA	1	NA	NA	4	NA	NA	NA	NA	NA	4	NA	NA	NA	NA	NA	NA	NA	8	NA	17	NA	22	15	NA	2	NA	19	NA	NA	NA	NA	31	1	NA	4	NA	NA	NA	21	10	NA	NA	7	13	8	1	NA	NA	NA	9	NA	NA	4	NA	8	NA	38	NA	NA	NA	NA	3	NA	NA	NA	NA	66	NA
695	NA	5	NA	NA	NA	NA	NA	NA	27	NA	NA	NA	NA	NA	8	NA	NA	12	NA	NA	NA	NA	NA	13	NA	23	NA	18	NA	NA	NA	NA	NA	NA	NA	3	NA	NA	NA	NA	NA	6	NA	NA	NA	NA	NA	NA	NA	10	NA	14	NA	23	17	NA	2	NA	14	NA	NA	NA	NA	24	1	NA	3	NA	NA	NA	11	8	NA	NA	2	15	3	1	NA	NA	NA	8	NA	NA	4	NA	8	NA	36	NA	NA	NA	NA	2	NA	NA	NA	NA	56	NA
700	NA	9	NA	NA	NA	NA	NA	NA	25	NA	NA	NA	NA	NA	3	NA	NA	11	NA	NA	NA	NA	NA	14	NA	21	NA	14	NA	NA	NA	NA	NA	NA	NA	3	NA	NA	NA	NA	NA	5	NA	NA	NA	NA	NA	NA	NA	12	NA	8	NA	18	16	NA	1	NA	12	NA	NA	NA	NA	14	NA	NA	NA	NA	NA	NA	10	5	NA	NA	1	11	5	NA	NA	NA	NA	4	NA	NA	3	NA	5	NA	30	NA	NA	NA	NA	4	NA	NA	NA	NA	47	NA
705	NA	9	NA	NA	NA	NA	NA	NA	37	NA	NA	NA	NA	NA	1	NA	NA	11	NA	NA	NA	NA	NA	9	NA	19	NA	14	NA	NA	NA	NA	NA	NA	NA	4	NA	NA	NA	NA	NA	7	NA	NA	NA	NA	NA	NA	NA	16	NA	14	NA	22	13	NA	1	NA	14	NA	NA	NA	NA	12	NA	NA	NA	NA	NA	NA	11	3	NA	NA	1	8	5	NA	NA	NA	NA	5	NA	NA	5	NA	4	NA	17	NA	NA	NA	NA	3	NA	NA	NA	NA	52	NA
710	NA	11	NA	NA	NA	NA	NA	NA	29	NA	NA	NA	NA	NA	NA	NA	NA	7	NA	NA	NA	NA	NA	8	NA	19	NA	13	NA	NA	NA	NA	NA	NA	NA	6	NA	NA	NA	NA	NA	5	NA	NA	NA	NA	NA	NA	NA	7	NA	11	NA	15	10	NA	2	NA	6	NA	NA	NA	NA	14	NA	NA	NA	NA	NA	NA	11	4	NA	NA	NA	6	6	NA	NA	NA	NA	2	NA	NA	NA	NA	3	NA	25	NA	NA	NA	NA	2	NA	NA	NA	NA	46	NA
715	NA	13	NA	NA	NA	NA	NA	NA	28	NA	NA	NA	NA	NA	NA	NA	NA	6	NA	NA	NA	NA	NA	7	NA	19	NA	21	NA	NA	NA	NA	NA	NA	NA	8	NA	NA	NA	NA	NA	4	NA	NA	NA	NA	NA	NA	NA	8	NA	8	NA	18	12	NA	3	NA	3	NA	NA	NA	NA	15	NA	NA	NA	NA	NA	NA	12	5	NA	NA	NA	2	4	NA	NA	NA	NA	1	NA	NA	NA	NA	4	NA	25	NA	NA	NA	NA	2	NA	NA	NA	NA	35	NA
720	NA	9	NA	NA	NA	NA	NA	NA	26	NA	NA	NA	NA	NA	NA	NA	NA	6	NA	NA	NA	NA	NA	7	NA	20	NA	14	NA	NA	NA	NA	NA	NA	NA	5	NA	NA	NA	NA	NA	3	NA	NA	NA	NA	NA	NA	NA	12	NA	11	NA	11	10	NA	2	NA	4	NA	NA	NA	NA	13	NA	NA	NA	NA	NA	NA	12	4	NA	NA	NA	3	5	NA	NA	NA	NA	1	NA	NA	NA	NA	2	NA	15	NA	NA	NA	NA	1	NA	NA	NA	NA	36	NA
725	NA	7	NA	NA	NA	NA	NA	NA	28	NA	NA	NA	NA	NA	NA	NA	NA	3	NA	NA	NA	NA	NA	7	NA	18	NA	17	NA	NA	NA	NA	NA	NA	NA	5	NA	NA	NA	NA	NA	5	NA	NA	NA	NA	NA	NA	NA	11	NA	11	NA	12	11	NA	3	NA	3	NA	NA	NA	NA	14	NA	NA	NA	NA	NA	NA	6	2	NA	NA	NA	3	3	NA	NA	NA	NA	1	NA	NA	NA	NA	0	NA	12	NA	NA	NA	NA	2	NA	NA	NA	NA	29	NA
730	NA	4	NA	NA	NA	NA	NA	NA	24	NA	NA	NA	NA	NA	NA	NA	NA	7	NA	NA	NA	NA	NA	6	NA	16	NA	16	NA	NA	NA	NA	NA	NA	NA	2	NA	NA	NA	NA	NA	2	NA	NA	NA	NA	NA	NA	NA	10	NA	13	NA	10	7	NA	1	NA	2	NA	NA	NA	NA	13	NA	NA	NA	NA	NA	NA	7	1	NA	NA	NA	6	6	NA	NA	NA	NA	NA	NA	NA	NA	NA	NA	NA	6	NA	NA	NA	NA	2	NA	NA	NA	NA	30	NA
735	NA	2	NA	NA	NA	NA	NA	NA	23	NA	NA	NA	NA	NA	NA	NA	NA	4	NA	NA	NA	NA	NA	6	NA	16	NA	13	NA	NA	NA	NA	NA	NA	NA	3	NA	NA	NA	NA	NA	2	NA	NA	NA	NA	NA	NA	NA	12	NA	16	NA	11	3	NA	NA	NA	2	NA	NA	NA	NA	16	NA	NA	NA	NA	NA	NA	6	NA	NA	NA	NA	5	5	NA	NA	NA	NA	NA	NA	NA	NA	NA	NA	NA	4	NA	NA	NA	NA	2	NA	NA	NA	NA	19	NA
740	NA	4	NA	NA	NA	NA	NA	NA	21	NA	NA	NA	NA	NA	NA	NA	NA	NA	NA	NA	NA	NA	NA	5	NA	13	NA	15	NA	NA	NA	NA	NA	NA	NA	4	NA	NA	NA	NA	NA	NA	NA	NA	NA	NA	NA	NA	NA	7	NA	11	NA	8	1	NA	NA	NA	1	NA	NA	NA	NA	11	NA	NA	NA	NA	NA	NA	5	NA	NA	NA	NA	2	3	NA	NA	NA	NA	NA	NA	NA	NA	NA	NA	NA	2	NA	NA	NA	NA	1	NA	NA	NA	NA	15	NA
745	NA	4	NA	NA	NA	NA	NA	NA	18	NA	NA	NA	NA	NA	NA	NA	NA	NA	NA	NA	NA	NA	NA	4	NA	10	NA	18	NA	NA	NA	NA	NA	NA	NA	3	NA	NA	NA	NA	NA	NA	NA	NA	NA	NA	NA	NA	NA	9	NA	11	NA	6	2	NA	NA	NA	NA	NA	NA	NA	NA	10	NA	NA	NA	NA	NA	NA	4	NA	NA	NA	NA	1	3	NA	NA	NA	NA	NA	NA	NA	NA	NA	NA	NA	1	NA	NA	NA	NA	NA	NA	NA	NA	NA	17	NA
750	NA	4	NA	NA	NA	NA	NA	NA	13	NA	NA	NA	NA	NA	NA	NA	NA	NA	NA	NA	NA	NA	NA	2	NA	11	NA	21	NA	NA	NA	NA	NA	NA	NA	4	NA	NA	NA	NA	NA	NA	NA	NA	NA	NA	NA	NA	NA	10	NA	9	NA	3	3	NA	NA	NA	NA	NA	NA	NA	NA	6	NA	NA	NA	NA	NA	NA	4	NA	NA	NA	NA	1	4	NA	NA	NA	NA	NA	NA	NA	NA	NA	NA	NA	1	NA	NA	NA	NA	NA	NA	NA	NA	NA	16	NA
755	NA	3	NA	NA	NA	NA	NA	NA	13	NA	NA	NA	NA	NA	NA	NA	NA	NA	NA	NA	NA	NA	NA	1	NA	7	NA	18	NA	NA	NA	NA	NA	NA	NA	3	NA	NA	NA	NA	NA	NA	NA	NA	NA	NA	NA	NA	NA	11	NA	11	NA	6	1	NA	NA	NA	NA	NA	NA	NA	NA	3	NA	NA	NA	NA	NA	NA	4	NA	NA	NA	NA	NA	4	NA	NA	NA	NA	NA	NA	NA	NA	NA	NA	NA	NA	NA	NA	NA	NA	NA	NA	NA	NA	NA	24	NA
760	NA	4	NA	NA	NA	NA	NA	NA	13	NA	NA	NA	NA	NA	NA	NA	NA	NA	NA	NA	NA	NA	NA	2	NA	8	NA	12	NA	NA	NA	NA	NA	NA	NA	1	NA	NA	NA	NA	NA	NA	NA	NA	NA	NA	NA	NA	NA	10	NA	7	NA	6	NA	NA	NA	NA	NA	NA	NA	NA	NA	3	NA	NA	NA	NA	NA	NA	4	NA	NA	NA	NA	NA	2	NA	NA	NA	NA	NA	NA	NA	NA	NA	NA	NA	NA	NA	NA	NA	NA	NA	NA	NA	NA	NA	15	NA
765	NA	4	NA	NA	NA	NA	NA	NA	11	NA	NA	NA	NA	NA	NA	NA	NA	NA	NA	NA	NA	NA	NA	1	NA	13	NA	9	NA	NA	NA	NA	NA	NA	NA	1	NA	NA	NA	NA	NA	NA	NA	NA	NA	NA	NA	NA	NA	4	NA	10	NA	8	NA	NA	NA	NA	NA	NA	NA	NA	NA	1	NA	NA	NA	NA	NA	NA	6	NA	NA	NA	NA	NA	1	NA	NA	NA	NA	NA	NA	NA	NA	NA	NA	NA	NA	NA	NA	NA	NA	NA	NA	NA	NA	NA	14	NA
770	NA	2	NA	NA	NA	NA	NA	NA	12	NA	NA	NA	NA	NA	NA	NA	NA	NA	NA	NA	NA	NA	NA	1	NA	22	NA	5	NA	NA	NA	NA	NA	NA	NA	1	NA	NA	NA	NA	NA	NA	NA	NA	NA	NA	NA	NA	NA	2	NA	5	NA	8	NA	NA	NA	NA	NA	NA	NA	NA	NA	1	NA	NA	NA	NA	NA	NA	4	NA	NA	NA	NA	NA	NA	NA	NA	NA	NA	NA	NA	NA	NA	NA	NA	NA	NA	NA	NA	NA	NA	NA	NA	NA	NA	NA	9	NA
775	NA	3	NA	NA	NA	NA	NA	NA	8	NA	NA	NA	NA	NA	NA	NA	NA	NA	NA	NA	NA	NA	NA	0	NA	18	NA	1	NA	NA	NA	NA	NA	NA	NA	1	NA	NA	NA	NA	NA	NA	NA	NA	NA	NA	NA	NA	NA	4	NA	4	NA	11	NA	NA	NA	NA	NA	NA	NA	NA	NA	NA	NA	NA	NA	NA	NA	NA	6	NA	NA	NA	NA	NA	NA	NA	NA	NA	NA	NA	NA	NA	NA	NA	NA	NA	NA	NA	NA	NA	NA	NA	NA	NA	NA	NA	10	NA
780	NA	6	NA	NA	NA	NA	NA	NA	11	NA	NA	NA	NA	NA	NA	NA	NA	NA	NA	NA	NA	NA	NA	NA	NA	17	NA	NA	NA	NA	NA	NA	NA	NA	NA	2	NA	NA	NA	NA	NA	NA	NA	NA	NA	NA	NA	NA	NA	2	NA	5	NA	12	NA	NA	NA	NA	NA	NA	NA	NA	NA	NA	NA	NA	NA	NA	NA	NA	4	NA	NA	NA	NA	NA	NA	NA	NA	NA	NA	NA	NA	NA	NA	NA	NA	NA	NA	NA	NA	NA	NA	NA	NA	NA	NA	NA	8	NA
785	NA	5	NA	NA	NA	NA	NA	NA	8	NA	NA	NA	NA	NA	NA	NA	NA	NA	NA	NA	NA	NA	NA	NA	NA	13	NA	NA	NA	NA	NA	NA	NA	NA	NA	2	NA	NA	NA	NA	NA	NA	NA	NA	NA	NA	NA	NA	NA	1	NA	3	NA	11	NA	NA	NA	NA	NA	NA	NA	NA	NA	NA	NA	NA	NA	NA	NA	NA	5	NA	NA	NA	NA	NA	NA	NA	NA	NA	NA	NA	NA	NA	NA	NA	NA	NA	NA	NA	NA	NA	NA	NA	NA	NA	NA	NA	5	NA
790	NA	6	NA	NA	NA	NA	NA	NA	4	NA	NA	NA	NA	NA	NA	NA	NA	NA	NA	NA	NA	NA	NA	NA	NA	11	NA	NA	NA	NA	NA	NA	NA	NA	NA	1	NA	NA	NA	NA	NA	NA	NA	NA	NA	NA	NA	NA	NA	NA	NA	2	NA	14	NA	NA	NA	NA	NA	NA	NA	NA	NA	NA	NA	NA	NA	NA	NA	NA	4	NA	NA	NA	NA	NA	NA	NA	NA	NA	NA	NA	NA	NA	NA	NA	NA	NA	NA	NA	NA	NA	NA	NA	NA	NA	NA	NA	6	NA
795	NA	5	NA	NA	NA	NA	NA	NA	3	NA	NA	NA	NA	NA	NA	NA	NA	NA	NA	NA	NA	NA	NA	NA	NA	12	NA	NA	NA	NA	NA	NA	NA	NA	NA	NA	NA	NA	NA	NA	NA	NA	NA	NA	NA	NA	NA	NA	NA	NA	NA	7	NA	14	NA	NA	NA	NA	NA	NA	NA	NA	NA	NA	NA	NA	NA	NA	NA	NA	3	NA	NA	NA	NA	NA	NA	NA	NA	NA	NA	NA	NA	NA	NA	NA	NA	NA	NA	NA	NA	NA	NA	NA	NA	NA	NA	NA	6	NA
800	NA	4	NA	NA	NA	NA	NA	NA	2	NA	NA	NA	NA	NA	NA	NA	NA	NA	NA	NA	NA	NA	NA	NA	NA	15	NA	NA	NA	NA	NA	NA	NA	NA	NA	NA	NA	NA	NA	NA	NA	NA	NA	NA	NA	NA	NA	NA	NA	NA	NA	9	NA	17	NA	NA	NA	NA	NA	NA	NA	NA	NA	NA	NA	NA	NA	NA	NA	NA	2	NA	NA	NA	NA	NA	NA	NA	NA	NA	NA	NA	NA	NA	NA	NA	NA	NA	NA	NA	NA	NA	NA	NA	NA	NA	NA	NA	9	NA
805	NA	8	NA	NA	NA	NA	NA	NA	1	NA	NA	NA	NA	NA	NA	NA	NA	NA	NA	NA	NA	NA	NA	NA	NA	14	NA	NA	NA	NA	NA	NA	NA	NA	NA	NA	NA	NA	NA	NA	NA	NA	NA	NA	NA	NA	NA	NA	NA	NA	NA	7	NA	13	NA	NA	NA	NA	NA	NA	NA	NA	NA	NA	NA	NA	NA	NA	NA	NA	2	NA	NA	NA	NA	NA	NA	NA	NA	NA	NA	NA	NA	NA	NA	NA	NA	NA	NA	NA	NA	NA	NA	NA	NA	NA	NA	NA	9	NA
810	NA	6	NA	NA	NA	NA	NA	NA	1	NA	NA	NA	NA	NA	NA	NA	NA	NA	NA	NA	NA	NA	NA	NA	NA	11	NA	NA	NA	NA	NA	NA	NA	NA	NA	NA	NA	NA	NA	NA	NA	NA	NA	NA	NA	NA	NA	NA	NA	NA	NA	4	NA	9	NA	NA	NA	NA	NA	NA	NA	NA	NA	NA	NA	NA	NA	NA	NA	NA	NA	NA	NA	NA	NA	NA	NA	NA	NA	NA	NA	NA	NA	NA	NA	NA	NA	NA	NA	NA	NA	NA	NA	NA	NA	NA	NA	NA	5	NA
815	NA	5	NA	NA	NA	NA	NA	NA	NA	NA	NA	NA	NA	NA	NA	NA	NA	NA	NA	NA	NA	NA	NA	NA	NA	13	NA	NA	NA	NA	NA	NA	NA	NA	NA	NA	NA	NA	NA	NA	NA	NA	NA	NA	NA	NA	NA	NA	NA	NA	NA	3	NA	6	NA	NA	NA	NA	NA	NA	NA	NA	NA	NA	NA	NA	NA	NA	NA	NA	NA	NA	NA	NA	NA	NA	NA	NA	NA	NA	NA	NA	NA	NA	NA	NA	NA	NA	NA	NA	NA	NA	NA	NA	NA	NA	NA	NA	1	NA
820	NA	4	NA	NA	NA	NA	NA	NA	NA	NA	NA	NA	NA	NA	NA	NA	NA	NA	NA	NA	NA	NA	NA	NA	NA	8	NA	NA	NA	NA	NA	NA	NA	NA	NA	NA	NA	NA	NA	NA	NA	NA	NA	NA	NA	NA	NA	NA	NA	NA	NA	3	NA	9	NA	NA	NA	NA	NA	NA	NA	NA	NA	NA	NA	NA	NA	NA	NA	NA	NA	NA	NA	NA	NA	NA	NA	NA	NA	NA	NA	NA	NA	NA	NA	NA	NA	NA	NA	NA	NA	NA	NA	NA	NA	NA	NA	NA	1	NA
825	NA	5	NA	NA	NA	NA	NA	NA	NA	NA	NA	NA	NA	NA	NA	NA	NA	NA	NA	NA	NA	NA	NA	NA	NA	12	NA	NA	NA	NA	NA	NA	NA	NA	NA	NA	NA	NA	NA	NA	NA	NA	NA	NA	NA	NA	NA	NA	NA	NA	NA	2	NA	6	NA	NA	NA	NA	NA	NA	NA	NA	NA	NA	NA	NA	NA	NA	NA	NA	NA	NA	NA	NA	NA	NA	NA	NA	NA	NA	NA	NA	NA	NA	NA	NA	NA	NA	NA	NA	NA	NA	NA	NA	NA	NA	NA	NA	1	NA
830	NA	1	NA	NA	NA	NA	NA	NA	NA	NA	NA	NA	NA	NA	NA	NA	NA	NA	NA	NA	NA	NA	NA	NA	NA	9	NA	NA	NA	NA	NA	NA	NA	NA	NA	NA	NA	NA	NA	NA	NA	NA	NA	NA	NA	NA	NA	NA	NA	NA	NA	1	NA	6	NA	NA	NA	NA	NA	NA	NA	NA	NA	NA	NA	NA	NA	NA	NA	NA	NA	NA	NA	NA	NA	NA	NA	NA	NA	NA	NA	NA	NA	NA	NA	NA	NA	NA	NA	NA	NA	NA	NA	NA	NA	NA	NA	NA	2	NA
835	NA	NA	NA	NA	NA	NA	NA	NA	NA	NA	NA	NA	NA	NA	NA	NA	NA	NA	NA	NA	NA	NA	NA	NA	NA	10	NA	NA	NA	NA	NA	NA	NA	NA	NA	NA	NA	NA	NA	NA	NA	NA	NA	NA	NA	NA	NA	NA	NA	NA	NA	NA	NA	3	NA	NA	NA	NA	NA	NA	NA	NA	NA	NA	NA	NA	NA	NA	NA	NA	NA	NA	NA	NA	NA	NA	NA	NA	NA	NA	NA	NA	NA	NA	NA	NA	NA	NA	NA	NA	NA	NA	NA	NA	NA	NA	NA	NA	1	NA
840	NA	NA	NA	NA	NA	NA	NA	NA	NA	NA	NA	NA	NA	NA	NA	NA	NA	NA	NA	NA	NA	NA	NA	NA	NA	13	NA	NA	NA	NA	NA	NA	NA	NA	NA	NA	NA	NA	NA	NA	NA	NA	NA	NA	NA	NA	NA	NA	NA	NA	NA	NA	NA	1	NA	NA	NA	NA	NA	NA	NA	NA	NA	NA	NA	NA	NA	NA	NA	NA	NA	NA	NA	NA	NA	NA	NA	NA	NA	NA	NA	NA	NA	NA	NA	NA	NA	NA	NA	NA	NA	NA	NA	NA	NA	NA	NA	NA	1	NA
845	NA	NA	NA	NA	NA	NA	NA	NA	NA	NA	NA	NA	NA	NA	NA	NA	NA	NA	NA	NA	NA	NA	NA	NA	NA	11	NA	NA	NA	NA	NA	NA	NA	NA	NA	NA	NA	NA	NA	NA	NA	NA	NA	NA	NA	NA	NA	NA	NA	NA	NA	NA	NA	2	NA	NA	NA	NA	NA	NA	NA	NA	NA	NA	NA	NA	NA	NA	NA	NA	NA	NA	NA	NA	NA	NA	NA	NA	NA	NA	NA	NA	NA	NA	NA	NA	NA	NA	NA	NA	NA	NA	NA	NA	NA	NA	NA	NA	NA	NA
850	NA	NA	NA	NA	NA	NA	NA	NA	NA	NA	NA	NA	NA	NA	NA	NA	NA	NA	NA	NA	NA	NA	NA	NA	NA	11	NA	NA	NA	NA	NA	NA	NA	NA	NA	NA	NA	NA	NA	NA	NA	NA	NA	NA	NA	NA	NA	NA	NA	NA	NA	NA	NA	1	NA	NA	NA	NA	NA	NA	NA	NA	NA	NA	NA	NA	NA	NA	NA	NA	NA	NA	NA	NA	NA	NA	NA	NA	NA	NA	NA	NA	NA	NA	NA	NA	NA	NA	NA	NA	NA	NA	NA	NA	NA	NA	NA	NA	NA	NA
855	NA	NA	NA	NA	NA	NA	NA	NA	NA	NA	NA	NA	NA	NA	NA	NA	NA	NA	NA	NA	NA	NA	NA	NA	NA	10	NA	NA	NA	NA	NA	NA	NA	NA	NA	NA	NA	NA	NA	NA	NA	NA	NA	NA	NA	NA	NA	NA	NA	NA	NA	NA	NA	NA	NA	NA	NA	NA	NA	NA	NA	NA	NA	NA	NA	NA	NA	NA	NA	NA	NA	NA	NA	NA	NA	NA	NA	NA	NA	NA	NA	NA	NA	NA	NA	NA	NA	NA	NA	NA	NA	NA	NA	NA	NA	NA	NA	NA	NA	NA
860	NA	NA	NA	NA	NA	NA	NA	NA	NA	NA	NA	NA	NA	NA	NA	NA	NA	NA	NA	NA	NA	NA	NA	NA	NA	8	NA	NA	NA	NA	NA	NA	NA	NA	NA	NA	NA	NA	NA	NA	NA	NA	NA	NA	NA	NA	NA	NA	NA	NA	NA	NA	NA	NA	NA	NA	NA	NA	NA	NA	NA	NA	NA	NA	NA	NA	NA	NA	NA	NA	NA	NA	NA	NA	NA	NA	NA	NA	NA	NA	NA	NA	NA	NA	NA	NA	NA	NA	NA	NA	NA	NA	NA	NA	NA	NA	NA	NA	NA	NA
865	NA	NA	NA	NA	NA	NA	NA	NA	NA	NA	NA	NA	NA	NA	NA	NA	NA	NA	NA	NA	NA	NA	NA	NA	NA	4	NA	NA	NA	NA	NA	NA	NA	NA	NA	NA	NA	NA	NA	NA	NA	NA	NA	NA	NA	NA	NA	NA	NA	NA	NA	NA	NA	NA	NA	NA	NA	NA	NA	NA	NA	NA	NA	NA	NA	NA	NA	NA	NA	NA	NA	NA	NA	NA	NA	NA	NA	NA	NA	NA	NA	NA	NA	NA	NA	NA	NA	NA	NA	NA	NA	NA	NA	NA	NA	NA	NA	NA	NA	NA
870	NA	NA	NA	NA	NA	NA	NA	NA	NA	NA	NA	NA	NA	NA	NA	NA	NA	NA	NA	NA	NA	NA	NA	NA	NA	6	NA	NA	NA	NA	NA	NA	NA	NA	NA	NA	NA	NA	NA	NA	NA	NA	NA	NA	NA	NA	NA	NA	NA	NA	NA	NA	NA	NA	NA	NA	NA	NA	NA	NA	NA	NA	NA	NA	NA	NA	NA	NA	NA	NA	NA	NA	NA	NA	NA	NA	NA	NA	NA	NA	NA	NA	NA	NA	NA	NA	NA	NA	NA	NA	NA	NA	NA	NA	NA	NA	NA	NA	NA	NA
875	NA	NA	NA	NA	NA	NA	NA	NA	NA	NA	NA	NA	NA	NA	NA	NA	NA	NA	NA	NA	NA	NA	NA	NA	NA	4	NA	NA	NA	NA	NA	NA	NA	NA	NA	NA	NA	NA	NA	NA	NA	NA	NA	NA	NA	NA	NA	NA	NA	NA	NA	NA	NA	NA	NA	NA	NA	NA	NA	NA	NA	NA	NA	NA	NA	NA	NA	NA	NA	NA	NA	NA	NA	NA	NA	NA	NA	NA	NA	NA	NA	NA	NA	NA	NA	NA	NA	NA	NA	NA	NA	NA	NA	NA	NA	NA	NA	NA	NA	NA
880	NA	NA	NA	NA	NA	NA	NA	NA	NA	NA	NA	NA	NA	NA	NA	NA	NA	NA	NA	NA	NA	NA	NA	NA	NA	7	NA	NA	NA	NA	NA	NA	NA	NA	NA	NA	NA	NA	NA	NA	NA	NA	NA	NA	NA	NA	NA	NA	NA	NA	NA	NA	NA	NA	NA	NA	NA	NA	NA	NA	NA	NA	NA	NA	NA	NA	NA	NA	NA	NA	NA	NA	NA	NA	NA	NA	NA	NA	NA	NA	NA	NA	NA	NA	NA	NA	NA	NA	NA	NA	NA	NA	NA	NA	NA	NA	NA	NA	NA	NA
885	NA	NA	NA	NA	NA	NA	NA	NA	NA	NA	NA	NA	NA	NA	NA	NA	NA	NA	NA	NA	NA	NA	NA	NA	NA	8	NA	NA	NA	NA	NA	NA	NA	NA	NA	NA	NA	NA	NA	NA	NA	NA	NA	NA	NA	NA	NA	NA	NA	NA	NA	NA	NA	NA	NA	NA	NA	NA	NA	NA	NA	NA	NA	NA	NA	NA	NA	NA	NA	NA	NA	NA	NA	NA	NA	NA	NA	NA	NA	NA	NA	NA	NA	NA	NA	NA	NA	NA	NA	NA	NA	NA	NA	NA	NA	NA	NA	NA	NA	NA
890	NA	NA	NA	NA	NA	NA	NA	NA	NA	NA	NA	NA	NA	NA	NA	NA	NA	NA	NA	NA	NA	NA	NA	NA	NA	8	NA	NA	NA	NA	NA	NA	NA	NA	NA	NA	NA	NA	NA	NA	NA	NA	NA	NA	NA	NA	NA	NA	NA	NA	NA	NA	NA	NA	NA	NA	NA	NA	NA	NA	NA	NA	NA	NA	NA	NA	NA	NA	NA	NA	NA	NA	NA	NA	NA	NA	NA	NA	NA	NA	NA	NA	NA	NA	NA	NA	NA	NA	NA	NA	NA	NA	NA	NA	NA	NA	NA	NA	NA	NA
895	NA	NA	NA	NA	NA	NA	NA	NA	NA	NA	NA	NA	NA	NA	NA	NA	NA	NA	NA	NA	NA	NA	NA	NA	NA	2	NA	NA	NA	NA	NA	NA	NA	NA	NA	NA	NA	NA	NA	NA	NA	NA	NA	NA	NA	NA	NA	NA	NA	NA	NA	NA	NA	NA	NA	NA	NA	NA	NA	NA	NA	NA	NA	NA	NA	NA	NA	NA	NA	NA	NA	NA	NA	NA	NA	NA	NA	NA	NA	NA	NA	NA	NA	NA	NA	NA	NA	NA	NA	NA	NA	NA	NA	NA	NA	NA	NA	NA	NA	NA
900	NA	NA	NA	NA	NA	NA	NA	NA	NA	NA	NA	NA	NA	NA	NA	NA	NA	NA	NA	NA	NA	NA	NA	NA	NA	2	NA	NA	NA	NA	NA	NA	NA	NA	NA	NA	NA	NA	NA	NA	NA	NA	NA	NA	NA	NA	NA	NA	NA	NA	NA	NA	NA	NA	NA	NA	NA	NA	NA	NA	NA	NA	NA	NA	NA	NA	NA	NA	NA	NA	NA	NA	NA	NA	NA	NA	NA	NA	NA	NA	NA	NA	NA	NA	NA	NA	NA	NA	NA	NA	NA	NA	NA	NA	NA	NA	NA	NA	NA	NA
905	NA	NA	NA	NA	NA	NA	NA	NA	NA	NA	NA	NA	NA	NA	NA	NA	NA	NA	NA	NA	NA	NA	NA	NA	NA	4	NA	NA	NA	NA	NA	NA	NA	NA	NA	NA	NA	NA	NA	NA	NA	NA	NA	NA	NA	NA	NA	NA	NA	NA	NA	NA	NA	NA	NA	NA	NA	NA	NA	NA	NA	NA	NA	NA	NA	NA	NA	NA	NA	NA	NA	NA	NA	NA	NA	NA	NA	NA	NA	NA	NA	NA	NA	NA	NA	NA	NA	NA	NA	NA	NA	NA	NA	NA	NA	NA	NA	NA	NA	NA
910	NA	NA	NA	NA	NA	NA	NA	NA	NA	NA	NA	NA	NA	NA	NA	NA	NA	NA	NA	NA	NA	NA	NA	NA	NA	2	NA	NA	NA	NA	NA	NA	NA	NA	NA	NA	NA	NA	NA	NA	NA	NA	NA	NA	NA	NA	NA	NA	NA	NA	NA	NA	NA	NA	NA	NA	NA	NA	NA	NA	NA	NA	NA	NA	NA	NA	NA	NA	NA	NA	NA	NA	NA	NA	NA	NA	NA	NA	NA	NA	NA	NA	NA	NA	NA	NA	NA	NA	NA	NA	NA	NA	NA	NA	NA	NA	NA	NA	NA	NA
915	NA	NA	NA	NA	NA	NA	NA	NA	NA	NA	NA	NA	NA	NA	NA	NA	NA	NA	NA	NA	NA	NA	NA	NA	NA	1	NA	NA	NA	NA	NA	NA	NA	NA	NA	NA	NA	NA	NA	NA	NA	NA	NA	NA	NA	NA	NA	NA	NA	NA	NA	NA	NA	NA	NA	NA	NA	NA	NA	NA	NA	NA	NA	NA	NA	NA	NA	NA	NA	NA	NA	NA	NA	NA	NA	NA	NA	NA	NA	NA	NA	NA	NA	NA	NA	NA	NA	NA	NA	NA	NA	NA	NA	NA	NA	NA	NA	NA	NA	NA
