2.67424242424242	0.932095302473176
1.98095238095238	0
1.53015873015873	0.763762615825973
1.00952380952381	0.673435029701474
2.08333333333333	0.707106781186547
2.5	1.31993265821489
NA	NA
0.883333333333333	0.718891894206323
1.83333333333333	0.353553390593274
1.53106060606061	1.11618138380046
2.41666666666667	1.64991582276861
2.08333333333333	1.53206469257085
2.44152788388082	0.841687047464695
2.5452380952381	0.707106781186548
2.40270774976657	0.404186644348145
2.97611865258924	1.91334776085772
2.25	0.707106781186548
2.18095238095238	0.977300955680644
1.92678571428571	1.44259043975438
2.02701465201465	1.24493231487618
2.3	0.707106781186547
1.81507936507937	0.968624051053953
1.79375	1.16833957440083
2.43067897015265	0.111648439134718
1.58333333333333	0.117851130197758
2.28571428571429	1.4142135623731
2.47222222222222	1.13922759191166
1.88888888888889	1.39774951393435
2.31313131313131	2.12132034355964
2.08257575757576	1.53206469257085
3.22222222222222	0.424264068711929
1.33333333333333	0.235702260395516
2.23595135023706	1.46009221026035
3.02978991596639	0.757585839316798
1.90838675213675	0.486135912065751
2.64603174603175	1.72444301259963
2.16111111111111	1.08440118310795
3.025	2.54558441227157
1.87606837606838	0.725237724293895
NA	NA
2.35238095238095	0.866025403784438
1.24166666666667	0.824957911384305
2.33333333333333	1.41421356237309
3.13205128205128	0.543928293220421
2.55719696969697	0.0133921738861092
2.41181929181929	1.22304067280895
2.7014911014911	0.930291697215066
1.11111111111111	0.42763345328724
2.59523809523809	0.707106781186547
2.46484126984127	1.66060978033059
1.28611111111111	1.48492424049175
2.1125	1.45223050873176
2.21306471306471	1.47668434235039
3.13988095238095	0.147313912747198
1.66666666666667	0.707106781186548
1.44166666666667	0.48714968419862
1.95014245014245	0.534005666876363
2.26720779220779	0.808122035641769
2.50252525252525	1.88946567585945
1.94949494949495	1.69949307337762
1.65800865800866	0.685679302968773
1.25	1.06066017177982
3.19444444444444	0.707106781186548
2.70238095238095	1.76776695296637
1.76666666666667	1.31993265821489
1.11666666666667	0.707106781186548
2.05	0.565685424949238
1.70833333333333	1.23743686707646
2.77686202686203	1.61624407128354
2.00714285714286	2.07081271633203
2.34166666666667	0.459619407771256
2.26515151515152	2.02489669157966
2.05059523809524	0.164149788489734
2.71308760683761	1.79696694951872
2.87395382395382	1.32375028416043
1.25	1.06066017177982
2.1765873015873	1.72510913037865
1.86666666666667	0.141421356237309
2.5484126984127	0.897913372935299
2.09583333333333	1.09012295432926
2.16666666666667	0.117851130197758
2.6	1.88561808316413
1.8565758424582	1.65348378984542
2.05952380952381	1.38054181088802
3.04642857142857	0.388908729652601
1.51714285714286	1.16270269244567
2.16666666666667	0.942809041582063
2.20238095238095	1.46472118960071
1.97777777777778	0.0392837100659195
1.33434065934066	0.433012701892219
2.70879120879121	1.31490490411266
2.01666666666667	0.353553390593274
2.42058608058608	1.16477821410299
1.61071428571429	0.459619407771256
2.42649572649573	0.730544274867096
2.95940170940171	1.63178487966126
1.76785714285714	0.681852967572742
2.23241532976827	1.16611321627033
1.71818181818182	0.990680993938948
1.25	0.763762615825973
