2.45833333333333	1.23743686707646
2.25952380952381	0.707106781186548
2.225	1.27679612050371
NA	NA
2.09166666666667	1.1195857368787
1.82222222222222	1.48099065943487
1.96944444444444	1.38777733297742
1.41666666666667	0.58925565098879
2.2	1.13137084989848
1	0.707106781186548
1.87619047619048	1.09433192326489
1.53333333333333	1.41421356237309
0.65	0
1.78333333333333	1.4142135623731
0.833333333333333	0.353553390593274
1	0.707106781186548
1.14722222222222	0.91531044453592
2.2797619047619	0.782868222027963
1.63333333333333	1.33822021107639
1.83107517482517	0.879743711899474
1.95714285714286	0.471404520791032
1.41666666666667	1.29636243217534
1.58333333333333	0.117851130197758
2.62777777777778	0.54997194092287
1.96305916305916	0.311769194451796
0.453968253968254	0.0763226366995003
2.09444444444444	0.538860251243651
2.15740740740741	0.445600348722813
1.81111111111111	1.49148819540653
2.4	0.353553390593274
NA	NA
1.66666666666667	1.16761865920913
1.8	1.83847763108502
1.81666666666667	0.416916591711633
1.5985987696514	0.686172618391877
2.18333333333333	0.707106781186548
1.56481481481481	0.750171448167744
3.48444741532977	0.488042327407186
1.86666666666667	0.707106781186548
2.16666666666667	0.989949493661166
2.49821428571429	0.618718433538229
1.33333333333333	0.707106781186548
2.25703463203463	0.0596908321780851
2.67857142857143	0.707106781186548
2.225	0.388908729652601
1.625	0.530330085889911
2.23333333333333	1.97989898732233
1.41071428571429	1.18692923984885
0.672222222222222	0.192450089729875
2.13333333333333	0.282842712474619
2.21349206349206	1.06066017177982
2.17261904761905	0.580837713117521
1.66666666666667	0.824957911384306
2	1.64991582276861
1.83333333333333	1.4142135623731
2.76666666666667	1.20208152801713
0.633333333333333	0.329983164553722
1.25	1.4142135623731
1.375	0.629152869605896
1.33333333333333	0.707106781186548
1.57777777777778	1.18571747306259
2.34126984126984	1.06066017177982
1.65555555555556	0.582221162000731
1.71428571428571	1.12731243820572
1.75	0.353553390593274
1.91666666666667	0.117851130197758
1.5	0
1.79166666666667	0.530330085889911
1.25	1.06066017177982
2.11666666666667	1.53206469257085
2.39285714285714	0.387225142078347
1.91666666666667	0.942809041582063
1.67777777777778	1.29113788459523
1.8	0.793725393319377
2.69444444444444	0.549971940922871
1.93333333333333	0.838649708360608
2.20238095238095	0.168358757425368
2.36296296296296	0.390612743361923
2.47777777777778	0.549971940922871
1.68888888888889	0.882913946563898
1.58333333333333	0.117851130197758
1.79166666666667	0.530330085889911
NA	NA
2.20833333333333	1.4142135623731
2.50769230769231	0.327581037246026
1	0.866025403784439
1.70833333333333	1.19242400177118
1.73333333333333	0.777817459305202
2.86904761904762	1
1.67777777777778	1.16765830872132
1.95	0.707106781186548
1.99166666666667	0.247487373415292
1.16666666666667	0.707106781186547
1.25	0.353553390593274
1.8	1.1524531001946
1	0.707106781186548
NA	NA
1.83333333333333	0.235702260395516
2.82460317460317	0.353553390593274
1.25	0.353553390593274
