2.95	0.707106781186548
1	NA
1.38333333333333	1.0610529361598
2.54761904761905	0.404061017820884
1.68809523809524	1.43104943811563
1.98333333333333	0.707106781186547
1.03333333333333	0.353553390593274
2.1	0.565685424949238
1.80833333333333	0.271057599454843
2.2	0.989949493661166
1.625	0.294627825494395
1.5	0.707106781186548
1.33333333333333	0.707106781186548
1.76666666666667	0.838649708360608
1	0.707106781186548
1.22222222222222	0.585314097380708
2	0.353553390593274
1.66666666666667	0.942809041582063
1.73412698412698	1.66287678514372
1.25	1.06066017177982
1.25	0.353553390593274
2.54444444444444	1.25707872210942
1	0
1.5	0.25
1.41666666666667	1.06066017177982
1.89285714285714	0.763762615825973
0.702380952380952	0.353553390593274
0.833333333333333	0.577350269189626
1.75	0.346944333244355
1.79285714285714	0.763762615825973
1	NA
NA	NA
1.25	0.353553390593274
1.5	0.707106781186548
1.36309523809524	0.277791949751858
1.58333333333333	1.4142135623731
1.54166666666667	0.0589255650988789
2	1.17851130197758
2	NA
1.93518518518519	0.503140855193264
3.33333333333333	0.707106781186548
1	0
1.58333333333333	0.707106781186547
1.36904761904762	0.202030508910442
1.79166666666667	0.883883476483184
1.25	0.763762615825973
NA	NA
0.875	0.530330085889911
NA	NA
2.06666666666667	0.707106781186548
0.679166666666667	0.125
2.25119047619048	1.00166528008778
1	NA
1.83333333333333	0.353553390593274
1	0
1.71765271765272	0.863982236996117
1.66666666666667	0.707106781186548
1	0.5
2.47786796536797	1.24232631275364
NA	NA
NA	NA
0.583333333333333	0.353553390593274
2.03783068783069	0.859464479086906
1.77962962962963	1.65976658084222
NA	NA
NA	NA
1.25	0.353553390593274
1.5	1.17851130197758
0.833333333333333	0.353553390593274
1.63571428571429	0.986582318512659
1.66666666666667	0.235702260395516
2.475	2.12132034355964
1.61111111111111	0.419435246403931
0.591666666666667	0.271057599454843
1.58333333333333	0.824957911384305
2.18637566137566	0.703459996786021
1.75	1.16666666666667
1.70833333333333	0.53033008588991
1.22222222222222	0.838870492807861
1	0.707106781186548
1.66375661375661	1.28457206840449
1.5	0.471404520791032
NA	NA
2.16666666666667	1.06066017177982
1.13888888888889	0.834721066739818
1.33333333333333	0.471404520791032
1.79761904761905	0.930401127741901
1.33333333333333	0.707106781186548
1.83333333333333	0.707106781186547
1.81111111111111	0.787635937708768
1.78333333333333	0.707106781186548
1.13888888888889	0.917928424547684
NA	NA
1.25	0.353553390593274
1.38888888888889	0.458964212273842
1	0.707106781186548
1	NA
1.41666666666667	0.58925565098879
1.95	1.4142135623731
1.625	0.294627825494395
