1.33333333333333	0.353553390593274
2.97392607392607	1.35609109480231
2.83030303030303	2
2.46783143756828	1.70395691120077
3.15100250626566	1.34353314521947
2.08692185007974	0
1.4047619047619	0.612825877028341
1.44642857142857	0.328299576979468
2.725	0.707106781186548
1.4969696969697	1.31993265821489
2.53506493506494	1.36191586187063
1.31666666666667	1.62634559672906
2.42626262626263	0.950232359256356
2.56349206349206	1.22474487139159
2.20893641737632	0.419523265116008
2.45416666666667	0
3.7948717948718	1.88561808316413
2.36111111111111	1.29636243217534
1.19444444444444	1.06066017177982
3.70669870669871	1.29886090783469
2.95238095238095	1.98839224090814
2.62865282865283	1.78750903341875
1.87474747474747	1.40515825632257
4.60843998955204	2.82842712474619
2.29722222222222	0.693888666488711
2.09679487179487	0.471404520791032
0.87797619047619	0.505076272276106
3.15875420875421	2.67758615035868
3.56453634085213	0.72991733553385
2.71363636363636	1.51618405602763
1.95804988662132	1.37800000355811
1.85238095238095	0.0989743318610789
2.82553282182438	2.4236341123278
1.35481331533963	0.667823071120628
2.15	0.584700778176325
2.24621212121212	1.64991582276861
1.70833333333333	0.824957911384306
2.99109730848861	1.03553361494201
2.23611111111111	0.0589255650988791
0.966666666666667	0.89566858950296
2.3979797979798	0.344660615243504
3.56488095238095	0.756772614627031
3.14583333333333	2.12132034355964
2.87234848484848	0.463556101523062
1.8235632183908	1.18855576941799
2.94708994708995	1.20123500406016
3.10966051492367	2.21931856569229
3.51666666666667	1.4142135623731
3.20833333333333	1.06066017177982
2.25015873015873	0.169705627484771
2.72899159663866	0.332756132323081
0.685714285714286	0
2.39772727272727	1.35286618465399
1.58333333333333	0.707106781186547
3.14444444444444	2.32559563590242
1.525	0.300086793000514
1.07348484848485	0.249630121237069
2.96543209876543	2.42671837024164
2.8099025974026	1.76776695296637
2.25741758241758	1.44242307230806
1.86746413308913	0.781427606418012
2.47649711399711	1.90836426466927
3.42857142857143	3.81837661840736
3.27380952380952	0.555583899503716
2.15387529137529	1.21708076276957
2.57575757575758	3.12841181979503
3.40903540903541	2.07713080632583
2.72124811463047	2.19851016752401
1.64350649350649	0.706647695526454
2.21960784313726	0.886662677445909
2.975	0.707106781186548
2.75115995115995	0
1.68055555555556	1.59099025766973
2.19444444444444	2.36339758571175
1.16269841269841	0.190806591748751
2.60779220779221	0
3.11428571428571	0.707106781186548
3.82905982905983	0.707106781186548
2.63247058823529	1.32287790500752
3.72102801413146	1.67774098561572
2.31372549019608	0.500288267536199
2.71578947368421	0
2.78192640692641	0.168358757425368
1.96666666666667	0.929157324317757
2.96130952380952	0.206239477846076
1.93073593073593	1.09826073389619
2.36904761904762	1.4142135623731
2.87271794871795	1.39394005928838
3.15526315789474	1.36816799279536
4.14934640522876	1.06066017177982
2.42740683229814	2.72419065790597
2.84563492063492	0.858629662869379
3.7718253968254	1.58257231979846
4.06666666666667	1.4142135623731
2.55833333333333	1.72692011581884
2.1613854024869	1.82660373419392
2.72539682539683	0.38490017945975
2.08863636363636	1.91182964528553
2.73989417989418	1.30249396304994
2.77936507936508	1.56773013550731
