2.72211538461538	1.53058709939562
2.76555675782018	1.68578132572076
1.88510101010101	0.947706783846221
2.29967948717949	0.588421152925867
3.24183006535948	2.12577071494964
2.67358585858586	1.15405986268766
2.60858585858586	1.17260393995586
3.51666666666667	1.74737898961082
1.75809523809524	1.19731085687129
2.14028548178165	1.17807633434764
2.73518518518519	1.13915082805285
2.55153800447918	1.09824963799089
1.6	1.02034852433426
2.53480392156863	0.644038056781272
2.71457219251337	1.73205080756888
2.65476190476191	1.10821845687037
2.37079365079365	0.514140681097778
2.41488095238095	0.666191369685231
2.27857142857143	1.25780894150635
2.32666666666667	0.74289224581287
2.41944444444444	1.81800918793262
2.82111111111111	0.845133125608031
2.575	1.85758579882599
1.71587301587302	0.860553180382283
2.90634920634921	1.14912303477703
2.96044932079415	0.991218670429303
2.15847310584153	1.95489043358017
1.75793650793651	1.57802472637061
2.46239316239316	1.61875580937038
2.35	1.223808944784
2.49230769230769	1.70272113373249
2.54555555555556	1.51537083429506
2.70659340659341	0.877971146071062
2.35909090909091	1.21248479395575
1.66666666666667	0.866025403784439
1.44444444444444	1.27598908621827
2.95454545454545	1.05847549351431
1.77830687830688	0.641500299099584
1.91136363636364	1.0816653826392
1.70959595959596	0.675224146257383
1.5875	1.41894424759318
2.46802641802642	1.02243087371163
1.92069597069597	1.1186335870701
2.50661375661376	0.561999663166426
2.82055335968379	1.95916635924092
2.26484230055659	1.68537023547112
1.94361009361009	1.35805391926677
1.87439703153989	0.62700399136464
1.71759259259259	1.10950114842388
2.32142857142857	1.53625252042116
2.51269841269841	0.332978836441241
2.27301587301587	0.562597098363406
3.31678080373733	1.47309198626562
2.38333333333333	0.430358377789179
2.67738095238095	1.39556452381682
2.45503224464323	1.55295443292872
2.24923687423687	1.96708275787193
1.66666666666667	0.763762615825973
2.12136752136752	1.46059348668044
1.98809523809524	1.71143115509782
2.46342305037957	1.1466958328839
1.93888888888889	0.897849797716332
2.36875	1.21638838141625
3.18268398268398	0.669602379729027
1.43618881118881	0.496370786733486
3.10634920634921	0.623906450727398
3.17222222222222	1.48327091004732
2.81488095238095	1.35192449120947
1.9	1.60585349023464
2.92615060378218	1.17484928930056
2.95899470899471	1.65209680960674
2.17727272727273	0.90953824221392
2.0015873015873	1.43203218377208
1.62777777777778	1.04274943725177
2.18055555555556	1.67774098561572
1.96296296296296	1.35467488089276
2.27910052910053	0.487584151914952
2.55235042735043	1.79382409898333
2.33993506493506	0.554671364938196
2.23333333333333	1.03431852676766
2.40134453781513	0.699341216529677
1.81805555555556	1.56707622043678
1.99444444444444	1.85265075360004
2.26746031746032	0.192450089729875
3.14365079365079	1.63183558521473
2.20984126984127	1.53338433235376
3.02857142857143	1.67290499165706
1.17838827838828	0.466053379049369
2.61123125539602	1.97327597445906
2.66764069264069	1.37042167071145
2.52063492063492	0.69579777428932
1.45793650793651	0.255665213582392
2.33730158730159	1.96599252445121
1.78571428571429	1.98431348329844
1.56914285714286	1.05363502094872
2.42063492063492	1.55682487894551
1.92542735042735	0.897968096165625
2.55017168589924	1.58023790720489
2.12592592592593	0.109055050846929
2.60918803418803	1.35120257960567
