2.85	1.45028732785381
2.1179131213614	1.06342312108863
1.74419642857143	0.512826810102459
2.78089668615984	2.83477793455456
3.5976800976801	1.20957454638517
2.99850427350427	3.04840957319156
2.77337146980004	1.46349157819819
2.33770110608346	0.259615384615385
1.545148995149	0.571871521442568
2.07809523809524	1.41342205471752
4.22448069266021	2.58144096360147
4.35075259989053	1.8243451827789
4.12666666666667	1.34580830730086
2.55259512417407	1.55862852842523
2.73135620687743	1.80323441234123
1.53180678970153	1.02444609955154
2.26926877470356	2.44382468848126
2.6382519441343	1.68405587062646
2.1736568986569	1.93737058531054
3.80083906608297	0.962250448649376
3.93484848484849	2.44199372098565
2.39782313722863	1.60038763054865
2.25204991087344	0.953715492723658
3.17554546902373	0.329914439536929
2.80190476190476	2.52350986540896
2.38421074128208	1.30433456555214
2.9886414991429	2.01982622316409
2.49055555555556	1.36935922092266
3.60505020831108	2.16986659728149
3.18093026684358	0.964756175463186
2.50138595609184	1.0745130009918
2.4318299454169	1.1397496570751
2.1600756200388	0.947854949305766
3.06882868089765	2.07516539424073
2.0397176022176	1.56791388365628
2.66117216117216	1.98480819760764
3.87190138466734	2.07336031111878
2.5810364281109	1.73896833489119
2.82202580028667	0.433012701892219
3.88099353101227	1.60375074774896
3.30329611908559	2.09717623201965
3.01671971120984	1.83413852626299
2.71976981351981	2.08333333333333
3.24720601237843	2.30995861553872
2.33699849170437	1.6160966275572
3.23076923076923	2.07191892796267
1.88754873294347	1.08441600695106
2.61301587301587	1.77849985335818
4.16991341991342	2.51661147842358
2.68614718614719	2.72554315390168
1.59643956043956	1.16290798513307
1.30952380952381	0.701068184015974
2.6742784992785	1.33981919611942
2.56623158738868	1.19036598021236
2.51352813852814	0.959213671152201
2.2056990881459	1.19226011438904
3.54423076923077	2.35381263592694
3.58133333333333	1.56296033219017
2.8033000391696	1.16031584561179
3.09801587301587	1.49725379192825
2.8980463980464	1.45084042194626
3.75765352294764	1.81773247771618
2.65098039215686	1.47809240059204
3.27944147355912	2.36791829188362
3.25260989010989	2.43286599942927
2.79304029304029	1.95850770792521
2.35119047619048	0.805340498308744
2.84996645866211	2.18682295548702
3.71030119379176	1.69966398616642
3.07142857142857	1.16788080651721
3.05177005012531	2.19325374821218
4.1072086096437	2.10179638391292
3.49503367003367	2.56359444158107
2.81880499914398	1.6014377867366
3.8612409479921	1.8360794616517
1.71946575731742	0.0792441545946545
2.61527777777778	1.85034093455073
3.39784688995215	1.71290809360886
2.91666666666667	1.2918906615815
2.09533333333333	1.26183007528307
3.25070707070707	2.00341596012954
2.82422314527578	2.1027515135327
3.37303080036898	1.75259360196285
1.77756892230576	0.920001887025575
3.33546462063086	1.47909305419767
2.13276515151515	1.14324364889842
1.73116883116883	1.31271658293819
2.85926870748299	1.09089150316469
3.5112958226769	2.09368248397744
3.32111578619293	2.21550456894686
2.89460317460317	1.01472529411884
3.95391446704492	1.92165553852918
3.59714590964591	1.95802643566556
3.23372538536933	3.35293157763249
3.93166666666667	1.72876641954121
2.64540463458111	1.42115420433481
2.08810708898944	1.15588140185036
3.94749053030303	1.87844315173025
4.60348437939769	1.9919839356782
3.55239294480487	2.13244535040818
