NA	NA
1.84126984126984	0.895720277103748
1.58666666666667	0.635347673850048
1.99063492063492	1.03509611790066
1.70833333333333	0.712565786436593
1.25	0.482326537616259
1.68422619047619	0.967652546269756
1.40166666666667	0.709224929059886
NA	NA
2.03575757575758	1.67589511189662
1.43412698412698	0.759474795651927
1.80277777777778	0.61244803256488
1.2875	1.44647560182212
NA	NA
1.46875	1.27356264296483
1.36666666666667	0.773520092391486
1.70833333333333	0.774297770264797
1.9247619047619	0.689054913795153
1.6	1.22746350930146
0.838015873015873	0.416518340946316
1.60142857142857	0.341940739584734
1.85327380952381	0.58406932433024
NA	NA
NA	NA
1.74285714285714	0.580053950106379
1.63	1.01908183075638
1.43809523809524	1.09771459144125
1.72559523809524	0.277653316788233
1.4375	1.06800046816469
1.5	0.27352296944647
1.52916666666667	0.606853222231977
1.67410714285714	1.33011742806753
1.69543650793651	1.13726569106722
1.73304473304473	0.954580792702178
1.79191919191919	1.1055692834306
1	0.763762615825973
NA	NA
1.52383207070707	0.913117145763135
1.55	1.02902326936221
1.51785714285714	0.732771700517538
1.8	0.580513104806952
1.90535714285714	0.352736709091984
1.125	0.666145629723711
1.46666666666667	0.911246602391674
1.45	0.33124344857253
1.33666666666667	0.777585293642369
NA	NA
1.6375	1.3121494240791
1.41666666666667	0.319142369252113
1.69047619047619	1.50647381022436
1.72311688311688	1.17425882646593
1.8552380952381	1.38895777606942
1.82045454545455	1.03493795552119
1	0.5
1.375	0.533593686452737
1.89494949494949	1.01396609012092
1.91111111111111	1.11654228162962
1.6	0.550420714511148
1	1.15470053837925
NA	NA
2.07142857142857	0.964836703253757
1.3375	0.679511671063206
1.7297619047619	0.983422687050637
2.23747086247086	1.11761737424865
1.13333333333333	1.00623058987491
1.16666666666667	0.813656584215378
NA	NA
1.40416666666667	0.220846435670011
1.80555555555556	0.647486434705448
1.33333333333333	0.907785257687122
NA	NA
1.78025793650794	1.05525512766284
2.29987373737374	0.958333333333333
1.4875	0.921087823053686
1.25	0.656167322834318
1.48190476190476	0.97206933524158
1.29583333333333	0.761744464784372
1.73333333333333	0.634209919681348
1.89484126984127	0.816660496374796
1.82142857142857	0.932683204085757
1.25	0.5
2.01213023088023	0.777578642055271
1.41666666666667	1.03295692068934
NA	NA
1.44444444444444	1.38777733297742
1.85551948051948	1.28200425750548
1.11333333333333	0.279732014613987
1	0.912870929175277
NA	NA
1.33333333333333	0.849836585598797
1.20833333333333	0.583333333333333
1	0.577350269189626
2.04166666666667	0.799305253885453
1.40666666666667	1.02371871136558
1	0.5
1.175	0.638502298496399
1.525	0.716666666666667
1.22083333333333	0.936341877260176
1.82619047619048	0.604795298103176
1.75714285714286	0.67301400119536
