2.60009578544061	1.634572748653
2.80124933545986	1.28903351678977
2.54608230644036	1.73331766789738
3.1729766374635	1.89932533581003
2.58006072874494	1.16700254040975
3.16340281800549	1.67845838571439
3.12269087434305	1.1370993484597
1.69900793650794	1.10016281074961
3.16911764705882	2.66016869114767
2.56709956709957	1.89818423502999
3.21878019323671	1.83633200515165
2.55343137254902	0.9537935951883
3.04848327715841	2.16005007500535
3.38467186139135	1.98690690764839
2.13742926600069	1.26066427962056
2.53205081669691	1.50138846945831
2.0468477882271	0.974172531243713
2.88693095067868	0.938096824438807
2.7279081312709	1.50657334016333
2.38319686849099	0.924526092761963
3.10808587124377	1.48048278255125
2.92791461412151	1.61421118958022
3.21239316239316	1.58653729603687
2.76247267789719	1.08734727421853
3.69946141793968	1.88745860881769
2.55852053140097	1.05214816543024
2.53567368591999	1.64106419224091
2.24124212775529	1.19685974995018
3.70798868261962	1.73129886829694
3.05252303629214	2.00484299250669
3.20948087000719	1.75500794887127
2.54459108429697	1.43835838087556
2.00013030087657	0.983702433729885
2.22138157894737	1.09845930831843
2.81701917130489	0.763137122877749
2.66709956709957	2.18243284713417
3.41437996701155	1.73740076399658
2.89626860777756	1.5539268936698
3.19074383748297	1.89267408351945
3.78622839149155	1.56636592735212
4.04272486772487	1.33864658471174
2.40179738562091	2.0564273092493
2.6731694828469	1.58271354196938
3.08677335973162	1.92548159171684
2.79348739495798	0.583576237084578
2.86502463054187	1.13653095145728
3.09539690382082	1.66121702692738
3.10463891985631	1.95764646465457
2.12594694840958	0.981618634405138
2.72166666666667	2.15065074131322
2.68134118967452	1.33992748545488
3.36005098848849	1.70304795039572
3.02377450980392	0.589872109963705
2.1333016576919	1.31156322974484
1.93858225108225	0.808923320875727
3.49609625668449	1.86164906624378
2.96153846153846	1.88407076118072
3.00232835174356	1.84276186087153
3.03434772275516	1.6311824881131
2.14731585060212	1.21066674955502
2.59904761904762	1.41400052095996
2.38750281721884	0.714708062352761
2.43079710144928	1.60641844960916
2.58550724637681	1.62523572577064
2.72654485049834	0.554370005976118
2.68063725490196	1.51889400532865
3.0037037037037	1.76165051909859
2.2983682983683	1.23496467198331
2.36486671223513	1.52913152181971
2.37214912280702	2.19084953292103
2.66501504447933	1.65911097772603
1.56587301587302	0.505367386675519
2.32396445554752	1.109124658994
2.43076923076923	1.3624596494195
2.70814479638009	1.34341676281633
2.64351373264417	1.21479228322307
3.01914173789174	2.32829113531689
3.03617314585057	1.69081971366336
2.23300969510611	0.838028435081328
3.16118629908104	1.94014242268638
3.02643939393939	1.70782512765993
2.60449412827462	1.76478608337886
3.32805735930736	1.21781481213962
2.51697191697192	1.57910558624177
2.9195335316025	2.45022645240714
3.55937118437118	1.62265797632334
2.70820651335083	1.34589059273156
2.63632478632479	1.27214244654753
3.04166374474053	1.88842391292222
2.8735632183908	1.59976712534386
2.77008318478907	1.65867055696088
2.91496732026144	1.07333218311418
2.16208333333333	0.692953565868642
3.06331168831169	1.5485096807592
2.00068216097628	0.642841015859553
2.74555474708276	1.659119313861
3.05298408488064	1.1521390132504
3.19637635756057	1.4740271044153
3.62430113745903	1.42932409930644
2.55867034313725	2.02766818485232
