2.86927803379416	1.53040419286598
1.53174603174603	0.498827044432228
2.55208333333333	1.42699462416906
3.05907909140668	1.65048837226107
2.675	1.38252988715937
1.94848484848485	0.457569068116197
2.50854700854701	1.08068127309853
1.34	0.654641547379599
1.62987396375554	1.57878721526841
3.08928571428571	1.15770366578748
2.53379509379509	1.39280373433533
1.54095238095238	0.688898855168929
2.41456654456654	0.880624437575159
1.55757575757576	1.77312349884286
2.12878787878788	1.29884418806684
1.75564102564103	0.752662021323778
2.47745164192533	1.39922482166724
3.15598290598291	1.15470053837925
2.68829365079365	1.60848045127689
2.30714285714286	1.69710512824826
2.54444444444444	1.31292247756627
2.38095238095238	1.56586316057366
1.9047619047619	0.947806474246102
2.29285714285714	0.690491789643169
2.60625	1.18347270306032
1.93655303030303	1.26727568834222
2.07740384615385	0.729961387147182
2.2767316017316	1.12821556910476
2.64502164502164	1.16374999847773
2.14305555555556	0.561183792243904
2.46878205128205	0.905564395832787
2.56672932330827	1.60078171334795
2.63076923076923	0.620486993529054
2.26348039215686	1.13830316808156
2.56917293233083	1.2503507337668
2.36819430569431	1.38251041919097
2.36111111111111	1.25830573921179
2.20503246753247	0.5945502617728
2.30371926548397	0.860171730159864
2.51142857142857	1.1269080569006
2.43585858585859	1.25580572591776
2.20952380952381	0.709060251254643
2.13003074220466	1.86109971488911
2.84334554334554	1.53197218496623
1.63965201465201	1.57127661667011
1.99095238095238	1.26469525247494
2.16825396825397	1.65442214166364
1.96212885154062	1.00041779360209
1.71663059163059	1.26193673709981
2.69008241758242	2.28018137639225
2.86858076563959	0.749278776638647
2.33585434173669	1.35474111507427
2.35615079365079	1.59309854151053
1.58928571428571	1.00856029941249
2.39548872180451	1.46006393818939
2.82388716356108	1.48984077868005
1.83471861471861	0.997746678865306
3.16166243177113	1.39087119616089
1.82061457061457	1.5492647441476
2.40586883876358	1.11526133114122
2.46368083670715	1.23240931944693
1.93636363636364	0.684781439464236
2.36889589169001	0.992112769441286
1.88939393939394	0.932756501096466
2.59632352941176	1.6843976816027
2.57748917748918	0.871354841186562
2.00496031746032	1.8261820401103
1.52361111111111	1.32336843408995
2.09576118326118	1.2265263943974
1.83988095238095	1.11364084539841
2.38333333333333	0.824652060209737
1.94259259259259	1.40801132267239
2.07675438596491	1.86113809970187
2.42156862745098	0.456913409909156
2.27099567099567	1.31607103784871
NA	NA
1.90269874031484	1.33081779819489
2.41666666666667	1.23333333333333
2.43457718751836	1.27470002431111
1.61699134199134	0.990238756637849
2.34162431771127	1.13686823306801
2.01217013121038	0.729262768273412
1.63988095238095	1.09650030787504
2.87027183342973	1.67900400727524
2.46666666666667	1.42807903220453
2.55266260109059	1.14725749073078
2.00272727272727	1.23391877996712
2.09246753246753	0.806350012678797
2.554884004884	1.4208837550173
2.18014005602241	1.50410046070926
1.41964285714286	0.691527319788311
2.95595662507427	0.90625610201338
2.32200854700855	1.91457769872259
2.18429487179487	1.26217543577229
1.74621212121212	0.586850069536697
3.26443887496519	1.37436854187255
2.23887631975867	1.70088255993833
3.11441441441441	1.45328666243253
1.89202226345083	1.06420797387852
1.70104102246959	0.610954201979871
