2.91245421245421	0.670800807896668
2.54429945054945	2.22385166486532
2.87534562211982	1.69672750702847
2.38012820512821	1.6369871068313
2.69529220779221	1.39792250422679
2.49389233954451	1.21240346060219
2.37932223721697	0.763182807714853
2.38534798534799	1.45148987164299
2.4265306122449	0.898679710392702
2.44174783549784	1.42891377346412
0.891360294117647	0.745943802509483
3.43376623376623	1.59337125489412
2.1712962962963	0.760102601766284
2.23108322047663	1.18398793620839
3.43194444444444	1.20209115633888
2.70443877767861	2.00882640729398
2.9695781573499	1.52429120338025
3.30387547935935	1.07839064757818
3.025	1.38413631313297
3.62350427350427	1.26197963240006
3.04150326797386	1.64814814814815
2.91546499477534	1.42251786150904
2.53437749989474	1.45427915097983
2.88452380952381	0.857824905006425
3.08858695652174	0.615390004654965
2.75059523809524	2.02561858920534
2.40595238095238	2.6364933033815
1.67450035344772	0.622082603163366
3.00575757575758	1.15315990989011
2.68055555555556	1.87925506099575
2.38142857142857	0.791691549913274
2.28928571428571	1.09982476443825
2.07762359022863	1.58878902904322
2.83798576902025	1.23947852612139
3.06837606837607	1.08081792407648
2.67843137254902	1.69715908034141
3.12466805972748	1.71063703034896
3.0427012987013	1.20949576270444
2.46970310391363	0.533333333333333
2.54693797581729	0.875
2.48235089186176	1.5210462571742
2.68468306182122	1.09257467037967
1.67994924615614	0.661759841269618
2.66190476190476	1.48423308338178
2.54386144701783	0.663008035031544
2.90570943240381	1.32129916569202
3.21960784313726	1.35400640077266
2.15971659919028	2.12635001078653
2.60562378797673	1.62627658405887
2.16717009916095	1.64799038802091
2.3732905982906	1.7720070397126
2.72359845767575	1.62704751938541
3.16269841269841	1.49002097617726
2.43508846226238	2.01224526382918
3.08328431372549	1.68523535868092
2.60937102113573	1.4079131493618
2.34320987654321	1.3936486342601
2.3140350877193	1.60782175540959
2.34711538461538	1.49192431004252
2.48331823671498	0.489665443113866
1.92571428571429	1.06226558038247
2.91903567447046	0.830556179001536
3.2580615942029	1.79077919617051
3.1030303030303	1.59609544237086
2.53610475464022	1.10794753155741
2.32325396825397	1.51800132399557
2.88888888888889	1.62963804711631
2.42226551226551	1.02023804816872
1.73269230769231	1.06052921799554
3.33980235949676	0.949943861641598
2.66848949856622	1.52694479851533
2.57245670995671	1.36434790504031
3.46935699435699	1.36918035976283
2.3698723690103	1.11951960655067
2.04404761904762	0.313089957104355
2.31528735632184	0.859469798186023
2.12777777777778	1.33152655360791
2.4349358974359	1.74430016059718
2.41662157287157	0.738129839498735
2.16781656069332	1.45860085220298
2.45	1.73495517073048
3.20005444646098	1.15681835284823
2.78540957056034	1.99916427680137
3.03728503990109	1.7166877738411
2.51785714285714	1.42400062421959
2.88712121212121	1.77159297432189
1.85897435897436	1.12110381644983
1.98114035087719	1.43123852281004
2.53183483183483	1.16452672370813
2.38583659606585	1.22545392103175
2.60041141456583	1.59045072853674
3.2958263958264	1.14827715901913
2.56532478772181	1.89024856197977
2.71204469248514	1.603664741796
2.8602707304006	1.39537571670385
2.73666613384484	1.72994078106318
2.79512916277622	1.52732764467442
3.20927442123094	1.28814921394825
2.09011243386243	1.42285762326562
2.61071428571429	1.92577840079787
