1.5040569337783	0.780738663605732
2.75192511192511	0.905666191554538
2.93191287878788	1.44751693123214
2.7637987012987	1.63458710382775
1.92478354978355	1.13566094996984
2.09433155080214	1.63457200733418
2.98203643203643	1.0297471068043
1.99590643274854	1.20721791976502
3.13847402597403	0.810349718742881
1.76634920634921	0.992312286263446
1.97785714285714	0.675601583775527
2.07728937728938	0.806391119399342
1.98511904761905	0.873906021660154
2.3597027972028	1.24227147283869
2.53823529411765	0.536356053591762
2.62401837928154	1.30152501880555
2.26935858585859	1.57761655773764
2.41542207792208	1.56593257727936
2.75959595959596	1.3650401434011
2.47555555555556	0.959793187599788
1.55714285714286	0.639453068455668
2.51044871794872	1.09353440732334
2.80562770562771	1.73723555909744
2.48681318681319	1.03147379925696
1.65833333333333	1.4142135623731
2.38311688311688	1.23214511480115
1.48946886446886	1.26933372646742
2.66133900928793	1.28245561535497
2.28174603174603	0.889467404335024
1.91414141414141	1.51992514005939
1.97571580466317	1.61418847585509
1.99206349206349	1.2804123485475
2.15833333333333	0.956991814663706
1.63174603174603	0.910652088341926
1.84844256620572	1.1734439547472
2.40952380952381	1.6418745623857
2.73039215686275	1.03524259007244
2.64039074960128	1.13852215041281
1.94848484848485	1.30715191171258
1.4672619047619	0.887916223074447
2.0031746031746	1.05669866893525
2.45625	1.53173414492879
2.06333333333333	1.25240879020301
2.49629329004329	0.914945818787207
2.44441287878788	1.90335770258285
2.38731060606061	1.84812873028883
1.6172619047619	1.13694631354302
1.92142857142857	0.733379714055865
2.99367299367299	0.954675402521637
2.36923076923077	1.50777079858481
2.31543921916593	1.21799230866181
1.99220779220779	1.35188130628556
2.4592803030303	0.734668668773385
2.16636957813428	1.35875896188382
2.44360066833751	1.28831817251069
2.05681818181818	1.31253142863241
2.15079365079365	1.07055618020701
1.86959706959707	0.926840062734475
2.19130869130869	0.95545291871619
2.65198480071146	1.21269621849673
2.11984126984127	0.801115195721139
2.35	0.912870929175277
1.9708719851577	1.12756718632639
2.28041067979148	1.09595835294718
2.256657000407	0.837016251581935
2.48930296756384	1.49981516778211
1.45889731183849	0.961604716025013
1.68555555555556	1.03010322508037
1.84333333333333	1.36740833533936
1.89002864303616	1.14628683751748
2.06861471861472	1.35512840959921
2.38782051282051	0.875017610417318
2.00519480519481	0.987372153076034
2.14162781662782	1.21287773245818
1.84639423076923	1.13592896930635
2.3381684981685	1.52130514123333
1.98241758241758	0.745379169191648
2.2019083673219	1.22695807817205
1.79849970291147	0.847441135582635
2.23621794871795	1.55625646074085
1.78333333333333	1.16480506237453
2.34191225441225	1.43797902194131
2.19780555066596	1.54068088753578
1.45286195286195	0.800911483775232
1.87320075757576	1.48494579970608
2.25859213250518	0.517441632591317
2.26617063492063	1.30609286943015
2.11960784313725	0.869865890046659
2.22561327561328	1.11115700018617
2.44940476190476	1.30118950802812
2.56495726495726	0.927900305679995
1.875	1.54757325939591
1.84649350649351	0.838720545947821
2.41111111111111	1.16332855777434
1.63888888888889	1.0336916941325
2.55555555555556	0.891731565654813
2.82611111111111	0.85553811911044
2.08918690958165	1.0411268828116
2.86904761904762	1.60399444697949
2.64644383394383	1.08566461574998
