2.56092796092796	1.0686440005914
2.20221018231854	1.43820302811289
2.3238455988456	1.11010158454411
1.73333333333333	0.680685928555405
2.02662337662338	1.15679908777749
3.70961345807068	1.81965258659451
1.4991341991342	1.61632624844325
1.93238095238095	1.17439809449511
2.8146645021645	1.96732568995842
2.73986013986014	0.931554977543615
2.48982498982499	1.32929035600886
1.67714285714286	0.49418844808658
1.84097870939976	1.07354276387916
2.73412698412698	1.04083299973307
1.50005827505827	0.86297539003146
2.74166666666667	0.85289991886794
1.12916666666667	0.338945805785024
1.66991341991342	0.687184270936277
1.7672619047619	0.998985454736709
1.99989995998399	1.46506758148568
1.60892857142857	1.15184523655723
2.02222777222777	0.802588821596348
2.53293650793651	0.877021474461524
2.14070175438597	1.44949307108627
2.16375291375291	1.61122021213492
2.12371473695387	1.3959643849288
2.22936507936508	1.32465227162284
2.45704948646125	1.13818868537297
2.35215070876836	1.3097177094098
2.71674436674437	1.19397120726271
2.83193277310924	1.20935192216831
2.67090017825312	1.43127684992296
2.81740890688259	1.25881815735154
2.16238095238095	1.04469478232095
2.32064393939394	1.02176579852279
1.82011822660099	1.18500230444151
2.09188034188034	1.31039292947941
2.44035816035816	1.30345460583214
2.43858363858364	1.74032292578248
2.76220238095238	1.61276892236265
3.12797619047619	0.699564458859057
2.08488774297598	1.49293932008815
2.21526120937886	1.63613010858544
1.7026936026936	0.699888863061379
2.08444444444444	1.0968135666557
1.73989898989899	0.975398327743868
2.59880952380952	1.18145390656315
2.33595176753071	1.69780713058902
1.86868686868687	1.29552427927119
2.47272727272727	1.12731243820572
3.0181436210848	1.62999759773816
2.56333333333333	1.03161146863643
2.46114718614719	0.840390936466231
2.29166666666667	1.02175411987497
1.9847132034632	1.14184206668788
2.42113095238095	1.06507199110948
1.61645021645022	0.681317345084363
1.81071428571429	0.715114598430831
2.55254329004329	0.847630454568191
1.90178571428571	1.03497852903119
2.59113827349121	1.64740733536464
2.070330634278	0.951402568778615
1.27606351981352	0.800944232136179
3.06955807810381	0.939922779765209
3.06375811688312	1.00048816209888
1.27828952093658	0.117231575929854
2.11493506493506	0.943550065582506
2.53750445632799	1.51514233561233
2.1591810966811	1.46666581143417
2.10467032967033	1.22133881932332
2.9692179144385	1.77881872105832
2.49583333333333	1.75416831617764
2.26172969187675	1.27689391320468
1.82083333333333	1.4139762033725
3.1617316017316	0.720462814215048
1.94083694083694	1.33783433486722
2.375	2.09928683326823
2.26698532948533	1.083328818939
2.63748462064252	1.14361999671199
1.73694083694084	1.21915942603499
1.70267857142857	0.547514116068279
1.67142857142857	0.248738312889912
2.41396316102198	1.25008068367586
2.97205086580087	1.24814054764512
2.81825396825397	1.36587624396656
1.91919191919192	1.29099444873581
2.32496816908582	1.17015206472757
1.825	1.45212700529471
2.21161430481283	1.53214968601098
2.19166666666667	0.539346884415211
2.71190476190476	0.960831555951179
2.88479755538579	0.98262605646646
2.32916666666667	1.76432627997834
2.03205128205128	1.41066427668392
2.27909316560632	1.06922400805405
2.2510989010989	1.1404690922938
2.67083333333333	0.905263801894458
1.56158008658009	1.06574699937024
2.21045454545455	0.453742156344817
2.57677218614719	1.33584882620684
