1.56921897546898	0.790707794609034
NA	NA
1.75282805429864	1.37391458679601
1.78598484848485	1.20099255260689
1.31333333333333	0.671379177514465
1.42884199134199	0.679467175424401
2.05708180708181	1.59752412605673
2.57528409090909	1.23737820970383
1.87714285714286	0.435106751829397
2.3015873015873	1.08431405111769
1.67916666666667	0.691800522522904
2.21007936507936	0.863326898302916
1.42333333333333	0.647575606911399
2.24025974025974	1.4488598681848
1.29619047619048	1.07950605988727
1.73670634920635	0.72707867011913
2.02666666666667	0.949166300848627
1.73079004329004	0.928014668630058
1.96170504385965	0.994912688792272
1.99242424242424	1.11185373197375
1.39305555555556	0.76097423748998
2.32251082251082	1.5331830370819
2.32069597069597	1.33613076279309
1.98917748917749	0.707009376849535
1.68714285714286	0.767754422808164
1.7012987012987	0.747084645288856
1.72444444444444	1.37226495659953
1.3327380952381	0.164285714285714
1.9508547008547	1.15463232950966
1.62253787878788	0.720172191588366
1.61111111111111	0.53575837561072
2.16897546897547	1.14038569918418
1.54845598845599	0.676463542796502
2.11965811965812	0.784338815006524
2.23300865800866	1.44580086320849
1.88422619047619	0.812994064564671
1.90833333333333	0.814861951498535
1.80055658627087	1.1011672468638
1.74375	0.447491723490606
2.12034632034632	1.05673948432776
2.44880952380952	0.641396046829795
2.30897435897436	1.5835823996405
1.61388888888889	1.20811300673283
NA	NA
2.38582251082251	1.05518999517903
2.11270604395604	0.672091964839975
2.21721028154852	1.02986618996498
NA	NA
2.40064102564103	0.846833448916499
1.96041666666667	0.502741327714952
1.80555555555556	0.832406892431761
1.94202279202279	1.3314392410752
2.05087042587043	0.977999065228186
2.47531328320802	1.11903178813524
1.46239495798319	1.63108560412831
1	0.652630006915041
1.7041625041625	1.34233832319534
2.51248196248196	0.829323686974982
1.7375	1.07654927120561
1.7098063973064	0.867925809097534
1.57440476190476	0.810980394757032
1.91432178932179	1.35855190011502
1.79583333333333	0.872774948718804
2.25744047619048	1.87379575210243
1.50833333333333	0.272675359817956
2.75788916965388	1.16582873015235
1.32	1.22759928315391
2.18238095238095	1.29335209327863
2.24021739130435	1.40528810074047
1.6968253968254	1.15309567236619
2.07746753246753	0.418410679388982
1.80888888888889	0.632060123722419
2.3738455988456	1.20686089945636
2.13363095238095	0.8125
2.23064043799338	1.37086077311274
1.20833333333333	0.853912563829966
2.30773591487877	1.40808062924142
1.67946428571429	0.996863171138742
2.31895604395604	0.891025641025641
1.79100233100233	1.07546309930027
1.89345507433743	1.52887838222652
1.92333333333333	0.915954268630384
1.6617316017316	1.22483783709478
1.51016988062443	1.04322792757035
NA	NA
1.33333333333333	0.876651879892195
2.52400793650794	1.64341418552512
2.1875	0.625
1.59761904761905	0.601243514869255
2.45440423976608	1.19836320915637
2.28142857142857	1.38488192969064
1.7125	0.620987117418711
1.97348484848485	1.52276111673469
2.25076923076923	1.22016990442346
1.32619047619048	1.25801136425415
1.44583333333333	0.222932891413703
2.23143939393939	0.261383398462365
1.69166666666667	1.34780342560556
1.65208333333333	1.3135049063056
1.79166666666667	1.20281306081172
