2.55384615384615	1.2004135820274
1.77987012987013	0.747068679850494
2.11664050235479	1.1170592730796
2.20807803307803	1.12646182076658
2.2634205500382	0.57400527483195
1.76671626984127	1.58394861948444
2.42146293249234	1.10543967012677
1.55071428571429	0.929581867819931
1.70833333333333	0.671854812358212
1.93333333333333	1.39057675218008
1.80811688311688	0.907430224047021
1.65	0.670129893434157
2.25897435897436	0.283886801342245
2.0004884004884	1.24215086664632
1.98253968253968	0.754888327502316
2.66898353544316	1.15899955042523
1.74861111111111	0.783996468718427
2.24126050420168	1.55937481474671
2.0275974025974	1.15801040528654
1.73055555555556	0.725398996210846
1.58952380952381	0.749666592559653
1.90584415584416	1.24927032168797
2.49684065934066	1.14917591174464
2.20138888888889	1.37265372208024
1.97090909090909	1.44092836873316
2.76799242424242	0.62742584776565
1.92564102564103	1.38931775101333
2.16477272727273	1.15538582250123
1.26	0.995866456910765
2.62978190287973	1.76580996552139
1.55761381475667	0.927947387543853
1.91893939393939	0.814789262754318
2.3780303030303	0.747931030541106
2.15972222222222	0.655922292270923
2.36311813186813	0.448217784432293
1.91111111111111	1.47698391375177
1.9625	1.15143831149792
1.69238095238095	0.982663498365747
2.07916666666667	1.93494704364962
2.31111111111111	1.0423146132941
1.29166666666667	0.533593686452737
1.90555555555556	0.910193898078187
1.93690476190476	0.896743525902008
1.77646357742182	0.731504551529377
1.88888888888889	0.785383528265104
2.05714285714286	0.594075054238122
1.9359126984127	0.812247822498326
2.25699855699856	0.938388633583209
2.1987012987013	0.670636127663014
2.93218770169571	1.00510749767669
1.89299242424242	1.02667762607742
1.98690476190476	0.925137116760136
2.12202380952381	0.834374349770866
1.3452380952381	0.915842754857565
1.5625	1.04166666666667
1.84810427667571	1.24288625552541
1.88163265306122	0.745175607560401
2.30319741532977	1.37982876682207
1.88928571428571	1.2000956594525
1.89281135531136	1.11797916630203
2.03412698412698	0.898249326107096
1.88831168831169	0.459073509062016
1.71607142857143	0.601784242379623
2.60119047619048	1.41934395875088
1.93915343915344	0.803896824835292
1.74285714285714	1.28837357260425
2.26742581090407	1.09503723431177
2.10952380952381	1.45467065154267
2.05492776057792	1.71612690866261
2.01042514130749	1.30904787740631
1.9593837535014	1.21352266730208
1.30767676767677	0.692868036282869
2.41858585858586	1.31126319460562
1.7125	0.671699751046221
2.25982142857143	0.656689892339936
2.01884920634921	1.4470018315163
2.03245192307692	1.16037212238962
1.74107142857143	1.13702941226414
1.45833333333333	1.25738558863959
2.26777472527473	1.29946356180902
2.20757575757576	0.839417641790575
0.95	0.412310562561766
1.82797619047619	1.11820306135324
1.375	0.75
1.71309523809524	1.24972181333815
2.63529803529804	1.45179535423106
2.20658508158508	1.21996415123548
1.93429487179487	1.24033467400952
2.17234317969612	1.25314618302286
1.63392857142857	0.976293306624262
1.87367724867725	1.18873527910381
2.60808279439858	0.717956262538414
1.75296092796093	0.499293634875412
2.58228291316527	1.57926083430694
2.12380952380952	0.990451388578365
2.34621212121212	0.851489539138155
2.14472587453954	1.37125112535453
1.62487179487179	0.921754424180651
1.57142857142857	1.64314467233112
2.14924242424242	1.17836617057514
