2.63253933566434	0.970022555343869
2.19833333333333	1.0861885451226
2.3047619047619	1.04173129051241
1.76904761904762	0.999716513105572
1.62	1.1700783449553
2.24305555555556	0.792316172809487
1.43174603174603	0.614914161121694
1.85416666666667	0.820385523645687
NA	NA
2.74313186813187	0.944010838171382
1.875	0.393817968854384
1.93006854256854	1.02161281410435
1.4375	1.13115599670819
1.84583333333333	1.11682212848182
1.93666666666667	0.921193368529226
1.52683982683983	0.893099363707306
0.892676767676768	0.486738739521485
1.55928792569659	1.17613148424739
1.49583333333333	0.628103406207042
1.04642857142857	0.249455188674164
2.10327380952381	1.30025036679823
2.01818181818182	0.928074519664012
1.21683140389023	0.813376043448264
2.19507575757576	1.21552748975881
1.77206349206349	1.71532783580229
2.02225108225108	1.09719614339148
1.45333333333333	0.156967795706281
1.80481962481962	0.802358422440686
1.57083333333333	0.225
1.61904761904762	0.597513112725623
1.76875901875902	0.936650850004854
1.62704081632653	0.829130192193835
1.89230769230769	0.879020770399027
1.9875	1.38886944430833
1.39583333333333	0.43766531268302
2.0407196969697	0.459235501476915
NA	NA
2.36155303030303	1.04887092072063
1.86488095238095	0.834141048467055
1.7	0.667221990933441
2.303663003663	1.10920036232729
2.06320346320346	1.38619988939846
1.25833333333333	1.15108644332213
2.15359828141783	1.09289829222466
3.11533528836755	1.45813205667149
1.6875	1.42582821935572
1.26666666666667	1.11687394427814
1.33333333333333	0.592171146432065
1.3469387755102	1.15648759476758
2.87880701754386	1.23041777118951
1.725	1.02662472858067
2.34876373626374	1.31346529263269
1.60664835164835	0.998029894265015
1.62916666666667	0.856281257877686
NA	NA
1.96666666666667	0.934701378337845
2.78354978354978	0.645497224367903
2.25861040068201	1.12819880423092
1.04166666666667	0.671854812358212
1.94881507381507	1.09221940977859
1.85874125874126	0.625826469134183
1.36428571428571	1.26118577900363
2.03087263613579	1.15762885258733
2.28966866466866	1.43919350170551
NA	NA
1.44107142857143	0.125
1.725	0.747031161033832
1.77142857142857	0.379296998606537
1.97380952380952	1.09957302920763
1.98214285714286	0.766402276209819
2.06	0.558470132494916
2.50963480963481	1.09201807769559
1.1375	0.243272093371711
1.9750566893424	1.03128529162482
2.42536764705882	0.64180394620423
2.10511363636364	1.59481055702861
2.22163149350649	0.973159507560084
1.69305555555556	1.67964468734318
1.75694444444444	1.12408513326673
1.89166666666667	1.14985908959573
2.17956349206349	0.325333786963923
1.85069444444444	0.94691771742863
1.62159863945578	0.841942891678185
2.00571428571429	0.682153452921946
1.48333333333333	0.897630626004227
2.03890977443609	1.28173109029945
1.3125	1.06800046816469
2.39285714285714	1.16605912266532
2.02943722943723	1.22063223387552
2.03080357142857	1.07422851975635
1.67777777777778	0.882441898202768
1.43333333333333	0.216024689946929
1.65333333333333	0.641980442761996
1.83272727272727	0.864603127158995
1.75	0.734846922834953
2.05111506140918	1.29843327769765
1.11994047619048	0.654243932926956
2.42575757575758	0.64793029484101
1.80833333333333	0.885008893029184
1.72799145299145	1.30439157838845
