1.69642857142857	0.368022128717828
1.77777777777778	1.27293769304329
1.125	0.478713553878169
1.2	0.739744700705738
1.34791666666667	0.148038877526342
1.25	0.645497224367903
1.20833333333333	0.885845484394554
1.1875	1.20833333333333
1.67380952380952	0.784149475932163
1.72083333333333	0.328964424509084
1.20833333333333	0.438325939946097
1.4422619047619	0.969495772117752
1.8974358974359	0.71956777149743
1.66666666666667	0.912870929175277
NA	NA
1.55	1.07548438699345
1.96984126984127	1.31749474041853
1.4375	1.18909979956828
1	0.763762615825973
1.3	0.551513070259143
0.9875	1.12351754177078
1.54666666666667	0.792096374607703
0.993333333333333	0.900046295105609
1.66666666666667	1.25830573921179
1	0.763762615825973
1.375	0.433012701892219
NA	NA
1.34583333333333	0.657488909919146
1.5	0.998331942124796
1.46777777777778	0.820450418300149
1.5125	0.741416936732682
1.63035714285714	1.03452928926161
1.38888888888889	0.838870492807861
1.40555555555556	0.632601916836477
1.72444444444444	0.711057940720536
1.51666666666667	1.40013226888404
1.87770562770563	0.461282784133173
1.51714285714286	0.784115256001232
1.58952380952381	0.910082413850526
NA	NA
1.21666666666667	0.481894409826699
NA	NA
1.96666666666667	1.36503968196288
1.13333333333333	0.557773351022717
1.55	0.502112882665617
2.15401098901099	1.07776540070941
2.11607142857143	0.62777163222164
NA	NA
NA	NA
NA	NA
1.95746031746032	1.04499153423669
1.25	0.935414346693485
1.4625	0.997067459361963
1	0.577350269189626
1.5	0.707106781186548
1.47238095238095	1.17959503408773
1.05146464646465	0.6225396015962
1.5	0.707106781186548
1.63831168831169	1.25938250822311
1.71269841269841	0.985101710499253
1.66714285714286	0.261008477199627
NA	NA
NA	NA
1.25833333333333	0.730486900027037
1.72113095238095	0.825919615611136
NA	NA
1.85952380952381	1.05491208457048
1.12666666666667	0.661290825246771
1.44444444444444	0.585314097380708
1.125	0.712000312109794
1.69880952380952	1.214451435937
1.54583333333333	1.21610738879013
1.62321428571429	0.661357473294884
NA	NA
NA	NA
1.86666666666667	1.04083299973307
1.91021825396825	0.9670746664523
1.55059523809524	0.737094495665541
1.4	0.438589912231359
1.5625	0.657488909919146
1.5375	0.540126014103293
2.40576923076923	1.14579025380735
1.66964285714286	1.05357142857143
1	0.912870929175277
1.38888888888889	1.26197963240006
1.32714285714286	1.00084799646007
1.125	1.04858811600983
1.39583333333333	0.356000156054897
1.4375	0.450796619987986
1.86444444444444	0.820052505094101
NA	NA
1.47222222222222	0.928658929536247
2.03956043956044	0.59991240186266
1.40666666666667	1.23522377639753
1.125	0.975391659226636
1.5	0.5
NA	NA
1.38	0.877923686888559
1.325	0.305334516009354
1.90972222222222	0.59192308823599
