NA	NA
NA	NA
1.3047619047619	0.471179988975107
NA	NA
NA	NA
1.21875	0.788794916714681
NA	NA
NA	NA
NA	NA
1.64401223776224	1.21541885048131
1.66022727272727	0.770548011070282
1.14285714285714	0.50395263067897
1.11904761904762	0.830853452973182
NA	NA
1.3875	0.420859853006931
1.16666666666667	0.700849824277981
1	0.490653381462658
1.44821428571429	0.633818736293106
1.32440476190476	0.511954197897683
1.375	0.623702356600991
1.16666666666667	0.457737708217063
NA	NA
1.69727891156463	1.02089510301473
1.28571428571429	0.931268975517764
NA	NA
1.42568542568543	0.719649500978803
NA	NA
NA	NA
1.64727891156463	1.0900980825137
1.28571428571429	0.632267273201693
1.08333333333333	0.848668424791505
1.76865079365079	0.94757886570308
1.35374149659864	0.771483509143703
NA	NA
1.19285714285714	0.556182186283078
1.29251700680272	0.854174123159123
NA	NA
1.25	0.563964143856288
1.94910803482232	0.525077911860024
1.0952380952381	0.787677921447915
1.15833333333333	0.739100697652114
1.0952380952381	0.538835703479192
1.66326530612245	0.798877066601178
1.07142857142857	0.286374897661408
1	0.921050125309873
1.38571428571429	0.404766573269062
1.52040816326531	0.523778601437301
1.48258408258408	1.04308408214774
NA	NA
1.29166666666667	0.558910504804617
1.39259259259259	1.12777777777778
NA	NA
NA	NA
1.42789115646258	0.397359278051462
NA	NA
1.52857142857143	0.501268232855266
1.1547619047619	0.494011760029677
1.74285714285714	1.03256499853059
1.30714285714286	0.702037850017464
1.19866071428571	1.1878130820979
1.52380952380952	0.403861432223219
1.42638888888889	0.695816105670207
1.47777777777778	0.918835817357628
NA	NA
1.25694444444444	0.798994904328468
1.25714285714286	0.785331797233521
1.32993197278912	1.10378211302269
1.14583333333333	0.76990774545262
NA	NA
1.94001623376623	0.767460838958776
NA	NA
1.16666666666667	0.752772652709081
1.24375	0.815812843266208
1.10714285714286	0.898499631219505
1.03571428571429	0.528925235512454
1	0.654047229011619
NA	NA
1.28571428571429	0.517510831111253
1.51428571428571	0.503299769120126
1.64632034632035	1.0609626109951
1.26190476190476	0.957945055918517
1.38367346938776	0.843748327812714
1.61004709576138	0.416446007841338
1.53769841269841	0.722387287707939
1.15104166666667	0.868499602978694
1.49206349206349	0.799659791606984
1	0.828653526310403
1.38541666666667	0.700440384903835
1.66125541125541	0.522070619524212
1.28407738095238	0.537494750089247
1.16666666666667	0.522635770061855
1.59183673469388	0.974499946522623
1.2797619047619	0.474289359806223
1.1547619047619	0.829754218725077
1.15625	0.293573697515659
NA	NA
1.22380952380952	0.573960989032545
NA	NA
1.53938492063492	0.497081598742327
1.0952380952381	0.622548100604393
