NA	NA
1.39861111111111	0.279040779481703
NA	NA
NA	NA
1	0.430331482911935
NA	NA
1.18775510204082	0.850773766985979
1.509410430839	0.671585130122491
1.24761904761905	0.601958883441799
NA	NA
1.31428571428571	0.445494790615568
NA	NA
1.77254174397032	1.06848127889317
NA	NA
1.20238095238095	0.794741314273869
NA	NA
1.16666666666667	0.516397779494322
NA	NA
NA	NA
1.17857142857143	0.79992559177773
1.4375	0.435567891097475
1.41666666666667	0.641450179930861
1.4753367003367	0.760559329003592
1.27222222222222	0.729738664535818
1.3937074829932	0.969558802588541
1.54285714285714	0.584966534564881
1.42410714285714	0.464947526742434
1.4047619047619	0.613614303750664
1.5	1.01192885125388
1.69217865467865	0.681719825009743
1.56632653061224	1.17175024056249
NA	NA
NA	NA
NA	NA
1.08333333333333	0.595951952894468
NA	NA
1.08333333333333	0.458603816291862
1.22380952380952	0.648920552608625
1.50096371882086	0.966691559080126
1.64242424242424	0.410854783217333
1.40425170068027	0.580679034518612
1.57715201465201	1.25350113856323
NA	NA
NA	NA
1.75842609771181	1.12327587711145
1.31428571428571	0.583843314488584
NA	NA
NA	NA
1.21428571428571	0.368483952541251
1.59861111111111	0.741338878876141
1.38860544217687	0.672950072057131
1.34489795918367	0.864764864090354
1.73936187269521	0.57977724291541
NA	NA
1.3493265993266	1.30022736566661
1	0.774297770264798
1.21428571428571	0.43794856067687
NA	NA
1.25	0.570087712549569
NA	NA
1	0.491999483804091
1.42295918367347	0.281181567038373
1.2952380952381	0.691329521962217
1.15625	0.950513421949487
1.36507936507937	0.522088623331561
NA	NA
1.22619047619048	0.487611064542787
1.71818181818182	0.581686643379942
1.38030303030303	0.796867005285817
1.29583333333333	0.458235920383986
1	0.569783097132389
1.31666666666667	0.569925271254763
1.60929705215419	0.518962809254469
1.22916666666667	0.563629817724871
1.24285714285714	0.444186433045391
NA	NA
1.41904761904762	0.600881187139522
NA	NA
1.44642857142857	0.922115838193672
1.64259259259259	0.618022783151096
1.1547619047619	0.442082014943503
1.26458333333333	0.550139773004343
NA	NA
1.44732142857143	0.742562940499004
1.27857142857143	0.627510829603634
1.61282051282051	0.624899534136796
1.175	0.809271669416788
NA	NA
1.21428571428571	0.963088616140635
1.39047619047619	0.589765317097997
1.47789115646258	1.03156046648015
1.52857142857143	0.520302110042123
1.33673469387755	1.36428284518858
1.49920634920635	0.521950565389262
1.28541666666667	0.524664480844966
0.916666666666667	0.513701166914081
1.33518518518519	0.515367617205619
NA	NA
NA	NA
1.17857142857143	0.764411797937078
