1.80559916274202	1.24440256252839
1.89556623931624	0.877574248582199
1.07142857142857	0.960406659900353
1.4047619047619	1.11375131735257
1.87820037105751	1.03440394452182
1.4796626984127	0.98156540091345
1.38163265306122	1.02901979341205
1.77704517704518	0.713784802915669
1.44680134680135	1.08942427327699
1.5749433106576	0.929894351924411
1.70873015873016	0.763783542519498
1.17857142857143	0.472455591261534
2.08668852156247	0.682926158982017
1.72299679487179	0.792400702062056
1.2875	0.328023179591331
NA	NA
1.47777777777778	0.505250213040804
1.60039682539683	1.31092860814106
2.29487155388471	1.1186351371072
1.68402777777778	0.879155225733627
1.81597212311498	0.648972773558012
1.79722222222222	0.476143846923346
1.76741908884766	1.27058543614745
1.9953823953824	0.855965273267663
1.91254770457669	0.915444154262102
1.53928571428571	0.676125849247878
1.72443181818182	0.782256161837242
1.30238095238095	0.54254675456369
NA	NA
1.80820105820106	1.25313068521816
1.83664132319595	1.10651604307905
2.01912593984962	1.30700536422627
1.60853432282004	0.711572121026451
1.51360544217687	0.857968863778058
1.48503052503052	0.966140432350268
1.41517857142857	0.844580023119121
1.45654761904762	0.496980543828169
1.58511131725417	0.95474184871457
1.89001122334456	1.09193723114221
1.76670551670552	0.924518975407851
1.46825396825397	1.14254478388655
1.75367965367965	0.530274066411669
1.63892857142857	0.636935308074302
1.30680272108844	1.32969417525958
1.48452380952381	0.56618501939779
1.95659722222222	0.857808165609241
1.33179012345679	0.888982320514057
1.28030303030303	0.938123644467037
1.78084415584416	0.924083284888343
1.80178571428571	0.558137303678088
1.68303571428571	1.00345083038434
1.75303095597213	1.57577623730986
1.83999175427747	1.16724106778254
1.90914085914086	1.34132753872892
1.56181818181818	0.958732058405071
1.470115995116	0.873008100062657
2.02774328354824	0.649489295917822
1.75062437562438	1.14944807629755
1.57074829931973	0.441422651725077
1.92306772067801	0.970376027975139
1.68008895866039	0.605440809292055
1.826903230928	1.06591778189308
1.53636363636364	0.792782844301593
2.16649659863946	0.782353148921553
1.69429181929182	0.736027434896677
1.43402777777778	0.854872111581898
1.69047619047619	1.13834094445386
1.63197278911565	0.529769229738653
1.66334706959707	0.653964173465564
NA	NA
NA	NA
1.54563492063492	0.820098444362512
2.05548798466755	0.714173156296746
1.5297619047619	0.50252887814394
2.25534589679327	1.12105758202725
1.70697278911565	1.12414984854253
1.77857142857143	0.662798799544212
1.42261904761905	0.879716912678656
1.5015873015873	0.629011523556292
1.95949288806432	0.566404096265458
1.38112244897959	1.03779903953167
1.61428640803641	1.15154085753907
1.95285666714238	1.12336975376121
1.82012987012987	0.564336109151388
1.40277777777778	0.789818375889941
1.38775510204082	0.969315150242803
1.15833333333333	0.708396355739777
NA	NA
1.53379120879121	0.854029948831871
1.58163265306122	1.02207606506426
1.80138888888889	0.678342841589695
1.7674686716792	1.10353261465692
1.47734487734488	0.895405977771837
1.94196428571429	0.623948337751373
1.19047619047619	0.771473886578125
1.64489795918367	0.855014364020989
2.00809684143017	1.35641338236512
1.53479853479853	0.934290836705593
1.73967032967033	0.532933494239052
1.17857142857143	0.646694893836565
