2.13790928609769	1.46517675162524
1.49659863945578	0.509370539814383
1.84789915966387	0.654848404238567
2.01829194197615	1.177042722824
1.87358276643991	1.4401088862452
2.19862461931427	1.07413459111422
1.82567432567433	0.811038618201199
2.12585227272727	1.14011293009022
2.21050724637681	0.851641231317218
2.11084773070067	0.959887472350352
1.90422077922078	1.30077694204585
2.52696260854156	1.02730240683921
2.0706434088787	0.877826536761178
1.7157029478458	0.839591888102041
2.18839185505852	0.716513848502623
2.00071428571429	1.45254240580616
2.1977966314731	0.701348682248355
1.92698771816419	1.55827488660388
1.80524475524476	1.12587190134525
2.38532895675753	1.40797459672092
1.79059829059829	1.05336812100756
2.38169191919192	1.46923354316695
1.4297619047619	1.66781805467265
2.03183300176835	0.254722511656304
2.09962708704127	1.15920161853387
1.80837391774892	0.839104269712591
1.33237133237133	0.867988034630782
2.35689102564103	1.3735475755787
2.21497252747253	1.43664570888481
1.84204554865424	1.40822413799622
1.77552447552448	1.08143281750924
1.77796597342052	0.77972098294665
2.23297515976087	0.879142901670811
1.71949325184619	0.80319655430076
1.56666666666667	1.22345897023638
2.04611416307323	0.671535381249259
2.01842601842602	1.62589978831375
1.91784859876965	0.872988791608604
1.93194444444444	1.61062390005944
2.1635101010101	0.999238790833158
2.19136072261072	0.911904226419865
1.98525046382189	1.41419610041969
1.97054215625644	0.796177323010399
NA	NA
2.01598074971281	1.01712068957193
1.92202380952381	0.851998688653974
2.07361229946524	0.986488556351514
1.9246847355543	1.27583808238585
2.06500903188883	1.3401653585558
1.58730158730159	0.932899007661067
2.30102040816327	1.06908284413885
1.9091583253348	0.722602870906075
1.77681613258536	1.1463993420383
2.16945143130914	0.846226651145047
2.23453520164046	0.856433658161336
1.83072603866722	0.744697646658583
1.74731934731935	0.937409405509812
1.80785256410256	0.948773880406405
2.06060331825038	1.13173458057485
1.96136363636364	0.816218928554234
1.60833333333333	0.898884418197863
1.87052762052762	1.13084141327236
2.35102040816327	1.2576259121409
1.92889840422735	0.966348680554445
1.53506493506494	0.592290491354483
2.31800614844093	1.41136899781076
1.91785375118708	0.683184970372686
1.35714285714286	1.15785790174569
2.35357142857143	1.00054672554559
2.27017094017094	1.25297381307621
1.84761904761905	0.949870841815963
1.94941566370138	1.00911616985877
1.61871165470237	0.939559013086463
NA	NA
2.01333425932356	1.27819481628491
2.07834467120181	1.22144281428189
2.12277475610809	0.915974502077608
1.97764378478664	0.453607647878115
1.80357142857143	0.806291064199102
2.21904306220096	1.41019266449054
1.51938775510204	0.530472020180077
2.15205761316872	1.10189396295363
1.71363636363636	0.997986954540242
2.19386030636031	1.41043027123476
2.05129824561404	1.22892697262796
2.10991957743876	0.902533996653185
1.89859307359307	1.00910763428869
1.85277222777223	1.17114185629096
2.0452380952381	1.00967759884803
1.66048237476809	1.21588843858402
1.91071428571429	0.912930698529445
1.54253647586981	0.926542620072251
1.96103896103896	0.995634684700837
1.77650920508063	0.86830281049594
2.94877540759894	1.20903679786004
1.70999793856937	0.928859695269232
1.49479166666667	0.739712569750278
1.91043083900227	0.822532860536494
1.99112978524743	1.48451178357884
2.18559059987631	1.36246756901563
