1.47333333333333	0.531547937515087
1.05	0.680821943329178
NA	NA
1.30627705627706	0.500920097555718
1.56082667332667	0.461417781207374
1.52641025641026	0.681675560030655
1.41797202797203	0.538638853807554
1.4376492194674	1.16463267453172
1.45884216793308	0.699739407321702
1.35227272727273	0.79129505720972
NA	NA
NA	NA
1.13333333333333	0.55616633092477
NA	NA
NA	NA
1.41904761904762	0.706927467306341
1.4827380952381	0.674488074808712
1.42878787878788	0.620812232710365
1.47757575757576	0.853334466655802
1.36130952380952	0.481289253519166
1.24642857142857	0.828425076778659
1.48677332768242	0.504315701077108
1.35428571428571	0.699382263512954
1.6973657608614	0.481165057025238
1.56799639754185	0.826052263293097
1.52914862914863	0.84776286676273
1.54209401709402	1.10604947336773
1.36291486291486	0.430588765373133
1.81142857142857	0.892027339266285
1.28333333333333	0.633771778061052
1.43277777777778	0.779014606162013
NA	NA
1.65119047619048	1.36340509636356
1.37268445839874	0.287892467850579
NA	NA
1.46967365967366	1.06764534200929
NA	NA
1.32936507936508	0.518418627674371
1.29920634920635	0.805528839445428
1.29484126984127	1.01283993858292
2.06263227513227	0.718055734583771
1.31818181818182	0.587540969505317
NA	NA
1.34833333333333	0.655662007575841
1.47012987012987	0.764542977638167
NA	NA
1.3968253968254	0.469322160675783
1.04004329004329	0.618389593661267
1.39	0.482431065469678
1.26818181818182	0.568792802807184
1	0.65659052011974
1.37301587301587	0.447957893936862
1.49058608058608	0.540334533425997
1.3	0.584997625826141
1.54474086519541	0.713683844604396
1.54595436614667	0.67780716504782
1.37142857142857	0.601044693938701
1.57684676434676	0.937590041127818
NA	NA
1.70379424497072	0.937918058296782
1	0.52704627669473
1.48863636363636	0.925030367334925
1.60959595959596	0.65300731281144
1.45867768595041	0.606017330870047
1.59586776859504	0.765904472278461
1.65568922305764	0.52018332684333
1.2	0.443053378608375
1.25126262626263	0.5929385958522
NA	NA
1.7088986013986	0.69608233436523
1.40822510822511	0.513648595253903
1.39963624338624	0.813747126070413
NA	NA
1.58764790764791	0.633837579250273
1.68058823529412	0.695632621141925
1.30793650793651	0.80155586925643
1.20238095238095	0.943492068347385
1.37409812409812	0.462617716387031
1.24	0.863236386925837
1.12428571428571	0.643820364017564
1.42083333333333	0.64141151389629
1.57078477078477	0.771892816613456
NA	NA
1.68076923076923	0.513035923419286
1.46123119304937	1.01067971027417
NA	NA
1.63279220779221	0.749736590363329
NA	NA
1.45599567099567	0.70806195831111
1.46436391890937	0.715329967523049
1.52371794871795	0.803861709218025
1.62230449289273	1.0677203142166
1.6963924963925	0.598384526686918
1.44	0.712616391504692
1.25238095238095	0.774669851410785
NA	NA
NA	NA
1.87897846300856	1.03607446935244
1.59399092970522	0.719615289526977
1.37301587301587	0.587808758821871
