1.45367965367965	0.36371159807166
NA	NA
1.47607600732601	0.988305121842785
1.69792899408284	1.10355851165675
1.47109557109557	0.937393494039777
1.49134199134199	0.701817589023112
1.5640306122449	0.698464616908748
1.92219598583235	0.994218224742267
1.26904761904762	0.479077228828148
1.85709956709957	0.858276461729118
1.57736203190749	0.821990598677099
2.07142784017288	1.41560764012667
1.43351648351648	0.588001125452173
1.4232683982684	0.785119549496758
1.75266272189349	1.18333671962795
1.68589188589189	0.677062954245256
1.83215488215488	1.15008989683395
1.67342657342657	0.593155314209484
1.84188565777188	0.872078854596142
1.58885780885781	1.07539608366675
1.89618721420192	0.837072630913258
1.79824175824176	0.653586004891514
1.65666335259637	0.719117203915477
1.79755244755245	0.732504987907576
1.77522893772894	0.483326139154324
1.79550002326772	0.948620486035825
1.93012820512821	0.750514067677648
1.38011988011988	0.711254046577638
1.54915586066616	0.971950758964588
1.84078111431053	1.0208073213924
1.82539682539683	0.858296732152279
NA	NA
1.85712729536259	0.680212210527094
2.01011438933275	1.38263433230462
1.70716253443526	0.977852327751685
1.979	0.699824824209958
1.59917450970083	0.823646528974736
1.44878787878788	0.799429957094665
1.49432434081755	1.10318483010652
1.79888144263144	0.912729248963971
1.73780303030303	0.630273330569703
1.94448051948052	0.907181709172056
1.68444125319125	0.761606089332937
1.78585310114722	0.688924446477596
1.19	0.587715212561184
1.48544485817213	1.15967170015314
1.58515575333757	0.779975229785903
1.48909090909091	1.01875318950705
1.94248473748474	0.948686472646468
1.96986267321196	0.874092907704299
2.03382223836769	0.898097640546815
1.74327731092437	0.713768506856192
1.73019086176981	1.00268150478124
1.65788461538462	1.01424537108337
1.69163988895447	0.80753997658842
1.33551587301587	0.792178114486235
1.70283075510348	0.638713944713571
2.12850079744817	1.18779261236044
1.84565336260453	0.767373785696823
1.72621406371406	0.975795955668335
1.86868686868687	0.98793976998612
1.74769230769231	0.968907149880089
1.68562548562549	0.475706429945798
1.24559884559885	0.770069235895127
1.69433716867927	1.13366967303565
1.82766563146998	0.980376534425516
1.45416666666667	0.490265079813817
1.68723171565277	0.720973115207501
1.73192487337224	0.745960702963319
1.35281385281385	0.626336953881838
1.42044237813469	0.968472017344705
1.65281339031339	0.687252836470976
1.742901706137	1.00150510045521
1.80837320574163	0.846546700154798
1.90528856170567	0.725629958478964
1.65561660561661	0.772011040769122
1.82220006713934	0.65543196142515
1.65081800552389	0.79756333528333
1.26825396825397	1.0855353256595
1.73898148148148	0.535680088517123
1.84250841750842	1.0559957167864
1.91527777777778	0.720297065073059
1.70252748627362	0.626661086462665
1.54798534798535	0.64840628642891
1.25238095238095	0.614363382563791
1.70738705738706	0.700735216387377
1.81235588972431	0.852217256344448
1.53583562901745	0.803015961580008
2.01391173342786	1.04934697301596
1.36020923520924	0.940414389016724
1.75838827838828	1.01841666500963
1.75499613587388	0.671107309254772
1.28354978354978	0.668845959701831
1.50078709169618	0.42327303631816
1.78630952380952	0.591956008762251
2.01275604185087	0.863873476417953
1.34583333333333	0.630393395692986
1.15166666666667	0.52201236918319
1.46987627756859	1.02542403094394
1.77419631093544	0.735111927670788
