1.81804692891649	0.841219433527244
1.45977855477855	0.987400876793583
2.00541553308352	0.749770517062438
1.76593143698407	0.95552651408488
1.49543706293706	0.897842381208281
1.29944444444444	0.656615067639142
1.2288961038961	0.59453746644809
1.74362766420183	0.877289962759951
1.69397435897436	0.89733201474455
1.37448412698413	0.904375401874082
1.96104198089492	0.943273829718946
1.33128871128871	0.641268387422663
1.60762154512154	0.850320811629661
1.71174242424242	0.822102513857027
1.47224570301493	1.00168551964967
1.21	0.56394772544717
1.37619047619048	0.804997373967671
1.45977961432507	0.859424702305637
1.47647907647908	0.87428406272056
1.50931818181818	0.935633633503654
1.32599206349206	1.00952327657551
1.5525	0.76083784632145
1.58648018648019	0.927829000793146
1.45888888888889	0.569526191061067
NA	NA
1.91541699041699	0.565747959436252
1.64055944055944	0.549342525178524
1.84282805429864	0.713614957625544
1.51158216783217	0.565189351414456
1.59580707282913	1.18691826316921
1.49069264069264	0.952067826239382
1.77956509177097	1.04492314956862
1.6881862745098	1.32222473014343
1.81411672106859	0.835798030776017
1.63009768009768	0.917622234961915
1.94475703324808	0.936190645205227
1.50698412698413	0.480464913236985
1.56257575757576	1.06582589457801
1.64341968192236	0.693543023428952
1.53014069264069	0.648764310094449
1.66230158730159	0.662902496851971
1.85898253792991	0.529829728379117
1.899388053467	0.978060766084401
2.02405580530581	0.892481744009544
1.21809523809524	0.504691020279855
1.08	0.524039391602022
1.27272727272727	0.660132116151313
1.55714285714286	0.698003307141195
1.48450854700855	1.03737265689193
1.48232323232323	0.813759854561269
1.73041924337471	1.2021087688075
1.4037814037814	0.72360608630072
1.79246753246753	0.734700724449524
1.226122362486	0.804285769250633
1.97632525369367	0.573603424783357
1.67442492148374	0.844307338697621
1.7517397293089	1.00909811693769
1.73420214045214	0.609308730921897
1.564639905549	0.519552080864002
1.46450216450216	0.813554250376085
1.56337508645201	0.943686886941053
1.80140056022409	1.14325361342168
1.67464954163484	0.788442822234505
1.34396825396825	0.809167210596151
1.77717636895268	0.641981292184348
1.26285936285936	0.709940357556914
1.43285714285714	0.827086792518341
1.76436896436896	0.463622116965129
1.5765708650324	0.984914293936385
1.46919746919747	0.740491759292967
1.16666666666667	0.349161252499348
1.67214052287582	0.749727468843807
1.81841794569067	0.770056241017615
1.80970872639885	0.805129571422477
1.48471861471861	1.15291408639174
NA	NA
1.61507936507937	0.747047962958949
1.36363636363636	0.499684243732323
1.76558441558442	0.634222732333185
1.58003707893414	0.820023596569782
1.58585858585859	0.576460082968216
1.65558333733391	0.601752817627299
1.70058259990387	0.913146380825437
1.61635586635587	0.561524961818818
1.55335775335775	0.751424988887932
1.44437229437229	0.796378048598418
1.71954939000394	0.908183848751564
1.4947619047619	0.868929686859338
1.57292404565132	0.729156489930801
1.39768518518519	0.755533914644947
1.48643578643579	0.86205725581923
1.68867570338159	1.28172734462695
1.72682072829132	0.830017144717193
1.94639724310777	0.506209751953652
1.4366391184573	0.87712533910832
1.86952380952381	1.11411543943887
1.51377164502164	0.58323484751807
1.70141414141414	0.839836908269109
1.79264069264069	1.04868639055875
1.7191341991342	0.852702612366338
