0	1	1	1	1	1	1	1	1	1	1	1	1	1	1	1	1	1	1	1	1
5	0.636363636363636	1	0.714285714285714	0.6	1	0.391304347826087	1	1	0.888888888888889	0.5	0.636363636363636	1	0.714285714285714	0.6	1	0.391304347826087	1	1	0.888888888888889	0.5
10	0.407407407407407	0.888888888888889	1	0.315789473684211	0.625	0.477272727272727	0.580645161290323	0.454545454545455	0.3	0.304347826086957	0.407407407407407	0.888888888888889	1	0.315789473684211	0.625	0.477272727272727	0.580645161290323	0.454545454545455	0.3	0.304347826086957
15	0.25	0.4	0.727272727272727	0.37037037037037	0.5	0.394736842105263	0.484848484848485	0.454545454545455	0.347826086956522	0.619047619047619	0.25	0.4	0.727272727272727	0.37037037037037	0.5	0.394736842105263	0.484848484848485	0.454545454545455	0.347826086956522	0.619047619047619
20	0.21875	0.276595744680851	0.352941176470588	0.206896551724138	0.5	0.328947368421053	0.145833333333333	0.75	0.32	0.346153846153846	0.21875	0.276595744680851	0.352941176470588	0.206896551724138	0.5	0.328947368421053	0.145833333333333	0.75	0.32	0.346153846153846
25	0.2	0.227272727272727	0.448275862068966	0.212765957446809	0.292682926829268	0.30952380952381	0.135593220338983	0.434782608695652	0.28125	0.535714285714286	0.2	0.227272727272727	0.448275862068966	0.212765957446809	0.292682926829268	0.30952380952381	0.135593220338983	0.434782608695652	0.28125	0.535714285714286
30	0.244444444444444	0.234567901234568	0.275862068965517	0.169491525423729	0.161290322580645	0.180851063829787	0.206349206349206	0.24390243902439	0.611111111111111	0.363636363636364	0.244444444444444	0.234567901234568	0.275862068965517	0.169491525423729	0.161290322580645	0.180851063829787	0.206349206349206	0.24390243902439	0.611111111111111	0.363636363636364
35	0.233333333333333	0.185567010309278	0.333333333333333	0.135416666666667	0.145833333333333	0.150375939849624	0.135135135135135	0.482758620689655	0.24	0.444444444444444	0.233333333333333	0.185567010309278	0.333333333333333	0.135416666666667	0.145833333333333	0.150375939849624	0.135135135135135	0.482758620689655	0.24	0.444444444444444
40	0.179775280898876	0.121951219512195	0.171428571428571	0.158620689655172	0.152	0.121739130434783	0.127659574468085	0.28	0.354838709677419	0.184210526315789	0.179775280898876	0.121951219512195	0.171428571428571	0.158620689655172	0.152	0.121739130434783	0.127659574468085	0.28	0.354838709677419	0.184210526315789
45	0.143884892086331	0.114130434782609	0.264705882352941	0.145695364238411	0.0961538461538462	0.119205298013245	0.102325581395349	0.340909090909091	0.263157894736842	0.189189189189189	0.143884892086331	0.114130434782609	0.264705882352941	0.145695364238411	0.0961538461538462	0.119205298013245	0.102325581395349	0.340909090909091	0.263157894736842	0.189189189189189
50	0.116564417177914	0.062992125984252	0.153846153846154	0.0655737704918033	0.0947867298578199	0.0691244239631336	0.0777385159010601	0.133333333333333	0.347826086956522	0.141176470588235	0.116564417177914	0.062992125984252	0.153846153846154	0.0655737704918033	0.0947867298578199	0.0691244239631336	0.0777385159010601	0.133333333333333	0.347826086956522	0.141176470588235
55	0.105932203389831	0.0540540540540541	0.101010101010101	0.07421875	0.040133779264214	0.0851063829787234	0.0431034482758621	0.414634146341463	0.230769230769231	0.125	0.105932203389831	0.0540540540540541	0.101010101010101	0.07421875	0.040133779264214	0.0851063829787234	0.0431034482758621	0.414634146341463	0.230769230769231	0.125
60	0.0434782608695652	0.0687830687830688	0.169934640522876	0.0679245283018868	0.0635696821515892	0.0594059405940594	0.0431372549019608	0.326530612244898	0.138211382113821	0.129032258064516	0.0434782608695652	0.0687830687830688	0.169934640522876	0.0679245283018868	0.0635696821515892	0.0594059405940594	0.0431372549019608	0.326530612244898	0.138211382113821	0.129032258064516
65	0.0479452054794521	0.0550239234449761	0.131313131313131	0.0490196078431373	0.031657355679702	0.0344827586206897	0.0472027972027972	0.349206349206349	0.135	0.18705035971223	0.0479452054794521	0.0550239234449761	0.131313131313131	0.0490196078431373	0.031657355679702	0.0344827586206897	0.0472027972027972	0.349206349206349	0.135	0.18705035971223
70	0.043956043956044	0.029535864978903	0.0669456066945607	0.0451127819548872	0.0325318246110325	0.0411449016100179	0.0347705146036161	0.140350877192982	0.16243654822335	0.0876288659793814	0.043956043956044	0.029535864978903	0.0669456066945607	0.0451127819548872	0.0325318246110325	0.0411449016100179	0.0347705146036161	0.140350877192982	0.16243654822335	0.0876288659793814
75	0.0311653116531165	0.0362537764350453	0.0852713178294574	0.048582995951417	0.024	0.0230414746543779	0.0249480249480249	0.179775280898876	0.062780269058296	0.0891089108910891	0.0311653116531165	0.0362537764350453	0.0852713178294574	0.048582995951417	0.024	0.0230414746543779	0.0249480249480249	0.179775280898876	0.062780269058296	0.0891089108910891
80	0.0285062713797035	0.029655990510083	0.054380664652568	0.0304761904761905	0.0247026532479414	0.0199501246882793	0.0177147918511957	0.125	0.0456026058631922	0.0766283524904215	0.0285062713797035	0.029655990510083	0.054380664652568	0.0304761904761905	0.0247026532479414	0.0199501246882793	0.0177147918511957	0.125	0.0456026058631922	0.0766283524904215
85	0.0223015165031222	0.0207100591715976	0.0377358490566038	0.0609375	0.0189723320158103	0.0233297985153765	0.0231862378459237	0.0853658536585366	0.04	0.06	0.0223015165031222	0.0207100591715976	0.0377358490566038	0.0609375	0.0189723320158103	0.0233297985153765	0.0231862378459237	0.0853658536585366	0.04	0.06
90	0.0126162018592297	0.023121387283237	0.0355871886120996	0.0237203495630462	0.0182648401826484	0.0240464344941957	0.0127345844504021	0.0652173913043478	0.0304761904761905	0.0484848484848485	0.0126162018592297	0.023121387283237	0.0355871886120996	0.0237203495630462	0.0182648401826484	0.0240464344941957	0.0127345844504021	0.0652173913043478	0.0304761904761905	0.0484848484848485
95	0.0106326422115896	0.017223382045929	0.0277008310249307	0.0214723926380368	0.0136388434260775	0.0198281559814937	0.0115288220551378	0.0789473684210526	0.0280811232449298	0.0480549199084668	0.0106326422115896	0.017223382045929	0.0277008310249307	0.0214723926380368	0.0136388434260775	0.0198281559814937	0.0115288220551378	0.0789473684210526	0.0280811232449298	0.0480549199084668
100	0.00937366851299531	0.0134649910233393	0.032	0.0214338507021434	0.010226767452201	0.012450481041313	0.0106341079165026	0.0495626822157434	0.0326370757180157	0.0434782608695652	0.00937366851299531	0.0134649910233393	0.032	0.0214338507021434	0.010226767452201	0.012450481041313	0.0106341079165026	0.0495626822157434	0.0326370757180157	0.0434782608695652
105	0.0135185880585805	0.00835231586940015	0.0186915887850467	0.0165998855180309	0.00855005343783399	0.0124939932724652	0.0114305507447177	0.0460251046025105	0.0209545983701979	0.0253968253968254	0.0135185880585805	0.00835231586940015	0.0186915887850467	0.0165998855180309	0.00855005343783399	0.0124939932724652	0.0114305507447177	0.0460251046025105	0.0209545983701979	0.0253968253968254
110	0.00975312404754648	0.0090738423028786	0.0227408737283064	0.0106024096385542	0.00912032950867902	0.00994431185361973	0.00880052151238592	0.0327332242225859	0.0173357664233577	0.0334224598930481	0.00975312404754648	0.0090738423028786	0.0227408737283064	0.0106024096385542	0.00912032950867902	0.00994431185361973	0.00880052151238592	0.0327332242225859	0.0173357664233577	0.0334224598930481
115	0.00683131897004729	0.0115030674846626	0.0126760563380282	0.00821444012105491	0.00827689992475546	0.0103887399463807	0.00863750348286431	0.0341463414634146	0.0171641791044776	0.0183930300096805	0.00683131897004729	0.0115030674846626	0.0126760563380282	0.00821444012105491	0.00827689992475546	0.0103887399463807	0.00863750348286431	0.0341463414634146	0.0171641791044776	0.0183930300096805
120	0.00834837545126354	0.00623182384711259	0.0093230644507499	0.0111234705228031	0.00848176420695505	0.00764481034989709	0.00629881582262535	0.025130890052356	0.0172732880937693	0.0198183319570603	0.00834837545126354	0.00623182384711259	0.0093230644507499	0.0111234705228031	0.00848176420695505	0.00764481034989709	0.00629881582262535	0.025130890052356	0.0172732880937693	0.0198183319570603
125	0.00758331670325284	0.0076264880952381	0.0101522842639594	0.0103325799160478	0.00532724505327245	0.00854479544277576	0.00908486594283182	0.0220848056537102	0.0132248219735504	0.0191897654584222	0.00758331670325284	0.0076264880952381	0.0101522842639594	0.0103325799160478	0.00532724505327245	0.00854479544277576	0.00908486594283182	0.0220848056537102	0.0132248219735504	0.0191897654584222
130	0.00519840582221452	0.00504698920988514	0.00869077656293804	0.00771481777068369	0.00564681724845996	0.00706557739015235	0.00648561005269558	0.0166787527193619	0.0104484109708315	0.016875	0.00519840582221452	0.00504698920988514	0.00869077656293804	0.00771481777068369	0.00564681724845996	0.00706557739015235	0.00648561005269558	0.0166787527193619	0.0104484109708315	0.016875
135	0.005530253741054	0.00525645109907614	0.00676165177493359	0.00879833294744154	0.00462004142106102	0.00684128225175919	0.00706297822248381	0.0199275362318841	0.0115371564302681	0.0156821745948772	0.005530253741054	0.00525645109907614	0.00676165177493359	0.00879833294744154	0.00462004142106102	0.00684128225175919	0.00706297822248381	0.0199275362318841	0.0115371564302681	0.0156821745948772
140	0.00525258767186776	0.00430570505920344	0.00623924268502582	0.00838574423480084	0.00585877274128893	0.00502152080344333	0.00515369041045463	0.0102511532547412	0.00731310942578548	0.0122725349132459	0.00525258767186776	0.00430570505920344	0.00623924268502582	0.00838574423480084	0.00585877274128893	0.00502152080344333	0.00515369041045463	0.0102511532547412	0.00731310942578548	0.0122725349132459
145	0.00486438679245283	0.00417349828588463	0.00500200080032013	0.00729667200569496	0.00553395154053246	0.00760263558033452	0.005461592670895	0.011240632805995	0.00811876594757597	0.00879352796341892	0.00486438679245283	0.00417349828588463	0.00500200080032013	0.00729667200569496	0.00553395154053246	0.00760263558033452	0.005461592670895	0.011240632805995	0.00811876594757597	0.00879352796341892
150	0.00577533930118394	0.00649049605934168	0.00631883011373894	0.00491442128452805	0.00412717823295628	0.00507198952879581	0.00596072931276297	0.00848896434634975	0.00673469387755102	0.00744490768314473	0.00577533930118394	0.00649049605934168	0.00631883011373894	0.00491442128452805	0.00412717823295628	0.00507198952879581	0.00596072931276297	0.00848896434634975	0.00673469387755102	0.00744490768314473
155	0.00525339925834363	0.00539693593314763	0.0076095947063689	0.00943698016634677	0.00509952294785327	0.00560778492495464	0.00648765543341143	0.0100950118764846	0.00478214665249734	0.00697786333012512	0.00525339925834363	0.00539693593314763	0.0076095947063689	0.00943698016634677	0.00509952294785327	0.00560778492495464	0.00648765543341143	0.0100950118764846	0.00478214665249734	0.00697786333012512
160	0.00595744680851064	0.00458076080462059	0.00551048522883821	0.00440182361263952	0.00486749594375338	0.00539303807811734	0.00677073537709235	0.00884732052578362	0.00610343719884356	0.00737774030354132	0.00595744680851064	0.00458076080462059	0.00551048522883821	0.00440182361263952	0.00486749594375338	0.00539303807811734	0.00677073537709235	0.00884732052578362	0.00610343719884356	0.00737774030354132
165	0.00558336542164035	0.00803474484256243	0.00592975520754143	0.00632011376204772	0.00536303630363036	0.00534670008354219	0.00547409579667644	0.00764493523040985	0.0061989718778349	0.00789220404234841	0.00558336542164035	0.00803474484256243	0.00592975520754143	0.00632011376204772	0.00536303630363036	0.00534670008354219	0.00547409579667644	0.00764493523040985	0.0061989718778349	0.00789220404234841
170	0.00734956361966008	0.00688073394495413	0.0051224587802145	0.00773889636608345	0.00748250060342747	0.00536193029490617	0.00761863299956465	0.00498614958448753	0.00517368810051737	0.00733880831731609	0.00734956361966008	0.00688073394495413	0.0051224587802145	0.00773889636608345	0.00748250060342747	0.00536193029490617	0.00761863299956465	0.00498614958448753	0.00517368810051737	0.00733880831731609
175	0.0088143303952232	0.00869817338358945	0.00424016282225237	0.00684298132051045	0.0065050266114725	0.00592804578904334	0.00713056306860093	0.00448430493273543	0.00523721503388786	0.00578130161876445	0.0088143303952232	0.00869817338358945	0.00424016282225237	0.00684298132051045	0.0065050266114725	0.00592804578904334	0.00713056306860093	0.00448430493273543	0.00523721503388786	0.00578130161876445
180	0.00771775082690187	0.0127718329306179	0.00948142414860681	0.00549218419940853	0.0124951190941039	0.00709219858156028	0.00743281875357347	0.00621683093252464	0.00693212961470256	0.00574444961962428	0.00771775082690187	0.0127718329306179	0.00948142414860681	0.00549218419940853	0.0124951190941039	0.00709219858156028	0.00743281875357347	0.00621683093252464	0.00693212961470256	0.00574444961962428
185	0.0136852394916911	0.0111656989727557	0.00628507295173962	0.00840959683403413	0.0185479597244303	0.00679067020962504	0.00795297372060857	0.00543797766019988	0.006	0.00657305049297879	0.0136852394916911	0.0111656989727557	0.00628507295173962	0.00840959683403413	0.0185479597244303	0.00679067020962504	0.00795297372060857	0.00543797766019988	0.006	0.00657305049297879
190	0.014030612244898	0.0100783874580067	0.00678241996744438	0.00867743865948534	0.0154466084620551	0.00985041955490697	0.00808753568030447	0.00398582816651904	0.00618174325159695	0.00523145212428662	0.014030612244898	0.0100783874580067	0.00678241996744438	0.00867743865948534	0.0154466084620551	0.00985041955490697	0.00808753568030447	0.00398582816651904	0.00618174325159695	0.00523145212428662
195	0.0237226277372263	0.0187630298818624	0.0127186009538951	0.00720658888126287	0.0156121610517666	0.0129807692307692	0.0124688279301746	0.00590819572792001	0.00668736565560067	0.00558564658090724	0.0237226277372263	0.0187630298818624	0.0127186009538951	0.00720658888126287	0.0156121610517666	0.0129807692307692	0.0124688279301746	0.00590819572792001	0.00668736565560067	0.00558564658090724
200	0.0234192037470726	0.0205831903945112	0.0130268199233716	0.0080270384452894	0.0281359906213365	0.0111621799080762	0.0135623869801085	0.00498173364330787	0.00883442576232545	0.00616822429906542	0.0234192037470726	0.0205831903945112	0.0130268199233716	0.0080270384452894	0.0281359906213365	0.0111621799080762	0.0135623869801085	0.00498173364330787	0.00883442576232545	0.00616822429906542
205	0.0246734397677794	0.0182260024301337	0.0134758364312268	0.0136847440446021	0.0282828282828283	0.0194518125552608	0.0175233644859813	0.00542320356381948	0.0126857557085901	0.00518470511989631	0.0246734397677794	0.0182260024301337	0.0134758364312268	0.0136847440446021	0.0282828282828283	0.0194518125552608	0.0175233644859813	0.00542320356381948	0.0126857557085901	0.00518470511989631
210	0.04296875	0.0315955766192733	0.0168687401159726	0.0152883947185546	0.0282051282051282	0.0272614622057001	0.0356633380884451	0.00958537672759697	0.00988700564971751	0.00661703887510339	0.04296875	0.0315955766192733	0.0168687401159726	0.0152883947185546	0.0282051282051282	0.0272614622057001	0.0356633380884451	0.00958537672759697	0.00988700564971751	0.00661703887510339
215	0.0418848167539267	0.0423162583518931	0.01278600269179	0.0161434977578475	0.0520833333333333	0.0340501792114695	0.0309278350515464	0.00784929356357928	0.0115766262403528	0.0122720897615708	0.0418848167539267	0.0423162583518931	0.01278600269179	0.0161434977578475	0.0520833333333333	0.0340501792114695	0.0309278350515464	0.00784929356357928	0.0115766262403528	0.0122720897615708
220	0.0577617328519856	0.0463768115942029	0.0165073848827107	0.0202429149797571	0.0607734806629834	0.0297297297297297	0.0419161676646707	0.00832	0.0154185022026432	0.0155642023346304	0.0577617328519856	0.0463768115942029	0.0165073848827107	0.0202429149797571	0.0607734806629834	0.0297297297297297	0.0419161676646707	0.00832	0.0154185022026432	0.0155642023346304
225	0.0846774193548387	0.0362903225806452	0.0277777777777778	0.0289330922242315	0.0895522388059701	0.0728155339805825	0.0393120393120393	0.0097442143727162	0.0223517978620019	0.0120343839541547	0.0846774193548387	0.0362903225806452	0.0277777777777778	0.0289330922242315	0.0895522388059701	0.0728155339805825	0.0393120393120393	0.0097442143727162	0.0223517978620019	0.0120343839541547
230	0.123762376237624	0.0710900473933649	0.0236336779911374	0.034965034965035	0.239130434782609	0.117117117117117	0.0384615384615385	0.0128133704735376	0.0263157894736842	0.0162361623616236	0.123762376237624	0.0710900473933649	0.0236336779911374	0.034965034965035	0.239130434782609	0.117117117117117	0.0384615384615385	0.0128133704735376	0.0263157894736842	0.0162361623616236
235	0.0701754385964912	0.0592105263157895	0.0326460481099656	0.0706713780918728	0.171428571428571	0.115942028985507	0.0483091787439614	0.01698670605613	0.0485133020344288	0.020985401459854	0.0701754385964912	0.0592105263157895	0.0326460481099656	0.0706713780918728	0.171428571428571	0.115942028985507	0.0483091787439614	0.01698670605613	0.0485133020344288	0.020985401459854
240	0.0933333333333333	0.0673076923076923	0.0383747178329571	0.0591133004926108	0.156862745098039	0.297872340425532	0.0811965811965812	0.0220941402497598	0.0457746478873239	0.0243605359317905	0.0933333333333333	0.0673076923076923	0.0383747178329571	0.0591133004926108	0.156862745098039	0.297872340425532	0.0811965811965812	0.0220941402497598	0.0457746478873239	0.0243605359317905
245	0.0683760683760684	0.162790697674419	0.0487179487179487	0.088	0.382352941176471	0.388888888888889	0.0921658986175115	0.0660847880299252	0.0546218487394958	0.029616724738676	0.0683760683760684	0.162790697674419	0.0487179487179487	0.088	0.382352941176471	0.388888888888889	0.0921658986175115	0.0660847880299252	0.0546218487394958	0.029616724738676
250	0.154545454545455	0.211538461538462	0.062992125984252	0.111111111111111	0.481481481481481	0.333333333333333	0.08	0.0326086956521739	0.0354430379746835	0.0329113924050633	0.154545454545455	0.211538461538462	0.062992125984252	0.111111111111111	0.481481481481481	0.333333333333333	0.08	0.0326086956521739	0.0354430379746835	0.0329113924050633
255	0.171875	0.382352941176471	0.104575163398693	0.12962962962963	0.28	0.363636363636364	0.11046511627907	0.0379746835443038	0.0404312668463612	0.0459016393442623	0.171875	0.382352941176471	0.104575163398693	0.12962962962963	0.28	0.363636363636364	0.11046511627907	0.0379746835443038	0.0404312668463612	0.0459016393442623
260	0.18	0.463414634146341	0.127272727272727	0.261904761904762	0.4375	0.5	0.125925925925926	0.0714285714285714	0.0363636363636364	0.0618556701030928	0.18	0.463414634146341	0.127272727272727	0.261904761904762	0.4375	0.5	0.125925925925926	0.0714285714285714	0.0363636363636364	0.0618556701030928
265	0.208333333333333	0.222222222222222	0.1625	0.310344827586207	0.416666666666667	0.4	0.126436781609195	0.100719424460432	0.0714285714285714	0.0920245398773006	0.208333333333333	0.222222222222222	0.1625	0.310344827586207	0.416666666666667	0.4	0.126436781609195	0.100719424460432	0.0714285714285714	0.0920245398773006
270	0.384615384615385	0.272727272727273	0.148936170212766	0.318181818181818	0.428571428571429	1	0.123711340206186	0.0782608695652174	0.0845070422535211	0.154411764705882	0.384615384615385	0.272727272727273	0.148936170212766	0.318181818181818	0.428571428571429	1	0.123711340206186	0.0782608695652174	0.0845070422535211	0.154411764705882
275	0.384615384615385	0.32	0.242424242424242	0.578947368421053	1	1	0.217391304347826	0.102272727272727	0.0909090909090909	0.145299145299145	0.384615384615385	0.32	0.242424242424242	0.578947368421053	1	1	0.217391304347826	0.102272727272727	0.0909090909090909	0.145299145299145
280	0.428571428571429	0.315789473684211	0.304347826086957	0.416666666666667	NA	NA	0.12	0.215909090909091	0.154545454545455	0.222222222222222	0.428571428571429	0.315789473684211	0.304347826086957	0.416666666666667	NA	NA	0.12	0.215909090909091	0.154545454545455	0.222222222222222
285	NA	0.484848484848485	0.470588235294118	0.419354838709677	NA	NA	0.30188679245283	0.222222222222222	0.137931034482759	0.113636363636364	NA	0.484848484848485	0.470588235294118	0.419354838709677	NA	NA	0.30188679245283	0.222222222222222	0.137931034482759	0.113636363636364
290	NA	0.289473684210526	0.416666666666667	0.222222222222222	NA	NA	0.170212765957447	0.282051282051282	0.136986301369863	0.130434782608696	NA	0.289473684210526	0.416666666666667	0.222222222222222	NA	NA	0.170212765957447	0.282051282051282	0.136986301369863	0.130434782608696
295	NA	0.297872340425532	0.5	0.4	NA	NA	0.318181818181818	0.209302325581395	0.181818181818182	0.205128205128205	NA	0.297872340425532	0.5	0.4	NA	NA	0.318181818181818	0.209302325581395	0.181818181818182	0.205128205128205
300	NA	0.205882352941176	NA	0.636363636363636	NA	NA	0.347826086956522	0.428571428571429	0.4	0.357142857142857	NA	0.205882352941176	NA	0.636363636363636	NA	NA	0.347826086956522	0.428571428571429	0.4	0.357142857142857
305	NA	0.272727272727273	NA	0.571428571428571	NA	NA	0.272727272727273	0.538461538461538	0.375	0.454545454545455	NA	0.272727272727273	NA	0.571428571428571	NA	NA	0.272727272727273	0.538461538461538	0.375	0.454545454545455
310	NA	0.379310344827586	NA	0.888888888888889	NA	NA	1	0.461538461538462	0.833333333333333	0.533333333333333	NA	0.379310344827586	NA	0.888888888888889	NA	NA	1	0.461538461538462	0.833333333333333	0.533333333333333
315	NA	0.375	NA	0.75	NA	NA	NA	0.4	1	0.294117647058824	NA	0.375	NA	0.75	NA	NA	NA	0.4	1	0.294117647058824
320	NA	0.318181818181818	NA	NA	NA	NA	NA	1	1	0.346153846153846	NA	0.318181818181818	NA	NA	NA	NA	NA	1	1	0.346153846153846
325	NA	0.619047619047619	NA	NA	NA	NA	NA	NA	NA	0.4	NA	0.619047619047619	NA	NA	NA	NA	NA	NA	NA	0.4
330	NA	0.4	NA	NA	NA	NA	NA	NA	NA	0.636363636363636	NA	0.4	NA	NA	NA	NA	NA	NA	NA	0.636363636363636
335	NA	0.8125	NA	NA	NA	NA	NA	NA	NA	1	NA	0.8125	NA	NA	NA	NA	NA	NA	NA	1
340	NA	0.5	NA	NA	NA	NA	NA	NA	NA	NA	NA	0.5	NA	NA	NA	NA	NA	NA	NA	NA
345	NA	0.375	NA	NA	NA	NA	NA	NA	NA	NA	NA	0.375	NA	NA	NA	NA	NA	NA	NA	NA
350	NA	1	NA	NA	NA	NA	NA	NA	NA	NA	NA	1	NA	NA	NA	NA	NA	NA	NA	NA
355	NA	0.75	NA	NA	NA	NA	NA	NA	NA	NA	NA	0.75	NA	NA	NA	NA	NA	NA	NA	NA
360	NA	0.75	NA	NA	NA	NA	NA	NA	NA	NA	NA	0.75	NA	NA	NA	NA	NA	NA	NA	NA
365	NA	1	NA	NA	NA	NA	NA	NA	NA	NA	NA	1	NA	NA	NA	NA	NA	NA	NA	NA
