0	1	1	1	1	1	1	1	1	1	1	1	1	1	1	1	1	1	1	1	1
5	1	1	1	0.833333333333333	1	1	1	1	0.666666666666667	0.8	1	1	1	0.833333333333333	1	1	1	1	0.666666666666667	0.8
10	0.666666666666667	NA	1	0.466666666666667	0.444444444444444	0.4	0.583333333333333	0.4375	0.454545454545455	0.8	0.666666666666667	NA	1	0.466666666666667	0.444444444444444	0.4	0.583333333333333	0.4375	0.454545454545455	0.8
15	0.384615384615385	NA	0.5	0.454545454545455	0.363636363636364	0.333333333333333	0.708333333333333	0.5	0.416666666666667	0.8	0.384615384615385	NA	0.5	0.454545454545455	0.363636363636364	0.333333333333333	0.708333333333333	0.5	0.416666666666667	0.8
20	0.333333333333333	NA	1	0.307692307692308	0.25	0.428571428571429	0.235294117647059	0.307692307692308	0.428571428571429	0.642857142857143	0.333333333333333	NA	1	0.307692307692308	0.25	0.428571428571429	0.235294117647059	0.307692307692308	0.428571428571429	0.642857142857143
25	0.625	NA	1	0.36	0.571428571428571	0.571428571428571	0.2	0.294117647058824	0.25	0.333333333333333	0.625	NA	1	0.36	0.571428571428571	0.571428571428571	0.2	0.294117647058824	0.25	0.333333333333333
30	0.5	NA	1	0.272727272727273	0.444444444444444	0.5625	0.186046511627907	0.204545454545455	0.294117647058824	0.333333333333333	0.5	NA	1	0.272727272727273	0.444444444444444	0.5625	0.186046511627907	0.204545454545455	0.294117647058824	0.333333333333333
35	0.7	NA	0.857142857142857	0.272727272727273	0.461538461538462	0.444444444444444	0.232142857142857	0.27027027027027	0.210526315789474	0.4	0.7	NA	0.857142857142857	0.272727272727273	0.461538461538462	0.444444444444444	0.232142857142857	0.27027027027027	0.210526315789474	0.4
40	0.705882352941177	NA	0.9	0.264705882352941	0.391304347826087	0.36	0.163636363636364	0.1875	0.224489795918367	0.28	0.705882352941177	NA	0.9	0.264705882352941	0.391304347826087	0.36	0.163636363636364	0.1875	0.224489795918367	0.28
45	0.307692307692308	NA	0.777777777777778	0.260869565217391	0.530612244897959	0.259259259259259	0.2	0.206896551724138	0.2	0.347826086956522	0.307692307692308	NA	0.777777777777778	0.260869565217391	0.530612244897959	0.259259259259259	0.2	0.206896551724138	0.2	0.347826086956522
50	0.222222222222222	NA	0.454545454545455	0.2	0.218181818181818	0.275862068965517	0.107142857142857	0.291666666666667	0.18	0.21875	0.222222222222222	NA	0.454545454545455	0.2	0.218181818181818	0.275862068965517	0.107142857142857	0.291666666666667	0.18	0.21875
55	0.25	NA	0.466666666666667	0.2	0.10958904109589	0.121212121212121	0.198347107438017	0.294117647058824	0.27906976744186	0.2	0.25	NA	0.466666666666667	0.2	0.10958904109589	0.121212121212121	0.198347107438017	0.294117647058824	0.27906976744186	0.2
60	0.30952380952381	NA	0.230769230769231	0.185185185185185	0.134146341463415	0.162790697674419	0.0902255639097744	0.409090909090909	0.131578947368421	0.209302325581395	0.30952380952381	NA	0.230769230769231	0.185185185185185	0.134146341463415	0.162790697674419	0.0902255639097744	0.409090909090909	0.131578947368421	0.209302325581395
65	0.2	NA	0.318181818181818	0.173913043478261	0.18	0.2	0.0967741935483871	0.272727272727273	0.224489795918367	0.142857142857143	0.2	NA	0.318181818181818	0.173913043478261	0.18	0.2	0.0967741935483871	0.272727272727273	0.224489795918367	0.142857142857143
70	0.24390243902439	NA	0.32	0.189189189189189	0.0514705882352941	0.148648648648649	0.101351351351351	0.230769230769231	0.229166666666667	0.204081632653061	0.24390243902439	NA	0.32	0.189189189189189	0.0514705882352941	0.148648648648649	0.101351351351351	0.230769230769231	0.229166666666667	0.204081632653061
75	0.115384615384615	NA	0.419354838709677	0.162790697674419	0.0709219858156028	0.0795454545454545	0.0709677419354839	0.461538461538462	0.225	0.15625	0.115384615384615	NA	0.419354838709677	0.162790697674419	0.0709219858156028	0.0795454545454545	0.0709677419354839	0.461538461538462	0.225	0.15625
80	0.0961538461538462	NA	0.2	0.0869565217391304	0.0618556701030928	0.144067796610169	0.072289156626506	0.529411764705882	0.14	0.176470588235294	0.0961538461538462	NA	0.2	0.0869565217391304	0.0618556701030928	0.144067796610169	0.072289156626506	0.529411764705882	0.14	0.176470588235294
85	0.0888888888888889	NA	0.263157894736842	0.12962962962963	0.0578512396694215	0.0810810810810811	0.0530973451327434	0.34375	0.0842105263157895	0.211538461538462	0.0888888888888889	NA	0.263157894736842	0.12962962962963	0.0578512396694215	0.0810810810810811	0.0530973451327434	0.34375	0.0842105263157895	0.211538461538462
90	0.0818181818181818	NA	0.58	0.163934426229508	0.0448275862068966	0.0923076923076923	0.0401459854014599	0.230769230769231	0.0932203389830508	0.14	0.0818181818181818	NA	0.58	0.163934426229508	0.0448275862068966	0.0923076923076923	0.0401459854014599	0.230769230769231	0.0932203389830508	0.14
95	0.0983606557377049	NA	0.260869565217391	0.159090909090909	0.0438144329896907	0.0733333333333333	0.0626959247648903	0.194444444444444	0.0681818181818182	0.194029850746269	0.0983606557377049	NA	0.260869565217391	0.159090909090909	0.0438144329896907	0.0733333333333333	0.0626959247648903	0.194444444444444	0.0681818181818182	0.194029850746269
100	0.0819672131147541	NA	0.161764705882353	0.0943396226415094	0.0224215246636771	0.112676056338028	0.0368098159509202	0.155555555555556	0.0604026845637584	0.114754098360656	0.0819672131147541	NA	0.161764705882353	0.0943396226415094	0.0224215246636771	0.112676056338028	0.0368098159509202	0.155555555555556	0.0604026845637584	0.114754098360656
105	0.0763358778625954	NA	0.184210526315789	0.110236220472441	0.0303030303030303	0.0567685589519651	0.0437956204379562	0.178082191780822	0.0760869565217391	0.2	0.0763358778625954	NA	0.184210526315789	0.110236220472441	0.0303030303030303	0.0567685589519651	0.0437956204379562	0.178082191780822	0.0760869565217391	0.2
110	0.0789473684210526	NA	0.172839506172839	0.087248322147651	0.0216606498194946	0.0821917808219178	0.0273684210526316	0.114285714285714	0.0606060606060606	0.152777777777778	0.0789473684210526	NA	0.172839506172839	0.087248322147651	0.0216606498194946	0.0821917808219178	0.0273684210526316	0.114285714285714	0.0606060606060606	0.152777777777778
115	0.0858895705521472	NA	0.127906976744186	0.072463768115942	0.0253164556962025	0.0394088669950739	0.0408163265306122	0.160714285714286	0.0758928571428571	0.0737704918032787	0.0858895705521472	NA	0.127906976744186	0.072463768115942	0.0253164556962025	0.0394088669950739	0.0408163265306122	0.160714285714286	0.0758928571428571	0.0737704918032787
120	0.0634920634920635	NA	0.0930232558139535	0.0735294117647059	0.0181311018131102	0.0567010309278351	0.0202360876897133	0.210526315789474	0.051063829787234	0.0982142857142857	0.0634920634920635	NA	0.0930232558139535	0.0735294117647059	0.0181311018131102	0.0567010309278351	0.0202360876897133	0.210526315789474	0.051063829787234	0.0982142857142857
125	0.068421052631579	NA	0.1	0.062111801242236	0.0248618784530387	0.0604651162790698	0.0298295454545455	0.131147540983607	0.073469387755102	0.128205128205128	0.068421052631579	NA	0.1	0.062111801242236	0.0248618784530387	0.0604651162790698	0.0298295454545455	0.131147540983607	0.073469387755102	0.128205128205128
130	0.0547945205479452	NA	0.0887573964497041	0.0533980582524272	0.0333333333333333	0.0582191780821918	0.0228494623655914	0.163636363636364	0.0495049504950495	0.072992700729927	0.0547945205479452	NA	0.0887573964497041	0.0533980582524272	0.0333333333333333	0.0582191780821918	0.0228494623655914	0.163636363636364	0.0495049504950495	0.072992700729927
135	0.048582995951417	NA	0.07981220657277	0.05	0.0193470374848851	0.0460122699386503	0.0187134502923977	0.101694915254237	0.0506329113924051	0.12280701754386	0.048582995951417	NA	0.07981220657277	0.05	0.0193470374848851	0.0460122699386503	0.0187134502923977	0.101694915254237	0.0506329113924051	0.12280701754386
140	0.0377358490566038	NA	0.0625	0.0390879478827362	0.0178571428571429	0.0344827586206897	0.0149732620320856	0.123287671232877	0.0394736842105263	0.0565217391304348	0.0377358490566038	NA	0.0625	0.0390879478827362	0.0178571428571429	0.0344827586206897	0.0149732620320856	0.123287671232877	0.0394736842105263	0.0565217391304348
145	0.0404761904761905	NA	0.05859375	0.0266666666666667	0.0151515151515152	0.0547945205479452	0.0150602409638554	0.126436781609195	0.0294736842105263	0.0498220640569395	0.0404761904761905	NA	0.05859375	0.0266666666666667	0.0151515151515152	0.0547945205479452	0.0150602409638554	0.126436781609195	0.0294736842105263	0.0498220640569395
150	0.0379746835443038	NA	0.0466666666666667	0.0351288056206089	0.0202702702702703	0.0304449648711944	0.0199275362318841	0.125	0.0247148288973384	0.0305084745762712	0.0379746835443038	NA	0.0466666666666667	0.0351288056206089	0.0202702702702703	0.0304449648711944	0.0199275362318841	0.125	0.0247148288973384	0.0305084745762712
155	0.0273504273504274	NA	0.0441176470588235	0.025	0.0170511534603811	0.0280777537796976	0.0140495867768595	0.0630630630630631	0.025260029717682	0.0334190231362468	0.0273504273504274	NA	0.0441176470588235	0.025	0.0170511534603811	0.0280777537796976	0.0140495867768595	0.0630630630630631	0.025260029717682	0.0334190231362468
160	0.0301204819277108	NA	0.0424403183023873	0.0319148936170213	0.0155306298533218	0.026978417266187	0.0167682926829268	0.0578512396694215	0.0199468085106383	0.0288713910761155	0.0301204819277108	NA	0.0424403183023873	0.0319148936170213	0.0155306298533218	0.026978417266187	0.0167682926829268	0.0578512396694215	0.0199468085106383	0.0288713910761155
165	0.0275103163686382	NA	0.0382775119617225	0.0264797507788162	0.0132398753894081	0.0222222222222222	0.0115356885364095	0.0652173913043478	0.0165184243964422	0.0309734513274336	0.0275103163686382	NA	0.0382775119617225	0.0264797507788162	0.0132398753894081	0.0222222222222222	0.0115356885364095	0.0652173913043478	0.0165184243964422	0.0309734513274336
170	0.024906600249066	NA	0.0429594272076372	0.0315638450502152	0.0111768573307035	0.0207317073170732	0.00917431192660551	0.0955056179775281	0.0183299389002037	0.0207156308851224	0.024906600249066	NA	0.0429594272076372	0.0315638450502152	0.0111768573307035	0.0207317073170732	0.00917431192660551	0.0955056179775281	0.0183299389002037	0.0207156308851224
175	0.0228758169934641	NA	0.0411255411255411	0.0165394402035623	0.01194743130227	0.018348623853211	0.00941306755260244	0.0698924731182796	0.0149532710280374	0.0374149659863946	0.0228758169934641	NA	0.0411255411255411	0.0165394402035623	0.01194743130227	0.018348623853211	0.00941306755260244	0.0698924731182796	0.0149532710280374	0.0374149659863946
180	0.0143129770992366	NA	0.0342741935483871	0.0142011834319527	0.0116279069767442	0.0229759299781182	0.0108749382105783	0.0858369098712446	0.0138376383763838	0.0316139767054908	0.0143129770992366	NA	0.0342741935483871	0.0142011834319527	0.0116279069767442	0.0229759299781182	0.0108749382105783	0.0858369098712446	0.0138376383763838	0.0316139767054908
185	0.0143198090692124	NA	0.0250481695568401	0.0135135135135135	0.00889679715302491	0.0204081632653061	0.00809523809523809	0.0553191489361702	0.0150078988941548	0.0347551342812006	0.0143198090692124	NA	0.0250481695568401	0.0135135135135135	0.00889679715302491	0.0204081632653061	0.00809523809523809	0.0553191489361702	0.0150078988941548	0.0347551342812006
190	0.0145833333333333	NA	0.0268456375838926	0.0151515151515152	0.00729040097205346	0.0142984807864164	0.00864304235090752	0.0551724137931034	0.0113036925395629	0.0212121212121212	0.0145833333333333	NA	0.0268456375838926	0.0151515151515152	0.00729040097205346	0.0142984807864164	0.00864304235090752	0.0551724137931034	0.0113036925395629	0.0212121212121212
195	0.0136138613861386	NA	0.0229357798165138	0.017286084701815	0.0073882526782416	0.0154471544715447	0.00784799669558034	0.0355987055016181	0.00957290132547865	0.0240202275600506	0.0136138613861386	NA	0.0229357798165138	0.017286084701815	0.0073882526782416	0.0154471544715447	0.00784799669558034	0.0355987055016181	0.00957290132547865	0.0240202275600506
200	0.0101613867304244	NA	0.023224043715847	0.0132939438700148	0.00717703349282297	0.0108932461873638	0.0072769054002298	0.0358126721763085	0.00939597315436242	0.018887722980063	0.0101613867304244	NA	0.023224043715847	0.0132939438700148	0.00717703349282297	0.0108932461873638	0.0072769054002298	0.0358126721763085	0.00939597315436242	0.018887722980063
205	0.00879120879120879	NA	0.01468788249694	0.012434554973822	0.00711141212326448	0.0139593908629442	0.00846262341325811	0.0390625	0.00949554896142433	0.0144557823129252	0.00879120879120879	NA	0.01468788249694	0.012434554973822	0.00711141212326448	0.0139593908629442	0.00846262341325811	0.0390625	0.00949554896142433	0.0144557823129252
210	0.012827090815803	NA	0.0135841170323929	0.0124455507156192	0.00884086444007859	0.0104529616724739	0.00643500643500643	0.0437956204379562	0.0094488188976378	0.0137509549274255	0.012827090815803	NA	0.0135841170323929	0.0124455507156192	0.00884086444007859	0.0104529616724739	0.00643500643500643	0.0437956204379562	0.0094488188976378	0.0137509549274255
215	0.00971345313258863	NA	0.0166812993854258	0.0108864696734059	0.00568181818181818	0.0104581673306773	0.00676714856967087	0.0240174672489083	0.0090049527239982	0.0115384615384615	0.00971345313258863	NA	0.0166812993854258	0.0108864696734059	0.00568181818181818	0.0104581673306773	0.00676714856967087	0.0240174672489083	0.0090049527239982	0.0115384615384615
220	0.00784132841328413	NA	0.0186125211505922	0.0113744075829384	0.00571772494733674	0.00968634686346864	0.00552968568102445	0.0397727272727273	0.0112044817927171	0.0178677784395474	0.00784132841328413	NA	0.0186125211505922	0.0113744075829384	0.00571772494733674	0.00968634686346864	0.00552968568102445	0.0397727272727273	0.0112044817927171	0.0178677784395474
225	0.00724328930549638	NA	0.0117004680187207	0.00779896013864818	0.00594900849858357	0.0139630390143737	0.00585729499467519	0.0243506493506494	0.00711077844311377	0.0126448893572181	0.00724328930549638	NA	0.0117004680187207	0.00779896013864818	0.00594900849858357	0.0139630390143737	0.00585729499467519	0.0243506493506494	0.00711077844311377	0.0126448893572181
230	0.00793950850661626	NA	0.0116678105696637	0.00674870980547836	0.00635886093447609	0.00768935024990388	0.00557950798884098	0.0193452380952381	0.00588235294117647	0.00974658869395711	0.00793950850661626	NA	0.0116678105696637	0.00674870980547836	0.00635886093447609	0.00768935024990388	0.00557950798884098	0.0193452380952381	0.00588235294117647	0.00974658869395711
235	0.00591715976331361	NA	0.0105540897097625	0.00719942404607631	0.00476947535771065	0.00752728641324802	0.004638671875	0.0304955527318933	0.010472972972973	0.0101663585951941	0.00591715976331361	NA	0.0105540897097625	0.00719942404607631	0.00476947535771065	0.00752728641324802	0.004638671875	0.0304955527318933	0.010472972972973	0.0101663585951941
240	0.00798668885191348	NA	0.0124083474337281	0.00803341902313625	0.00634840020314881	0.00718132854578097	0.00569729997522913	0.0172786177105832	0.00676714856967087	0.00958605664488017	0.00798668885191348	NA	0.0124083474337281	0.00803341902313625	0.00634840020314881	0.00718132854578097	0.00569729997522913	0.0172786177105832	0.00676714856967087	0.00958605664488017
245	0.00670284072773699	NA	0.00885416666666667	0.0055952751010258	0.00477386934673367	0.0063514467184192	0.00572851805728518	0.0253411306042885	0.00554744525547445	0.00827472072817542	0.00670284072773699	NA	0.00885416666666667	0.0055952751010258	0.00477386934673367	0.0063514467184192	0.00572851805728518	0.0253411306042885	0.00554744525547445	0.00827472072817542
250	0.00510817307692308	NA	0.0118821292775665	0.00708800945067927	0.00523560209424084	0.00695168578380257	0.00546041201290643	0.0177304964539007	0.00463973799126638	0.00925181013676589	0.00510817307692308	NA	0.0118821292775665	0.00708800945067927	0.00523560209424084	0.00695168578380257	0.00546041201290643	0.0177304964539007	0.00463973799126638	0.00925181013676589
255	0.00667634252539913	NA	0.0129348795718109	0.0063236562230526	0.0053557765876052	0.00544959128065395	0.00534351145038168	0.012112036336109	0.00617283950617284	0.00602863602110023	0.00667634252539913	NA	0.0129348795718109	0.0063236562230526	0.0053557765876052	0.00544959128065395	0.00534351145038168	0.012112036336109	0.00617283950617284	0.00602863602110023
260	0.00615212527964206	NA	0.008	0.00569151963574274	0.0049934296977661	0.00844978875528112	0.00535331905781585	0.0144927536231884	0.00516732283464567	0.00809121000367782	0.00615212527964206	NA	0.008	0.00569151963574274	0.0049934296977661	0.00844978875528112	0.00535331905781585	0.0144927536231884	0.00516732283464567	0.00809121000367782
265	0.00531766022949902	NA	0.00772058823529412	0.00531490831783152	0.00448304847296161	0.00645577792123951	0.00601585999453104	0.00887049083382614	0.00648340248962656	0.00857449088960343	0.00531766022949902	NA	0.00772058823529412	0.00531490831783152	0.00448304847296161	0.00645577792123951	0.00601585999453104	0.00887049083382614	0.00648340248962656	0.00857449088960343
270	0.00753348214285714	NA	0.00617495711835334	0.00598958333333333	0.00805951642901426	0.00573431028990124	0.0061060227588121	0.0110005238344683	0.00455927051671732	0.00678656260604004	0.00753348214285714	NA	0.00617495711835334	0.00598958333333333	0.00805951642901426	0.00573431028990124	0.0061060227588121	0.0110005238344683	0.00455927051671732	0.00678656260604004
275	0.0057628979143798	NA	0.00771843161469589	0.00427553444180523	0.00633122292569144	0.00865800865800866	0.00619770684846607	0.00739030023094688	0.00573065902578797	0.00598205383848455	0.0057628979143798	NA	0.00771843161469589	0.00427553444180523	0.00633122292569144	0.00865800865800866	0.00619770684846607	0.00739030023094688	0.00573065902578797	0.00598205383848455
280	0.00764400764400764	NA	0.00671960904092853	0.00502272183688113	0.00669957686882934	0.00805701890300589	0.00625823451910408	0.0125607779578606	0.00681163217186272	0.00655635341867	0.00764400764400764	NA	0.00671960904092853	0.00502272183688113	0.00669957686882934	0.00805701890300589	0.00625823451910408	0.0125607779578606	0.00681163217186272	0.00655635341867
285	0.0064588598708228	NA	0.00819672131147541	0.00415343268995847	0.00707371556217424	0.00880655936835712	0.0065123010130246	0.00642857142857143	0.00619195046439629	0.00576631259484067	0.0064588598708228	NA	0.00819672131147541	0.00415343268995847	0.00707371556217424	0.00880655936835712	0.0065123010130246	0.00642857142857143	0.00619195046439629	0.00576631259484067
290	0.00714694110920526	NA	0.00599657338663621	0.00497636227917392	0.00929292929292929	0.00683913172762414	0.0062646828504307	0.00777453838678328	0.00555068653228162	0.00695074040495618	0.00714694110920526	NA	0.00599657338663621	0.00497636227917392	0.00929292929292929	0.00683913172762414	0.0062646828504307	0.00777453838678328	0.00555068653228162	0.00695074040495618
295	0.00609402205455601	NA	0.00537938844847112	0.00518518518518519	0.0090595340811044	0.00677666470241603	0.00712377560106857	0.00580329871716555	0.00704009794918886	0.00520532099479468	0.00609402205455601	NA	0.00537938844847112	0.00518518518518519	0.0090595340811044	0.00677666470241603	0.00712377560106857	0.00580329871716555	0.00704009794918886	0.00520532099479468
300	0.00525015441630636	NA	0.00602739726027397	0.00715042372881356	0.0103884372177055	0.0066996795805418	0.00769971126082772	0.00657108721624851	0.00630600730169267	0.00525587828492393	0.00525015441630636	NA	0.00602739726027397	0.00715042372881356	0.0103884372177055	0.0066996795805418	0.00769971126082772	0.00657108721624851	0.00630600730169267	0.00525587828492393
305	0.00488848151542927	NA	0.00600522193211488	0.00601092896174863	0.0104766893661603	0.00677866195107574	0.0114879649890591	0.00415858053784308	0.00652248541023	0.0070482097547223	0.00488848151542927	NA	0.00600522193211488	0.00601092896174863	0.0104766893661603	0.00677866195107574	0.0114879649890591	0.00415858053784308	0.00652248541023	0.0070482097547223
310	0.00726010101010101	NA	0.00439390023261825	0.00538599640933573	0.00858895705521472	0.0053747387279785	0.0117416829745597	0.0063441712926249	0.00655021834061135	0.00557568999163646	0.00726010101010101	NA	0.00439390023261825	0.00538599640933573	0.00858895705521472	0.0053747387279785	0.0117416829745597	0.0063441712926249	0.00655021834061135	0.00557568999163646
315	0.00610169491525424	NA	0.00612244897959184	0.00749918487120965	0.011455525606469	0.00489596083231334	0.0116788321167883	0.00687022900763359	0.0079696394686907	0.00551571980143409	0.00610169491525424	NA	0.00612244897959184	0.00749918487120965	0.011455525606469	0.00489596083231334	0.0116788321167883	0.00687022900763359	0.0079696394686907	0.00551571980143409
320	0.00684931506849315	NA	0.00640861317610869	0.00662713637949076	0.0104868913857678	0.00739312118289939	0.0137651821862348	0.00634920634920635	0.00698151950718686	0.00532511210762332	0.00684931506849315	NA	0.00640861317610869	0.00662713637949076	0.0104868913857678	0.00739312118289939	0.0137651821862348	0.00634920634920635	0.00698151950718686	0.00532511210762332
325	0.00562587904360056	NA	0.00606220347917765	0.00753863550697324	0.0138528138528139	0.00669120107059217	0.0135265700483092	0.00469924812030075	0.00787037037037037	0.0065554231227652	0.00562587904360056	NA	0.00606220347917765	0.00753863550697324	0.0138528138528139	0.00669120107059217	0.0135265700483092	0.00469924812030075	0.00787037037037037	0.0065554231227652
330	0.00626843657817109	NA	0.00513698630136986	0.00772043884599756	0.01417004048583	0.00756756756756757	0.0159118727050184	0.0062200956937799	0.0107197549770291	0.00642398286937901	0.00626843657817109	NA	0.00513698630136986	0.00772043884599756	0.01417004048583	0.00756756756756757	0.0159118727050184	0.0062200956937799	0.0107197549770291	0.00642398286937901
335	0.00941915227629513	NA	0.00746937556020317	0.00878409616273694	0.0132850241545894	0.00679184978026368	0.0240384615384615	0.00472872075659532	0.0096921322690992	0.008	0.00941915227629513	NA	0.00746937556020317	0.00878409616273694	0.0132850241545894	0.00679184978026368	0.0240384615384615	0.00472872075659532	0.0096921322690992	0.008
340	0.00935499753815854	NA	0.00736648250460405	0.0075642965204236	0.019047619047619	0.00766283524904215	0.0217755443886097	0.00587934560327198	0.0116204002582311	0.00693481276005548	0.00935499753815854	NA	0.00736648250460405	0.0075642965204236	0.019047619047619	0.00766283524904215	0.0217755443886097	0.00587934560327198	0.0116204002582311	0.00693481276005548
345	0.0107648725212465	NA	0.00742414460942544	0.0127737226277372	0.0208333333333333	0.0118315191670611	0.0268336314847943	0.00493634710314367	0.0122478386167147	0.00525722868944799	0.0107648725212465	NA	0.00742414460942544	0.0127737226277372	0.0208333333333333	0.0118315191670611	0.0268336314847943	0.00493634710314367	0.0122478386167147	0.00525722868944799
350	0.0115332428765265	NA	0.0128986026513794	0.0134751773049645	0.0245614035087719	0.0108247422680412	0.034608378870674	0.00572767508461338	0.0136436597110754	0.00770478507704785	0.0115332428765265	NA	0.0128986026513794	0.0134751773049645	0.0245614035087719	0.0108247422680412	0.034608378870674	0.00572767508461338	0.0136436597110754	0.00770478507704785
355	0.0171606864274571	NA	0.00662768031189084	0.0111492281303602	0.0248447204968944	0.00983227299016773	0.0281995661605206	0.00727883538633819	0.0127388535031847	0.00859106529209622	0.0171606864274571	NA	0.00662768031189084	0.0111492281303602	0.0248447204968944	0.00983227299016773	0.0281995661605206	0.00727883538633819	0.0127388535031847	0.00859106529209622
360	0.011144883485309	NA	0.00974745237040319	0.0130597014925373	0.0294840294840295	0.012624584717608	0.0335917312661499	0.0050385299347955	0.0129310344827586	0.0087036188731104	0.011144883485309	NA	0.00974745237040319	0.0130597014925373	0.0294840294840295	0.012624584717608	0.0335917312661499	0.0050385299347955	0.0129310344827586	0.0087036188731104
365	0.0219512195121951	NA	0.0129372304743651	0.0186721991701245	0.0333333333333333	0.0156482861400894	0.0308641975308642	0.00651769087523277	0.0166666666666667	0.0101729399796541	0.0219512195121951	NA	0.0129372304743651	0.0186721991701245	0.0333333333333333	0.0156482861400894	0.0308641975308642	0.00651769087523277	0.0166666666666667	0.0101729399796541
370	0.0188679245283019	NA	0.0143008474576271	0.0175029171528588	0.0343642611683849	0.0142348754448399	0.0505415162454874	0.00661099512874043	0.0233236151603499	0.0135869565217391	0.0188679245283019	NA	0.0143008474576271	0.0175029171528588	0.0343642611683849	0.0142348754448399	0.0505415162454874	0.00661099512874043	0.0233236151603499	0.0135869565217391
375	0.0287769784172662	NA	0.011454753722795	0.0227963525835866	0.0549450549450549	0.0209545983701979	0.0547945205479452	0.008203125	0.0235081374321881	0.0103425985778927	0.0287769784172662	NA	0.011454753722795	0.0227963525835866	0.0549450549450549	0.0209545983701979	0.0547945205479452	0.008203125	0.0235081374321881	0.0103425985778927
380	0.0233050847457627	NA	0.0117340286831812	0.0300187617260788	0.0576923076923077	0.016551724137931	0.0488888888888889	0.00911854103343465	0.0247422680412371	0.0112023898431665	0.0233050847457627	NA	0.0117340286831812	0.0300187617260788	0.0576923076923077	0.016551724137931	0.0488888888888889	0.00911854103343465	0.0247422680412371	0.0112023898431665
385	0.0330788804071247	NA	0.0105857445306987	0.0224719101123595	0.0511811023622047	0.024024024024024	0.0600858369098712	0.0067600193143409	0.0351288056206089	0.0177966101694915	0.0330788804071247	NA	0.0105857445306987	0.0224719101123595	0.0511811023622047	0.024024024024024	0.0600858369098712	0.0067600193143409	0.0351288056206089	0.0177966101694915
390	0.0453333333333333	NA	0.0125448028673835	0.0473815461346633	0.0473684210526316	0.0168918918918919	0.0460829493087558	0.0117767537122376	0.0256410256410256	0.0150093808630394	0.0453333333333333	NA	0.0125448028673835	0.0473815461346633	0.0473684210526316	0.0168918918918919	0.0460829493087558	0.0117767537122376	0.0256410256410256	0.0150093808630394
395	0.0463576158940397	NA	0.0115062761506276	0.041343669250646	0.092485549132948	0.0212765957446809	0.0714285714285714	0.0121412803532009	0.0408719346049046	0.0155728587319244	0.0463576158940397	NA	0.0115062761506276	0.041343669250646	0.092485549132948	0.0212765957446809	0.0714285714285714	0.0121412803532009	0.0408719346049046	0.0155728587319244
400	0.0722433460076046	NA	0.0199778024417314	0.0202020202020202	0.0774193548387097	0.027906976744186	0.0764331210191083	0.0103975535168196	0.0541516245487365	0.0175658720200753	0.0722433460076046	NA	0.0199778024417314	0.0202020202020202	0.0774193548387097	0.027906976744186	0.0764331210191083	0.0103975535168196	0.0541516245487365	0.0175658720200753
405	0.0523809523809524	NA	0.0181818181818182	0.0429447852760736	0.0845070422535211	0.0293255131964809	0.110429447852761	0.0100143061516452	0.092511013215859	0.0197568389057751	0.0523809523809524	NA	0.0181818181818182	0.0429447852760736	0.0845070422535211	0.0293255131964809	0.110429447852761	0.0100143061516452	0.092511013215859	0.0197568389057751
410	0.0698924731182796	NA	0.0220588235294118	0.0444444444444444	0.1015625	0.044	0.0952380952380952	0.0129310344827586	0.0536585365853659	0.0210355987055016	0.0698924731182796	NA	0.0220588235294118	0.0444444444444444	0.1015625	0.044	0.0952380952380952	0.0129310344827586	0.0536585365853659	0.0210355987055016
415	0.0555555555555556	NA	0.0218181818181818	0.0530612244897959	0.0652173913043478	0.0497512437810945	0.0672268907563025	0.0155925155925156	0.0652173913043478	0.0261682242990654	0.0555555555555556	NA	0.0218181818181818	0.0530612244897959	0.0652173913043478	0.0497512437810945	0.0672268907563025	0.0155925155925156	0.0652173913043478	0.0261682242990654
420	0.053030303030303	NA	0.0267260579064588	0.0574162679425837	0.0900900900900901	0.0489130434782609	0.0707964601769911	0.0156657963446475	0.0526315789473684	0.0384615384615385	0.053030303030303	NA	0.0267260579064588	0.0574162679425837	0.0900900900900901	0.0489130434782609	0.0707964601769911	0.0156657963446475	0.0526315789473684	0.0384615384615385
425	0.0806451612903226	NA	0.0336787564766839	0.092896174863388	0.0824742268041237	0.050314465408805	0.0786516853932584	0.0243553008595989	0.079646017699115	0.0317073170731707	0.0806451612903226	NA	0.0336787564766839	0.092896174863388	0.0824742268041237	0.050314465408805	0.0786516853932584	0.0243553008595989	0.079646017699115	0.0317073170731707
430	0.0593220338983051	NA	0.0515759312320917	0.0769230769230769	0.0769230769230769	0.0652173913043478	0.1	0.0328947368421053	0.0909090909090909	0.0345911949685535	0.0593220338983051	NA	0.0515759312320917	0.0769230769230769	0.0769230769230769	0.0652173913043478	0.1	0.0328947368421053	0.0909090909090909	0.0345911949685535
435	0.08	NA	0.0362116991643454	0.0858895705521472	0.1	0.0854700854700855	0.176470588235294	0.0200803212851406	0.072	0.047008547008547	0.08	NA	0.0362116991643454	0.0858895705521472	0.1	0.0854700854700855	0.176470588235294	0.0200803212851406	0.072	0.047008547008547
440	0.162790697674419	NA	0.044	0.148514851485149	0.129032258064516	0.10126582278481	0.162790697674419	0.0256410256410256	0.11340206185567	0.046875	0.162790697674419	NA	0.044	0.148514851485149	0.129032258064516	0.10126582278481	0.162790697674419	0.0256410256410256	0.11340206185567	0.046875
445	0.162790697674419	NA	0.0542986425339367	0.132530120481928	0.0943396226415094	0.142857142857143	0.25	0.0341463414634146	0.127659574468085	0.0603015075376884	0.162790697674419	NA	0.0542986425339367	0.132530120481928	0.0943396226415094	0.142857142857143	0.25	0.0341463414634146	0.127659574468085	0.0603015075376884
450	0.151515151515152	NA	0.0555555555555556	0.140625	0.3	0.108695652173913	0.5	0.0339943342776204	0.0657894736842105	0.064327485380117	0.151515151515152	NA	0.0555555555555556	0.140625	0.3	0.108695652173913	0.5	0.0339943342776204	0.0657894736842105	0.064327485380117
455	0.185185185185185	NA	0.0459770114942529	0.134615384615385	0.294117647058824	0.15625	NA	0.0454545454545455	0.122448979591837	0.0675675675675676	0.185185185185185	NA	0.0459770114942529	0.134615384615385	0.294117647058824	0.15625	NA	0.0454545454545455	0.122448979591837	0.0675675675675676
460	0.32	NA	0.134146341463415	0.145833333333333	0.189655172413793	0.163265306122449	NA	0.0363636363636364	0.176470588235294	0.115942028985507	0.32	NA	0.134146341463415	0.145833333333333	0.189655172413793	0.163265306122449	NA	0.0363636363636364	0.176470588235294	0.115942028985507
465	0.3	NA	0.075	0.147058823529412	0.189189189189189	0.217391304347826	NA	0.0546875	0.183673469387755	0.152	0.3	NA	0.075	0.147058823529412	0.189189189189189	0.217391304347826	NA	0.0546875	0.183673469387755	0.152
470	0.34375	NA	0.0917431192660551	0.3	0.194444444444444	0.25	NA	0.0464135021097046	0.127659574468085	0.172043010752688	0.34375	NA	0.0917431192660551	0.3	0.194444444444444	0.25	NA	0.0464135021097046	0.127659574468085	0.172043010752688
475	0.1875	NA	0.0823529411764706	0.684210526315789	0.315789473684211	0.173913043478261	NA	0.0543478260869565	0.3125	0.087719298245614	0.1875	NA	0.0823529411764706	0.684210526315789	0.315789473684211	0.173913043478261	NA	0.0543478260869565	0.3125	0.087719298245614
480	0.263157894736842	NA	0.23943661971831	0.333333333333333	0.4	0.272727272727273	NA	0.0647058823529412	0.181818181818182	0.166666666666667	0.263157894736842	NA	0.23943661971831	0.333333333333333	0.4	0.272727272727273	NA	0.0647058823529412	0.181818181818182	0.166666666666667
485	0.193548387096774	NA	0.185185185185185	0.375	0.363636363636364	0.5	NA	0.0878378378378378	0.225	0.434782608695652	0.193548387096774	NA	0.185185185185185	0.375	0.363636363636364	0.5	NA	0.0878378378378378	0.225	0.434782608695652
490	0.347826086956522	NA	0.181818181818182	0.761904761904762	0.454545454545455	0.222222222222222	NA	0.0714285714285714	0.225806451612903	0.260869565217391	0.347826086956522	NA	0.181818181818182	0.761904761904762	0.454545454545455	0.222222222222222	NA	0.0714285714285714	0.225806451612903	0.260869565217391
495	0.25	NA	0.183673469387755	0.3	0.583333333333333	0.235294117647059	NA	0.0731707317073171	0.32	0.375	0.25	NA	0.183673469387755	0.3	0.583333333333333	0.235294117647059	NA	0.0731707317073171	0.32	0.375
500	0.428571428571429	NA	0.176470588235294	0.636363636363636	0.476190476190476	0.266666666666667	NA	0.111940298507463	0.259259259259259	0.75	0.428571428571429	NA	0.176470588235294	0.636363636363636	0.476190476190476	0.266666666666667	NA	0.111940298507463	0.259259259259259	0.75
505	0.25	NA	0.111111111111111	0.428571428571429	0.206896551724138	0.578947368421053	NA	0.136842105263158	0.263157894736842	0.666666666666667	0.25	NA	0.111111111111111	0.428571428571429	0.206896551724138	0.578947368421053	NA	0.136842105263158	0.263157894736842	0.666666666666667
510	0.3125	NA	0.210526315789474	1	0.205882352941176	0.272727272727273	NA	0.102941176470588	0.225806451612903	NA	0.3125	NA	0.210526315789474	1	0.205882352941176	0.272727272727273	NA	0.102941176470588	0.225806451612903	NA
515	0.157894736842105	NA	0.181818181818182	1	0.228571428571429	0.5	NA	0.155555555555556	0.277777777777778	NA	0.157894736842105	NA	0.181818181818182	1	0.228571428571429	0.5	NA	0.155555555555556	0.277777777777778	NA
520	0.216216216216216	NA	0.243243243243243	NA	0.170731707317073	0.666666666666667	NA	0.15	0.294117647058824	NA	0.216216216216216	NA	0.243243243243243	NA	0.170731707317073	0.666666666666667	NA	0.15	0.294117647058824	NA
525	0.333333333333333	NA	0.257142857142857	NA	0.2	NA	NA	0.2	0.333333333333333	NA	0.333333333333333	NA	0.257142857142857	NA	0.2	NA	NA	0.2	0.333333333333333	NA
530	0.222222222222222	NA	0.1875	NA	0.315789473684211	NA	NA	0.305555555555556	0.4	NA	0.222222222222222	NA	0.1875	NA	0.315789473684211	NA	NA	0.305555555555556	0.4	NA
535	0.222222222222222	NA	0.15625	NA	0.363636363636364	NA	NA	0.208333333333333	0.8	NA	0.222222222222222	NA	0.15625	NA	0.363636363636364	NA	NA	0.208333333333333	0.8	NA
540	0.259259259259259	NA	0.304347826086957	NA	0.428571428571429	NA	NA	0.217391304347826	0.5	NA	0.259259259259259	NA	0.304347826086957	NA	0.428571428571429	NA	NA	0.217391304347826	0.5	NA
545	0.260869565217391	NA	0.266666666666667	NA	0.185185185185185	NA	NA	0.30952380952381	1	NA	0.260869565217391	NA	0.266666666666667	NA	0.185185185185185	NA	NA	0.30952380952381	1	NA
550	0.235294117647059	NA	0.307692307692308	NA	0.266666666666667	NA	NA	0.241379310344828	1	NA	0.235294117647059	NA	0.307692307692308	NA	0.266666666666667	NA	NA	0.241379310344828	1	NA
555	0.5	NA	0.333333333333333	NA	0.526315789473684	NA	NA	0.236842105263158	1	NA	0.5	NA	0.333333333333333	NA	0.526315789473684	NA	NA	0.236842105263158	1	NA
560	0.533333333333333	NA	0.4	NA	0.307692307692308	NA	NA	0.311111111111111	NA	NA	0.533333333333333	NA	0.4	NA	0.307692307692308	NA	NA	0.311111111111111	NA	NA
565	0.470588235294118	NA	0.454545454545455	NA	0.5	NA	NA	0.3125	NA	NA	0.470588235294118	NA	0.454545454545455	NA	0.5	NA	NA	0.3125	NA	NA
570	0.428571428571429	NA	0.5	NA	0.6	NA	NA	0.210526315789474	NA	NA	0.428571428571429	NA	0.5	NA	0.6	NA	NA	0.210526315789474	NA	NA
575	0.307692307692308	NA	1	NA	0.714285714285714	NA	NA	0.4	NA	NA	0.307692307692308	NA	1	NA	0.714285714285714	NA	NA	0.4	NA	NA
580	0.212121212121212	NA	0.4	NA	0.888888888888889	NA	NA	1	NA	NA	0.212121212121212	NA	0.4	NA	0.888888888888889	NA	NA	1	NA	NA
585	0.368421052631579	NA	0.428571428571429	NA	0.636363636363636	NA	NA	1	NA	NA	0.368421052631579	NA	0.428571428571429	NA	0.636363636363636	NA	NA	1	NA	NA
590	0.352941176470588	NA	1	NA	0.4375	NA	NA	1	NA	NA	0.352941176470588	NA	1	NA	0.4375	NA	NA	1	NA	NA
595	0.4	NA	0.571428571428571	NA	0.333333333333333	NA	NA	0.666666666666667	NA	NA	0.4	NA	0.571428571428571	NA	0.333333333333333	NA	NA	0.666666666666667	NA	NA
600	0.857142857142857	NA	0.333333333333333	NA	0.2	NA	NA	NA	NA	NA	0.857142857142857	NA	0.333333333333333	NA	0.2	NA	NA	NA	NA	NA
605	0.8	NA	0.571428571428571	NA	0.583333333333333	NA	NA	NA	NA	NA	0.8	NA	0.571428571428571	NA	0.583333333333333	NA	NA	NA	NA	NA
610	1	NA	0.5	NA	0.666666666666667	NA	NA	NA	NA	NA	1	NA	0.5	NA	0.666666666666667	NA	NA	NA	NA	NA
615	NA	NA	0.571428571428571	NA	0.5	NA	NA	NA	NA	NA	NA	NA	0.571428571428571	NA	0.5	NA	NA	NA	NA	NA
620	NA	NA	1	NA	1	NA	NA	NA	NA	NA	NA	NA	1	NA	1	NA	NA	NA	NA	NA
625	NA	NA	0.75	NA	NA	NA	NA	NA	NA	NA	NA	NA	0.75	NA	NA	NA	NA	NA	NA	NA
630	NA	NA	1	NA	NA	NA	NA	NA	NA	NA	NA	NA	1	NA	NA	NA	NA	NA	NA	NA
635	NA	NA	0.444444444444444	NA	NA	NA	NA	NA	NA	NA	NA	NA	0.444444444444444	NA	NA	NA	NA	NA	NA	NA
640	NA	NA	1	NA	NA	NA	NA	NA	NA	NA	NA	NA	1	NA	NA	NA	NA	NA	NA	NA
