0	1	1	1	1	1	1	1	1	1	1	1	1	1	1	1	1	1	1	1	1
5	1	1	1	0.5	0.666666666666667	1	0.5	1	0.666666666666667	1	1	1	1	0.5	0.666666666666667	1	0.5	1	0.666666666666667	1
10	0.5	0.5	1	0.5	1	1	0.625	1	0.7	0.4	0.5	0.5	1	0.5	1	1	0.625	1	0.7	0.4
15	0.5	0.454545454545455	0.333333333333333	0.368421052631579	0.5	0.75	0.5	0.375	0.6	0.5	0.5	0.454545454545455	0.333333333333333	0.368421052631579	0.5	0.75	0.5	0.375	0.6	0.5
20	0.333333333333333	0.5	0.285714285714286	0.333333333333333	1	0.642857142857143	0.5625	0.666666666666667	0.5	0.555555555555556	0.333333333333333	0.5	0.285714285714286	0.333333333333333	1	0.642857142857143	0.5625	0.666666666666667	0.5	0.555555555555556
25	0.692307692307692	0.380952380952381	0.142857142857143	0.210526315789474	0.8	0.652173913043478	0.318181818181818	0.5	0.454545454545455	0.333333333333333	0.692307692307692	0.380952380952381	0.142857142857143	0.210526315789474	0.8	0.652173913043478	0.318181818181818	0.5	0.454545454545455	0.333333333333333
30	0.421052631578947	0.486486486486487	0.2	0.25	0.555555555555556	0.454545454545455	0.222222222222222	0.857142857142857	0.3	0.294117647058824	0.421052631578947	0.486486486486487	0.2	0.25	0.555555555555556	0.454545454545455	0.222222222222222	0.857142857142857	0.3	0.294117647058824
35	0.4	0.2	0.5	0.2	0.4	0.3	0.5	0.8	0.321428571428571	0.476190476190476	0.4	0.2	0.5	0.2	0.4	0.3	0.5	0.8	0.321428571428571	0.476190476190476
40	0.5	0.152173913043478	0.260869565217391	0.195652173913043	0.375	0.5	1	0.75	0.21875	0.205128205128205	0.5	0.152173913043478	0.260869565217391	0.195652173913043	0.375	0.5	1	0.75	0.21875	0.205128205128205
45	0.333333333333333	0.186046511627907	0.208333333333333	0.161290322580645	0.2	0.307692307692308	0.5	0.555555555555556	0.363636363636364	0.297297297297297	0.333333333333333	0.186046511627907	0.208333333333333	0.161290322580645	0.2	0.307692307692308	0.5	0.555555555555556	0.363636363636364	0.297297297297297
50	0.4	0.222222222222222	0.357142857142857	0.363636363636364	0.333333333333333	0.285714285714286	1	0.384615384615385	0.368421052631579	0.209302325581395	0.4	0.222222222222222	0.357142857142857	0.363636363636364	0.333333333333333	0.285714285714286	1	0.384615384615385	0.368421052631579	0.209302325581395
55	0.4	0.290322580645161	0.363636363636364	0.214285714285714	0.357142857142857	0.6	0.875	0.3	0.416666666666667	0.163265306122449	0.4	0.290322580645161	0.363636363636364	0.214285714285714	0.357142857142857	0.6	0.875	0.3	0.416666666666667	0.163265306122449
60	0.454545454545455	0.28125	0.216216216216216	0.333333333333333	0.583333333333333	0.6	0.4	0.666666666666667	0.444444444444444	0.155555555555556	0.454545454545455	0.28125	0.216216216216216	0.333333333333333	0.583333333333333	0.6	0.4	0.666666666666667	0.444444444444444	0.155555555555556
65	0.578947368421053	0.285714285714286	0.192307692307692	0.454545454545455	0.258064516129032	0.375	1	0.571428571428571	0.333333333333333	0.203125	0.578947368421053	0.285714285714286	0.192307692307692	0.454545454545455	0.258064516129032	0.375	1	0.571428571428571	0.333333333333333	0.203125
70	0.217391304347826	0.210526315789474	0.297297297297297	0.363636363636364	0.451612903225806	0.2	1	0.5	0.857142857142857	0.132075471698113	0.217391304347826	0.210526315789474	0.297297297297297	0.363636363636364	0.451612903225806	0.2	1	0.5	0.857142857142857	0.132075471698113
75	0.121212121212121	0.19047619047619	0.193548387096774	0.45	0.368421052631579	0.666666666666667	1	0.4	0.363636363636364	0.25	0.121212121212121	0.19047619047619	0.193548387096774	0.45	0.368421052631579	0.666666666666667	1	0.4	0.363636363636364	0.25
80	0.166666666666667	0.324324324324324	0.105263157894737	0.392857142857143	0.571428571428571	1	0.857142857142857	0.769230769230769	0.375	0.192307692307692	0.166666666666667	0.324324324324324	0.105263157894737	0.392857142857143	0.571428571428571	1	0.857142857142857	0.769230769230769	0.375	0.192307692307692
85	0.214285714285714	0.2	0.25	0.352941176470588	0.333333333333333	1	0.5	0.444444444444444	0.647058823529412	0.132075471698113	0.214285714285714	0.2	0.25	0.352941176470588	0.333333333333333	1	0.5	0.444444444444444	0.647058823529412	0.132075471698113
90	0.217391304347826	0.2	0.229166666666667	0.205128205128205	0.8	NA	0.6	0.666666666666667	0.285714285714286	0.147540983606557	0.217391304347826	0.2	0.229166666666667	0.205128205128205	0.8	NA	0.6	0.666666666666667	0.285714285714286	0.147540983606557
95	0.388888888888889	0.117647058823529	0.229166666666667	0.222222222222222	NA	NA	0.333333333333333	0.833333333333333	0.933333333333333	0.170212765957447	0.388888888888889	0.117647058823529	0.229166666666667	0.222222222222222	NA	NA	0.333333333333333	0.833333333333333	0.933333333333333	0.170212765957447
100	0.25	0.172413793103448	0.205128205128205	0.387755102040816	NA	NA	0.368421052631579	0.473684210526316	0.416666666666667	0.154929577464789	0.25	0.172413793103448	0.205128205128205	0.387755102040816	NA	NA	0.368421052631579	0.473684210526316	0.416666666666667	0.154929577464789
105	0.314285714285714	0.113636363636364	0.112676056338028	0.148148148148148	NA	NA	0.375	0.4375	0.5	0.10752688172043	0.314285714285714	0.113636363636364	0.112676056338028	0.148148148148148	NA	NA	0.375	0.4375	0.5	0.10752688172043
110	0.243243243243243	0.15	0.142857142857143	0.225	NA	NA	0.421052631578947	0.291666666666667	0.666666666666667	0.08	0.243243243243243	0.15	0.142857142857143	0.225	NA	NA	0.421052631578947	0.291666666666667	0.666666666666667	0.08
115	0.208333333333333	0.120481927710843	0.0714285714285714	0.127906976744186	NA	NA	0.428571428571429	0.304347826086957	1	0.0859375	0.208333333333333	0.120481927710843	0.0714285714285714	0.127906976744186	NA	NA	0.428571428571429	0.304347826086957	1	0.0859375
120	0.157894736842105	0.136842105263158	0.104166666666667	0.128712871287129	NA	NA	0.5	0.318181818181818	1	0.0846153846153846	0.157894736842105	0.136842105263158	0.104166666666667	0.128712871287129	NA	NA	0.5	0.318181818181818	1	0.0846153846153846
125	0.37037037037037	0.108527131782946	0.125	0.122222222222222	NA	NA	NA	0.291666666666667	0.75	0.111888111888112	0.37037037037037	0.108527131782946	0.125	0.122222222222222	NA	NA	NA	0.291666666666667	0.75	0.111888111888112
130	0.21875	0.0733333333333333	0.0686274509803922	0.102272727272727	NA	NA	NA	0.285714285714286	0.857142857142857	0.0608695652173913	0.21875	0.0733333333333333	0.0686274509803922	0.102272727272727	NA	NA	NA	0.285714285714286	0.857142857142857	0.0608695652173913
135	0.2	0.0755813953488372	0.0737704918032787	0.162790697674419	NA	NA	NA	0.272727272727273	0.5	0.0980392156862745	0.2	0.0755813953488372	0.0737704918032787	0.162790697674419	NA	NA	NA	0.272727272727273	0.5	0.0980392156862745
140	0.176470588235294	0.0710382513661202	0.0884353741496599	0.0918367346938776	NA	NA	NA	0.4	0.75	0.0683760683760684	0.176470588235294	0.0710382513661202	0.0884353741496599	0.0918367346938776	NA	NA	NA	0.4	0.75	0.0683760683760684
145	0.173076923076923	0.0714285714285714	0.0758620689655172	0.114285714285714	NA	NA	NA	0.185185185185185	0.473684210526316	0.079136690647482	0.173076923076923	0.0714285714285714	0.0758620689655172	0.114285714285714	NA	NA	NA	0.185185185185185	0.473684210526316	0.079136690647482
150	0.289473684210526	0.052434456928839	0.064	0.140939597315436	NA	NA	NA	0.212121212121212	0.4	0.121428571428571	0.289473684210526	0.052434456928839	0.064	0.140939597315436	NA	NA	NA	0.212121212121212	0.4	0.121428571428571
155	0.192307692307692	0.0391459074733096	0.0887096774193548	0.0625	NA	NA	NA	0.277777777777778	0.333333333333333	0.0529801324503311	0.192307692307692	0.0391459074733096	0.0887096774193548	0.0625	NA	NA	NA	0.277777777777778	0.333333333333333	0.0529801324503311
160	0.214285714285714	0.0563380281690141	0.0818181818181818	0.0896551724137931	NA	NA	NA	0.260869565217391	0.307692307692308	0.0807453416149068	0.214285714285714	0.0563380281690141	0.0818181818181818	0.0896551724137931	NA	NA	NA	0.260869565217391	0.307692307692308	0.0807453416149068
165	0.212765957446809	0.03515625	0.0785714285714286	0.0728476821192053	NA	NA	NA	0.2	0.5	0.0588235294117647	0.212765957446809	0.03515625	0.0785714285714286	0.0728476821192053	NA	NA	NA	0.2	0.5	0.0588235294117647
170	0.2	0.0570342205323194	0.0548780487804878	0.054421768707483	NA	NA	NA	0.214285714285714	0.4	0.0685714285714286	0.2	0.0570342205323194	0.0548780487804878	0.054421768707483	NA	NA	NA	0.214285714285714	0.4	0.0685714285714286
175	0.226415094339623	0.0460992907801418	0.045045045045045	0.1	NA	NA	NA	0.185185185185185	0.777777777777778	0.0581395348837209	0.226415094339623	0.0460992907801418	0.045045045045045	0.1	NA	NA	NA	0.185185185185185	0.777777777777778	0.0581395348837209
180	0.102040816326531	0.033003300330033	0.0454545454545455	0.0526315789473684	NA	NA	NA	0.114754098360656	0.428571428571429	0.0486486486486487	0.102040816326531	0.033003300330033	0.0454545454545455	0.0526315789473684	NA	NA	NA	0.114754098360656	0.428571428571429	0.0486486486486487
185	0.166666666666667	0.0403726708074534	0.044280442804428	0.053921568627451	NA	NA	NA	0.0961538461538462	0.6	0.0604395604395604	0.166666666666667	0.0403726708074534	0.044280442804428	0.053921568627451	NA	NA	NA	0.0961538461538462	0.6	0.0604395604395604
190	0.0853658536585366	0.0333333333333333	0.0377358490566038	0.0484581497797357	NA	NA	NA	0.0975609756097561	1	0.0478723404255319	0.0853658536585366	0.0333333333333333	0.0377358490566038	0.0484581497797357	NA	NA	NA	0.0975609756097561	1	0.0478723404255319
195	0.078740157480315	0.0346820809248555	0.0352941176470588	0.0683760683760684	NA	NA	NA	0.132075471698113	1	0.0495049504950495	0.078740157480315	0.0346820809248555	0.0352941176470588	0.0683760683760684	NA	NA	NA	0.132075471698113	1	0.0495049504950495
200	0.0984848484848485	0.0385674931129477	0.0439024390243902	0.0505836575875486	NA	NA	NA	0.1	1	0.0630630630630631	0.0984848484848485	0.0385674931129477	0.0439024390243902	0.0505836575875486	NA	NA	NA	0.1	1	0.0630630630630631
205	0.0785714285714286	0.0341463414634146	0.04	0.0490566037735849	NA	NA	NA	0.148648648648649	1	0.0429184549356223	0.0785714285714286	0.0341463414634146	0.04	0.0490566037735849	NA	NA	NA	0.148648648648649	1	0.0429184549356223
210	0.0864197530864197	0.0271604938271605	0.0328767123287671	0.0496894409937888	NA	NA	NA	0.138461538461538	0.666666666666667	0.0454545454545455	0.0864197530864197	0.0271604938271605	0.0328767123287671	0.0496894409937888	NA	NA	NA	0.138461538461538	0.666666666666667	0.0454545454545455
215	0.0578034682080925	0.0306406685236769	0.0272277227722772	0.0386740331491713	NA	NA	NA	0.173913043478261	NA	0.0396341463414634	0.0578034682080925	0.0306406685236769	0.0272277227722772	0.0386740331491713	NA	NA	NA	0.173913043478261	NA	0.0396341463414634
220	0.0656565656565657	0.024330900243309	0.036117381489842	0.0284090909090909	NA	NA	NA	0.194029850746269	NA	0.0280373831775701	0.0656565656565657	0.024330900243309	0.036117381489842	0.0284090909090909	NA	NA	NA	0.194029850746269	NA	0.0280373831775701
225	0.063953488372093	0.0246913580246914	0.0304259634888438	0.0335365853658537	NA	NA	NA	0.126436781609195	NA	0.0306748466257669	0.063953488372093	0.0246913580246914	0.0304259634888438	0.0335365853658537	NA	NA	NA	0.126436781609195	NA	0.0306748466257669
230	0.0963855421686747	0.0266429840142096	0.0371900826446281	0.0430379746835443	NA	NA	NA	0.247058823529412	NA	0.0402298850574713	0.0963855421686747	0.0266429840142096	0.0371900826446281	0.0430379746835443	NA	NA	NA	0.247058823529412	NA	0.0402298850574713
235	0.0459770114942529	0.0190972222222222	0.0227272727272727	0.0259433962264151	NA	NA	NA	0.0961538461538462	NA	0.0351351351351351	0.0459770114942529	0.0190972222222222	0.0227272727272727	0.0259433962264151	NA	NA	NA	0.0961538461538462	NA	0.0351351351351351
240	0.05	0.0198198198198198	0.0263157894736842	0.0364963503649635	NA	NA	NA	0.0720720720720721	NA	0.0359897172236504	0.05	0.0198198198198198	0.0263157894736842	0.0364963503649635	NA	NA	NA	0.0720720720720721	NA	0.0359897172236504
245	0.0612244897959184	0.0183028286189684	0.0215827338129496	0.0476190476190476	NA	NA	NA	0.0884955752212389	NA	0.0510204081632653	0.0612244897959184	0.0183028286189684	0.0215827338129496	0.0476190476190476	NA	NA	NA	0.0884955752212389	NA	0.0510204081632653
250	0.0718562874251497	0.0223463687150838	0.0252252252252252	0.0280561122244489	NA	NA	NA	0.0894308943089431	NA	0.0275862068965517	0.0718562874251497	0.0223463687150838	0.0252252252252252	0.0280561122244489	NA	NA	NA	0.0894308943089431	NA	0.0275862068965517
255	0.0460829493087558	0.0153631284916201	0.0246710526315789	0.0286225402504472	NA	NA	NA	0.0909090909090909	NA	0.0253164556962025	0.0460829493087558	0.0153631284916201	0.0246710526315789	0.0286225402504472	NA	NA	NA	0.0909090909090909	NA	0.0253164556962025
260	0.0474308300395257	0.0177890724269377	0.0233722871452421	0.0217028380634391	NA	NA	NA	0.105691056910569	NA	0.0388768898488121	0.0474308300395257	0.0177890724269377	0.0233722871452421	0.0217028380634391	NA	NA	NA	0.105691056910569	NA	0.0388768898488121
265	0.06	0.0189125295508274	0.0353302611367127	0.0166919575113809	NA	NA	NA	0.0866666666666667	NA	0.0232558139534884	0.06	0.0189125295508274	0.0353302611367127	0.0166919575113809	NA	NA	NA	0.0866666666666667	NA	0.0232558139534884
270	0.0454545454545455	0.0133196721311475	0.0283582089552239	0.0219941348973607	NA	NA	NA	0.0561224489795918	NA	0.0281954887218045	0.0454545454545455	0.0133196721311475	0.0283582089552239	0.0219941348973607	NA	NA	NA	0.0561224489795918	NA	0.0281954887218045
275	0.0635451505016722	0.0261627906976744	0.0243243243243243	0.0170015455950541	NA	NA	NA	0.053475935828877	NA	0.0285171102661597	0.0635451505016722	0.0261627906976744	0.0243243243243243	0.0170015455950541	NA	NA	NA	0.053475935828877	NA	0.0285171102661597
280	0.0367892976588629	0.0148148148148148	0.0228802153432032	0.0145985401459854	NA	NA	NA	0.058252427184466	NA	0.0245283018867925	0.0367892976588629	0.0148148148148148	0.0228802153432032	0.0145985401459854	NA	NA	NA	0.058252427184466	NA	0.0245283018867925
285	0.0441176470588235	0.0262172284644195	0.0212765957446809	0.0160349854227405	NA	NA	NA	0.0502092050209205	NA	0.0241187384044527	0.0441176470588235	0.0262172284644195	0.0212765957446809	0.0160349854227405	NA	NA	NA	0.0502092050209205	NA	0.0241187384044527
290	0.0371428571428571	0.0179414542020774	0.0186170212765957	0.0222513089005236	NA	NA	NA	0.0467625899280576	NA	0.0250836120401338	0.0371428571428571	0.0179414542020774	0.0186170212765957	0.0222513089005236	NA	NA	NA	0.0467625899280576	NA	0.0250836120401338
295	0.0345679012345679	0.0121608980355472	0.0205920205920206	0.0183727034120735	NA	NA	NA	0.0664335664335664	NA	0.0212071778140294	0.0345679012345679	0.0121608980355472	0.0205920205920206	0.0183727034120735	NA	NA	NA	0.0664335664335664	NA	0.0212071778140294
300	0.0340632603406326	0.0161290322580645	0.018796992481203	0.0190114068441065	NA	NA	NA	0.0528455284552846	NA	0.0158959537572254	0.0340632603406326	0.0161290322580645	0.018796992481203	0.0190114068441065	NA	NA	NA	0.0528455284552846	NA	0.0158959537572254
305	0.0261904761904762	0.0249569707401033	0.0188457008244994	0.0157384987893462	NA	NA	NA	0.041044776119403	NA	0.0147849462365591	0.0261904761904762	0.0249569707401033	0.0188457008244994	0.0157384987893462	NA	NA	NA	0.041044776119403	NA	0.0147849462365591
310	0.0292275574112735	0.0128314798973482	0.0147368421052632	0.0133185349611543	NA	NA	NA	0.0421052631578947	NA	0.0192061459667093	0.0292275574112735	0.0128314798973482	0.0147368421052632	0.0133185349611543	NA	NA	NA	0.0421052631578947	NA	0.0192061459667093
315	0.0317460317460317	0.0153452685421995	0.0189873417721519	0.0209302325581395	NA	NA	NA	0.0343511450381679	NA	0.0142857142857143	0.0317460317460317	0.0153452685421995	0.0189873417721519	0.0209302325581395	NA	NA	NA	0.0343511450381679	NA	0.0142857142857143
320	0.0224299065420561	0.0160284951024043	0.0186915887850467	0.0139211136890951	NA	NA	NA	0.0428134556574924	NA	0.0191873589164786	0.0224299065420561	0.0160284951024043	0.0186915887850467	0.0139211136890951	NA	NA	NA	0.0428134556574924	NA	0.0191873589164786
325	0.0231316725978648	0.0127768313458262	0.0153698366954851	0.0132890365448505	NA	NA	NA	0.036144578313253	NA	0.0144329896907217	0.0231316725978648	0.0127768313458262	0.0153698366954851	0.0132890365448505	NA	NA	NA	0.036144578313253	NA	0.0144329896907217
330	0.0197368421052632	0.0104923325262308	0.0165745856353591	0.0193285859613428	NA	NA	NA	0.0472222222222222	NA	0.0138751238850347	0.0197368421052632	0.0104923325262308	0.0165745856353591	0.0193285859613428	NA	NA	NA	0.0472222222222222	NA	0.0138751238850347
335	0.0254777070063694	0.0115740740740741	0.0127877237851662	0.014436958614052	NA	NA	NA	0.0226130653266332	NA	0.0220125786163522	0.0254777070063694	0.0115740740740741	0.0127877237851662	0.014436958614052	NA	NA	NA	0.0226130653266332	NA	0.0220125786163522
340	0.0200860832137733	0.017463933181473	0.0131004366812227	0.0168855534709193	NA	NA	NA	0.0375586854460094	NA	0.0174358974358974	0.0200860832137733	0.017463933181473	0.0131004366812227	0.0168855534709193	NA	NA	NA	0.0375586854460094	NA	0.0174358974358974
345	0.0160891089108911	0.01573564122738	0.013828867761452	0.0145719489981785	NA	NA	NA	0.0423162583518931	NA	0.0169660678642715	0.0160891089108911	0.01573564122738	0.013828867761452	0.0145719489981785	NA	NA	NA	0.0423162583518931	NA	0.0169660678642715
350	0.0192307692307692	0.0105580693815988	0.0150309460654288	0.0148011100832562	NA	NA	NA	0.0318471337579618	NA	0.0127952755905512	0.0192307692307692	0.0105580693815988	0.0150309460654288	0.0148011100832562	NA	NA	NA	0.0318471337579618	NA	0.0127952755905512
355	0.0160493827160494	0.0147515527950311	0.0141242937853107	0.016728624535316	NA	NA	NA	0.0281124497991968	NA	0.0136861313868613	0.0160493827160494	0.0147515527950311	0.0141242937853107	0.016728624535316	NA	NA	NA	0.0281124497991968	NA	0.0136861313868613
360	0.0155239327296248	0.0166666666666667	0.0127826941986234	0.0153994225216554	NA	NA	NA	0.0248091603053435	NA	0.0139009556907037	0.0155239327296248	0.0166666666666667	0.0127826941986234	0.0153994225216554	NA	NA	NA	0.0248091603053435	NA	0.0139009556907037
365	0.0171149144254279	0.0119047619047619	0.0137120470127326	0.0163304514889529	NA	NA	NA	0.0219378427787934	NA	0.0153102336825141	0.0171149144254279	0.0119047619047619	0.0137120470127326	0.0163304514889529	NA	NA	NA	0.0219378427787934	NA	0.0153102336825141
370	0.0143646408839779	0.0156385751520417	0.0153994225216554	0.0139664804469274	NA	NA	NA	0.0176678445229682	NA	0.0124804992199688	0.0143646408839779	0.0156385751520417	0.0153994225216554	0.0139664804469274	NA	NA	NA	0.0176678445229682	NA	0.0124804992199688
375	0.0121703853955375	0.0122591943957968	0.0145208131655373	0.0132325141776938	NA	NA	NA	0.0385259631490787	NA	0.0132605304212168	0.0121703853955375	0.0122591943957968	0.0145208131655373	0.0132325141776938	NA	NA	NA	0.0385259631490787	NA	0.0132605304212168
380	0.0239282153539382	0.0149384885764499	0.0136363636363636	0.0139009556907037	NA	NA	NA	0.0283185840707965	NA	0.015702479338843	0.0239282153539382	0.0149384885764499	0.0136363636363636	0.0139009556907037	NA	NA	NA	0.0283185840707965	NA	0.015702479338843
385	0.016728624535316	0.0182341650671785	0.0119266055045872	0.013663535439795	NA	NA	NA	0.0282186948853616	NA	0.0141969831410825	0.016728624535316	0.0182341650671785	0.0119266055045872	0.013663535439795	NA	NA	NA	0.0282186948853616	NA	0.0141969831410825
390	0.0146048109965636	0.0149551345962114	0.0141592920353982	0.0142378559463987	NA	NA	NA	0.0196078431372549	NA	0.0144927536231884	0.0146048109965636	0.0149551345962114	0.0141592920353982	0.0142378559463987	NA	NA	NA	0.0196078431372549	NA	0.0144927536231884
395	0.0161420500403551	0.0217821782178218	0.00927487352445194	0.0113935144609991	NA	NA	NA	0.0233160621761658	NA	0.0117531831537708	0.0161420500403551	0.0217821782178218	0.00927487352445194	0.0113935144609991	NA	NA	NA	0.0233160621761658	NA	0.0117531831537708
400	0.0133000831255195	0.0137857900318134	0.0196604110813226	0.0118744698897371	NA	NA	NA	0.0267857142857143	NA	0.0111902339776195	0.0133000831255195	0.0137857900318134	0.0196604110813226	0.0118744698897371	NA	NA	NA	0.0267857142857143	NA	0.0111902339776195
405	0.0164609053497942	0.016008537886873	0.0157992565055762	0.0105949470252649	NA	NA	NA	0.0281879194630872	NA	0.0132788559754852	0.0164609053497942	0.016008537886873	0.0157992565055762	0.0105949470252649	NA	NA	NA	0.0281879194630872	NA	0.0132788559754852
410	0.0141430948419301	0.0163766632548618	0.0169172932330827	0.0169923534409516	NA	NA	NA	0.0168878166465621	NA	0.0168067226890756	0.0141430948419301	0.0163766632548618	0.0169172932330827	0.0169923534409516	NA	NA	NA	0.0168878166465621	NA	0.0168067226890756
415	0.0109204368174727	0.0192307692307692	0.0160427807486631	0.014808362369338	NA	NA	NA	0.0159914712153518	NA	0.0214504596527068	0.0109204368174727	0.0192307692307692	0.0160427807486631	0.014808362369338	NA	NA	NA	0.0159914712153518	NA	0.0214504596527068
420	0.0117096018735363	0.0104058272632674	0.0186666666666667	0.0126475548060708	NA	NA	NA	0.0142276422764228	NA	0.0202634245187437	0.0117096018735363	0.0104058272632674	0.0186666666666667	0.0126475548060708	NA	NA	NA	0.0142276422764228	NA	0.0202634245187437
425	0.0179127725856698	0.0159362549800797	0.0186741363211951	0.0107604017216643	NA	NA	NA	0.017329255861366	NA	0.0148957298907646	0.0179127725856698	0.0159362549800797	0.0186741363211951	0.0107604017216643	NA	NA	NA	0.017329255861366	NA	0.0148957298907646
430	0.0135338345864662	0.0140280561122244	0.0238341968911917	0.0120572720422005	NA	NA	NA	0.0200601805416249	NA	0.0146290491118077	0.0135338345864662	0.0140280561122244	0.0238341968911917	0.0120572720422005	NA	NA	NA	0.0200601805416249	NA	0.0146290491118077
435	0.0159211523881729	0.0128205128205128	0.0163220892274211	0.0122050447518308	NA	NA	NA	0.0147492625368732	NA	0.0146341463414634	0.0159211523881729	0.0128205128205128	0.0163220892274211	0.0122050447518308	NA	NA	NA	0.0147492625368732	NA	0.0146341463414634
440	0.0107913669064748	0.0170261066969353	0.015819209039548	0.0109797297297297	NA	NA	NA	0.0199004975124378	NA	0.0162679425837321	0.0107913669064748	0.0170261066969353	0.015819209039548	0.0109797297297297	NA	NA	NA	0.0199004975124378	NA	0.0162679425837321
445	0.0149355057705363	0.01625	0.0114213197969543	0.015115354017502	NA	NA	NA	0.0200764818355641	NA	0.0121580547112462	0.0149355057705363	0.01625	0.0114213197969543	0.015115354017502	NA	NA	NA	0.0200764818355641	NA	0.0121580547112462
450	0.00989445910290238	0.0167095115681234	0.0136138613861386	0.0158333333333333	NA	NA	NA	0.0121042830540037	NA	0.012927054478301	0.00989445910290238	0.0167095115681234	0.0136138613861386	0.0158333333333333	NA	NA	NA	0.0121042830540037	NA	0.012927054478301
455	0.0119298245614035	0.0148448043184885	0.0194884287454324	0.0155820348304308	NA	NA	NA	0.0190909090909091	NA	0.0135527589545015	0.0119298245614035	0.0148448043184885	0.0194884287454324	0.0155820348304308	NA	NA	NA	0.0190909090909091	NA	0.0135527589545015
460	0.0120886501007388	0.0160349854227405	0.0246113989637306	0.0154405086285195	NA	NA	NA	0.0129749768303985	NA	0.0160984848484848	0.0120886501007388	0.0160349854227405	0.0246113989637306	0.0154405086285195	NA	NA	NA	0.0129749768303985	NA	0.0160984848484848
465	0.0108548168249661	0.0265095729013255	0.0183206106870229	0.022140221402214	NA	NA	NA	0.0128322639780018	NA	0.0173824130879346	0.0108548168249661	0.0265095729013255	0.0183206106870229	0.022140221402214	NA	NA	NA	0.0128322639780018	NA	0.0173824130879346
470	0.0135685210312076	0.0263157894736842	0.0262725779967159	0.0120593692022263	NA	NA	NA	0.0127504553734062	NA	0.0227048371174729	0.0135685210312076	0.0263157894736842	0.0262725779967159	0.0120593692022263	NA	NA	NA	0.0127504553734062	NA	0.0227048371174729
475	0.00939306358381503	0.0164424514200299	0.0315091210613599	0.0149700598802395	NA	NA	NA	0.0164359861591695	NA	0.0276406712734452	0.00939306358381503	0.0164424514200299	0.0315091210613599	0.0149700598802395	NA	NA	NA	0.0164359861591695	NA	0.0276406712734452
480	0.0243553008595989	0.0379008746355685	0.0259365994236311	0.0136852394916911	NA	NA	NA	0.0136861313868613	NA	0.0206896551724138	0.0243553008595989	0.0379008746355685	0.0259365994236311	0.0136852394916911	NA	NA	NA	0.0136861313868613	NA	0.0206896551724138
485	0.0113394755492558	0.0176991150442478	0.0173913043478261	0.0160771704180064	NA	NA	NA	0.0161434977578475	NA	0.0240963855421687	0.0113394755492558	0.0176991150442478	0.0173913043478261	0.0160771704180064	NA	NA	NA	0.0161434977578475	NA	0.0240963855421687
490	0.0145137880986938	0.0331825037707391	0.0178890876565295	0.0179171332586786	NA	NA	NA	0.0154826958105647	NA	0.0156075808249721	0.0145137880986938	0.0331825037707391	0.0178890876565295	0.0179171332586786	NA	NA	NA	0.0154826958105647	NA	0.0156075808249721
495	0.0131675201170446	0.0209677419354839	0.0304182509505703	0.0185873605947955	NA	NA	NA	0.0212244897959184	NA	0.0150987224157956	0.0131675201170446	0.0209677419354839	0.0304182509505703	0.0185873605947955	NA	NA	NA	0.0212244897959184	NA	0.0150987224157956
500	0.0104333868378812	0.031657355679702	0.0220440881763527	0.0188205771643664	NA	NA	NA	0.0118543607112616	NA	0.0279187817258883	0.0104333868378812	0.031657355679702	0.0220440881763527	0.0188205771643664	NA	NA	NA	0.0118543607112616	NA	0.0279187817258883
505	0.0117845117845118	0.0196463654223969	0.0283975659229209	0.0179948586118252	NA	NA	NA	0.0156385751520417	NA	0.0161764705882353	0.0117845117845118	0.0196463654223969	0.0283975659229209	0.0179948586118252	NA	NA	NA	0.0156385751520417	NA	0.0161764705882353
510	0.0165794066317627	0.0276679841897233	0.027027027027027	0.0186799501867995	NA	NA	NA	0.0119815668202765	NA	0.0194610778443114	0.0165794066317627	0.0276679841897233	0.027027027027027	0.0186799501867995	NA	NA	NA	0.0119815668202765	NA	0.0194610778443114
515	0.0132275132275132	0.0357852882703777	0.0385395537525355	0.01953125	NA	NA	NA	0.0134529147982063	NA	0.0213815789473684	0.0132275132275132	0.0357852882703777	0.0385395537525355	0.01953125	NA	NA	NA	0.0134529147982063	NA	0.0213815789473684
520	0.0170616113744076	0.0336538461538462	0.0280172413793103	0.0217096336499322	NA	NA	NA	0.0137575236457438	NA	0.0172413793103448	0.0170616113744076	0.0336538461538462	0.0280172413793103	0.0217096336499322	NA	NA	NA	0.0137575236457438	NA	0.0172413793103448
525	0.0156075808249721	0.0353260869565217	0.028436018957346	0.0178571428571429	NA	NA	NA	0.0140105078809107	NA	0.0194003527336861	0.0156075808249721	0.0353260869565217	0.028436018957346	0.0178571428571429	NA	NA	NA	0.0140105078809107	NA	0.0194003527336861
530	0.0171149144254279	0.0305555555555556	0.0290178571428571	0.0204081632653061	NA	NA	NA	0.016260162601626	NA	0.0290135396518375	0.0171149144254279	0.0305555555555556	0.0290178571428571	0.0204081632653061	NA	NA	NA	0.016260162601626	NA	0.0290135396518375
535	0.0238095238095238	0.0309859154929577	0.0397350993377483	0.0166880616174583	NA	NA	NA	0.0122448979591837	NA	0.0211132437619962	0.0238095238095238	0.0309859154929577	0.0397350993377483	0.0166880616174583	NA	NA	NA	0.0122448979591837	NA	0.0211132437619962
540	0.0166204986149584	0.0377358490566038	0.0349344978165939	0.0190735694822888	NA	NA	NA	0.0119047619047619	NA	0.0365591397849462	0.0166204986149584	0.0377358490566038	0.0349344978165939	0.0190735694822888	NA	NA	NA	0.0119047619047619	NA	0.0365591397849462
545	0.0273141122913505	0.0631868131868132	0.0315126050420168	0.0175182481751825	NA	NA	NA	0.0121722846441948	NA	0.0228690228690229	0.0273141122913505	0.0631868131868132	0.0315126050420168	0.0175182481751825	NA	NA	NA	0.0121722846441948	NA	0.0228690228690229
550	0.0178861788617886	0.0342465753424658	0.0253456221198157	0.0195121951219512	NA	NA	NA	0.0159857904085258	NA	0.0432330827067669	0.0178861788617886	0.0342465753424658	0.0253456221198157	0.0195121951219512	NA	NA	NA	0.0159857904085258	NA	0.0432330827067669
555	0.0255009107468124	0.0453074433656958	0.0333333333333333	0.0239852398523985	NA	NA	NA	0.0135623869801085	NA	0.0264227642276423	0.0255009107468124	0.0453074433656958	0.0333333333333333	0.0239852398523985	NA	NA	NA	0.0135623869801085	NA	0.0264227642276423
560	0.0176470588235294	0.0384615384615385	0.0296296296296296	0.0166320166320166	NA	NA	NA	0.0116845180136319	NA	0.0238611713665944	0.0176470588235294	0.0384615384615385	0.0296296296296296	0.0166320166320166	NA	NA	NA	0.0116845180136319	NA	0.0238611713665944
565	0.026369168356998	0.0511811023622047	0.0313479623824451	0.0313152400835073	NA	NA	NA	0.0162991371045062	NA	0.0371134020618557	0.026369168356998	0.0511811023622047	0.0313479623824451	0.0313152400835073	NA	NA	NA	0.0162991371045062	NA	0.0371134020618557
570	0.0348837209302326	0.0469798657718121	0.039344262295082	0.0186046511627907	NA	NA	NA	0.0181451612903226	NA	0.0376884422110553	0.0348837209302326	0.0469798657718121	0.039344262295082	0.0186046511627907	NA	NA	NA	0.0181451612903226	NA	0.0376884422110553
575	0.0269058295964126	0.051948051948052	0.0351437699680511	0.0256410256410256	NA	NA	NA	0.0132382892057026	NA	0.0335917312661499	0.0269058295964126	0.051948051948052	0.0351437699680511	0.0256410256410256	NA	NA	NA	0.0132382892057026	NA	0.0335917312661499
580	0.0342298288508557	0.040133779264214	0.0345911949685535	0.027027027027027	NA	NA	NA	0.020234291799787	NA	0.029585798816568	0.0342298288508557	0.040133779264214	0.0345911949685535	0.027027027027027	NA	NA	NA	0.020234291799787	NA	0.029585798816568
585	0.030812324929972	0.0327272727272727	0.0324909747292419	0.0330578512396694	NA	NA	NA	0.0171673819742489	NA	0.0414012738853503	0.030812324929972	0.0327272727272727	0.0324909747292419	0.0330578512396694	NA	NA	NA	0.0171673819742489	NA	0.0414012738853503
590	0.0247933884297521	0.0553359683794466	0.0424710424710425	0.0425531914893617	NA	NA	NA	0.015695067264574	NA	0.0385964912280702	0.0247933884297521	0.0553359683794466	0.0424710424710425	0.0425531914893617	NA	NA	NA	0.015695067264574	NA	0.0385964912280702
595	0.0309597523219814	0.0421940928270042	0.0457746478873239	0.0392749244712991	NA	NA	NA	0.0134803921568627	NA	0.0772727272727273	0.0309597523219814	0.0421940928270042	0.0457746478873239	0.0392749244712991	NA	NA	NA	0.0134803921568627	NA	0.0772727272727273
600	0.0471380471380471	0.0340425531914894	0.0474308300395257	0.0360655737704918	NA	NA	NA	0.0222222222222222	NA	0.0465116279069767	0.0471380471380471	0.0340425531914894	0.0474308300395257	0.0360655737704918	NA	NA	NA	0.0222222222222222	NA	0.0465116279069767
605	0.0354609929078014	0.0476190476190476	0.0446428571428571	0.0595611285266458	NA	NA	NA	0.0154394299287411	NA	0.0596330275229358	0.0354609929078014	0.0476190476190476	0.0446428571428571	0.0595611285266458	NA	NA	NA	0.0154394299287411	NA	0.0596330275229358
610	0.0604982206405694	0.0576923076923077	0.0515021459227468	0.0303030303030303	NA	NA	NA	0.0157273918741809	NA	0.0456852791878173	0.0604982206405694	0.0576923076923077	0.0515021459227468	0.0303030303030303	NA	NA	NA	0.0157273918741809	NA	0.0456852791878173
615	0.0542372881355932	0.0654205607476635	0.0512820512820513	0.0355871886120996	NA	NA	NA	0.0237430167597765	NA	0.0607734806629834	0.0542372881355932	0.0654205607476635	0.0512820512820513	0.0355871886120996	NA	NA	NA	0.0237430167597765	NA	0.0607734806629834
620	0.0377358490566038	0.0486725663716814	0.0594594594594595	0.0355731225296443	NA	NA	NA	0.0158273381294964	NA	0.0804597701149425	0.0377358490566038	0.0486725663716814	0.0594594594594595	0.0355731225296443	NA	NA	NA	0.0158273381294964	NA	0.0804597701149425
625	0.04	0.0821917808219178	0.0615384615384615	0.0510948905109489	NA	NA	NA	0.0255255255255255	NA	0.0641025641025641	0.04	0.0821917808219178	0.0615384615384615	0.0510948905109489	NA	NA	NA	0.0255255255255255	NA	0.0641025641025641
630	0.0467289719626168	0.0483870967741935	0.0983606557377049	0.0317460317460317	NA	NA	NA	0.0235849056603774	NA	0.0789473684210526	0.0467289719626168	0.0483870967741935	0.0983606557377049	0.0317460317460317	NA	NA	NA	0.0235849056603774	NA	0.0789473684210526
635	0.0571428571428571	0.06875	0.0666666666666667	0.0516431924882629	NA	NA	NA	0.0227272727272727	NA	0.0579710144927536	0.0571428571428571	0.06875	0.0666666666666667	0.0516431924882629	NA	NA	NA	0.0227272727272727	NA	0.0579710144927536
640	0.0649350649350649	0.0583941605839416	0.0529411764705882	0.0581395348837209	NA	NA	NA	0.0215946843853821	NA	0.0860927152317881	0.0649350649350649	0.0583941605839416	0.0529411764705882	0.0581395348837209	NA	NA	NA	0.0215946843853821	NA	0.0860927152317881
645	0.0932203389830508	0.105263157894737	0.0645161290322581	0.0604026845637584	NA	NA	NA	0.0202360876897133	NA	0.0606060606060606	0.0932203389830508	0.105263157894737	0.0645161290322581	0.0604026845637584	NA	NA	NA	0.0202360876897133	NA	0.0606060606060606
650	0.0630630630630631	0.098159509202454	0.0736842105263158	0.139784946236559	NA	NA	NA	0.0192644483362522	NA	0.112676056338028	0.0630630630630631	0.098159509202454	0.0736842105263158	0.139784946236559	NA	NA	NA	0.0192644483362522	NA	0.112676056338028
655	0.0648148148148148	0.0705882352941176	0.117021276595745	0.125	NA	NA	NA	0.0297029702970297	NA	0.0833333333333333	0.0648148148148148	0.0705882352941176	0.117021276595745	0.125	NA	NA	NA	0.0297029702970297	NA	0.0833333333333333
660	0.0797101449275362	0.0629370629370629	0.0843373493975904	0.114754098360656	NA	NA	NA	0.0291828793774319	NA	0.0841121495327103	0.0797101449275362	0.0629370629370629	0.0843373493975904	0.114754098360656	NA	NA	NA	0.0291828793774319	NA	0.0841121495327103
665	0.0567375886524823	0.0827586206896552	0.139240506329114	0.134615384615385	NA	NA	NA	0.034816247582205	NA	0.12	0.0567375886524823	0.0827586206896552	0.139240506329114	0.134615384615385	NA	NA	NA	0.034816247582205	NA	0.12
670	0.096	0.12037037037037	0.128205128205128	0.155555555555556	NA	NA	NA	0.0380228136882129	NA	0.132075471698113	0.096	0.12037037037037	0.128205128205128	0.155555555555556	NA	NA	NA	0.0380228136882129	NA	0.132075471698113
675	0.08125	0.0851063829787234	0.0821917808219178	0.162162162162162	NA	NA	NA	0.0263157894736842	NA	0.0921052631578947	0.08125	0.0851063829787234	0.0821917808219178	0.162162162162162	NA	NA	NA	0.0263157894736842	NA	0.0921052631578947
680	0.0909090909090909	0.0952380952380952	0.135135135135135	0.22	NA	NA	NA	0.0283018867924528	NA	0.125	0.0909090909090909	0.0952380952380952	0.135135135135135	0.22	NA	NA	NA	0.0283018867924528	NA	0.125
685	0.0789473684210526	0.0909090909090909	0.158730158730159	0.13953488372093	NA	NA	NA	0.033434650455927	NA	0.133333333333333	0.0789473684210526	0.0909090909090909	0.158730158730159	0.13953488372093	NA	NA	NA	0.033434650455927	NA	0.133333333333333
690	0.0806451612903226	0.161290322580645	0.128571428571429	0.153846153846154	NA	NA	NA	0.0318021201413428	NA	0.16	0.0806451612903226	0.161290322580645	0.128571428571429	0.153846153846154	NA	NA	NA	0.0318021201413428	NA	0.16
695	0.0952380952380952	0.166666666666667	0.107692307692308	0.229166666666667	NA	NA	NA	0.048	NA	0.164556962025316	0.0952380952380952	0.166666666666667	0.107692307692308	0.229166666666667	NA	NA	NA	0.048	NA	0.164556962025316
700	0.10958904109589	0.166666666666667	0.115384615384615	0.181818181818182	NA	NA	NA	0.0526315789473684	NA	0.118421052631579	0.10958904109589	0.166666666666667	0.115384615384615	0.181818181818182	NA	NA	NA	0.0526315789473684	NA	0.118421052631579
705	0.133333333333333	0.157894736842105	0.121212121212121	0.230769230769231	NA	NA	NA	0.0434782608695652	NA	0.142857142857143	0.133333333333333	0.157894736842105	0.121212121212121	0.230769230769231	NA	NA	NA	0.0434782608695652	NA	0.142857142857143
710	0.135593220338983	0.228571428571429	0.157894736842105	0.161290322580645	NA	NA	NA	0.0495049504950495	NA	0.0987654320987654	0.135593220338983	0.228571428571429	0.157894736842105	0.161290322580645	NA	NA	NA	0.0495049504950495	NA	0.0987654320987654
715	0.151515151515152	0.263157894736842	0.268292682926829	0.166666666666667	NA	NA	NA	0.0485436893203883	NA	0.111111111111111	0.151515151515152	0.263157894736842	0.268292682926829	0.166666666666667	NA	NA	NA	0.0485436893203883	NA	0.111111111111111
720	0.132352941176471	0.238095238095238	0.225	0.172413793103448	NA	NA	NA	0.0703517587939698	NA	0.130434782608696	0.132352941176471	0.238095238095238	0.225	0.172413793103448	NA	NA	NA	0.0703517587939698	NA	0.130434782608696
725	0.132075471698113	0.235294117647059	0.2	0.268292682926829	NA	NA	NA	0.105263157894737	NA	0.101694915254237	0.132075471698113	0.235294117647059	0.2	0.268292682926829	NA	NA	NA	0.105263157894737	NA	0.101694915254237
730	0.142857142857143	0.24	0.204545454545455	0.166666666666667	NA	NA	NA	0.110294117647059	NA	0.166666666666667	0.142857142857143	0.24	0.204545454545455	0.166666666666667	NA	NA	NA	0.110294117647059	NA	0.166666666666667
735	0.15	0.35	0.3	0.296296296296296	NA	NA	NA	0.09375	NA	0.137931034482759	0.15	0.35	0.3	0.296296296296296	NA	NA	NA	0.09375	NA	0.137931034482759
740	0.173913043478261	0.227272727272727	0.197368421052632	0.2	NA	NA	NA	0.205128205128205	NA	0.161290322580645	0.173913043478261	0.227272727272727	0.197368421052632	0.2	NA	NA	NA	0.205128205128205	NA	0.161290322580645
745	0.224489795918367	0.304347826086957	0.0933333333333333	0.611111111111111	NA	NA	NA	0.127906976744186	NA	0.142857142857143	0.224489795918367	0.304347826086957	0.0933333333333333	0.611111111111111	NA	NA	NA	0.127906976744186	NA	0.142857142857143
750	0.166666666666667	0.238095238095238	0.166666666666667	0.25	NA	NA	NA	0.118279569892473	NA	0.166666666666667	0.166666666666667	0.238095238095238	0.166666666666667	0.25	NA	NA	NA	0.118279569892473	NA	0.166666666666667
755	0.222222222222222	0.333333333333333	0.118279569892473	0.5	NA	NA	NA	0.0879120879120879	NA	0.235294117647059	0.222222222222222	0.333333333333333	0.118279569892473	0.5	NA	NA	NA	0.0879120879120879	NA	0.235294117647059
760	0.285714285714286	0.428571428571429	0.188235294117647	NA	NA	NA	NA	0.0833333333333333	NA	0.257142857142857	0.285714285714286	0.428571428571429	0.188235294117647	NA	NA	NA	NA	0.0833333333333333	NA	0.257142857142857
765	0.263157894736842	0.714285714285714	0.0941176470588235	NA	NA	NA	NA	0.122222222222222	NA	0.137931034482759	0.263157894736842	0.714285714285714	0.0941176470588235	NA	NA	NA	NA	0.122222222222222	NA	0.137931034482759
770	0.6	0.666666666666667	0.0886075949367089	NA	NA	NA	NA	0.120879120879121	NA	0.238095238095238	0.6	0.666666666666667	0.0886075949367089	NA	NA	NA	NA	0.120879120879121	NA	0.238095238095238
775	0.352941176470588	0.3	0.07	NA	NA	NA	NA	0.0833333333333333	NA	0.145454545454545	0.352941176470588	0.3	0.07	NA	NA	NA	NA	0.0833333333333333	NA	0.145454545454545
780	0.533333333333333	0.45	0.117647058823529	NA	NA	NA	NA	0.111111111111111	NA	0.0983606557377049	0.533333333333333	0.45	0.117647058823529	NA	NA	NA	NA	0.111111111111111	NA	0.0983606557377049
785	0.5	0.333333333333333	0.112676056338028	NA	NA	NA	NA	0.153846153846154	NA	0.126984126984127	0.5	0.333333333333333	0.112676056338028	NA	NA	NA	NA	0.153846153846154	NA	0.126984126984127
790	0.714285714285714	0.285714285714286	0.102941176470588	NA	NA	NA	NA	0.375	NA	0.152777777777778	0.714285714285714	0.285714285714286	0.102941176470588	NA	NA	NA	NA	0.375	NA	0.152777777777778
795	0.6	0.416666666666667	0.175	NA	NA	NA	NA	0.291666666666667	NA	0.10126582278481	0.6	0.416666666666667	0.175	NA	NA	NA	NA	0.291666666666667	NA	0.10126582278481
800	0.75	0.5	0.125	NA	NA	NA	NA	0.315789473684211	NA	0.135135135135135	0.75	0.5	0.125	NA	NA	NA	NA	0.315789473684211	NA	0.135135135135135
805	1	0.666666666666667	0.119047619047619	NA	NA	NA	NA	0.555555555555556	NA	0.157894736842105	1	0.666666666666667	0.119047619047619	NA	NA	NA	NA	0.555555555555556	NA	0.157894736842105
810	1	0.8	0.116883116883117	NA	NA	NA	NA	0.6	NA	0.111111111111111	1	0.8	0.116883116883117	NA	NA	NA	NA	0.6	NA	0.111111111111111
815	0.714285714285714	0.5	0.162162162162162	NA	NA	NA	NA	0.5	NA	0.180555555555556	0.714285714285714	0.5	0.162162162162162	NA	NA	NA	NA	0.5	NA	0.180555555555556
820	0.4	0.5	0.169230769230769	NA	NA	NA	NA	0.888888888888889	NA	0.28735632183908	0.4	0.5	0.169230769230769	NA	NA	NA	NA	0.888888888888889	NA	0.28735632183908
825	0.75	1	0.188679245283019	NA	NA	NA	NA	0.933333333333333	NA	0.188235294117647	0.75	1	0.188679245283019	NA	NA	NA	NA	0.933333333333333	NA	0.188235294117647
830	0.6	1	0.108695652173913	NA	NA	NA	NA	0.6	NA	0.136986301369863	0.6	1	0.108695652173913	NA	NA	NA	NA	0.6	NA	0.136986301369863
835	0.428571428571429	1	0.179487179487179	NA	NA	NA	NA	0.416666666666667	NA	0.146666666666667	0.428571428571429	1	0.179487179487179	NA	NA	NA	NA	0.416666666666667	NA	0.146666666666667
840	0.7	1	0.170731707317073	NA	NA	NA	NA	0.363636363636364	NA	0.131578947368421	0.7	1	0.170731707317073	NA	NA	NA	NA	0.363636363636364	NA	0.131578947368421
845	0.571428571428571	1	0.116279069767442	NA	NA	NA	NA	NA	NA	0.151515151515152	0.571428571428571	1	0.116279069767442	NA	NA	NA	NA	NA	NA	0.151515151515152
850	0.857142857142857	NA	0.148936170212766	NA	NA	NA	NA	NA	NA	0.117647058823529	0.857142857142857	NA	0.148936170212766	NA	NA	NA	NA	NA	NA	0.117647058823529
855	1	NA	0.117647058823529	NA	NA	NA	NA	NA	NA	0.09375	1	NA	0.117647058823529	NA	NA	NA	NA	NA	NA	0.09375
860	NA	NA	0.142857142857143	NA	NA	NA	NA	NA	NA	0.114754098360656	NA	NA	0.142857142857143	NA	NA	NA	NA	NA	NA	0.114754098360656
865	NA	NA	0.214285714285714	NA	NA	NA	NA	NA	NA	0.127118644067797	NA	NA	0.214285714285714	NA	NA	NA	NA	NA	NA	0.127118644067797
870	NA	NA	0.222222222222222	NA	NA	NA	NA	NA	NA	0.103092783505155	NA	NA	0.222222222222222	NA	NA	NA	NA	NA	NA	0.103092783505155
875	NA	NA	0.186046511627907	NA	NA	NA	NA	NA	NA	0.148148148148148	NA	NA	0.186046511627907	NA	NA	NA	NA	NA	NA	0.148148148148148
880	NA	NA	0.121951219512195	NA	NA	NA	NA	NA	NA	0.14	NA	NA	0.121951219512195	NA	NA	NA	NA	NA	NA	0.14
885	NA	NA	0.175	NA	NA	NA	NA	NA	NA	0.25	NA	NA	0.175	NA	NA	NA	NA	NA	NA	0.25
890	NA	NA	0.194444444444444	NA	NA	NA	NA	NA	NA	0.214285714285714	NA	NA	0.194444444444444	NA	NA	NA	NA	NA	NA	0.214285714285714
895	NA	NA	0.258064516129032	NA	NA	NA	NA	NA	NA	0.230769230769231	NA	NA	0.258064516129032	NA	NA	NA	NA	NA	NA	0.230769230769231
900	NA	NA	0.208333333333333	NA	NA	NA	NA	NA	NA	0.105263157894737	NA	NA	0.208333333333333	NA	NA	NA	NA	NA	NA	0.105263157894737
905	NA	NA	0.19047619047619	NA	NA	NA	NA	NA	NA	0.166666666666667	NA	NA	0.19047619047619	NA	NA	NA	NA	NA	NA	0.166666666666667
910	NA	NA	0.285714285714286	NA	NA	NA	NA	NA	NA	1	NA	NA	0.285714285714286	NA	NA	NA	NA	NA	NA	1
915	NA	NA	0.2	NA	NA	NA	NA	NA	NA	NA	NA	NA	0.2	NA	NA	NA	NA	NA	NA	NA
920	NA	NA	0.173913043478261	NA	NA	NA	NA	NA	NA	NA	NA	NA	0.173913043478261	NA	NA	NA	NA	NA	NA	NA
925	NA	NA	0.173913043478261	NA	NA	NA	NA	NA	NA	NA	NA	NA	0.173913043478261	NA	NA	NA	NA	NA	NA	NA
930	NA	NA	0.235294117647059	NA	NA	NA	NA	NA	NA	NA	NA	NA	0.235294117647059	NA	NA	NA	NA	NA	NA	NA
935	NA	NA	0.255813953488372	NA	NA	NA	NA	NA	NA	NA	NA	NA	0.255813953488372	NA	NA	NA	NA	NA	NA	NA
940	NA	NA	0.25	NA	NA	NA	NA	NA	NA	NA	NA	NA	0.25	NA	NA	NA	NA	NA	NA	NA
945	NA	NA	0.4	NA	NA	NA	NA	NA	NA	NA	NA	NA	0.4	NA	NA	NA	NA	NA	NA	NA
950	NA	NA	0.294117647058824	NA	NA	NA	NA	NA	NA	NA	NA	NA	0.294117647058824	NA	NA	NA	NA	NA	NA	NA
955	NA	NA	0.272727272727273	NA	NA	NA	NA	NA	NA	NA	NA	NA	0.272727272727273	NA	NA	NA	NA	NA	NA	NA
960	NA	NA	0.5	NA	NA	NA	NA	NA	NA	NA	NA	NA	0.5	NA	NA	NA	NA	NA	NA	NA
