0	1	1	1	1	1	1	1	1	1	1	1	1	1	1	1	1	1	1	1	1
5	0.944444444444444	1	0.714285714285714	0.5	0.666666666666667	1	0.5	1	1	0.7	0.944444444444444	1	0.714285714285714	0.5	0.666666666666667	1	0.5	1	1	0.7
10	0.363636363636364	NA	0.714285714285714	NA	0.5	0.444444444444444	1	0.5	1	0.6	0.363636363636364	NA	0.714285714285714	NA	0.5	0.444444444444444	1	0.5	1	0.6
15	0.21875	NA	0.5	NA	0.315789473684211	0.625	0.642857142857143	0.382352941176471	NA	0.40625	0.21875	NA	0.5	NA	0.315789473684211	0.625	0.642857142857143	0.382352941176471	NA	0.40625
20	0.631578947368421	NA	0.714285714285714	NA	0.272727272727273	0.454545454545455	0.565217391304348	0.206896551724138	NA	0.489795918367347	0.631578947368421	NA	0.714285714285714	NA	0.272727272727273	0.454545454545455	0.565217391304348	0.206896551724138	NA	0.489795918367347
25	0.375	NA	0.583333333333333	NA	0.272727272727273	0.636363636363636	0.212121212121212	0.413793103448276	NA	0.142857142857143	0.375	NA	0.583333333333333	NA	0.272727272727273	0.636363636363636	0.212121212121212	0.413793103448276	NA	0.142857142857143
30	0.411764705882353	NA	0.8	NA	0.214285714285714	0.35	0.269230769230769	0.266666666666667	NA	0.266666666666667	0.411764705882353	NA	0.8	NA	0.214285714285714	0.35	0.269230769230769	0.266666666666667	NA	0.266666666666667
35	0.307692307692308	NA	0.714285714285714	NA	0.1875	0.153846153846154	0.135135135135135	0.375	NA	0.2	0.307692307692308	NA	0.714285714285714	NA	0.1875	0.153846153846154	0.135135135135135	0.375	NA	0.2
40	0.375	NA	0.833333333333333	NA	0.153846153846154	0.458333333333333	0.15	0.25	NA	0.210526315789474	0.375	NA	0.833333333333333	NA	0.153846153846154	0.458333333333333	0.15	0.25	NA	0.210526315789474
45	0.307692307692308	NA	0.466666666666667	NA	0.136363636363636	0.342105263157895	0.234042553191489	0.666666666666667	NA	0.444444444444444	0.307692307692308	NA	0.466666666666667	NA	0.136363636363636	0.342105263157895	0.234042553191489	0.666666666666667	NA	0.444444444444444
50	0.185185185185185	NA	0.6	NA	0.134146341463415	0.327272727272727	0.169014084507042	0.714285714285714	NA	0.310344827586207	0.185185185185185	NA	0.6	NA	0.134146341463415	0.327272727272727	0.169014084507042	0.714285714285714	NA	0.310344827586207
55	0.241379310344828	NA	0.6	NA	0.121951219512195	0.280701754385965	0.211267605633803	0.5	NA	0.206896551724138	0.241379310344828	NA	0.6	NA	0.121951219512195	0.280701754385965	0.211267605633803	0.5	NA	0.206896551724138
60	0.195652173913043	NA	0.9	NA	0.107692307692308	0.117647058823529	0.0917431192660551	0.636363636363636	NA	0.258064516129032	0.195652173913043	NA	0.9	NA	0.107692307692308	0.117647058823529	0.0917431192660551	0.636363636363636	NA	0.258064516129032
65	0.140625	NA	0.625	NA	0.212121212121212	0.141025641025641	0.106918238993711	0.545454545454545	NA	0.388888888888889	0.140625	NA	0.625	NA	0.212121212121212	0.141025641025641	0.106918238993711	0.545454545454545	NA	0.388888888888889
70	0.142857142857143	NA	0.8	NA	0.123076923076923	0.0833333333333333	0.102409638554217	0.5	NA	0.4375	0.142857142857143	NA	0.8	NA	0.123076923076923	0.0833333333333333	0.102409638554217	0.5	NA	0.4375
75	0.157894736842105	NA	0.666666666666667	NA	0.178571428571429	0.109375	0.0755813953488372	1	NA	0.3125	0.157894736842105	NA	0.666666666666667	NA	0.178571428571429	0.109375	0.0755813953488372	1	NA	0.3125
80	0.142857142857143	NA	1	NA	0.137254901960784	0.0952380952380952	0.0737327188940092	0.5	NA	0.428571428571429	0.142857142857143	NA	1	NA	0.137254901960784	0.0952380952380952	0.0737327188940092	0.5	NA	0.428571428571429
85	0.123076923076923	NA	1	NA	0.160714285714286	0.136986301369863	0.0711111111111111	NA	NA	0.230769230769231	0.123076923076923	NA	1	NA	0.160714285714286	0.136986301369863	0.0711111111111111	NA	NA	0.230769230769231
90	0.186666666666667	NA	1	NA	0.25	0.113636363636364	0.0763052208835341	NA	NA	0.272727272727273	0.186666666666667	NA	1	NA	0.25	0.113636363636364	0.0763052208835341	NA	NA	0.272727272727273
95	0.10752688172043	NA	1	NA	0.25	0.214285714285714	0.0374149659863946	NA	NA	0.333333333333333	0.10752688172043	NA	1	NA	0.25	0.214285714285714	0.0374149659863946	NA	NA	0.333333333333333
100	0.111111111111111	NA	NA	NA	0.177215189873418	0.17741935483871	0.0464285714285714	NA	NA	0.285714285714286	0.111111111111111	NA	NA	NA	0.177215189873418	0.17741935483871	0.0464285714285714	NA	NA	0.285714285714286
105	0.107142857142857	NA	NA	NA	0.0972222222222222	0.236111111111111	0.0583941605839416	NA	NA	0.289473684210526	0.107142857142857	NA	NA	NA	0.0972222222222222	0.236111111111111	0.0583941605839416	NA	NA	0.289473684210526
110	0.0851063829787234	NA	NA	NA	0.146341463414634	0.101123595505618	0.0527859237536657	NA	NA	0.210526315789474	0.0851063829787234	NA	NA	NA	0.146341463414634	0.101123595505618	0.0527859237536657	NA	NA	0.210526315789474
115	0.0614525139664804	NA	NA	NA	0.117647058823529	0.0948275862068965	0.0422535211267606	NA	NA	0.271604938271605	0.0614525139664804	NA	NA	NA	0.117647058823529	0.0948275862068965	0.0422535211267606	NA	NA	0.271604938271605
120	0.102803738317757	NA	NA	NA	0.12396694214876	0.104166666666667	0.0521978021978022	NA	NA	0.144230769230769	0.102803738317757	NA	NA	NA	0.12396694214876	0.104166666666667	0.0521978021978022	NA	NA	0.144230769230769
125	0.0652173913043478	NA	NA	NA	0.0975609756097561	0.126315789473684	0.046875	NA	NA	0.10077519379845	0.0652173913043478	NA	NA	NA	0.0975609756097561	0.126315789473684	0.046875	NA	NA	0.10077519379845
130	0.0454545454545455	NA	NA	NA	0.0909090909090909	0.10989010989011	0.0293453724604966	NA	NA	0.0958904109589041	0.0454545454545455	NA	NA	NA	0.0909090909090909	0.10989010989011	0.0293453724604966	NA	NA	0.0958904109589041
135	0.0408805031446541	NA	NA	NA	0.0625	0.116279069767442	0.0393873085339169	NA	NA	0.0714285714285714	0.0408805031446541	NA	NA	NA	0.0625	0.116279069767442	0.0393873085339169	NA	NA	0.0714285714285714
140	0.0377833753148615	NA	NA	NA	0.0897435897435897	0.125827814569536	0.0269749518304432	NA	NA	0.0974358974358974	0.0377833753148615	NA	NA	NA	0.0897435897435897	0.125827814569536	0.0269749518304432	NA	NA	0.0974358974358974
145	0.0309050772626932	NA	NA	NA	0.0727272727272727	0.111111111111111	0.0333333333333333	NA	NA	0.0446927374301676	0.0309050772626932	NA	NA	NA	0.0727272727272727	0.111111111111111	0.0333333333333333	NA	NA	0.0446927374301676
150	0.0271966527196653	NA	NA	NA	0.0676328502415459	0.0718232044198895	0.0293685756240822	NA	NA	0.102127659574468	0.0271966527196653	NA	NA	NA	0.0676328502415459	0.0718232044198895	0.0293685756240822	NA	NA	0.102127659574468
155	0.0335305719921105	NA	NA	NA	0.0497925311203319	0.091324200913242	0.0262430939226519	NA	NA	0.0495495495495495	0.0335305719921105	NA	NA	NA	0.0497925311203319	0.091324200913242	0.0262430939226519	NA	NA	0.0495495495495495
160	0.0262172284644195	NA	NA	NA	0.0470588235294118	0.074235807860262	0.019680196801968	NA	NA	0.0461538461538462	0.0262172284644195	NA	NA	NA	0.0470588235294118	0.074235807860262	0.019680196801968	NA	NA	0.0461538461538462
165	0.0256410256410256	NA	NA	NA	0.0526315789473684	0.0544747081712062	0.0245098039215686	NA	NA	0.0376712328767123	0.0256410256410256	NA	NA	NA	0.0526315789473684	0.0544747081712062	0.0245098039215686	NA	NA	0.0376712328767123
170	0.0536512667660209	NA	NA	NA	0.0555555555555556	0.0557768924302789	0.0242774566473988	NA	NA	0.0453333333333333	0.0536512667660209	NA	NA	NA	0.0555555555555556	0.0557768924302789	0.0242774566473988	NA	NA	0.0453333333333333
175	0.0335276967930029	NA	NA	NA	0.0585585585585586	0.0588235294117647	0.0159817351598174	NA	NA	0.0434782608695652	0.0335276967930029	NA	NA	NA	0.0585585585585586	0.0588235294117647	0.0159817351598174	NA	NA	0.0434782608695652
180	0.0191256830601093	NA	NA	NA	0.0515021459227468	0.0578034682080925	0.0158415841584158	NA	NA	0.0300925925925926	0.0191256830601093	NA	NA	NA	0.0515021459227468	0.0578034682080925	0.0158415841584158	NA	NA	0.0300925925925926
185	0.0240811153358682	NA	NA	NA	0.0532319391634981	0.0446428571428571	0.0160284951024043	NA	NA	0.0300751879699248	0.0240811153358682	NA	NA	NA	0.0532319391634981	0.0446428571428571	0.0160284951024043	NA	NA	0.0300751879699248
190	0.0194730813287514	NA	NA	NA	0.0542372881355932	0.0369609856262834	0.0133891213389121	NA	NA	0.0260586319218241	0.0194730813287514	NA	NA	NA	0.0542372881355932	0.0369609856262834	0.0133891213389121	NA	NA	0.0260586319218241
195	0.0176348547717842	NA	NA	NA	0.0814332247557003	0.0264650283553875	0.020979020979021	NA	NA	0.0238095238095238	0.0176348547717842	NA	NA	NA	0.0814332247557003	0.0264650283553875	0.020979020979021	NA	NA	0.0238095238095238
200	0.0171102661596958	NA	NA	NA	0.0405797101449275	0.0297202797202797	0.0115273775216138	NA	NA	0.0239294710327456	0.0171102661596958	NA	NA	NA	0.0405797101449275	0.0297202797202797	0.0115273775216138	NA	NA	0.0239294710327456
205	0.01806684733514	NA	NA	NA	0.0568475452196382	0.031390134529148	0.013470173187941	NA	NA	0.0183696900114811	0.01806684733514	NA	NA	NA	0.0568475452196382	0.031390134529148	0.013470173187941	NA	NA	0.0183696900114811
210	0.0170731707317073	NA	NA	NA	0.0298507462686567	0.0198170731707317	0.0124851367419738	NA	NA	0.0194552529182879	0.0170731707317073	NA	NA	NA	0.0298507462686567	0.0198170731707317	0.0124851367419738	NA	NA	0.0194552529182879
215	0.0166666666666667	NA	NA	NA	0.041002277904328	0.0289855072463768	0.0102260495156082	NA	NA	0.0162016201620162	0.0166666666666667	NA	NA	NA	0.041002277904328	0.0289855072463768	0.0102260495156082	NA	NA	0.0162016201620162
220	0.0130813953488372	NA	NA	NA	0.0445544554455446	0.0193103448275862	0.00782472613458529	NA	NA	0.015552099533437	0.0130813953488372	NA	NA	NA	0.0445544554455446	0.0193103448275862	0.00782472613458529	NA	NA	0.015552099533437
225	0.0131926121372032	NA	NA	NA	0.0470162748643761	0.0240963855421687	0.00904522613065327	NA	NA	0.0116448326055313	0.0131926121372032	NA	NA	NA	0.0470162748643761	0.0240963855421687	0.00904522613065327	NA	NA	0.0116448326055313
230	0.0102843315184513	NA	NA	NA	0.0269121813031161	0.021978021978022	0.010677808727948	NA	NA	0.0113636363636364	0.0102843315184513	NA	NA	NA	0.0269121813031161	0.021978021978022	0.010677808727948	NA	NA	0.0113636363636364
235	0.0115712545676005	NA	NA	NA	0.0222222222222222	0.0206073752711497	0.00967296176877015	NA	NA	0.012586532410321	0.0115712545676005	NA	NA	NA	0.0222222222222222	0.0206073752711497	0.00967296176877015	NA	NA	0.012586532410321
240	0.0100413467217956	NA	NA	NA	0.0214105793450882	0.0174311926605505	0.00945094509450945	NA	NA	0.0120481927710843	0.0100413467217956	NA	NA	NA	0.0214105793450882	0.0174311926605505	0.00945094509450945	NA	NA	0.0120481927710843
245	0.00921409214092141	NA	NA	NA	0.0205949656750572	0.0130612244897959	0.00715563506261181	NA	NA	0.0107700592353258	0.00921409214092141	NA	NA	NA	0.0205949656750572	0.0130612244897959	0.00715563506261181	NA	NA	0.0107700592353258
250	0.00739957716701903	NA	NA	NA	0.0139935414424112	0.0126883425852498	0.00760966875559534	NA	NA	0.0110552763819095	0.00739957716701903	NA	NA	NA	0.0139935414424112	0.0126883425852498	0.00760966875559534	NA	NA	0.0110552763819095
255	0.00994764397905759	NA	NA	NA	0.0206825232678387	0.0156133828996283	0.00794701986754967	NA	NA	0.00995732574679943	0.00994764397905759	NA	NA	NA	0.0206825232678387	0.0156133828996283	0.00794701986754967	NA	NA	0.00995732574679943
260	0.0103397341211226	NA	NA	NA	0.0155642023346304	0.0173035328046143	0.00885739592559787	NA	NA	0.00873563218390805	0.0103397341211226	NA	NA	NA	0.0155642023346304	0.0173035328046143	0.00885739592559787	NA	NA	0.00873563218390805
265	0.00958029197080292	NA	NA	NA	0.0193726937269373	0.0122282608695652	0.0153714773697694	NA	NA	0.00752587017873942	0.00958029197080292	NA	NA	NA	0.0193726937269373	0.0122282608695652	0.0153714773697694	NA	NA	0.00752587017873942
270	0.00841452612931798	NA	NA	NA	0.0219490781387182	0.0141442715700141	0.00758928571428571	NA	NA	0.0112554112554113	0.00841452612931798	NA	NA	NA	0.0219490781387182	0.0141442715700141	0.00758928571428571	NA	NA	0.0112554112554113
275	0.00930665425779432	NA	NA	NA	0.0189300411522634	0.0120910384068279	0.00834492350486787	NA	NA	0.00916666666666667	0.00930665425779432	NA	NA	NA	0.0189300411522634	0.0120910384068279	0.00834492350486787	NA	NA	0.00916666666666667
280	0.00873161764705882	NA	NA	NA	0.0124416796267496	0.0123711340206186	0.00788863109048724	NA	NA	0.00915522263836871	0.00873161764705882	NA	NA	NA	0.0124416796267496	0.0123711340206186	0.00788863109048724	NA	NA	0.00915522263836871
285	0.0144724556489262	NA	NA	NA	0.0116279069767442	0.0144641683103222	0.00830078125	NA	NA	0.00828500414250207	0.0144724556489262	NA	NA	NA	0.0116279069767442	0.0144641683103222	0.00830078125	NA	NA	0.00828500414250207
290	0.0115273775216138	NA	NA	NA	0.0209737827715356	0.00960922485586163	0.0099009900990099	NA	NA	0.00879028882377564	0.0115273775216138	NA	NA	NA	0.0209737827715356	0.00960922485586163	0.0099009900990099	NA	NA	0.00879028882377564
295	0.0124287933713102	NA	NA	NA	0.0134589502018843	0.0145110410094637	0.0087527352297593	NA	NA	0.010340370529944	0.0124287933713102	NA	NA	NA	0.0134589502018843	0.0145110410094637	0.0087527352297593	NA	NA	0.010340370529944
300	0.0107758620689655	NA	NA	NA	0.00932835820895522	0.01143583227446	0.0133256083429896	NA	NA	0.00685812258894128	0.0107758620689655	NA	NA	NA	0.00932835820895522	0.01143583227446	0.0133256083429896	NA	NA	0.00685812258894128
305	0.0085515766969535	NA	NA	NA	0.0120788302606484	0.0141388174807198	0.0108368452739314	NA	NA	0.00727739726027397	0.0085515766969535	NA	NA	NA	0.0120788302606484	0.0141388174807198	0.0108368452739314	NA	NA	0.00727739726027397
310	0.00935550935550936	NA	NA	NA	0.0150564617314931	0.01181592039801	0.0103559870550162	NA	NA	0.00738809213385485	0.00935550935550936	NA	NA	NA	0.0150564617314931	0.01181592039801	0.0103559870550162	NA	NA	0.00738809213385485
315	0.0101317122593718	NA	NA	NA	0.014336917562724	0.00982318271119843	0.0107142857142857	NA	NA	0.0070702607158639	0.0101317122593718	NA	NA	NA	0.014336917562724	0.00982318271119843	0.0107142857142857	NA	NA	0.0070702607158639
320	0.0108527131782946	NA	NA	NA	0.00987045033929673	0.0134271099744246	0.0150262960180316	NA	NA	0.00740055504162812	0.0108527131782946	NA	NA	NA	0.00987045033929673	0.0134271099744246	0.0150262960180316	NA	NA	0.00740055504162812
325	0.0116472545757072	NA	NA	NA	0.0101311084624553	0.0130841121495327	0.013550135501355	NA	NA	0.0110275689223058	0.0116472545757072	NA	NA	NA	0.0101311084624553	0.0130841121495327	0.013550135501355	NA	NA	0.0110275689223058
330	0.00985828712261245	NA	NA	NA	0.0130874479476502	0.0109223300970874	0.0249457700650759	NA	NA	0.00970377936670072	0.00985828712261245	NA	NA	NA	0.0130874479476502	0.0109223300970874	0.0249457700650759	NA	NA	0.00970377936670072
335	0.0112433862433862	NA	NA	NA	0.0142045454545455	0.0188679245283019	0.0199252801992528	NA	NA	0.00876288659793814	0.0112433862433862	NA	NA	NA	0.0142045454545455	0.0188679245283019	0.0199252801992528	NA	NA	0.00876288659793814
340	0.0139567341242149	NA	NA	NA	0.0101237345331834	0.00997506234413965	0.0224550898203593	NA	NA	0.0121681415929204	0.0139567341242149	NA	NA	NA	0.0101237345331834	0.00997506234413965	0.0224550898203593	NA	NA	0.0121681415929204
345	0.0206264323911383	NA	NA	NA	0.0129504504504505	0.0117508813160987	0.0226171243941842	NA	NA	0.0127388535031847	0.0206264323911383	NA	NA	NA	0.0129504504504505	0.0117508813160987	0.0226171243941842	NA	NA	0.0127388535031847
350	0.0145922746781116	NA	NA	NA	0.0139697322467986	0.0124223602484472	0.0250836120401338	NA	NA	0.00800582241630277	0.0145922746781116	NA	NA	NA	0.0139697322467986	0.0124223602484472	0.0250836120401338	NA	NA	0.00800582241630277
355	0.017208413001912	NA	NA	NA	0.00998751560549313	0.0104651162790698	0.0279329608938547	NA	NA	0.0146678170836928	0.017208413001912	NA	NA	NA	0.00998751560549313	0.0104651162790698	0.0279329608938547	NA	NA	0.0146678170836928
360	0.0148777895855473	NA	NA	NA	0.00795107033639144	0.00761421319796954	0.0303643724696356	NA	NA	0.0136268343815514	0.0148777895855473	NA	NA	NA	0.00795107033639144	0.00761421319796954	0.0303643724696356	NA	NA	0.0136268343815514
365	0.0162094763092269	NA	NA	NA	0.0115291262135922	0.0164556962025316	0.0366379310344828	NA	NA	0.018161180476731	0.0162094763092269	NA	NA	NA	0.0115291262135922	0.0164556962025316	0.0366379310344828	NA	NA	0.018161180476731
370	0.0171052631578947	NA	NA	NA	0.0120192307692308	0.0125082290980908	0.0330188679245283	NA	NA	0.0179063360881543	0.0171052631578947	NA	NA	NA	0.0120192307692308	0.0125082290980908	0.0330188679245283	NA	NA	0.0179063360881543
375	0.0275344180225282	NA	NA	NA	0.0111801242236025	0.0105782792665726	0.0360824742268041	NA	NA	0.0189873417721519	0.0275344180225282	NA	NA	NA	0.0111801242236025	0.0105782792665726	0.0360824742268041	NA	NA	0.0189873417721519
380	0.0222222222222222	NA	NA	NA	0.0117724002616089	0.0103234686854783	0.030812324929972	NA	NA	0.0189982728842832	0.0222222222222222	NA	NA	NA	0.0117724002616089	0.0103234686854783	0.030812324929972	NA	NA	0.0189982728842832
385	0.0191637630662021	NA	NA	NA	0.016249153689912	0.0122302158273381	0.0413533834586466	NA	NA	0.0316957210776545	0.0191637630662021	NA	NA	NA	0.016249153689912	0.0122302158273381	0.0413533834586466	NA	NA	0.0316957210776545
390	0.0250521920668058	NA	NA	NA	0.0151724137931034	0.0110759493670886	0.0725388601036269	NA	NA	0.0220338983050847	0.0250521920668058	NA	NA	NA	0.0151724137931034	0.0110759493670886	0.0725388601036269	NA	NA	0.0220338983050847
395	0.0236559139784946	NA	NA	NA	0.0156133828996283	0.014218009478673	0.0533333333333333	NA	NA	0.0320754716981132	0.0236559139784946	NA	NA	NA	0.0156133828996283	0.014218009478673	0.0533333333333333	NA	NA	0.0320754716981132
400	0.0209302325581395	NA	NA	NA	0.0108695652173913	0.012701100762066	0.0645161290322581	NA	NA	0.038961038961039	0.0209302325581395	NA	NA	NA	0.0108695652173913	0.012701100762066	0.0645161290322581	NA	NA	0.038961038961039
405	0.029810298102981	NA	NA	NA	0.0141903171953255	0.0145852324521422	0.0925925925925926	NA	NA	0.0329113924050633	0.029810298102981	NA	NA	NA	0.0141903171953255	0.0145852324521422	0.0925925925925926	NA	NA	0.0329113924050633
410	0.0339506172839506	NA	NA	NA	0.0145797598627787	0.0180275715800636	0.0980392156862745	NA	NA	0.032994923857868	0.0339506172839506	NA	NA	NA	0.0145797598627787	0.0180275715800636	0.0980392156862745	NA	NA	0.032994923857868
415	0.0397553516819572	NA	NA	NA	0.0127272727272727	0.0226969292389853	0.135416666666667	NA	NA	0.0456989247311828	0.0397553516819572	NA	NA	NA	0.0127272727272727	0.0226969292389853	0.135416666666667	NA	NA	0.0456989247311828
420	0.0536277602523659	NA	NA	NA	0.0257234726688103	0.0187861271676301	0.127450980392157	NA	NA	0.0337423312883436	0.0536277602523659	NA	NA	NA	0.0257234726688103	0.0187861271676301	0.127450980392157	NA	NA	0.0337423312883436
425	0.0379310344827586	NA	NA	NA	0.0178372352285396	0.0199081163859112	0.151162790697674	NA	NA	0.0321428571428571	0.0379310344827586	NA	NA	NA	0.0178372352285396	0.0199081163859112	0.151162790697674	NA	NA	0.0321428571428571
430	0.0588235294117647	NA	NA	NA	0.0199501246882793	0.0494505494505494	0.107142857142857	NA	NA	0.0612244897959184	0.0588235294117647	NA	NA	NA	0.0199501246882793	0.0494505494505494	0.107142857142857	NA	NA	0.0612244897959184
435	0.0816326530612245	NA	NA	NA	0.0211081794195251	0.0289017341040462	0.181818181818182	NA	NA	0.0465116279069767	0.0816326530612245	NA	NA	NA	0.0211081794195251	0.0289017341040462	0.181818181818182	NA	NA	0.0465116279069767
440	0.0471698113207547	NA	NA	NA	0.020125786163522	0.0345454545454545	0.191011235955056	NA	NA	0.0895522388059701	0.0471698113207547	NA	NA	NA	0.020125786163522	0.0345454545454545	0.191011235955056	NA	NA	0.0895522388059701
445	0.0731707317073171	NA	NA	NA	0.0162822252374491	0.0255941499085923	0.140625	NA	NA	0.123893805309735	0.0731707317073171	NA	NA	NA	0.0162822252374491	0.0255941499085923	0.140625	NA	NA	0.123893805309735
450	0.0793650793650794	NA	NA	NA	0.0242792109256449	0.036231884057971	0.172413793103448	NA	NA	0.113636363636364	0.0793650793650794	NA	NA	NA	0.0242792109256449	0.036231884057971	0.172413793103448	NA	NA	0.113636363636364
455	0.0813008130081301	NA	NA	NA	0.0280528052805281	0.029045643153527	0.214285714285714	NA	NA	0.142857142857143	0.0813008130081301	NA	NA	NA	0.0280528052805281	0.029045643153527	0.214285714285714	NA	NA	0.142857142857143
460	0.0630630630630631	NA	NA	NA	0.0233812949640288	0.0272536687631027	0.210526315789474	NA	NA	0.0789473684210526	0.0630630630630631	NA	NA	NA	0.0233812949640288	0.0272536687631027	0.210526315789474	NA	NA	0.0789473684210526
465	0.0927835051546392	NA	NA	NA	0.0307017543859649	0.0419426048565121	0.25	NA	NA	0.15	0.0927835051546392	NA	NA	NA	0.0307017543859649	0.0419426048565121	0.25	NA	NA	0.15
470	0.0833333333333333	NA	NA	NA	0.0305010893246187	0.0328282828282828	0.27027027027027	NA	NA	0.163265306122449	0.0833333333333333	NA	NA	NA	0.0305010893246187	0.0328282828282828	0.27027027027027	NA	NA	0.163265306122449
475	0.179775280898876	NA	NA	NA	0.0356234096692112	0.0799031476997579	0.28	NA	NA	0.294117647058824	0.179775280898876	NA	NA	NA	0.0356234096692112	0.0799031476997579	0.28	NA	NA	0.294117647058824
480	0.106666666666667	NA	NA	NA	0.03125	0.0287206266318538	0.263157894736842	NA	NA	0.195121951219512	0.106666666666667	NA	NA	NA	0.03125	0.0287206266318538	0.263157894736842	NA	NA	0.195121951219512
485	0.0921052631578947	NA	NA	NA	0.028328611898017	0.0332409972299169	0.285714285714286	NA	NA	0.179487179487179	0.0921052631578947	NA	NA	NA	0.028328611898017	0.0332409972299169	0.285714285714286	NA	NA	0.179487179487179
490	0.125	NA	NA	NA	0.0351351351351351	0.0343642611683849	0.258064516129032	NA	NA	0.285714285714286	0.125	NA	NA	NA	0.0351351351351351	0.0343642611683849	0.258064516129032	NA	NA	0.285714285714286
495	0.109090909090909	NA	NA	NA	0.0414012738853503	0.0418410041841004	0.264705882352941	NA	NA	0.25	0.109090909090909	NA	NA	NA	0.0414012738853503	0.0418410041841004	0.264705882352941	NA	NA	0.25
500	0.13953488372093	NA	NA	NA	0.0507246376811594	0.0436893203883495	0.204545454545455	NA	NA	0.351351351351351	0.13953488372093	NA	NA	NA	0.0507246376811594	0.0436893203883495	0.204545454545455	NA	NA	0.351351351351351
505	0.225	NA	NA	NA	0.07	0.0495049504950495	0.222222222222222	NA	NA	0.285714285714286	0.225	NA	NA	NA	0.07	0.0495049504950495	0.222222222222222	NA	NA	0.285714285714286
510	0.461538461538462	NA	NA	NA	0.0838709677419355	0.0820512820512821	0.203703703703704	NA	NA	0.25	0.461538461538462	NA	NA	NA	0.0838709677419355	0.0820512820512821	0.203703703703704	NA	NA	0.25
515	0.5	NA	NA	NA	0.11864406779661	0.0935672514619883	0.173913043478261	NA	NA	0.5	0.5	NA	NA	NA	0.11864406779661	0.0935672514619883	0.173913043478261	NA	NA	0.5
520	0.777777777777778	NA	NA	NA	0.101351351351351	0.0722222222222222	0.428571428571429	NA	NA	NA	0.777777777777778	NA	NA	NA	0.101351351351351	0.0722222222222222	0.428571428571429	NA	NA	NA
525	0.6	NA	NA	NA	0.117241379310345	0.121387283236994	0.315789473684211	NA	NA	NA	0.6	NA	NA	NA	0.117241379310345	0.121387283236994	0.315789473684211	NA	NA	NA
530	0.3	NA	NA	NA	0.131313131313131	0.0632911392405063	0.166666666666667	NA	NA	NA	0.3	NA	NA	NA	0.131313131313131	0.0632911392405063	0.166666666666667	NA	NA	NA
535	0.454545454545455	NA	NA	NA	0.110091743119266	0.100671140939597	0.380952380952381	NA	NA	NA	0.454545454545455	NA	NA	NA	0.110091743119266	0.100671140939597	0.380952380952381	NA	NA	NA
540	0.571428571428571	NA	NA	NA	0.117021276595745	0.099236641221374	0.25	NA	NA	NA	0.571428571428571	NA	NA	NA	0.117021276595745	0.099236641221374	0.25	NA	NA	NA
545	0.4	NA	NA	NA	0.160919540229885	0.0884955752212389	0.344827586206897	NA	NA	NA	0.4	NA	NA	NA	0.160919540229885	0.0884955752212389	0.344827586206897	NA	NA	NA
550	0.25	NA	NA	NA	0.140845070422535	0.0684931506849315	0.318181818181818	NA	NA	NA	0.25	NA	NA	NA	0.140845070422535	0.0684931506849315	0.318181818181818	NA	NA	NA
555	0.294117647058824	NA	NA	NA	0.0967741935483871	0.111111111111111	0.380952380952381	NA	NA	NA	0.294117647058824	NA	NA	NA	0.0967741935483871	0.111111111111111	0.380952380952381	NA	NA	NA
560	0.25	NA	NA	NA	0.142857142857143	0.131147540983607	0.454545454545455	NA	NA	NA	0.25	NA	NA	NA	0.142857142857143	0.131147540983607	0.454545454545455	NA	NA	NA
565	0.5	NA	NA	NA	0.270833333333333	0.158730158730159	0.428571428571429	NA	NA	NA	0.5	NA	NA	NA	0.270833333333333	0.158730158730159	0.428571428571429	NA	NA	NA
570	0.5	NA	NA	NA	0.145833333333333	0.173913043478261	0.666666666666667	NA	NA	NA	0.5	NA	NA	NA	0.145833333333333	0.173913043478261	0.666666666666667	NA	NA	NA
575	1	NA	NA	NA	0.1875	0.166666666666667	NA	NA	NA	NA	1	NA	NA	NA	0.1875	0.166666666666667	NA	NA	NA	NA
580	NA	NA	NA	NA	0.258064516129032	0.452380952380952	NA	NA	NA	NA	NA	NA	NA	NA	0.258064516129032	0.452380952380952	NA	NA	NA	NA
585	NA	NA	NA	NA	0.36	0.275	NA	NA	NA	NA	NA	NA	NA	NA	0.36	0.275	NA	NA	NA	NA
590	NA	NA	NA	NA	0.411764705882353	0.303030303030303	NA	NA	NA	NA	NA	NA	NA	NA	0.411764705882353	0.303030303030303	NA	NA	NA	NA
595	NA	NA	NA	NA	0.416666666666667	0.290909090909091	NA	NA	NA	NA	NA	NA	NA	NA	0.416666666666667	0.290909090909091	NA	NA	NA	NA
600	NA	NA	NA	NA	0.444444444444444	0.171428571428571	NA	NA	NA	NA	NA	NA	NA	NA	0.444444444444444	0.171428571428571	NA	NA	NA	NA
605	NA	NA	NA	NA	0.411764705882353	0.310344827586207	NA	NA	NA	NA	NA	NA	NA	NA	0.411764705882353	0.310344827586207	NA	NA	NA	NA
610	NA	NA	NA	NA	0.526315789473684	0.285714285714286	NA	NA	NA	NA	NA	NA	NA	NA	0.526315789473684	0.285714285714286	NA	NA	NA	NA
615	NA	NA	NA	NA	0.357142857142857	0.210526315789474	NA	NA	NA	NA	NA	NA	NA	NA	0.357142857142857	0.210526315789474	NA	NA	NA	NA
620	NA	NA	NA	NA	0.3	0.4	NA	NA	NA	NA	NA	NA	NA	NA	0.3	0.4	NA	NA	NA	NA
625	NA	NA	NA	NA	0.692307692307692	0.206896551724138	NA	NA	NA	NA	NA	NA	NA	NA	0.692307692307692	0.206896551724138	NA	NA	NA	NA
630	NA	NA	NA	NA	0.636363636363636	0.296296296296296	NA	NA	NA	NA	NA	NA	NA	NA	0.636363636363636	0.296296296296296	NA	NA	NA	NA
635	NA	NA	NA	NA	0.461538461538462	0.184210526315789	NA	NA	NA	NA	NA	NA	NA	NA	0.461538461538462	0.184210526315789	NA	NA	NA	NA
640	NA	NA	NA	NA	0.333333333333333	0.174603174603175	NA	NA	NA	NA	NA	NA	NA	NA	0.333333333333333	0.174603174603175	NA	NA	NA	NA
645	NA	NA	NA	NA	0.583333333333333	0.205128205128205	NA	NA	NA	NA	NA	NA	NA	NA	0.583333333333333	0.205128205128205	NA	NA	NA	NA
650	NA	NA	NA	NA	0.4	0.111111111111111	NA	NA	NA	NA	NA	NA	NA	NA	0.4	0.111111111111111	NA	NA	NA	NA
655	NA	NA	NA	NA	0.454545454545455	0.133333333333333	NA	NA	NA	NA	NA	NA	NA	NA	0.454545454545455	0.133333333333333	NA	NA	NA	NA
660	NA	NA	NA	NA	0.470588235294118	0.461538461538462	NA	NA	NA	NA	NA	NA	NA	NA	0.470588235294118	0.461538461538462	NA	NA	NA	NA
665	NA	NA	NA	NA	0.3	0.833333333333333	NA	NA	NA	NA	NA	NA	NA	NA	0.3	0.833333333333333	NA	NA	NA	NA
670	NA	NA	NA	NA	1	0.333333333333333	NA	NA	NA	NA	NA	NA	NA	NA	1	0.333333333333333	NA	NA	NA	NA
675	NA	NA	NA	NA	0.4	NA	NA	NA	NA	NA	NA	NA	NA	NA	0.4	NA	NA	NA	NA	NA
680	NA	NA	NA	NA	0.363636363636364	NA	NA	NA	NA	NA	NA	NA	NA	NA	0.363636363636364	NA	NA	NA	NA	NA
685	NA	NA	NA	NA	0.352941176470588	NA	NA	NA	NA	NA	NA	NA	NA	NA	0.352941176470588	NA	NA	NA	NA	NA
690	NA	NA	NA	NA	0.357142857142857	NA	NA	NA	NA	NA	NA	NA	NA	NA	0.357142857142857	NA	NA	NA	NA	NA
695	NA	NA	NA	NA	0.4	NA	NA	NA	NA	NA	NA	NA	NA	NA	0.4	NA	NA	NA	NA	NA
700	NA	NA	NA	NA	1	NA	NA	NA	NA	NA	NA	NA	NA	NA	1	NA	NA	NA	NA	NA
