0	1	1	1	1	1	1	1	1	1	1	1	1	1	1	1	1	1	1	1	1
5	0.793103448275862	1	1	1	1	0.6	1	NA	1	0.6	0.793103448275862	1	1	1	1	0.6	1	NA	1	0.6
10	0.319148936170213	0.216666666666667	0.681818181818182	NA	0.261538461538462	0.785714285714286	0.777777777777778	NA	0.554054054054054	0.555555555555556	0.319148936170213	0.216666666666667	0.681818181818182	NA	0.261538461538462	0.785714285714286	0.777777777777778	NA	0.554054054054054	0.555555555555556
15	0.318681318681319	0.290322580645161	0.369230769230769	NA	0.215384615384615	0.35	0.310344827586207	NA	0.308510638297872	0.371794871794872	0.318681318681319	0.290322580645161	0.369230769230769	NA	0.215384615384615	0.35	0.310344827586207	NA	0.308510638297872	0.371794871794872
20	0.201923076923077	0.178899082568807	0.185714285714286	NA	0.133858267716535	0.145348837209302	0.327586206896552	NA	0.0952380952380952	0.258064516129032	0.201923076923077	0.178899082568807	0.185714285714286	NA	0.133858267716535	0.145348837209302	0.327586206896552	NA	0.0952380952380952	0.258064516129032
25	0.0938337801608579	0.0891364902506964	0.0700389105058366	NA	0.118110236220472	0.0952380952380952	0.160220994475138	NA	0.0860927152317881	0.23463687150838	0.0938337801608579	0.0891364902506964	0.0700389105058366	NA	0.118110236220472	0.0952380952380952	0.160220994475138	NA	0.0860927152317881	0.23463687150838
30	0.0776699029126214	0.103109656301146	0.100591715976331	NA	0.100189035916824	0.119122257053292	0.133620689655172	NA	0.0780287474332649	0.142361111111111	0.0776699029126214	0.103109656301146	0.100591715976331	NA	0.100189035916824	0.119122257053292	0.133620689655172	NA	0.0780287474332649	0.142361111111111
35	0.0491525423728814	0.0506445672191529	0.0492676431424767	NA	0.0488322717622081	0.0691823899371069	0.09375	NA	0.0397022332506203	0.129186602870813	0.0491525423728814	0.0506445672191529	0.0492676431424767	NA	0.0488322717622081	0.0691823899371069	0.09375	NA	0.0397022332506203	0.129186602870813
40	0.0246184145741014	0.0362776025236593	0.0339847068819031	NA	0.0369942196531792	0.0689655172413793	0.065028901734104	NA	0.0360631104432757	0.0622406639004149	0.0246184145741014	0.0362776025236593	0.0339847068819031	NA	0.0369942196531792	0.0689655172413793	0.065028901734104	NA	0.0360631104432757	0.0622406639004149
45	0.0155016086575022	0.0267796610169492	0.0467863894139887	NA	0.0215374420145792	0.0378847671665351	0.0329067641681901	NA	0.0344984112573763	0.0491452991452991	0.0155016086575022	0.0267796610169492	0.0467863894139887	NA	0.0215374420145792	0.0378847671665351	0.0329067641681901	NA	0.0344984112573763	0.0491452991452991
50	0.0172244094488189	0.0122448979591837	0.0144425187752744	NA	0.0126122682973438	0.0230618253189401	0.0297848869277441	NA	0.0134069400630915	0.0225053078556263	0.0172244094488189	0.0122448979591837	0.0144425187752744	NA	0.0126122682973438	0.0230618253189401	0.0297848869277441	NA	0.0134069400630915	0.0225053078556263
55	0.0103448275862069	0.0122184039709813	0.0124579124579125	NA	0.00919183478572281	0.0152671755725191	0.021342406433653	NA	0.00969756738987508	0.0133155792276964	0.0103448275862069	0.0122184039709813	0.0124579124579125	NA	0.00919183478572281	0.0152671755725191	0.021342406433653	NA	0.00969756738987508	0.0133155792276964
60	0.00886585282684307	0.00704520674326931	0.00990307627475769	NA	0.00653852213644241	0.0116850127011008	0.0157018539538403	NA	0.0116545265348595	0.012818432581535	0.00886585282684307	0.00704520674326931	0.00990307627475769	NA	0.00653852213644241	0.0116850127011008	0.0157018539538403	NA	0.0116545265348595	0.012818432581535
65	0.0100520280850634	0.00768558951965066	0.00777051561365287	NA	0.00578326782706345	0.0147632605715491	0.00881477069684336	NA	0.00645687487256168	0.0122436790762493	0.0100520280850634	0.00768558951965066	0.00777051561365287	NA	0.00578326782706345	0.0147632605715491	0.00881477069684336	NA	0.00645687487256168	0.0122436790762493
70	0.00593708462560922	0.00551566734820028	0.00819230354640509	NA	0.0073106095220689	0.0101269538416379	0.0090504922197523	NA	0.00953362535429013	0.00736524941412789	0.00593708462560922	0.00551566734820028	0.00819230354640509	NA	0.0073106095220689	0.0101269538416379	0.0090504922197523	NA	0.00953362535429013	0.00736524941412789
75	0.00472012968437113	0.00747561309143951	0.00691750408974059	NA	0.00572493071016402	0.00652005746491325	0.00577567286588888	NA	0.00612705578845534	0.0105535740460253	0.00472012968437113	0.00747561309143951	0.00691750408974059	NA	0.00572493071016402	0.00652005746491325	0.00577567286588888	NA	0.00612705578845534	0.0105535740460253
80	0.0122048819527811	0.0111354909489852	0.00463969841960273	NA	0.00613848889908783	0.00826602427849417	0.00812658348869449	NA	0.0111613586067545	0.0138876757795441	0.0122048819527811	0.0111354909489852	0.00463969841960273	NA	0.00613848889908783	0.00826602427849417	0.00812658348869449	NA	0.0111613586067545	0.0138876757795441
85	0.00975165778182291	0.00712463717125517	0.00886861776257443	NA	0.0204567078972407	0.00559719653460528	0.00620741155605339	NA	0.0069916361735494	0.00490691297445519	0.00975165778182291	0.00712463717125517	0.00886861776257443	NA	0.0204567078972407	0.00559719653460528	0.00620741155605339	NA	0.0069916361735494	0.00490691297445519
90	0.022128213472177	0.0138248847926267	0.0106518960374947	NA	0.0221172428602104	0.00851703406813627	0.00663330617944839	NA	0.0156867746460911	0.0166724316845382	0.022128213472177	0.0138248847926267	0.0106518960374947	NA	0.0221172428602104	0.00851703406813627	0.00663330617944839	NA	0.0156867746460911	0.0166724316845382
95	0.0402930402930403	0.0375	0.0199302441454908	NA	0.0315142198308993	0.0115989159891599	0.0100403490663414	NA	0.0196676839606646	0.0142118863049096	0.0402930402930403	0.0375	0.0199302441454908	NA	0.0315142198308993	0.0115989159891599	0.0100403490663414	NA	0.0196676839606646	0.0142118863049096
100	0.0919117647058824	0.0547045951859956	0.04	NA	0.0537634408602151	0.0208933717579251	0.0165574963609898	NA	0.0492505353319058	0.0176842105263158	0.0919117647058824	0.0547045951859956	0.04	NA	0.0537634408602151	0.0208933717579251	0.0165574963609898	NA	0.0492505353319058	0.0176842105263158
105	0.314814814814815	0.142857142857143	0.0425531914893617	NA	0.270833333333333	0.0331262939958592	0.0299022426682001	NA	0.108108108108108	0.0445026178010471	0.314814814814815	0.142857142857143	0.0425531914893617	NA	0.270833333333333	0.0331262939958592	0.0299022426682001	NA	0.108108108108108	0.0445026178010471
110	0.444444444444444	0.305555555555556	0.372549019607843	NA	0.65	0.0623306233062331	0.110588235294118	NA	0.210526315789474	0.108614232209738	0.444444444444444	0.305555555555556	0.372549019607843	NA	0.65	0.0623306233062331	0.110588235294118	NA	0.210526315789474	0.108614232209738
115	1	0.230769230769231	0.642857142857143	NA	1	0.132352941176471	0.118811881188119	NA	0.222222222222222	0.226415094339623	1	0.230769230769231	0.642857142857143	NA	1	0.132352941176471	0.118811881188119	NA	0.222222222222222	0.226415094339623
120	NA	1	1	NA	NA	0.318181818181818	0.266666666666667	NA	NA	0.263157894736842	NA	1	1	NA	NA	0.318181818181818	0.266666666666667	NA	NA	0.263157894736842
125	NA	NA	NA	NA	NA	0.5	1	NA	NA	1	NA	NA	NA	NA	NA	0.5	1	NA	NA	1
130	NA	NA	NA	NA	NA	1	NA	NA	NA	NA	NA	NA	NA	NA	NA	1	NA	NA	NA	NA
