0	1	1	1	1	1	1	1	1	1	1	1	1	1	1	1	1	1	1	1	1
5	1	1	1	NA	1	1	1	0.4	1	1	1	1	1	NA	1	1	1	0.4	1	1
10	0.545454545454545	0.833333333333333	NA	NA	NA	0.5	NA	0.416666666666667	1	0.357142857142857	0.545454545454545	0.833333333333333	NA	NA	NA	0.5	NA	0.416666666666667	1	0.357142857142857
15	0.588235294117647	0.466666666666667	NA	NA	NA	0.28	NA	0.333333333333333	0.5	0.8	0.588235294117647	0.466666666666667	NA	NA	NA	0.28	NA	0.333333333333333	0.5	0.8
20	0.3	0.333333333333333	NA	NA	NA	0.285714285714286	NA	0.6	0.411764705882353	0.4	0.3	0.333333333333333	NA	NA	NA	0.285714285714286	NA	0.6	0.411764705882353	0.4
25	0.347826086956522	0.260869565217391	NA	NA	NA	0.4	NA	0.8125	1	0.352941176470588	0.347826086956522	0.260869565217391	NA	NA	NA	0.4	NA	0.8125	1	0.352941176470588
30	0.411764705882353	0.266666666666667	NA	NA	NA	0.307692307692308	NA	0.545454545454545	0.666666666666667	0.176470588235294	0.411764705882353	0.266666666666667	NA	NA	NA	0.307692307692308	NA	0.545454545454545	0.666666666666667	0.176470588235294
35	0.32	0.333333333333333	NA	NA	NA	0.192307692307692	NA	0.3125	0.736842105263158	0.538461538461538	0.32	0.333333333333333	NA	NA	NA	0.192307692307692	NA	0.3125	0.736842105263158	0.538461538461538
40	0.28	0.333333333333333	NA	NA	NA	0.222222222222222	NA	0.260869565217391	0.272727272727273	0.235294117647059	0.28	0.333333333333333	NA	NA	NA	0.222222222222222	NA	0.260869565217391	0.272727272727273	0.235294117647059
45	0.266666666666667	0.35	NA	NA	NA	0.285714285714286	NA	0.238095238095238	0.44	0.35	0.266666666666667	0.35	NA	NA	NA	0.285714285714286	NA	0.238095238095238	0.44	0.35
50	0.5625	0.176470588235294	NA	NA	NA	0.631578947368421	NA	0.5	0.172413793103448	0.521739130434783	0.5625	0.176470588235294	NA	NA	NA	0.631578947368421	NA	0.5	0.172413793103448	0.521739130434783
55	0.227272727272727	0.176470588235294	NA	NA	NA	0.476190476190476	NA	0.333333333333333	0.241379310344828	0.36	0.227272727272727	0.176470588235294	NA	NA	NA	0.476190476190476	NA	0.333333333333333	0.241379310344828	0.36
60	0.269230769230769	0.473684210526316	NA	NA	NA	0.347826086956522	NA	0.294117647058824	0.163934426229508	0.296296296296296	0.269230769230769	0.473684210526316	NA	NA	NA	0.347826086956522	NA	0.294117647058824	0.163934426229508	0.296296296296296
65	0.24	0.333333333333333	NA	NA	NA	0.3	NA	0.357142857142857	0.225806451612903	0.285714285714286	0.24	0.333333333333333	NA	NA	NA	0.3	NA	0.357142857142857	0.225806451612903	0.285714285714286
70	0.238095238095238	1	NA	NA	NA	0.228571428571429	NA	0.421052631578947	0.171428571428571	0.162162162162162	0.238095238095238	1	NA	NA	NA	0.228571428571429	NA	0.421052631578947	0.171428571428571	0.162162162162162
75	0.272727272727273	0.5	NA	NA	NA	0.256410256410256	NA	0.368421052631579	0.166666666666667	0.289473684210526	0.272727272727273	0.5	NA	NA	NA	0.256410256410256	NA	0.368421052631579	0.166666666666667	0.289473684210526
80	0.222222222222222	NA	NA	NA	NA	0.323529411764706	NA	0.25	0.244444444444444	0.135135135135135	0.222222222222222	NA	NA	NA	NA	0.323529411764706	NA	0.25	0.244444444444444	0.135135135135135
85	0.354838709677419	NA	NA	NA	NA	0.161290322580645	NA	0.225	0.25	0.315789473684211	0.354838709677419	NA	NA	NA	NA	0.161290322580645	NA	0.225	0.25	0.315789473684211
90	0.302325581395349	NA	NA	NA	NA	0.358974358974359	NA	0.2	0.25531914893617	0.222222222222222	0.302325581395349	NA	NA	NA	NA	0.358974358974359	NA	0.2	0.25531914893617	0.222222222222222
95	0.191489361702128	NA	NA	NA	NA	0.2	NA	0.216216216216216	0.153846153846154	0.25	0.191489361702128	NA	NA	NA	NA	0.2	NA	0.216216216216216	0.153846153846154	0.25
100	0.15	NA	NA	NA	NA	0.145833333333333	NA	0.216216216216216	0.157894736842105	0.2	0.15	NA	NA	NA	NA	0.145833333333333	NA	0.216216216216216	0.157894736842105	0.2
105	0.102941176470588	NA	NA	NA	NA	0.254901960784314	NA	0.238095238095238	0.19047619047619	0.354838709677419	0.102941176470588	NA	NA	NA	NA	0.254901960784314	NA	0.238095238095238	0.19047619047619	0.354838709677419
110	0.13953488372093	NA	NA	NA	NA	0.184210526315789	NA	0.258620689655172	0.28	0.25	0.13953488372093	NA	NA	NA	NA	0.184210526315789	NA	0.258620689655172	0.28	0.25
115	0.189189189189189	NA	NA	NA	NA	0.275862068965517	NA	0.189655172413793	0.146341463414634	0.333333333333333	0.189189189189189	NA	NA	NA	NA	0.275862068965517	NA	0.189655172413793	0.146341463414634	0.333333333333333
120	0.258064516129032	NA	NA	NA	NA	0.3125	NA	0.0925925925925926	0.232142857142857	0.222222222222222	0.258064516129032	NA	NA	NA	NA	0.3125	NA	0.0925925925925926	0.232142857142857	0.222222222222222
125	0.366666666666667	NA	NA	NA	NA	0.318181818181818	NA	0.212121212121212	0.17741935483871	0.318181818181818	0.366666666666667	NA	NA	NA	NA	0.318181818181818	NA	0.212121212121212	0.17741935483871	0.318181818181818
130	0.342857142857143	NA	NA	NA	NA	0.357142857142857	NA	0.142857142857143	0.173333333333333	0.210526315789474	0.342857142857143	NA	NA	NA	NA	0.357142857142857	NA	0.142857142857143	0.173333333333333	0.210526315789474
135	0.111111111111111	NA	NA	NA	NA	0.2	NA	0.178571428571429	0.161290322580645	0.333333333333333	0.111111111111111	NA	NA	NA	NA	0.2	NA	0.178571428571429	0.161290322580645	0.333333333333333
140	0.210526315789474	NA	NA	NA	NA	0.205882352941176	NA	0.104477611940299	0.166666666666667	0.333333333333333	0.210526315789474	NA	NA	NA	NA	0.205882352941176	NA	0.104477611940299	0.166666666666667	0.333333333333333
145	0.272727272727273	NA	NA	NA	NA	0.35	NA	0.133333333333333	0.2	NA	0.272727272727273	NA	NA	NA	NA	0.35	NA	0.133333333333333	0.2	NA
150	0.291666666666667	NA	NA	NA	NA	0.277777777777778	NA	0.234375	0.245614035087719	NA	0.291666666666667	NA	NA	NA	NA	0.277777777777778	NA	0.234375	0.245614035087719	NA
155	0.28	NA	NA	NA	NA	0.333333333333333	NA	0.169230769230769	0.107692307692308	NA	0.28	NA	NA	NA	NA	0.333333333333333	NA	0.169230769230769	0.107692307692308	NA
160	0.384615384615385	NA	NA	NA	NA	0.19047619047619	NA	0.146666666666667	0.181818181818182	NA	0.384615384615385	NA	NA	NA	NA	0.19047619047619	NA	0.146666666666667	0.181818181818182	NA
165	0.333333333333333	NA	NA	NA	NA	0.263157894736842	NA	0.0875	0.203125	NA	0.333333333333333	NA	NA	NA	NA	0.263157894736842	NA	0.0875	0.203125	NA
170	0.25	NA	NA	NA	NA	0.28	NA	0.160919540229885	0.142857142857143	NA	0.25	NA	NA	NA	NA	0.28	NA	0.160919540229885	0.142857142857143	NA
175	0.5	NA	NA	NA	NA	0.384615384615385	NA	0.101123595505618	0.27906976744186	NA	0.5	NA	NA	NA	NA	0.384615384615385	NA	0.101123595505618	0.27906976744186	NA
180	0.454545454545455	NA	NA	NA	NA	0.4	NA	0.1875	0.163934426229508	NA	0.454545454545455	NA	NA	NA	NA	0.4	NA	0.1875	0.163934426229508	NA
185	0.5	NA	NA	NA	NA	0.545454545454545	NA	0.13953488372093	0.15625	NA	0.5	NA	NA	NA	NA	0.545454545454545	NA	0.13953488372093	0.15625	NA
190	0.625	NA	NA	NA	NA	0.833333333333333	NA	0.117647058823529	0.158536585365854	NA	0.625	NA	NA	NA	NA	0.833333333333333	NA	0.117647058823529	0.158536585365854	NA
195	0.454545454545455	NA	NA	NA	NA	0.4	NA	0.150684931506849	0.07	NA	0.454545454545455	NA	NA	NA	NA	0.4	NA	0.150684931506849	0.07	NA
200	0.384615384615385	NA	NA	NA	NA	0.8	NA	0.203125	0.121951219512195	NA	0.384615384615385	NA	NA	NA	NA	0.8	NA	0.203125	0.121951219512195	NA
205	0.444444444444444	NA	NA	NA	NA	0.75	NA	0.0853658536585366	0.110169491525424	NA	0.444444444444444	NA	NA	NA	NA	0.75	NA	0.0853658536585366	0.110169491525424	NA
210	0.461538461538462	NA	NA	NA	NA	1	NA	0.155555555555556	0.078740157480315	NA	0.461538461538462	NA	NA	NA	NA	1	NA	0.155555555555556	0.078740157480315	NA
215	0.230769230769231	NA	NA	NA	NA	1	NA	0.126760563380282	0.0952380952380952	NA	0.230769230769231	NA	NA	NA	NA	1	NA	0.126760563380282	0.0952380952380952	NA
220	0.214285714285714	NA	NA	NA	NA	0.5	NA	0.109375	0.0833333333333333	NA	0.214285714285714	NA	NA	NA	NA	0.5	NA	0.109375	0.0833333333333333	NA
225	0.473684210526316	NA	NA	NA	NA	NA	NA	0.136363636363636	0.108108108108108	NA	0.473684210526316	NA	NA	NA	NA	NA	NA	0.136363636363636	0.108108108108108	NA
230	0.388888888888889	NA	NA	NA	NA	NA	NA	0.0866141732283465	0.112359550561798	NA	0.388888888888889	NA	NA	NA	NA	NA	NA	0.0866141732283465	0.112359550561798	NA
235	0.545454545454545	NA	NA	NA	NA	NA	NA	0.0921985815602837	0.1	NA	0.545454545454545	NA	NA	NA	NA	NA	NA	0.0921985815602837	0.1	NA
240	0.6	NA	NA	NA	NA	NA	NA	0.0990990990990991	0.222222222222222	NA	0.6	NA	NA	NA	NA	NA	NA	0.0990990990990991	0.222222222222222	NA
245	0.384615384615385	NA	NA	NA	NA	NA	NA	0.170454545454545	0.159420289855072	NA	0.384615384615385	NA	NA	NA	NA	NA	NA	0.170454545454545	0.159420289855072	NA
250	0.230769230769231	NA	NA	NA	NA	NA	NA	0.0786516853932584	0.147540983606557	NA	0.230769230769231	NA	NA	NA	NA	NA	NA	0.0786516853932584	0.147540983606557	NA
255	0.52	NA	NA	NA	NA	NA	NA	0.133333333333333	0.123456790123457	NA	0.52	NA	NA	NA	NA	NA	NA	0.133333333333333	0.123456790123457	NA
260	0.434782608695652	NA	NA	NA	NA	NA	NA	0.104651162790698	0.134146341463415	NA	0.434782608695652	NA	NA	NA	NA	NA	NA	0.104651162790698	0.134146341463415	NA
265	0.277777777777778	NA	NA	NA	NA	NA	NA	0.118421052631579	0.109756097560976	NA	0.277777777777778	NA	NA	NA	NA	NA	NA	0.118421052631579	0.109756097560976	NA
270	0.357142857142857	NA	NA	NA	NA	NA	NA	0.136363636363636	0.132530120481928	NA	0.357142857142857	NA	NA	NA	NA	NA	NA	0.136363636363636	0.132530120481928	NA
275	0.454545454545455	NA	NA	NA	NA	NA	NA	0.1	0.118279569892473	NA	0.454545454545455	NA	NA	NA	NA	NA	NA	0.1	0.118279569892473	NA
280	0.470588235294118	NA	NA	NA	NA	NA	NA	0.0689655172413793	0.130434782608696	NA	0.470588235294118	NA	NA	NA	NA	NA	NA	0.0689655172413793	0.130434782608696	NA
285	0.333333333333333	NA	NA	NA	NA	NA	NA	0.135135135135135	0.123711340206186	NA	0.333333333333333	NA	NA	NA	NA	NA	NA	0.135135135135135	0.123711340206186	NA
290	0.272727272727273	NA	NA	NA	NA	NA	NA	0.152777777777778	0.0784313725490196	NA	0.272727272727273	NA	NA	NA	NA	NA	NA	0.152777777777778	0.0784313725490196	NA
295	0.285714285714286	NA	NA	NA	NA	NA	NA	0.142857142857143	0.121495327102804	NA	0.285714285714286	NA	NA	NA	NA	NA	NA	0.142857142857143	0.121495327102804	NA
300	0.25	NA	NA	NA	NA	NA	NA	0.142857142857143	0.0714285714285714	NA	0.25	NA	NA	NA	NA	NA	NA	0.142857142857143	0.0714285714285714	NA
305	0.533333333333333	NA	NA	NA	NA	NA	NA	0.12280701754386	0.0804597701149425	NA	0.533333333333333	NA	NA	NA	NA	NA	NA	0.12280701754386	0.0804597701149425	NA
310	0.333333333333333	NA	NA	NA	NA	NA	NA	0.140845070422535	0.123456790123457	NA	0.333333333333333	NA	NA	NA	NA	NA	NA	0.140845070422535	0.123456790123457	NA
315	0.538461538461538	NA	NA	NA	NA	NA	NA	0.175675675675676	0.117647058823529	NA	0.538461538461538	NA	NA	NA	NA	NA	NA	0.175675675675676	0.117647058823529	NA
320	0.6	NA	NA	NA	NA	NA	NA	0.112676056338028	0.111111111111111	NA	0.6	NA	NA	NA	NA	NA	NA	0.112676056338028	0.111111111111111	NA
325	0.625	NA	NA	NA	NA	NA	NA	0.216867469879518	0.118279569892473	NA	0.625	NA	NA	NA	NA	NA	NA	0.216867469879518	0.118279569892473	NA
330	1	NA	NA	NA	NA	NA	NA	0.16304347826087	0.0851063829787234	NA	1	NA	NA	NA	NA	NA	NA	0.16304347826087	0.0851063829787234	NA
335	NA	NA	NA	NA	NA	NA	NA	0.12	0.0909090909090909	NA	NA	NA	NA	NA	NA	NA	NA	0.12	0.0909090909090909	NA
340	NA	NA	NA	NA	NA	NA	NA	0.132530120481928	0.145161290322581	NA	NA	NA	NA	NA	NA	NA	NA	0.132530120481928	0.145161290322581	NA
345	NA	NA	NA	NA	NA	NA	NA	0.0909090909090909	0.192982456140351	NA	NA	NA	NA	NA	NA	NA	NA	0.0909090909090909	0.192982456140351	NA
350	NA	NA	NA	NA	NA	NA	NA	0.0697674418604651	0.145833333333333	NA	NA	NA	NA	NA	NA	NA	NA	0.0697674418604651	0.145833333333333	NA
355	NA	NA	NA	NA	NA	NA	NA	0.0779220779220779	0.15	NA	NA	NA	NA	NA	NA	NA	NA	0.0779220779220779	0.15	NA
360	NA	NA	NA	NA	NA	NA	NA	0.118881118881119	0.1875	NA	NA	NA	NA	NA	NA	NA	NA	0.118881118881119	0.1875	NA
365	NA	NA	NA	NA	NA	NA	NA	0.146153846153846	0.260869565217391	NA	NA	NA	NA	NA	NA	NA	NA	0.146153846153846	0.260869565217391	NA
370	NA	NA	NA	NA	NA	NA	NA	0.0882352941176471	0.277777777777778	NA	NA	NA	NA	NA	NA	NA	NA	0.0882352941176471	0.277777777777778	NA
375	NA	NA	NA	NA	NA	NA	NA	0.0740740740740741	0.307692307692308	NA	NA	NA	NA	NA	NA	NA	NA	0.0740740740740741	0.307692307692308	NA
380	NA	NA	NA	NA	NA	NA	NA	0.0714285714285714	0.272727272727273	NA	NA	NA	NA	NA	NA	NA	NA	0.0714285714285714	0.272727272727273	NA
385	NA	NA	NA	NA	NA	NA	NA	0.107438016528926	0.258064516129032	NA	NA	NA	NA	NA	NA	NA	NA	0.107438016528926	0.258064516129032	NA
390	NA	NA	NA	NA	NA	NA	NA	0.0642857142857143	0.219512195121951	NA	NA	NA	NA	NA	NA	NA	NA	0.0642857142857143	0.219512195121951	NA
395	NA	NA	NA	NA	NA	NA	NA	0.0614525139664804	0.275	NA	NA	NA	NA	NA	NA	NA	NA	0.0614525139664804	0.275	NA
400	NA	NA	NA	NA	NA	NA	NA	0.0742857142857143	0.133333333333333	NA	NA	NA	NA	NA	NA	NA	NA	0.0742857142857143	0.133333333333333	NA
405	NA	NA	NA	NA	NA	NA	NA	0.064327485380117	0.25	NA	NA	NA	NA	NA	NA	NA	NA	0.064327485380117	0.25	NA
410	NA	NA	NA	NA	NA	NA	NA	0.125714285714286	0.25	NA	NA	NA	NA	NA	NA	NA	NA	0.125714285714286	0.25	NA
415	NA	NA	NA	NA	NA	NA	NA	0.0758293838862559	0.294117647058824	NA	NA	NA	NA	NA	NA	NA	NA	0.0758293838862559	0.294117647058824	NA
420	NA	NA	NA	NA	NA	NA	NA	0.0806451612903226	0.305084745762712	NA	NA	NA	NA	NA	NA	NA	NA	0.0806451612903226	0.305084745762712	NA
425	NA	NA	NA	NA	NA	NA	NA	0.0654205607476635	0.147540983606557	NA	NA	NA	NA	NA	NA	NA	NA	0.0654205607476635	0.147540983606557	NA
430	NA	NA	NA	NA	NA	NA	NA	0.0614035087719298	0.108108108108108	NA	NA	NA	NA	NA	NA	NA	NA	0.0614035087719298	0.108108108108108	NA
435	NA	NA	NA	NA	NA	NA	NA	0.0508474576271186	0.132075471698113	NA	NA	NA	NA	NA	NA	NA	NA	0.0508474576271186	0.132075471698113	NA
440	NA	NA	NA	NA	NA	NA	NA	0.0645161290322581	0.202898550724638	NA	NA	NA	NA	NA	NA	NA	NA	0.0645161290322581	0.202898550724638	NA
445	NA	NA	NA	NA	NA	NA	NA	0.0476190476190476	0.142857142857143	NA	NA	NA	NA	NA	NA	NA	NA	0.0476190476190476	0.142857142857143	NA
450	NA	NA	NA	NA	NA	NA	NA	0.0658682634730539	0.28	NA	NA	NA	NA	NA	NA	NA	NA	0.0658682634730539	0.28	NA
455	NA	NA	NA	NA	NA	NA	NA	0.0614525139664804	0.2	NA	NA	NA	NA	NA	NA	NA	NA	0.0614525139664804	0.2	NA
460	NA	NA	NA	NA	NA	NA	NA	0.0731707317073171	0.5	NA	NA	NA	NA	NA	NA	NA	NA	0.0731707317073171	0.5	NA
465	NA	NA	NA	NA	NA	NA	NA	0.0875	0.428571428571429	NA	NA	NA	NA	NA	NA	NA	NA	0.0875	0.428571428571429	NA
470	NA	NA	NA	NA	NA	NA	NA	0.0616438356164384	0.333333333333333	NA	NA	NA	NA	NA	NA	NA	NA	0.0616438356164384	0.333333333333333	NA
475	NA	NA	NA	NA	NA	NA	NA	0.0649350649350649	0.275862068965517	NA	NA	NA	NA	NA	NA	NA	NA	0.0649350649350649	0.275862068965517	NA
480	NA	NA	NA	NA	NA	NA	NA	0.0671140939597315	0.3	NA	NA	NA	NA	NA	NA	NA	NA	0.0671140939597315	0.3	NA
485	NA	NA	NA	NA	NA	NA	NA	0.0594059405940594	0.227272727272727	NA	NA	NA	NA	NA	NA	NA	NA	0.0594059405940594	0.227272727272727	NA
490	NA	NA	NA	NA	NA	NA	NA	0.119565217391304	0.211538461538462	NA	NA	NA	NA	NA	NA	NA	NA	0.119565217391304	0.211538461538462	NA
495	NA	NA	NA	NA	NA	NA	NA	0.0743801652892562	0.133333333333333	NA	NA	NA	NA	NA	NA	NA	NA	0.0743801652892562	0.133333333333333	NA
500	NA	NA	NA	NA	NA	NA	NA	0.0895522388059701	0.172413793103448	NA	NA	NA	NA	NA	NA	NA	NA	0.0895522388059701	0.172413793103448	NA
505	NA	NA	NA	NA	NA	NA	NA	0.0540540540540541	0.122448979591837	NA	NA	NA	NA	NA	NA	NA	NA	0.0540540540540541	0.122448979591837	NA
510	NA	NA	NA	NA	NA	NA	NA	0.0903225806451613	0.134615384615385	NA	NA	NA	NA	NA	NA	NA	NA	0.0903225806451613	0.134615384615385	NA
515	NA	NA	NA	NA	NA	NA	NA	0.101351351351351	0.340425531914894	NA	NA	NA	NA	NA	NA	NA	NA	0.101351351351351	0.340425531914894	NA
520	NA	NA	NA	NA	NA	NA	NA	0.0933333333333333	0.157894736842105	NA	NA	NA	NA	NA	NA	NA	NA	0.0933333333333333	0.157894736842105	NA
525	NA	NA	NA	NA	NA	NA	NA	0.118343195266272	0.186046511627907	NA	NA	NA	NA	NA	NA	NA	NA	0.118343195266272	0.186046511627907	NA
530	NA	NA	NA	NA	NA	NA	NA	0.0897435897435897	0.230769230769231	NA	NA	NA	NA	NA	NA	NA	NA	0.0897435897435897	0.230769230769231	NA
535	NA	NA	NA	NA	NA	NA	NA	0.0789473684210526	0.377358490566038	NA	NA	NA	NA	NA	NA	NA	NA	0.0789473684210526	0.377358490566038	NA
540	NA	NA	NA	NA	NA	NA	NA	0.124137931034483	0.333333333333333	NA	NA	NA	NA	NA	NA	NA	NA	0.124137931034483	0.333333333333333	NA
545	NA	NA	NA	NA	NA	NA	NA	0.0617283950617284	0.186046511627907	NA	NA	NA	NA	NA	NA	NA	NA	0.0617283950617284	0.186046511627907	NA
550	NA	NA	NA	NA	NA	NA	NA	0.102564102564103	0.236842105263158	NA	NA	NA	NA	NA	NA	NA	NA	0.102564102564103	0.236842105263158	NA
555	NA	NA	NA	NA	NA	NA	NA	0.0652173913043478	0.25	NA	NA	NA	NA	NA	NA	NA	NA	0.0652173913043478	0.25	NA
560	NA	NA	NA	NA	NA	NA	NA	0.0833333333333333	0.215686274509804	NA	NA	NA	NA	NA	NA	NA	NA	0.0833333333333333	0.215686274509804	NA
565	NA	NA	NA	NA	NA	NA	NA	0.0902255639097744	0.230769230769231	NA	NA	NA	NA	NA	NA	NA	NA	0.0902255639097744	0.230769230769231	NA
570	NA	NA	NA	NA	NA	NA	NA	0.102564102564103	0.261904761904762	NA	NA	NA	NA	NA	NA	NA	NA	0.102564102564103	0.261904761904762	NA
575	NA	NA	NA	NA	NA	NA	NA	0.127659574468085	0.3	NA	NA	NA	NA	NA	NA	NA	NA	0.127659574468085	0.3	NA
580	NA	NA	NA	NA	NA	NA	NA	0.0823529411764706	0.181818181818182	NA	NA	NA	NA	NA	NA	NA	NA	0.0823529411764706	0.181818181818182	NA
585	NA	NA	NA	NA	NA	NA	NA	0.10958904109589	0.166666666666667	NA	NA	NA	NA	NA	NA	NA	NA	0.10958904109589	0.166666666666667	NA
590	NA	NA	NA	NA	NA	NA	NA	0.0909090909090909	0.142857142857143	NA	NA	NA	NA	NA	NA	NA	NA	0.0909090909090909	0.142857142857143	NA
595	NA	NA	NA	NA	NA	NA	NA	0.153846153846154	0.222222222222222	NA	NA	NA	NA	NA	NA	NA	NA	0.153846153846154	0.222222222222222	NA
600	NA	NA	NA	NA	NA	NA	NA	0.166666666666667	0.166666666666667	NA	NA	NA	NA	NA	NA	NA	NA	0.166666666666667	0.166666666666667	NA
605	NA	NA	NA	NA	NA	NA	NA	0.135593220338983	0.166666666666667	NA	NA	NA	NA	NA	NA	NA	NA	0.135593220338983	0.166666666666667	NA
610	NA	NA	NA	NA	NA	NA	NA	0.220588235294118	0.109756097560976	NA	NA	NA	NA	NA	NA	NA	NA	0.220588235294118	0.109756097560976	NA
615	NA	NA	NA	NA	NA	NA	NA	0.119047619047619	0.185185185185185	NA	NA	NA	NA	NA	NA	NA	NA	0.119047619047619	0.185185185185185	NA
620	NA	NA	NA	NA	NA	NA	NA	0.209302325581395	0.101694915254237	NA	NA	NA	NA	NA	NA	NA	NA	0.209302325581395	0.101694915254237	NA
625	NA	NA	NA	NA	NA	NA	NA	0.11864406779661	0.130434782608696	NA	NA	NA	NA	NA	NA	NA	NA	0.11864406779661	0.130434782608696	NA
630	NA	NA	NA	NA	NA	NA	NA	0.157142857142857	0.181818181818182	NA	NA	NA	NA	NA	NA	NA	NA	0.157142857142857	0.181818181818182	NA
635	NA	NA	NA	NA	NA	NA	NA	0.147058823529412	0.163934426229508	NA	NA	NA	NA	NA	NA	NA	NA	0.147058823529412	0.163934426229508	NA
640	NA	NA	NA	NA	NA	NA	NA	0.115384615384615	0.180327868852459	NA	NA	NA	NA	NA	NA	NA	NA	0.115384615384615	0.180327868852459	NA
645	NA	NA	NA	NA	NA	NA	NA	0.18	0.145161290322581	NA	NA	NA	NA	NA	NA	NA	NA	0.18	0.145161290322581	NA
650	NA	NA	NA	NA	NA	NA	NA	0.232142857142857	0.136363636363636	NA	NA	NA	NA	NA	NA	NA	NA	0.232142857142857	0.136363636363636	NA
655	NA	NA	NA	NA	NA	NA	NA	0.111111111111111	0.132530120481928	NA	NA	NA	NA	NA	NA	NA	NA	0.111111111111111	0.132530120481928	NA
660	NA	NA	NA	NA	NA	NA	NA	0.193548387096774	0.152777777777778	NA	NA	NA	NA	NA	NA	NA	NA	0.193548387096774	0.152777777777778	NA
665	NA	NA	NA	NA	NA	NA	NA	0.224137931034483	0.161290322580645	NA	NA	NA	NA	NA	NA	NA	NA	0.224137931034483	0.161290322580645	NA
670	NA	NA	NA	NA	NA	NA	NA	0.181818181818182	0.22	NA	NA	NA	NA	NA	NA	NA	NA	0.181818181818182	0.22	NA
675	NA	NA	NA	NA	NA	NA	NA	0.170731707317073	0.137931034482759	NA	NA	NA	NA	NA	NA	NA	NA	0.170731707317073	0.137931034482759	NA
680	NA	NA	NA	NA	NA	NA	NA	0.19047619047619	0.150943396226415	NA	NA	NA	NA	NA	NA	NA	NA	0.19047619047619	0.150943396226415	NA
685	NA	NA	NA	NA	NA	NA	NA	0.3	0.132075471698113	NA	NA	NA	NA	NA	NA	NA	NA	0.3	0.132075471698113	NA
690	NA	NA	NA	NA	NA	NA	NA	0.5	0.117647058823529	NA	NA	NA	NA	NA	NA	NA	NA	0.5	0.117647058823529	NA
695	NA	NA	NA	NA	NA	NA	NA	0.470588235294118	0.225806451612903	NA	NA	NA	NA	NA	NA	NA	NA	0.470588235294118	0.225806451612903	NA
700	NA	NA	NA	NA	NA	NA	NA	0.266666666666667	0.333333333333333	NA	NA	NA	NA	NA	NA	NA	NA	0.266666666666667	0.333333333333333	NA
705	NA	NA	NA	NA	NA	NA	NA	0.470588235294118	0.3125	NA	NA	NA	NA	NA	NA	NA	NA	0.470588235294118	0.3125	NA
710	NA	NA	NA	NA	NA	NA	NA	0.363636363636364	0.2	NA	NA	NA	NA	NA	NA	NA	NA	0.363636363636364	0.2	NA
715	NA	NA	NA	NA	NA	NA	NA	0.75	0.277777777777778	NA	NA	NA	NA	NA	NA	NA	NA	0.75	0.277777777777778	NA
720	NA	NA	NA	NA	NA	NA	NA	0.461538461538462	0.315789473684211	NA	NA	NA	NA	NA	NA	NA	NA	0.461538461538462	0.315789473684211	NA
725	NA	NA	NA	NA	NA	NA	NA	0.4375	0.5	NA	NA	NA	NA	NA	NA	NA	NA	0.4375	0.5	NA
730	NA	NA	NA	NA	NA	NA	NA	0.3	0.219512195121951	NA	NA	NA	NA	NA	NA	NA	NA	0.3	0.219512195121951	NA
735	NA	NA	NA	NA	NA	NA	NA	0.625	0.220338983050847	NA	NA	NA	NA	NA	NA	NA	NA	0.625	0.220338983050847	NA
740	NA	NA	NA	NA	NA	NA	NA	0.75	0.153846153846154	NA	NA	NA	NA	NA	NA	NA	NA	0.75	0.153846153846154	NA
745	NA	NA	NA	NA	NA	NA	NA	0.5	0.129032258064516	NA	NA	NA	NA	NA	NA	NA	NA	0.5	0.129032258064516	NA
750	NA	NA	NA	NA	NA	NA	NA	1	0.140350877192982	NA	NA	NA	NA	NA	NA	NA	NA	1	0.140350877192982	NA
755	NA	NA	NA	NA	NA	NA	NA	0.666666666666667	0.150684931506849	NA	NA	NA	NA	NA	NA	NA	NA	0.666666666666667	0.150684931506849	NA
760	NA	NA	NA	NA	NA	NA	NA	1	0.0561797752808989	NA	NA	NA	NA	NA	NA	NA	NA	1	0.0561797752808989	NA
765	NA	NA	NA	NA	NA	NA	NA	0.3	0.0952380952380952	NA	NA	NA	NA	NA	NA	NA	NA	0.3	0.0952380952380952	NA
770	NA	NA	NA	NA	NA	NA	NA	0.4	0.121621621621622	NA	NA	NA	NA	NA	NA	NA	NA	0.4	0.121621621621622	NA
775	NA	NA	NA	NA	NA	NA	NA	0.470588235294118	0.111111111111111	NA	NA	NA	NA	NA	NA	NA	NA	0.470588235294118	0.111111111111111	NA
780	NA	NA	NA	NA	NA	NA	NA	0.235294117647059	0.144144144144144	NA	NA	NA	NA	NA	NA	NA	NA	0.235294117647059	0.144144144144144	NA
785	NA	NA	NA	NA	NA	NA	NA	0.25	0.100917431192661	NA	NA	NA	NA	NA	NA	NA	NA	0.25	0.100917431192661	NA
790	NA	NA	NA	NA	NA	NA	NA	0.3	0.0619469026548673	NA	NA	NA	NA	NA	NA	NA	NA	0.3	0.0619469026548673	NA
795	NA	NA	NA	NA	NA	NA	NA	0.375	0.0990990990990991	NA	NA	NA	NA	NA	NA	NA	NA	0.375	0.0990990990990991	NA
800	NA	NA	NA	NA	NA	NA	NA	0.333333333333333	0.0833333333333333	NA	NA	NA	NA	NA	NA	NA	NA	0.333333333333333	0.0833333333333333	NA
805	NA	NA	NA	NA	NA	NA	NA	0.714285714285714	0.12	NA	NA	NA	NA	NA	NA	NA	NA	0.714285714285714	0.12	NA
810	NA	NA	NA	NA	NA	NA	NA	1	0.0769230769230769	NA	NA	NA	NA	NA	NA	NA	NA	1	0.0769230769230769	NA
815	NA	NA	NA	NA	NA	NA	NA	1	0.0957446808510638	NA	NA	NA	NA	NA	NA	NA	NA	1	0.0957446808510638	NA
820	NA	NA	NA	NA	NA	NA	NA	1	0.130952380952381	NA	NA	NA	NA	NA	NA	NA	NA	1	0.130952380952381	NA
825	NA	NA	NA	NA	NA	NA	NA	0.789473684210526	0.239130434782609	NA	NA	NA	NA	NA	NA	NA	NA	0.789473684210526	0.239130434782609	NA
830	NA	NA	NA	NA	NA	NA	NA	0.333333333333333	0.2	NA	NA	NA	NA	NA	NA	NA	NA	0.333333333333333	0.2	NA
835	NA	NA	NA	NA	NA	NA	NA	0.321428571428571	0.204545454545455	NA	NA	NA	NA	NA	NA	NA	NA	0.321428571428571	0.204545454545455	NA
840	NA	NA	NA	NA	NA	NA	NA	0.217391304347826	0.137931034482759	NA	NA	NA	NA	NA	NA	NA	NA	0.217391304347826	0.137931034482759	NA
845	NA	NA	NA	NA	NA	NA	NA	0.235294117647059	0.1875	NA	NA	NA	NA	NA	NA	NA	NA	0.235294117647059	0.1875	NA
850	NA	NA	NA	NA	NA	NA	NA	0.222222222222222	0.391304347826087	NA	NA	NA	NA	NA	NA	NA	NA	0.222222222222222	0.391304347826087	NA
855	NA	NA	NA	NA	NA	NA	NA	0.285714285714286	0.352941176470588	NA	NA	NA	NA	NA	NA	NA	NA	0.285714285714286	0.352941176470588	NA
860	NA	NA	NA	NA	NA	NA	NA	0.6	0.424242424242424	NA	NA	NA	NA	NA	NA	NA	NA	0.6	0.424242424242424	NA
865	NA	NA	NA	NA	NA	NA	NA	0.777777777777778	0.380952380952381	NA	NA	NA	NA	NA	NA	NA	NA	0.777777777777778	0.380952380952381	NA
870	NA	NA	NA	NA	NA	NA	NA	0.666666666666667	0.28	NA	NA	NA	NA	NA	NA	NA	NA	0.666666666666667	0.28	NA
875	NA	NA	NA	NA	NA	NA	NA	0.571428571428571	0.2	NA	NA	NA	NA	NA	NA	NA	NA	0.571428571428571	0.2	NA
880	NA	NA	NA	NA	NA	NA	NA	0.833333333333333	0.243243243243243	NA	NA	NA	NA	NA	NA	NA	NA	0.833333333333333	0.243243243243243	NA
885	NA	NA	NA	NA	NA	NA	NA	NA	0.303030303030303	NA	NA	NA	NA	NA	NA	NA	NA	NA	0.303030303030303	NA
890	NA	NA	NA	NA	NA	NA	NA	NA	0.214285714285714	NA	NA	NA	NA	NA	NA	NA	NA	NA	0.214285714285714	NA
895	NA	NA	NA	NA	NA	NA	NA	NA	0.181818181818182	NA	NA	NA	NA	NA	NA	NA	NA	NA	0.181818181818182	NA
900	NA	NA	NA	NA	NA	NA	NA	NA	0.266666666666667	NA	NA	NA	NA	NA	NA	NA	NA	NA	0.266666666666667	NA
905	NA	NA	NA	NA	NA	NA	NA	NA	0.571428571428571	NA	NA	NA	NA	NA	NA	NA	NA	NA	0.571428571428571	NA
910	NA	NA	NA	NA	NA	NA	NA	NA	0.357142857142857	NA	NA	NA	NA	NA	NA	NA	NA	NA	0.357142857142857	NA
915	NA	NA	NA	NA	NA	NA	NA	NA	0.25	NA	NA	NA	NA	NA	NA	NA	NA	NA	0.25	NA
920	NA	NA	NA	NA	NA	NA	NA	NA	0.230769230769231	NA	NA	NA	NA	NA	NA	NA	NA	NA	0.230769230769231	NA
925	NA	NA	NA	NA	NA	NA	NA	NA	0.173913043478261	NA	NA	NA	NA	NA	NA	NA	NA	NA	0.173913043478261	NA
930	NA	NA	NA	NA	NA	NA	NA	NA	0.225806451612903	NA	NA	NA	NA	NA	NA	NA	NA	NA	0.225806451612903	NA
935	NA	NA	NA	NA	NA	NA	NA	NA	0.146341463414634	NA	NA	NA	NA	NA	NA	NA	NA	NA	0.146341463414634	NA
940	NA	NA	NA	NA	NA	NA	NA	NA	0.388888888888889	NA	NA	NA	NA	NA	NA	NA	NA	NA	0.388888888888889	NA
945	NA	NA	NA	NA	NA	NA	NA	NA	0.2	NA	NA	NA	NA	NA	NA	NA	NA	NA	0.2	NA
950	NA	NA	NA	NA	NA	NA	NA	NA	0.162162162162162	NA	NA	NA	NA	NA	NA	NA	NA	NA	0.162162162162162	NA
955	NA	NA	NA	NA	NA	NA	NA	NA	0.227272727272727	NA	NA	NA	NA	NA	NA	NA	NA	NA	0.227272727272727	NA
960	NA	NA	NA	NA	NA	NA	NA	NA	0.145161290322581	NA	NA	NA	NA	NA	NA	NA	NA	NA	0.145161290322581	NA
965	NA	NA	NA	NA	NA	NA	NA	NA	0.131578947368421	NA	NA	NA	NA	NA	NA	NA	NA	NA	0.131578947368421	NA
970	NA	NA	NA	NA	NA	NA	NA	NA	0.116666666666667	NA	NA	NA	NA	NA	NA	NA	NA	NA	0.116666666666667	NA
975	NA	NA	NA	NA	NA	NA	NA	NA	0.0793650793650794	NA	NA	NA	NA	NA	NA	NA	NA	NA	0.0793650793650794	NA
980	NA	NA	NA	NA	NA	NA	NA	NA	0.102040816326531	NA	NA	NA	NA	NA	NA	NA	NA	NA	0.102040816326531	NA
985	NA	NA	NA	NA	NA	NA	NA	NA	0.118421052631579	NA	NA	NA	NA	NA	NA	NA	NA	NA	0.118421052631579	NA
990	NA	NA	NA	NA	NA	NA	NA	NA	0.112676056338028	NA	NA	NA	NA	NA	NA	NA	NA	NA	0.112676056338028	NA
995	NA	NA	NA	NA	NA	NA	NA	NA	0.152542372881356	NA	NA	NA	NA	NA	NA	NA	NA	NA	0.152542372881356	NA
1000	NA	NA	NA	NA	NA	NA	NA	NA	0.166666666666667	NA	NA	NA	NA	NA	NA	NA	NA	NA	0.166666666666667	NA
1005	NA	NA	NA	NA	NA	NA	NA	NA	0.1875	NA	NA	NA	NA	NA	NA	NA	NA	NA	0.1875	NA
1010	NA	NA	NA	NA	NA	NA	NA	NA	0.310344827586207	NA	NA	NA	NA	NA	NA	NA	NA	NA	0.310344827586207	NA
1015	NA	NA	NA	NA	NA	NA	NA	NA	0.148148148148148	NA	NA	NA	NA	NA	NA	NA	NA	NA	0.148148148148148	NA
1020	NA	NA	NA	NA	NA	NA	NA	NA	0.172413793103448	NA	NA	NA	NA	NA	NA	NA	NA	NA	0.172413793103448	NA
1025	NA	NA	NA	NA	NA	NA	NA	NA	0.235294117647059	NA	NA	NA	NA	NA	NA	NA	NA	NA	0.235294117647059	NA
1030	NA	NA	NA	NA	NA	NA	NA	NA	0.238095238095238	NA	NA	NA	NA	NA	NA	NA	NA	NA	0.238095238095238	NA
1035	NA	NA	NA	NA	NA	NA	NA	NA	0.285714285714286	NA	NA	NA	NA	NA	NA	NA	NA	NA	0.285714285714286	NA
1040	NA	NA	NA	NA	NA	NA	NA	NA	0.333333333333333	NA	NA	NA	NA	NA	NA	NA	NA	NA	0.333333333333333	NA
1045	NA	NA	NA	NA	NA	NA	NA	NA	0.384615384615385	NA	NA	NA	NA	NA	NA	NA	NA	NA	0.384615384615385	NA
1050	NA	NA	NA	NA	NA	NA	NA	NA	0.275	NA	NA	NA	NA	NA	NA	NA	NA	NA	0.275	NA
1055	NA	NA	NA	NA	NA	NA	NA	NA	0.129032258064516	NA	NA	NA	NA	NA	NA	NA	NA	NA	0.129032258064516	NA
1060	NA	NA	NA	NA	NA	NA	NA	NA	0.285714285714286	NA	NA	NA	NA	NA	NA	NA	NA	NA	0.285714285714286	NA
1065	NA	NA	NA	NA	NA	NA	NA	NA	0.206896551724138	NA	NA	NA	NA	NA	NA	NA	NA	NA	0.206896551724138	NA
1070	NA	NA	NA	NA	NA	NA	NA	NA	0.384615384615385	NA	NA	NA	NA	NA	NA	NA	NA	NA	0.384615384615385	NA
1075	NA	NA	NA	NA	NA	NA	NA	NA	1	NA	NA	NA	NA	NA	NA	NA	NA	NA	1	NA
