0	1	1	1	1	1	1	1	1	1	1	1	1	1	1	1	1	1	1	1	1
5	0.8	1	1	1	0.916666666666667	1	NA	1	0.416666666666667	0.6	0.8	1	1	1	0.916666666666667	1	NA	1	0.416666666666667	0.6
10	0.833333333333333	1	1	0.571428571428571	0.583333333333333	0.352941176470588	NA	0.5625	0.625	0.545454545454545	0.833333333333333	1	1	0.571428571428571	0.583333333333333	0.352941176470588	NA	0.5625	0.625	0.545454545454545
15	1	1	0.5	0.5	0.428571428571429	0.24	NA	0.35	0.529411764705882	0.5625	1	1	0.5	0.5	0.428571428571429	0.24	NA	0.35	0.529411764705882	0.5625
20	1	1	1	1	0.391304347826087	0.451612903225806	NA	0.171428571428571	0.444444444444444	0.32	1	1	1	1	0.391304347826087	0.451612903225806	NA	0.171428571428571	0.444444444444444	0.32
25	0.454545454545455	0.4	0.5	0.8	0.277777777777778	0.260869565217391	NA	0.19047619047619	0.3	0.227272727272727	0.454545454545455	0.4	0.5	0.8	0.277777777777778	0.260869565217391	NA	0.19047619047619	0.3	0.227272727272727
30	0.421052631578947	0.625	1	0.5	0.0967741935483871	0.517241379310345	NA	0.137254901960784	0.366666666666667	0.166666666666667	0.421052631578947	0.625	1	0.5	0.0967741935483871	0.517241379310345	NA	0.137254901960784	0.366666666666667	0.166666666666667
35	0.291666666666667	0.444444444444444	NA	1	0.14	0.428571428571429	NA	0.185185185185185	0.433333333333333	0.232142857142857	0.291666666666667	0.444444444444444	NA	1	0.14	0.428571428571429	NA	0.185185185185185	0.433333333333333	0.232142857142857
40	0.346153846153846	0.333333333333333	NA	1	0.0679611650485437	0.368421052631579	NA	0.163934426229508	0.297297297297297	0.176470588235294	0.346153846153846	0.333333333333333	NA	1	0.0679611650485437	0.368421052631579	NA	0.163934426229508	0.297297297297297	0.176470588235294
45	0.612903225806452	0.222222222222222	NA	0.666666666666667	0.104761904761905	0.4	NA	0.205882352941176	0.191780821917808	0.169811320754717	0.612903225806452	0.222222222222222	NA	0.666666666666667	0.104761904761905	0.4	NA	0.205882352941176	0.191780821917808	0.169811320754717
50	0.235294117647059	0.285714285714286	NA	0.636363636363636	0.157894736842105	0.571428571428571	NA	0.122448979591837	0.2	0.0735294117647059	0.235294117647059	0.285714285714286	NA	0.636363636363636	0.157894736842105	0.571428571428571	NA	0.122448979591837	0.2	0.0735294117647059
55	0.26530612244898	1	NA	0.538461538461538	0.0719424460431655	0.6	NA	0.106508875739645	0.102941176470588	0.0962962962962963	0.26530612244898	1	NA	0.538461538461538	0.0719424460431655	0.6	NA	0.106508875739645	0.102941176470588	0.0962962962962963
60	0.333333333333333	0.363636363636364	NA	0.4375	0.0777777777777778	1	NA	0.0625	0.142857142857143	0.142857142857143	0.333333333333333	0.363636363636364	NA	0.4375	0.0777777777777778	1	NA	0.0625	0.142857142857143	0.142857142857143
65	0.341463414634146	0.291666666666667	NA	0.64	0.0594594594594595	1	NA	0.0790960451977401	0.0909090909090909	0.0943396226415094	0.341463414634146	0.291666666666667	NA	0.64	0.0594594594594595	1	NA	0.0790960451977401	0.0909090909090909	0.0943396226415094
70	0.413793103448276	0.361111111111111	NA	0.32258064516129	0.0672268907563025	NA	NA	0.0789473684210526	0.133802816901408	0.0979381443298969	0.413793103448276	0.361111111111111	NA	0.32258064516129	0.0672268907563025	NA	NA	0.0789473684210526	0.133802816901408	0.0979381443298969
75	0.294117647058824	0.296875	NA	0.277777777777778	0.0674157303370786	NA	NA	0.072289156626506	0.065989847715736	0.0590551181102362	0.294117647058824	0.296875	NA	0.277777777777778	0.0674157303370786	NA	NA	0.072289156626506	0.065989847715736	0.0590551181102362
80	0.2	0.176470588235294	NA	0.28	0.0507936507936508	NA	NA	0.0737179487179487	0.0625	0.0481099656357388	0.2	0.176470588235294	NA	0.28	0.0507936507936508	NA	NA	0.0737179487179487	0.0625	0.0481099656357388
85	0.3	0.181159420289855	NA	0.214285714285714	0.0532994923857868	NA	NA	0.06	0.0434782608695652	0.0449101796407186	0.3	0.181159420289855	NA	0.214285714285714	0.0532994923857868	NA	NA	0.06	0.0434782608695652	0.0449101796407186
90	0.205882352941176	0.105590062111801	NA	0.230769230769231	0.0447368421052632	NA	NA	0.0410958904109589	0.0885608856088561	0.0473684210526316	0.205882352941176	0.105590062111801	NA	0.230769230769231	0.0447368421052632	NA	NA	0.0410958904109589	0.0885608856088561	0.0473684210526316
95	0.384615384615385	0.0897435897435897	NA	0.204545454545455	0.0509915014164306	NA	NA	0.0395061728395062	0.0483870967741935	0.0354906054279749	0.384615384615385	0.0897435897435897	NA	0.204545454545455	0.0509915014164306	NA	NA	0.0395061728395062	0.0483870967741935	0.0354906054279749
100	0.1875	0.0925925925925926	NA	0.166666666666667	0.048048048048048	NA	NA	0.0387931034482759	0.0485933503836317	0.0423280423280423	0.1875	0.0925925925925926	NA	0.166666666666667	0.048048048048048	NA	NA	0.0387931034482759	0.0485933503836317	0.0423280423280423
105	0.212765957446809	0.0833333333333333	NA	0.177215189873418	0.0460048426150121	NA	NA	0.046594982078853	0.0520361990950226	0.0271084337349398	0.212765957446809	0.0833333333333333	NA	0.177215189873418	0.0460048426150121	NA	NA	0.046594982078853	0.0520361990950226	0.0271084337349398
110	0.185185185185185	0.0904522613065327	NA	0.111111111111111	0.0432692307692308	NA	NA	0.036036036036036	0.0330578512396694	0.0246113989637306	0.185185185185185	0.0904522613065327	NA	0.111111111111111	0.0432692307692308	NA	NA	0.036036036036036	0.0330578512396694	0.0246113989637306
115	0.103896103896104	0.084070796460177	NA	0.0901639344262295	0.0327102803738318	NA	NA	0.0363321799307958	0.0687397708674304	0.0248447204968944	0.103896103896104	0.084070796460177	NA	0.0901639344262295	0.0327102803738318	NA	NA	0.0363321799307958	0.0687397708674304	0.0248447204968944
120	0.169230769230769	0.0465116279069767	NA	0.108108108108108	0.0442260442260442	NA	NA	0.0359820089955022	0.033434650455927	0.0266512166859791	0.169230769230769	0.0465116279069767	NA	0.108108108108108	0.0442260442260442	NA	NA	0.0359820089955022	0.033434650455927	0.0266512166859791
125	0.171428571428571	0.0516431924882629	NA	0.12037037037037	0.0297872340425532	NA	NA	0.0279255319148936	0.0355987055016181	0.0225733634311512	0.171428571428571	0.0516431924882629	NA	0.12037037037037	0.0297872340425532	NA	NA	0.0279255319148936	0.0355987055016181	0.0225733634311512
130	0.169230769230769	0.0578231292517007	NA	0.143939393939394	0.0307971014492754	NA	NA	0.0228050171037628	0.0390977443609023	0.017208413001912	0.169230769230769	0.0578231292517007	NA	0.143939393939394	0.0307971014492754	NA	NA	0.0228050171037628	0.0390977443609023	0.017208413001912
135	0.174603174603175	0.0469798657718121	NA	0.0824175824175824	0.0293663060278207	NA	NA	0.0230692076228686	0.0269905533063428	0.022667829119442	0.174603174603175	0.0469798657718121	NA	0.0824175824175824	0.0293663060278207	NA	NA	0.0230692076228686	0.0269905533063428	0.022667829119442
140	0.129411764705882	0.0586510263929619	NA	0.080168776371308	0.0379213483146067	NA	NA	0.0183727034120735	0.0265895953757225	0.0183346065699007	0.129411764705882	0.0586510263929619	NA	0.080168776371308	0.0379213483146067	NA	NA	0.0183727034120735	0.0265895953757225	0.0183346065699007
145	0.144578313253012	0.0402144772117962	NA	0.0880281690140845	0.0280504908835905	NA	NA	0.0142322097378277	0.0238353196099675	0.0149253731343284	0.144578313253012	0.0402144772117962	NA	0.0880281690140845	0.0280504908835905	NA	NA	0.0142322097378277	0.0238353196099675	0.0149253731343284
150	0.0921052631578947	0.0396270396270396	NA	0.0606060606060606	0.030902348578492	NA	NA	0.0183875530410184	0.0185013876040703	0.012970168612192	0.0921052631578947	0.0396270396270396	NA	0.0606060606060606	0.030902348578492	NA	NA	0.0183875530410184	0.0185013876040703	0.012970168612192
155	0.236559139784946	0.0308641975308642	NA	0.0716981132075472	0.0234466588511137	NA	NA	0.0164383561643836	0.0173199635369189	0.0173310225303293	0.236559139784946	0.0308641975308642	NA	0.0716981132075472	0.0234466588511137	NA	NA	0.0164383561643836	0.0173199635369189	0.0173310225303293
160	0.11965811965812	0.0321931589537223	NA	0.0512048192771084	0.0233918128654971	NA	NA	0.0153061224489796	0.0132391879964696	0.014446227929374	0.11965811965812	0.0321931589537223	NA	0.0512048192771084	0.0233918128654971	NA	NA	0.0153061224489796	0.0132391879964696	0.014446227929374
165	0.219298245614035	0.0372340425531915	NA	0.0447368421052632	0.0184210526315789	NA	NA	0.00995899238429994	0.0139917695473251	0.0138107416879795	0.219298245614035	0.0372340425531915	NA	0.0447368421052632	0.0184210526315789	NA	NA	0.00995899238429994	0.0139917695473251	0.0138107416879795
170	0.0967741935483871	0.0289634146341463	NA	0.0449172576832151	0.0266222961730449	NA	NA	0.0122494432071269	0.0150674068199841	0.0103189493433396	0.0967741935483871	0.0289634146341463	NA	0.0449172576832151	0.0266222961730449	NA	NA	0.0122494432071269	0.0150674068199841	0.0103189493433396
175	0.152671755725191	0.0299479166666667	NA	0.0448598130841121	0.0181290790427846	NA	NA	0.009783728115345	0.0152284263959391	0.0099052540913006	0.152671755725191	0.0299479166666667	NA	0.0448598130841121	0.0181290790427846	NA	NA	0.009783728115345	0.0152284263959391	0.0099052540913006
180	0.0955882352941176	0.0215419501133787	NA	0.0289115646258503	0.0128205128205128	NA	NA	0.0124282982791587	0.0120177103099304	0.00710619818397158	0.0955882352941176	0.0215419501133787	NA	0.0289115646258503	0.0128205128205128	NA	NA	0.0124282982791587	0.0120177103099304	0.00710619818397158
185	0.114754098360656	0.0174249757986447	NA	0.0246020260492041	0.0131487889273356	NA	NA	0.0122065727699531	0.0143843498273878	0.00953516090584029	0.114754098360656	0.0174249757986447	NA	0.0246020260492041	0.0131487889273356	NA	NA	0.0122065727699531	0.0143843498273878	0.00953516090584029
190	0.0850202429149798	0.020108275328693	NA	0.0318379160636758	0.0113031914893617	NA	NA	0.00855470508779829	0.0105540897097625	0.00775494377665762	0.0850202429149798	0.020108275328693	NA	0.0318379160636758	0.0113031914893617	NA	NA	0.00855470508779829	0.0105540897097625	0.00775494377665762
195	0.0743034055727554	0.0181437543614794	NA	0.0231292517006803	0.0142394822006473	NA	NA	0.00859339665309815	0.0105769230769231	0.00942236788201557	0.0743034055727554	0.0181437543614794	NA	0.0231292517006803	0.0142394822006473	NA	NA	0.00859339665309815	0.0105769230769231	0.00942236788201557
200	0.0505952380952381	0.0114170584284755	NA	0.0222772277227723	0.0122399020807834	NA	NA	0.0106382978723404	0.0122393472348141	0.0084985835694051	0.0505952380952381	0.0114170584284755	NA	0.0222772277227723	0.0122399020807834	NA	NA	0.0106382978723404	0.0122393472348141	0.0084985835694051
205	0.0524861878453039	0.0164512338425382	NA	0.0247578040904198	0.0112692763938316	NA	NA	0.0112689857912788	0.00903225806451613	0.00925568839182414	0.0524861878453039	0.0164512338425382	NA	0.0247578040904198	0.0112692763938316	NA	NA	0.0112689857912788	0.00903225806451613	0.00925568839182414
210	0.0574712643678161	0.0101387406616862	NA	0.0165938864628821	0.0107469102632993	NA	NA	0.00946798917944094	0.00848896434634975	0.00885668276972625	0.0574712643678161	0.0101387406616862	NA	0.0165938864628821	0.0107469102632993	NA	NA	0.00946798917944094	0.00848896434634975	0.00885668276972625
215	0.0396659707724426	0.0103675777568332	NA	0.0142428785607196	0.0120418848167539	NA	NA	0.00975177304964539	0.0103359173126615	0.00867768595041322	0.0396659707724426	0.0103675777568332	NA	0.0142428785607196	0.0120418848167539	NA	NA	0.00975177304964539	0.0103359173126615	0.00867768595041322
220	0.0307692307692308	0.0108178277801817	NA	0.0155763239875389	0.00971867007672634	NA	NA	0.0114103149246919	0.0195495112622184	0.0114624505928854	0.0307692307692308	0.0108178277801817	NA	0.0155763239875389	0.00971867007672634	NA	NA	0.0114103149246919	0.0195495112622184	0.0114624505928854
225	0.0232919254658385	0.011336032388664	NA	0.0142857142857143	0.00890207715133531	NA	NA	0.00951968844655993	0.00918635170603675	0.0075187969924812	0.0232919254658385	0.011336032388664	NA	0.0142857142857143	0.00890207715133531	NA	NA	0.00951968844655993	0.00918635170603675	0.0075187969924812
230	0.0400552486187845	0.0135190495698484	NA	0.0102370689655172	0.0127238454288407	NA	NA	0.0104166666666667	0.010217681030653	0.0114135206321334	0.0400552486187845	0.0135190495698484	NA	0.0102370689655172	0.0127238454288407	NA	NA	0.0104166666666667	0.010217681030653	0.0114135206321334
235	0.046916890080429	0.00695012264922322	NA	0.0139691714836224	0.0101242521859181	NA	NA	0.0136585365853659	0.0101223112610713	0.0133843212237094	0.046916890080429	0.00695012264922322	NA	0.0139691714836224	0.0101242521859181	NA	NA	0.0136585365853659	0.0101223112610713	0.0133843212237094
240	0.0277410832232497	0.00959692898272553	NA	0.00845467355565993	0.0121841155234657	NA	NA	0.00842418235877106	0.0116227089852481	0.00931195033626487	0.0277410832232497	0.00959692898272553	NA	0.00845467355565993	0.0121841155234657	NA	NA	0.00842418235877106	0.0116227089852481	0.00931195033626487
245	0.0263473053892216	0.00790960451977401	NA	0.0136927685066324	0.0111756817165847	NA	NA	0.0143846563665424	0.00761099365750529	0.00812064965197216	0.0263473053892216	0.00790960451977401	NA	0.0136927685066324	0.0111756817165847	NA	NA	0.0143846563665424	0.00761099365750529	0.00812064965197216
250	0.0284237726098191	0.0119176598049837	NA	0.0137763371150729	0.0101242521859181	NA	NA	0.0121506682867558	0.0127186009538951	0.0103030303030303	0.0284237726098191	0.0119176598049837	NA	0.0137763371150729	0.0101242521859181	NA	NA	0.0121506682867558	0.0127186009538951	0.0103030303030303
255	0.0264672036823936	0.0084156604463959	NA	0.0114942528735632	0.0098135426889107	NA	NA	0.0149625935162095	0.00880872483221476	0.0139372822299652	0.0264672036823936	0.0084156604463959	NA	0.0114942528735632	0.0098135426889107	NA	NA	0.0149625935162095	0.00880872483221476	0.0139372822299652
260	0.0238095238095238	0.0102523659305994	NA	0.0092891760904685	0.0103141115799344	NA	NA	0.0162972620599739	0.00827886710239651	0.0163690476190476	0.0238095238095238	0.0102523659305994	NA	0.0092891760904685	0.0103141115799344	NA	NA	0.0162972620599739	0.00827886710239651	0.0163690476190476
265	0.0317092034029389	0.0106677202686685	NA	0.00995222929936306	0.0115998066698888	NA	NA	0.0162659123055163	0.0146157472890146	0.0139573070607553	0.0317092034029389	0.0106677202686685	NA	0.00995222929936306	0.0115998066698888	NA	NA	0.0162659123055163	0.0146157472890146	0.0139573070607553
270	0.0197224251278305	0.00860719874804382	NA	0.00875592849325064	0.015233949945593	NA	NA	0.0205761316872428	0.0145985401459854	0.0163785259326661	0.0197224251278305	0.00860719874804382	NA	0.00875592849325064	0.015233949945593	NA	NA	0.0205761316872428	0.0145985401459854	0.0163785259326661
275	0.0184552289815448	0.0122517955217575	NA	0.00873515024458421	0.0117122141662019	NA	NA	0.0140296180826189	0.0100125156445557	0.0156555772994129	0.0184552289815448	0.0122517955217575	NA	0.00873515024458421	0.0117122141662019	NA	NA	0.0140296180826189	0.0100125156445557	0.0156555772994129
280	0.014002333722287	0.0110364683301344	NA	0.0103019538188277	0.0160332541567696	NA	NA	0.0158590308370044	0.0153953813855843	0.023463687150838	0.014002333722287	0.0110364683301344	NA	0.0103019538188277	0.0160332541567696	NA	NA	0.0158590308370044	0.0153953813855843	0.023463687150838
285	0.0121278941565601	0.0110998990918264	NA	0.0082058933233868	0.0103761348897536	NA	NA	0.0154826958105647	0.0184442662389735	0.0293724966622163	0.0121278941565601	0.0110998990918264	NA	0.0082058933233868	0.0103761348897536	NA	NA	0.0154826958105647	0.0184442662389735	0.0293724966622163
290	0.0114879649890591	0.0109769484083425	NA	0.0094137783483098	0.0167000668002672	NA	NA	0.0201698513800425	0.0146678170836928	0.0305343511450382	0.0114879649890591	0.0109769484083425	NA	0.0094137783483098	0.0167000668002672	NA	NA	0.0201698513800425	0.0146678170836928	0.0305343511450382
295	0.00984966303784344	0.0100882723833544	NA	0.0103277952402335	0.0123456790123457	NA	NA	0.0219512195121951	0.0120259019426457	0.0262172284644195	0.00984966303784344	0.0100882723833544	NA	0.0103277952402335	0.0123456790123457	NA	NA	0.0219512195121951	0.0120259019426457	0.0262172284644195
300	0.0101419878296146	0.0129282482223659	NA	0.0100594421582076	0.0157657657657658	NA	NA	0.0208643815201192	0.0171717171717172	0.0298804780876494	0.0101419878296146	0.0129282482223659	NA	0.0100594421582076	0.0157657657657658	NA	NA	0.0208643815201192	0.0171717171717172	0.0298804780876494
305	0.0107684777288302	0.022	NA	0.0104216011369019	0.0238853503184713	NA	NA	0.0272727272727273	0.0194174757281553	0.0594315245478036	0.0107684777288302	0.022	NA	0.0104216011369019	0.0238853503184713	NA	NA	0.0272727272727273	0.0194174757281553	0.0594315245478036
310	0.00911992704058368	0.0179547228727557	NA	0.0176623376623377	0.0157676348547718	NA	NA	0.0425963488843813	0.0284552845528455	0.0362116991643454	0.00911992704058368	0.0179547228727557	NA	0.0176623376623377	0.0157676348547718	NA	NA	0.0425963488843813	0.0284552845528455	0.0362116991643454
315	0.0103820598006645	0.0192307692307692	NA	0.014475271411339	0.0151085930122757	NA	NA	0.0600461893764434	0.0240963855421687	0.05	0.0103820598006645	0.0192307692307692	NA	0.014475271411339	0.0151085930122757	NA	NA	0.0600461893764434	0.0240963855421687	0.05
320	0.0112994350282486	0.0200400801603206	NA	0.0122033898305085	0.015712682379349	NA	NA	0.0458937198067633	0.0369565217391304	0.0719178082191781	0.0112994350282486	0.0200400801603206	NA	0.0122033898305085	0.015712682379349	NA	NA	0.0458937198067633	0.0369565217391304	0.0719178082191781
325	0.0112812248186946	0.0188470066518847	NA	0.0180859080633007	0.0284697508896797	NA	NA	0.0441558441558442	0.0585585585585586	0.0493827160493827	0.0112812248186946	0.0188470066518847	NA	0.0180859080633007	0.0284697508896797	NA	NA	0.0441558441558442	0.0585585585585586	0.0493827160493827
330	0.0079428117553614	0.0245478036175711	NA	0.0172981878088962	0.0294117647058824	NA	NA	0.0439882697947214	0.0376884422110553	0.0532544378698225	0.0079428117553614	0.0245478036175711	NA	0.0172981878088962	0.0294117647058824	NA	NA	0.0439882697947214	0.0376884422110553	0.0532544378698225
335	0.00984251968503937	0.0279001468428781	NA	0.0139130434782609	0.032258064516129	NA	NA	0.0468227424749164	0.0402476780185759	0.0852272727272727	0.00984251968503937	0.0279001468428781	NA	0.0139130434782609	0.032258064516129	NA	NA	0.0468227424749164	0.0402476780185759	0.0852272727272727
340	0.0137152077450585	0.0281456953642384	NA	0.0164888457807953	0.06265664160401	NA	NA	0.0504731861198738	0.0694980694980695	0.0944444444444444	0.0137152077450585	0.0281456953642384	NA	0.0164888457807953	0.06265664160401	NA	NA	0.0504731861198738	0.0694980694980695	0.0944444444444444
345	0.00838926174496644	0.0241228070175439	NA	0.0223804679552391	0.0384615384615385	NA	NA	0.0622837370242214	0.0631970260223048	0.0670391061452514	0.00838926174496644	0.0241228070175439	NA	0.0223804679552391	0.0384615384615385	NA	NA	0.0622837370242214	0.0631970260223048	0.0670391061452514
350	0.0102564102564103	0.0490196078431373	NA	0.0208078335373317	0.0343511450381679	NA	NA	0.0574162679425837	0.0732758620689655	0.0780141843971631	0.0102564102564103	0.0490196078431373	NA	0.0208078335373317	0.0343511450381679	NA	NA	0.0574162679425837	0.0732758620689655	0.0780141843971631
355	0.0123784261715296	0.0394088669950739	NA	0.0205761316872428	0.0384615384615385	NA	NA	0.0792079207920792	0.0604395604395604	0.127272727272727	0.0123784261715296	0.0394088669950739	NA	0.0205761316872428	0.0384615384615385	NA	NA	0.0792079207920792	0.0604395604395604	0.127272727272727
360	0.0139146567717996	0.0343007915567282	NA	0.0292825768667643	0.0684410646387833	NA	NA	0.0825688073394495	0.0701754385964912	0.118279569892473	0.0139146567717996	0.0343007915567282	NA	0.0292825768667643	0.0684410646387833	NA	NA	0.0825688073394495	0.0701754385964912	0.118279569892473
365	0.00830483634587201	0.0611620795107034	NA	0.023961661341853	0.0634328358208955	NA	NA	0.0621468926553672	0.101910828025478	0.0987654320987654	0.00830483634587201	0.0611620795107034	NA	0.023961661341853	0.0634328358208955	NA	NA	0.0621468926553672	0.101910828025478	0.0987654320987654
370	0.0107344632768362	0.043046357615894	NA	0.0304114490161002	0.0608695652173913	NA	NA	0.0961538461538462	0.096	0.0821917808219178	0.0107344632768362	0.043046357615894	NA	0.0304114490161002	0.0608695652173913	NA	NA	0.0961538461538462	0.096	0.0821917808219178
375	0.00977397678680513	0.040650406504065	NA	0.0330739299610895	0.0663265306122449	NA	NA	0.092485549132948	0.115789473684211	0.240740740740741	0.00977397678680513	0.040650406504065	NA	0.0330739299610895	0.0663265306122449	NA	NA	0.092485549132948	0.115789473684211	0.240740740740741
380	0.012186865267434	0.0871794871794872	NA	0.0306513409961686	0.0579710144927536	NA	NA	0.078740157480315	0.142857142857143	0.189655172413793	0.012186865267434	0.0871794871794872	NA	0.0306513409961686	0.0579710144927536	NA	NA	0.078740157480315	0.142857142857143	0.189655172413793
385	0.0133630289532294	0.094488188976378	NA	0.036319612590799	0.0714285714285714	NA	NA	0.144329896907216	0.133333333333333	0.160714285714286	0.0133630289532294	0.094488188976378	NA	0.036319612590799	0.0714285714285714	NA	NA	0.144329896907216	0.133333333333333	0.160714285714286
390	0.0134907251264755	0.0941176470588235	NA	0.0543130990415335	0.0666666666666667	NA	NA	0.1	0.285714285714286	0.127272727272727	0.0134907251264755	0.0941176470588235	NA	0.0543130990415335	0.0666666666666667	NA	NA	0.1	0.285714285714286	0.127272727272727
395	0.0190380761523046	0.177215189873418	NA	0.0580912863070539	0.0851063829787234	NA	NA	0.291666666666667	0.285714285714286	0.169811320754717	0.0190380761523046	0.177215189873418	NA	0.0580912863070539	0.0851063829787234	NA	NA	0.291666666666667	0.285714285714286	0.169811320754717
400	0.0214285714285714	0.171875	NA	0.0561224489795918	0.0747663551401869	NA	NA	0.240740740740741	0.304347826086957	0.234042553191489	0.0214285714285714	0.171875	NA	0.0561224489795918	0.0747663551401869	NA	NA	0.240740740740741	0.304347826086957	0.234042553191489
405	0.0310391363022942	0.130434782608696	NA	0.0849056603773585	0.119266055045872	NA	NA	0.235294117647059	0.363636363636364	0.186046511627907	0.0310391363022942	0.130434782608696	NA	0.0849056603773585	0.119266055045872	NA	NA	0.235294117647059	0.363636363636364	0.186046511627907
410	0.027355623100304	0.238095238095238	NA	0.0780141843971631	0.0989010989010989	NA	NA	0.41025641025641	0.352941176470588	0.222222222222222	0.027355623100304	0.238095238095238	NA	0.0780141843971631	0.0989010989010989	NA	NA	0.41025641025641	0.352941176470588	0.222222222222222
415	0.024	0.428571428571429	NA	0.0708661417322835	0.180327868852459	NA	NA	0.204545454545455	0.352941176470588	0.296296296296296	0.024	0.428571428571429	NA	0.0708661417322835	0.180327868852459	NA	NA	0.204545454545455	0.352941176470588	0.296296296296296
420	0.0247787610619469	0.25	NA	0.0815217391304348	0.17910447761194	NA	NA	0.22	0.25	0.3	0.0247787610619469	0.25	NA	0.0815217391304348	0.17910447761194	NA	NA	0.22	0.25	0.3
425	0.0305676855895196	NA	NA	0.0697674418604651	0.193548387096774	NA	NA	0.224489795918367	NA	0.258064516129032	0.0305676855895196	NA	NA	0.0697674418604651	0.193548387096774	NA	NA	0.224489795918367	NA	0.258064516129032
430	0.0274725274725275	NA	NA	0.123376623376623	0.109756097560976	NA	NA	0.261904761904762	NA	0.186046511627907	0.0274725274725275	NA	NA	0.123376623376623	0.109756097560976	NA	NA	0.261904761904762	NA	0.186046511627907
435	0.0383480825958702	NA	NA	0.0642857142857143	0.181818181818182	NA	NA	0.25	NA	0.317073170731707	0.0383480825958702	NA	NA	0.0642857142857143	0.181818181818182	NA	NA	0.25	NA	0.317073170731707
440	0.0598006644518272	NA	NA	0.072992700729927	0.155339805825243	NA	NA	0.642857142857143	NA	0.222222222222222	0.0598006644518272	NA	NA	0.072992700729927	0.155339805825243	NA	NA	0.642857142857143	NA	0.222222222222222
445	0.0507246376811594	NA	NA	0.0743801652892562	0.0833333333333333	NA	NA	0.357142857142857	NA	0.225	0.0507246376811594	NA	NA	0.0743801652892562	0.0833333333333333	NA	NA	0.357142857142857	NA	0.225
450	0.0641025641025641	NA	NA	0.0967741935483871	0.0963855421686747	NA	NA	0.333333333333333	NA	0.392857142857143	0.0641025641025641	NA	NA	0.0967741935483871	0.0963855421686747	NA	NA	0.333333333333333	NA	0.392857142857143
455	0.0622222222222222	NA	NA	0.169014084507042	0.227272727272727	NA	NA	1	NA	0.388888888888889	0.0622222222222222	NA	NA	0.169014084507042	0.227272727272727	NA	NA	1	NA	0.388888888888889
460	0.0691489361702128	NA	NA	0.19672131147541	0.304347826086957	NA	NA	NA	NA	0.333333333333333	0.0691489361702128	NA	NA	0.19672131147541	0.304347826086957	NA	NA	NA	NA	0.333333333333333
465	0.0620689655172414	NA	NA	0.1875	0.2	NA	NA	NA	NA	0.4375	0.0620689655172414	NA	NA	0.1875	0.2	NA	NA	NA	NA	0.4375
470	0.0827067669172932	NA	NA	0.173913043478261	0.19047619047619	NA	NA	NA	NA	0.6	0.0827067669172932	NA	NA	0.173913043478261	0.19047619047619	NA	NA	NA	NA	0.6
475	0.08	NA	NA	0.125	0.268292682926829	NA	NA	NA	NA	0.5	0.08	NA	NA	0.125	0.268292682926829	NA	NA	NA	NA	0.5
480	0.123711340206186	NA	NA	0.272727272727273	0.186046511627907	NA	NA	NA	NA	1	0.123711340206186	NA	NA	0.272727272727273	0.186046511627907	NA	NA	NA	NA	1
485	0.0862068965517241	NA	NA	0.230769230769231	0.175	NA	NA	NA	NA	NA	0.0862068965517241	NA	NA	0.230769230769231	0.175	NA	NA	NA	NA	NA
490	0.0975609756097561	NA	NA	0.25	0.24390243902439	NA	NA	NA	NA	NA	0.0975609756097561	NA	NA	0.25	0.24390243902439	NA	NA	NA	NA	NA
495	0.0810810810810811	NA	NA	0.388888888888889	0.3	NA	NA	NA	NA	NA	0.0810810810810811	NA	NA	0.388888888888889	0.3	NA	NA	NA	NA	NA
500	0.11214953271028	NA	NA	0.64	0.181818181818182	NA	NA	NA	NA	NA	0.11214953271028	NA	NA	0.64	0.181818181818182	NA	NA	NA	NA	NA
505	0.175	NA	NA	0.379310344827586	0.315789473684211	NA	NA	NA	NA	NA	0.175	NA	NA	0.379310344827586	0.315789473684211	NA	NA	NA	NA	NA
510	0.0816326530612245	NA	NA	0.285714285714286	0.333333333333333	NA	NA	NA	NA	NA	0.0816326530612245	NA	NA	0.285714285714286	0.333333333333333	NA	NA	NA	NA	NA
515	0.193548387096774	NA	NA	0.285714285714286	0.421052631578947	NA	NA	NA	NA	NA	0.193548387096774	NA	NA	0.285714285714286	0.421052631578947	NA	NA	NA	NA	NA
520	0.264705882352941	NA	NA	0.454545454545455	0.454545454545455	NA	NA	NA	NA	NA	0.264705882352941	NA	NA	0.454545454545455	0.454545454545455	NA	NA	NA	NA	NA
525	0.380952380952381	NA	NA	0.285714285714286	0.833333333333333	NA	NA	NA	NA	NA	0.380952380952381	NA	NA	0.285714285714286	0.833333333333333	NA	NA	NA	NA	NA
530	0.625	NA	NA	1	0.529411764705882	NA	NA	NA	NA	NA	0.625	NA	NA	1	0.529411764705882	NA	NA	NA	NA	NA
535	0.45	NA	NA	NA	0.375	NA	NA	NA	NA	NA	0.45	NA	NA	NA	0.375	NA	NA	NA	NA	NA
540	0.411764705882353	NA	NA	NA	0.315789473684211	NA	NA	NA	NA	NA	0.411764705882353	NA	NA	NA	0.315789473684211	NA	NA	NA	NA	NA
545	0.416666666666667	NA	NA	NA	0.307692307692308	NA	NA	NA	NA	NA	0.416666666666667	NA	NA	NA	0.307692307692308	NA	NA	NA	NA	NA
550	0.5	NA	NA	NA	0.666666666666667	NA	NA	NA	NA	NA	0.5	NA	NA	NA	0.666666666666667	NA	NA	NA	NA	NA
555	0.318181818181818	NA	NA	NA	1	NA	NA	NA	NA	NA	0.318181818181818	NA	NA	NA	1	NA	NA	NA	NA	NA
560	0.428571428571429	NA	NA	NA	NA	NA	NA	NA	NA	NA	0.428571428571429	NA	NA	NA	NA	NA	NA	NA	NA	NA
565	0.75	NA	NA	NA	NA	NA	NA	NA	NA	NA	0.75	NA	NA	NA	NA	NA	NA	NA	NA	NA
570	0.714285714285714	NA	NA	NA	NA	NA	NA	NA	NA	NA	0.714285714285714	NA	NA	NA	NA	NA	NA	NA	NA	NA
575	0.75	NA	NA	NA	NA	NA	NA	NA	NA	NA	0.75	NA	NA	NA	NA	NA	NA	NA	NA	NA
580	1	NA	NA	NA	NA	NA	NA	NA	NA	NA	1	NA	NA	NA	NA	NA	NA	NA	NA	NA
