0	1	1	1	1	1	1	1	1	1	1	1	1	1	1	1	1	1	1	1	1
5	2	1	3	2	1	3	1	1	2	3	2	1	3	2	1	3	1	1	2	3
10	5	2	1	6	3	7	4	5	5	6	5	2	1	6	3	7	4	5	5	6
15	8	6	2	9	4	10	8	6	7	4	8	6	2	9	4	10	8	6	7	4
20	9	8	6	11	4	14	14	3	6	6	9	8	6	11	4	14	14	3	6	6
25	10	15	6	9	10	16	14	5	7	7	10	15	6	9	10	16	14	5	7	7
30	9	21	10	14	14	21	14	8	6	7	9	21	10	14	14	21	14	8	6	7
35	10	23	10	18	23	30	19	7	10	5	10	23	10	18	23	30	19	7	10	5
40	20	31	11	28	35	36	33	8	9	12	20	31	11	28	35	36	33	8	9	12
45	22	44	7	38	43	34	62	5	12	17	22	44	7	38	43	34	62	5	12	17
50	45	55	18	52	49	49	72	17	10	20	45	55	18	52	49	49	72	17	10	20
55	55	72	24	52	66	71	97	7	17	28	55	72	24	52	66	71	97	7	17	28
60	74	91	36	79	88	89	110	8	27	28	74	91	36	79	88	89	110	8	27	28
65	107	107	54	88	120	125	142	10	38	38	107	107	54	88	120	125	142	10	38	38
70	124	119	54	105	155	156	163	18	53	42	124	119	54	105	155	156	163	18	53	42
75	164	144	64	112	196	192	203	21	62	54	164	144	64	112	196	192	203	21	62	54
80	230	193	82	140	242	186	269	27	81	55	230	193	82	140	242	186	269	27	81	55
85	278	248	115	149	316	236	307	47	105	85	278	248	115	149	316	236	307	47	105	85
90	360	304	127	205	360	278	392	58	141	98	360	304	127	205	360	278	392	58	141	98
95	455	409	185	255	454	341	460	68	175	89	455	409	185	255	454	341	460	68	175	89
100	573	555	250	305	548	439	620	84	185	129	573	555	250	305	548	439	620	84	185	129
105	685	662	328	444	697	524	695	113	241	180	685	662	328	444	697	524	695	113	241	180
110	782	765	418	518	873	608	788	148	248	184	782	765	418	518	873	608	788	148	248	184
115	952	939	515	605	987	762	902	192	335	256	952	939	515	605	987	762	902	192	335	256
120	1059	1154	586	659	1142	873	1037	234	411	294	1059	1154	586	659	1142	873	1037	234	411	294
125	1228	1361	743	809	1338	994	1137	289	472	356	1228	1361	743	809	1338	994	1137	289	472	356
130	1395	1513	942	902	1463	1088	1258	348	554	406	1395	1513	942	902	1463	1088	1258	348	554	406
135	1571	1547	1028	1072	1594	1306	1345	416	684	459	1571	1547	1028	1072	1594	1306	1345	416	684	459
140	1723	1746	1177	1239	1716	1401	1419	481	900	575	1723	1746	1177	1239	1716	1401	1419	481	900	575
145	1745	1751	1302	1439	1718	1460	1477	609	1077	728	1745	1751	1302	1439	1718	1460	1477	609	1077	728
150	1793	1748	1387	1513	1784	1614	1549	724	1238	841	1793	1748	1387	1513	1784	1614	1549	724	1238	841
155	1778	1612	1552	1567	1695	1614	1496	839	1378	999	1778	1612	1552	1567	1695	1614	1496	839	1378	999
160	1700	1446	1647	1711	1546	1599	1490	989	1564	1223	1700	1446	1647	1711	1546	1599	1490	989	1564	1223
165	1499	1281	1735	1610	1392	1627	1368	1117	1679	1331	1499	1281	1735	1610	1392	1627	1368	1117	1679	1331
170	1272	1134	1676	1657	1204	1517	1286	1330	1719	1437	1272	1134	1676	1657	1204	1517	1286	1330	1719	1437
175	1031	975	1579	1517	980	1419	1121	1513	1791	1508	1031	975	1579	1517	980	1419	1121	1513	1791	1508
180	846	821	1480	1291	783	1185	993	1633	1636	1641	846	821	1480	1291	783	1185	993	1633	1636	1641
185	657	698	1277	1129	607	1027	882	1824	1563	1733	657	698	1277	1129	607	1027	882	1824	1563	1733
190	479	559	1135	1025	471	832	714	1812	1393	1736	479	559	1135	1025	471	832	714	1812	1393	1736
195	338	439	880	859	392	631	481	1753	1213	1660	338	439	880	859	392	631	481	1753	1213	1660
200	266	371	807	732	293	480	395	1664	1016	1483	266	371	807	732	293	480	395	1664	1016	1483
205	228	312	669	579	186	357	278	1473	831	1291	228	312	669	579	186	357	278	1473	831	1291
210	167	183	546	469	126	259	227	1326	684	1079	167	183	546	469	126	259	227	1326	684	1079
215	115	158	467	368	103	194	165	1091	546	853	115	158	467	368	103	194	165	1091	546	853
220	101	112	369	244	72	144	147	922	445	706	101	112	369	244	72	144	147	922	445	706
225	62	91	271	196	43	65	132	740	331	539	62	91	271	196	43	65	132	740	331	539
230	61	73	220	132	26	41	96	587	257	392	61	73	220	132	26	41	96	587	257	392
235	49	66	179	106	21	23	69	416	180	319	49	66	179	106	21	23	69	416	180	319
240	49	44	140	63	19	17	56	323	175	246	49	44	140	63	19	17	56	323	175	246
245	42	22	106	45	15	10	73	249	142	193	42	22	106	45	15	10	73	249	142	193
250	30	16	87	30	7	9	54	196	112	143	30	16	87	30	7	9	54	196	112	143
255	28	9	50	22	5	8	41	127	109	101	28	9	50	22	5	8	41	127	109	101
260	17	12	48	14	5	6	38	64	102	66	17	12	48	14	5	6	38	64	102	66
265	12	10	23	7	5	7	34	44	63	48	12	10	23	7	5	7	34	44	63	48
270	4	9	23	7	3	1	25	35	48	45	4	9	23	7	3	1	25	35	48	45
275	4	9	9	4	1	1	25	29	36	42	4	9	9	4	1	1	25	29	36	42
280	4	9	9	4	NA	NA	20	22	31	25	4	9	9	4	NA	NA	20	22	31	25
285	NA	4	4	5	NA	NA	12	16	27	23	NA	4	4	5	NA	NA	12	16	27	23
290	NA	10	5	11	NA	NA	16	5	22	21	NA	10	5	11	NA	NA	16	5	22	21
295	NA	15	2	6	NA	NA	11	15	13	20	NA	15	2	6	NA	NA	11	15	13	20
300	NA	9	NA	3	NA	NA	7	9	9	7	NA	9	NA	3	NA	NA	7	9	9	7
305	NA	13	NA	4	NA	NA	6	5	4	4	NA	13	NA	4	NA	NA	6	5	4	4
310	NA	5	NA	2	NA	NA	1	4	2	3	NA	5	NA	2	NA	NA	1	4	2	3
315	NA	4	NA	2	NA	NA	NA	4	1	4	NA	4	NA	2	NA	NA	NA	4	1	4
320	NA	6	NA	NA	NA	NA	NA	1	1	5	NA	6	NA	NA	NA	NA	NA	1	1	5
325	NA	2	NA	NA	NA	NA	NA	NA	NA	5	NA	2	NA	NA	NA	NA	NA	NA	NA	5
330	NA	5	NA	NA	NA	NA	NA	NA	NA	4	NA	5	NA	NA	NA	NA	NA	NA	NA	4
335	NA	4	NA	NA	NA	NA	NA	NA	NA	1	NA	4	NA	NA	NA	NA	NA	NA	NA	1
340	NA	4	NA	NA	NA	NA	NA	NA	NA	NA	NA	4	NA	NA	NA	NA	NA	NA	NA	NA
345	NA	5	NA	NA	NA	NA	NA	NA	NA	NA	NA	5	NA	NA	NA	NA	NA	NA	NA	NA
350	NA	1	NA	NA	NA	NA	NA	NA	NA	NA	NA	1	NA	NA	NA	NA	NA	NA	NA	NA
355	NA	2	NA	NA	NA	NA	NA	NA	NA	NA	NA	2	NA	NA	NA	NA	NA	NA	NA	NA
360	NA	3	NA	NA	NA	NA	NA	NA	NA	NA	NA	3	NA	NA	NA	NA	NA	NA	NA	NA
365	NA	1	NA	NA	NA	NA	NA	NA	NA	NA	NA	1	NA	NA	NA	NA	NA	NA	NA	NA
