0	1	1	1	1	1	1	1	1	1	1	1	1	1	1	1	1	1	1	1	1	1	1	1	1	1	1	1	1	1	1	1	1	1	1	1	1	1	1	1	1	1	1	1	1	1	1	1	1	1	1	1	1	1	1	1	1	1	1	1	1	1	1	1	1	1	1	1	1	1	1	1	1	1	1	1	1	1	1	1	1	1	1	1	1	1	1	1	1	1	1	1	1	1	1	1	1	1	1	1	1
1	1	1	1	1	1	1	1	1	1	1	1	1	1	1	1	1	1	1	1	1	1	1	1	1	1	1	1	1	1	1	1	1	1	1	1	1	1	1	1	1	1	1	1	1	1	1	1	1	1	1	1	1	1	1	1	1	1	1	1	1	1	1	1	1	1	1	1	1	1	1	1	1	1	1	1	1	1	1	1	1	1	1	1	1	1	1	1	1	1	1	1	1	1	1	1	1	1	1	1	1
2	1	1	1	1	1	1	1	1	1	1	1	1	1	1	1	1	1	1	1	1	1	1	1	1	NA	1	1	1	1	1	1	1	1	1	1	1	1	1	1	1	1	1	1	1	1	1	1	1	1	1	1	1	1	1	1	1	1	1	1	1	1	1	1	1	1	1	1	1	1	1	1	1	1	1	1	1	1	1	1	1	1	1	1	1	1	1	1	1	1	1	1	1	1	1	1	1	1	1	1	1
3	1	1	1	1	1	1	1	1	1	1	1	0.5	1	1	1	1	1	1	1	1	1	1	1	1	NA	1	1	1	1	1	1	1	1	1	1	1	1	1	1	1	1	1	1	1	1	1	1	1	1	1	1	1	1	1	1	1	1	1	1	1	NA	1	1	1	1	1	1	1	1	1	1	1	1	1	1	0.666666666666667	1	1	1	1	1	1	1	1	1	1	1	1	1	1	1	1	1	1	1	1	1	1	1	1
4	1	1	1	1	NA	1	1	1	1	1	1	1	1	1	NA	1	1	1	0.857142857142857	1	0.5	1	0.666666666666667	1	NA	1	1	0.75	1	1	1	1	1	1	0.625	1	1	1	1	1	1	1	1	1	1	1	1	1	1	0.666666666666667	1	1	1	1	NA	1	1	1	0.5	1	NA	0.5	1	1	0.5	1	1	1	1	1	1	NA	1	1	1	0.75	0.333333333333333	1	1	0.833333333333333	1	1	1	1	1	1	1	1	0.666666666666667	1	1	1	1	1	1	1	1	1	1	1
5	1	1	1	1	NA	1	0.9	1	1	1	0.888888888888889	1	1	1	NA	1	1	1	0.833333333333333	1	0.6	1	1	1	NA	1	1	0.555555555555556	1	1	1	0.714285714285714	0.25	1	1	0.8	1	1	0.6	1	1	1	1	1	1	1	1	1	1	0.75	1	1	1	1	NA	1	1	1	1	1	NA	1	0.8	0.5	0.666666666666667	1	1	1	1	0.6	1	NA	1	1	1	0.666666666666667	0.666666666666667	1	1	0.875	1	1	1	1	1	1	1	0.8	0.666666666666667	1	1	1	1	0.625	1	1	1	0.75	1	0.75
6	1	1	0.5	1	NA	1	0.888888888888889	1	1	1	0.6	1	1	1	NA	NA	0.8	0.666666666666667	0.666666666666667	1	0.6	0.75	1	1	NA	0.5	1	0.454545454545455	1	1	1	0.555555555555556	0.333333333333333	0.875	0.583333333333333	0.818181818181818	0.666666666666667	0.666666666666667	0.666666666666667	0.666666666666667	1	1	1	1	0.6	1	1	1	1	0.75	0.666666666666667	0.857142857142857	1	1	NA	1	0.833333333333333	1	1	0.5	NA	1	0.4	0.666666666666667	0.6	1	1	0.666666666666667	1	0.5	1	NA	1	0.6	1	0.75	1	0.4	NA	0.833333333333333	1	1	1	1	0.666666666666667	1	1	0.75	0.5	NA	1	1	1	0.625	1	0.666666666666667	1	0.5	0.666666666666667	0.75
7	0.333333333333333	1	0.5	1	NA	1	0.428571428571429	1	1	1	0.636363636363636	1	1	0.5	NA	NA	0.833333333333333	0.8	0.8	1	0.625	0.5	0.6	1	NA	0.5	1	0.5	1	1	1	0.5	0.75	0.875	1	0.444444444444444	0.666666666666667	0.6	0.6	0.666666666666667	0.5	NA	1	1	0.8	0.4	1	1	1	0.75	0.75	0.5	1	1	NA	1	0.4	1	0.666666666666667	0.666666666666667	NA	1	0.4	1	0.571428571428571	1	1	0.75	1	0.333333333333333	0.875	NA	1	0.625	1	0.714285714285714	1	0.4	NA	0.6	1	1	1	0.5	0.666666666666667	1	1	1	1	NA	0.923076923076923	1	0.5	0.5	1	0.583333333333333	1	0.8	1	0.833333333333333
8	0.75	1	0.571428571428571	1	NA	1	0.555555555555556	1	1	1	0.363636363636364	1	1	0.5	NA	NA	0.857142857142857	0.666666666666667	1	1	0.777777777777778	0.5	1	1	NA	0.5	0.333333333333333	0.5	0.666666666666667	1	1	0.3	0.666666666666667	0.428571428571429	0.230769230769231	0.333333333333333	0.75	0.5	0.727272727272727	0.5	1	NA	0.75	1	0.857142857142857	0.833333333333333	0.4	NA	0.5	0.75	0.8	1	1	0.4	NA	1	0.75	1	0.75	0.666666666666667	NA	1	0.6	1	0.5	1	0.6	0.6	1	0.333333333333333	0.888888888888889	NA	1	0.571428571428571	1	0.714285714285714	1	0.5	NA	0.6	1	NA	1	0.8	0.666666666666667	1	1	0.636363636363636	1	NA	0.833333333333333	0.5	0.666666666666667	0.571428571428571	1	0.727272727272727	1	0.714285714285714	1	0.6
9	0.9	1	0.5	1	NA	0.5	0.545454545454545	0.75	1	1	0.444444444444444	NA	NA	0.428571428571429	NA	NA	0.666666666666667	0.857142857142857	1	1	0.75	0.666666666666667	1	1	NA	1	1	0.375	0.8	0.571428571428571	1	0.4	0.375	0.4	0.333333333333333	0.2	1	0.666666666666667	0.545454545454545	0.666666666666667	1	NA	0.8	1	0.5	0.857142857142857	1	NA	0.666666666666667	0.5	0.833333333333333	0.5	1	0.5	NA	1	0.8	0.4	0.714285714285714	0.5	NA	0.666666666666667	0.5	1	1	1	0.6	0.571428571428571	0.666666666666667	0.4	0.888888888888889	NA	1	0.5	1	0.833333333333333	1	0.666666666666667	NA	0.6	1	NA	1	0.8	0.5	NA	1	0.333333333333333	1	NA	0.727272727272727	0.5	0.75	0.666666666666667	1	0.636363636363636	1	0.6	1	0.6
10	0.909090909090909	1	0.25	1	NA	0.5	0.777777777777778	0.6	0.75	1	0.5	NA	NA	0.5	NA	NA	0.714285714285714	0.857142857142857	1	1	0.4	0.666666666666667	0.571428571428571	1	NA	1	0.666666666666667	0.5	0.75	0.666666666666667	1	0.363636363636364	0.5	0.428571428571429	0.307692307692308	0.4	0.5	0.75	0.5	0.5	1	NA	0.25	1	0.571428571428571	0.777777777777778	0.363636363636364	NA	0.75	0.666666666666667	0.375	0.5	1	0.875	NA	NA	0.833333333333333	0.666666666666667	0.875	0.5	NA	0.5	0.6	1	1	0.75	0.5	0.571428571428571	0.75	0.5	0.888888888888889	NA	1	0.5	1	0.8	1	0.666666666666667	NA	0.6	1	NA	1	0.666666666666667	1	NA	1	0.375	1	NA	0.636363636363636	1	0.75	0.6	1	0.666666666666667	1	0.6	NA	0.571428571428571
11	0.909090909090909	1	0.333333333333333	0.666666666666667	NA	0.5	0.818181818181818	0.6	0.666666666666667	1	0.428571428571429	NA	NA	0.333333333333333	NA	NA	0.8	0.857142857142857	1	1	0.333333333333333	0.5	0.625	1	NA	1	0.6	0.6	0.6	0.833333333333333	1	0.333333333333333	0.571428571428571	0.5	0.25	0.4	0.571428571428571	0.8	0.692307692307692	0.666666666666667	1	NA	0.333333333333333	1	0.5	0.75	0.3	NA	0.8	0.666666666666667	0.375	0.5	1	0.714285714285714	NA	NA	0.857142857142857	0.625	0.636363636363636	0.5	NA	0.666666666666667	0.8	0.555555555555556	0.6	0.5	0.666666666666667	0.666666666666667	1	0.5	0.428571428571429	NA	1	0.5	1	0.8	NA	0.375	NA	1	1	NA	1	0.8	NA	NA	1	0.5	1	NA	0.727272727272727	1	0.6	0.5	1	0.428571428571429	1	0.6	NA	0.375
12	0.777777777777778	1	0.428571428571429	0.666666666666667	NA	0.5	0.75	0.75	0.666666666666667	1	0.333333333333333	NA	NA	0.25	NA	NA	0.75	0.5	1	0.666666666666667	0.666666666666667	0.5	0.625	1	NA	1	0.5	0.375	0.666666666666667	0.714285714285714	1	0.538461538461538	0.666666666666667	0.6	0.3125	0.5	0.4	0.8	0.769230769230769	0.714285714285714	1	NA	0.5	NA	0.6	1	0.363636363636364	NA	0.833333333333333	0.5	0.8	NA	NA	1	NA	NA	0.875	1	0.642857142857143	NA	NA	0.5	0.75	0.461538461538462	0.375	1	0.666666666666667	0.571428571428571	1	0.25	0.571428571428571	NA	1	0.833333333333333	1	0.75	NA	0.4	NA	1	1	NA	0.75	0.6	NA	NA	0.75	0.545454545454545	1	NA	0.777777777777778	1	0.8	0.5	1	0.461538461538462	1	0.666666666666667	NA	0.444444444444444
13	0.5	0.833333333333333	0.5	0.5	NA	0.5	0.363636363636364	0.5	0.5	1	0.5	NA	NA	0.333333333333333	NA	NA	0.666666666666667	1	1	0.6	0.428571428571429	0.5	0.333333333333333	1	NA	1	0.5	0.444444444444444	0.75	0.833333333333333	1	0.461538461538462	0.571428571428571	0.4	0.1875	0.5	0.5	0.666666666666667	0.583333333333333	0.285714285714286	0.75	NA	1	NA	0.625	1	0.333333333333333	NA	0.714285714285714	NA	0.727272727272727	NA	NA	1	NA	NA	1	1	0.642857142857143	NA	NA	0.5	1	0.357142857142857	0.625	1	0.666666666666667	0.5	1	0.5	0.5	NA	1	0.857142857142857	1	0.5	NA	0.625	NA	0.5	0.8	NA	0.6	0.5	NA	NA	0.777777777777778	0.5	0.5	NA	0.625	1	0.8	0.333333333333333	1	0.466666666666667	NA	0.571428571428571	NA	0.444444444444444
14	0.636363636363636	1	0.428571428571429	0.571428571428571	NA	1	0.4	1	0.5	1	0.6	NA	NA	1	NA	NA	0.5	1	1	0.6	0.333333333333333	0.5	0.375	NA	NA	1	0.571428571428571	0.4	0.666666666666667	0.4	1	0.444444444444444	0.5	0.6	0.266666666666667	0.333333333333333	0.666666666666667	0.5	0.7	0.666666666666667	1	NA	1	NA	0.428571428571429	1	0.5	NA	0.571428571428571	NA	0.75	NA	NA	1	NA	NA	1	0.6	0.375	NA	NA	1	1	0.5	0.571428571428571	1	1	0.6	0.777777777777778	0.666666666666667	0.666666666666667	NA	1	0.5	0.5	1	NA	0.7	NA	0.666666666666667	1	NA	0.666666666666667	0.666666666666667	NA	NA	0.8	0.4	0.666666666666667	NA	0.571428571428571	0.857142857142857	0.8	0.333333333333333	1	0.461538461538462	NA	0.571428571428571	NA	0.5
15	0.5	1	0.375	0.571428571428571	NA	NA	0.4	1	0.5	1	0.333333333333333	NA	NA	NA	NA	NA	1	0.8	1	0.6	0.285714285714286	0.5	0.4	NA	NA	0.6	0.571428571428571	0.416666666666667	0.666666666666667	0.666666666666667	1	0.363636363636364	0.5	0.6	0.25	0.333333333333333	0.6	0.666666666666667	0.7	0.4	1	NA	1	NA	0.571428571428571	0.8	0.5	NA	0.4	NA	0.454545454545455	NA	NA	0.666666666666667	NA	NA	1	0.666666666666667	0.444444444444444	NA	NA	1	1	0.6	0.5	1	NA	0.5	0.285714285714286	1	0.666666666666667	NA	1	0.5	0.5	1	NA	0.909090909090909	NA	0.5	0.714285714285714	NA	0.666666666666667	0.666666666666667	NA	NA	0.7	0.5	0.75	NA	0.571428571428571	0.75	0.5	0.5	1	0.3	NA	0.5	NA	0.3
16	0.428571428571429	1	0.444444444444444	1	NA	NA	0.5	1	0.6	1	0.333333333333333	NA	NA	NA	NA	NA	NA	0.75	1	0.666666666666667	0.25	0.5	0.538461538461538	NA	NA	0.666666666666667	0.714285714285714	0.272727272727273	0.4	0.666666666666667	0.75	0.444444444444444	0.5	0.8	0.277777777777778	0.333333333333333	0.4	0.5	0.714285714285714	0.666666666666667	0.9	NA	1	NA	0.714285714285714	0.6	0.5	NA	0.5	NA	0.384615384615385	NA	NA	0.5	NA	NA	0.666666666666667	0.666666666666667	0.352941176470588	NA	NA	1	0.5	0.6	0.4	0.5	NA	0.5	0.285714285714286	1	0.666666666666667	NA	1	0.8	0.5	NA	NA	0.9	NA	0.5	0.857142857142857	NA	0.833333333333333	0.5	NA	NA	0.727272727272727	0.4	1	NA	1	0.8	0.428571428571429	1	1	0.181818181818182	NA	0.5	NA	0.333333333333333
17	0.454545454545455	1	0.444444444444444	1	NA	NA	0.555555555555556	1	0.4	1	0.5	NA	NA	NA	NA	NA	NA	0.8	1	0.714285714285714	0.333333333333333	0.555555555555556	0.545454545454545	NA	NA	0.666666666666667	0.7	0.454545454545455	0.5	0.666666666666667	1	0.5	0.8	1	0.263157894736842	0.5	0.5	0.666666666666667	0.583333333333333	0.714285714285714	0.714285714285714	NA	1	NA	0.875	0.75	0.375	NA	0.5	NA	0.454545454545455	NA	NA	0.5	NA	NA	0.8	0.666666666666667	0.352941176470588	NA	NA	1	0.666666666666667	0.538461538461538	0.5	0.666666666666667	NA	0.571428571428571	0.3	1	0.666666666666667	NA	1	0.5	0.5	NA	NA	0.5	NA	1	0.875	NA	0.4	0.5	NA	NA	0.857142857142857	0.416666666666667	1	NA	1	0.777777777777778	0.571428571428571	0.6	1	0.7	NA	1	NA	0.454545454545455
18	0.454545454545455	0.75	0.571428571428571	0.571428571428571	NA	NA	0.545454545454545	1	0.5	0.5	0.5	NA	NA	NA	NA	NA	NA	0.8	0.666666666666667	0.75	0.4	0.571428571428571	0.5	NA	NA	0.666666666666667	0.416666666666667	0.4	0.6	1	0.5	0.333333333333333	1	1	0.222222222222222	NA	0.384615384615385	0.666666666666667	0.8	0.7	0.4	NA	1	NA	0.9	0.666666666666667	0.3	NA	0.571428571428571	NA	0.25	NA	NA	1	NA	NA	1	0.333333333333333	0.3125	NA	NA	NA	0.5	0.363636363636364	0.5	0.666666666666667	NA	0.6	0.25	1	1	NA	1	0.5	0.571428571428571	NA	NA	0.571428571428571	NA	1	0.875	NA	0.75	0.5	NA	NA	0.666666666666667	0.416666666666667	0.333333333333333	NA	0.666666666666667	0.777777777777778	0.714285714285714	0.571428571428571	1	0.444444444444444	NA	1	NA	0.545454545454545
19	0.3	0.666666666666667	0.4	0.333333333333333	NA	NA	0.5	0.5	0.5	0.5	0.5	NA	NA	NA	NA	NA	NA	1	0.5	0.777777777777778	0.4	0.75	0.6	NA	NA	0.714285714285714	0.416666666666667	0.444444444444444	0.428571428571429	0.5	0.571428571428571	0.142857142857143	0.5	0.333333333333333	0.238095238095238	NA	0.333333333333333	0.5	0.666666666666667	0.444444444444444	0.4	NA	1	NA	0.777777777777778	0.75	0.333333333333333	NA	0.555555555555556	NA	0.375	NA	NA	NA	NA	NA	1	0.5	0.357142857142857	NA	NA	NA	0.5	0.444444444444444	0.666666666666667	0.666666666666667	NA	0.75	0.375	NA	1	NA	1	0.5	0.375	NA	NA	0.75	NA	1	0.571428571428571	NA	0.666666666666667	0.666666666666667	NA	NA	0.571428571428571	0.416666666666667	0.333333333333333	NA	0.5	0.428571428571429	0.666666666666667	0.5	1	0.363636363636364	NA	1	NA	0.615384615384615
20	0.375	0.5	0.333333333333333	0.5	NA	NA	0.5	0.666666666666667	0.5	0.6	0.4	NA	NA	NA	NA	NA	NA	1	0.666666666666667	0.75	0.545454545454545	0.666666666666667	0.454545454545455	NA	NA	0.714285714285714	0.470588235294118	0.375	0.428571428571429	1	0.666666666666667	0.222222222222222	0.666666666666667	0.5	0.275862068965517	NA	0.266666666666667	0.5	0.6	0.428571428571429	0.333333333333333	NA	1	NA	0.777777777777778	0.75	0.285714285714286	NA	0.625	NA	0.444444444444444	NA	NA	NA	NA	NA	0.8	0.666666666666667	0.461538461538462	NA	NA	NA	1	0.2	0.8	0.75	NA	1	0.411764705882353	NA	1	NA	1	0.5	0.5	NA	NA	1	NA	1	0.857142857142857	NA	0.666666666666667	1	NA	NA	0.555555555555556	0.3	0.5	NA	1	0.6	0.75	0.5	1	0.3	NA	1	NA	0.692307692307692
21	0.285714285714286	0.333333333333333	0.375	0.666666666666667	NA	NA	0.5	0.666666666666667	0.5	0.6	0.333333333333333	NA	NA	NA	NA	NA	NA	0.333333333333333	0.666666666666667	1	0.5	0.571428571428571	0.307692307692308	NA	NA	0.75	0.388888888888889	0.428571428571429	0.333333333333333	1	1	0.333333333333333	0.5	0.8	0.137931034482759	NA	0.272727272727273	0.571428571428571	0.444444444444444	0.333333333333333	0.666666666666667	NA	1	NA	0.846153846153846	0.75	0.333333333333333	NA	0.666666666666667	NA	0.571428571428571	NA	NA	NA	NA	NA	0.714285714285714	0.666666666666667	0.625	NA	NA	NA	NA	0.333333333333333	0.333333333333333	0.75	NA	1	0.428571428571429	NA	NA	NA	1	0.5	0.583333333333333	NA	NA	1	NA	1	0.625	NA	1	1	NA	NA	0.5	0.333333333333333	0.8	NA	1	0.333333333333333	0.666666666666667	0.272727272727273	1	0.363636363636364	NA	1	NA	0.6
22	0.285714285714286	0.5	0.4	0.25	NA	NA	1	1	0.5	0.666666666666667	0.5	NA	NA	NA	NA	NA	NA	0.5	0.666666666666667	1	0.538461538461538	0.6	0.533333333333333	NA	NA	1	0.1875	0.428571428571429	0.5	1	1	0.375	0.75	0.8	0.1875	NA	0.36	0.571428571428571	0.428571428571429	0.333333333333333	1	NA	NA	NA	0.916666666666667	1	0.4	NA	0.818181818181818	NA	1	NA	NA	NA	NA	NA	0.666666666666667	0.5	0.642857142857143	NA	NA	NA	NA	1	0.5	1	NA	1	0.466666666666667	NA	NA	NA	1	0.666666666666667	0.636363636363636	NA	NA	1	NA	1	0.375	NA	0.5	1	NA	NA	0.636363636363636	0.285714285714286	0.75	NA	NA	0.333333333333333	0.571428571428571	0.307692307692308	NA	0.4	NA	1	NA	0.416666666666667
23	0.285714285714286	0.5	0.538461538461538	0.5	NA	NA	1	1	NA	0.333333333333333	1	NA	NA	NA	NA	NA	NA	1	0.666666666666667	0.333333333333333	0.384615384615385	0.5	0.266666666666667	NA	NA	1	0.210526315789474	0.75	0.571428571428571	1	0.75	0.428571428571429	0.75	0.833333333333333	0.21875	NA	0.375	0.571428571428571	0.363636363636364	0.375	1	NA	NA	NA	0.909090909090909	1	0.5	NA	0.583333333333333	NA	0.5	NA	NA	NA	NA	NA	0.444444444444444	0.5	0.6875	NA	NA	NA	NA	1	0.4	1	NA	1	0.428571428571429	NA	NA	NA	1	0.75	0.666666666666667	NA	NA	1	NA	1	0.5	NA	1	1	NA	NA	0.666666666666667	0.3125	0.666666666666667	NA	NA	1	0.6	0.461538461538462	NA	0.5	NA	1	NA	0.416666666666667
24	0.333333333333333	0.5	0.384615384615385	0.666666666666667	NA	NA	NA	1	NA	0.5	0.8	NA	NA	NA	NA	NA	NA	1	0.75	0.5	0.461538461538462	0.666666666666667	0.333333333333333	NA	NA	1	0.1875	0.5	0.571428571428571	NA	0.538461538461538	0.166666666666667	1	0.833333333333333	0.25	NA	0.375	0.666666666666667	0.4	0.285714285714286	1	NA	NA	NA	0.555555555555556	1	0.5	NA	0.666666666666667	NA	0.75	NA	NA	NA	NA	NA	0.416666666666667	0.5	0.307692307692308	NA	NA	NA	NA	1	0.25	1	NA	1	0.375	NA	NA	NA	1	0.5	0.666666666666667	NA	NA	1	NA	0.5	0.666666666666667	NA	1	1	NA	NA	0.333333333333333	0.294117647058824	0.5	NA	NA	1	0.454545454545455	0.615384615384615	NA	0.5	NA	1	NA	0.222222222222222
25	0.428571428571429	1	0.5	0.5	NA	NA	NA	1	NA	1	0.833333333333333	NA	NA	NA	NA	NA	NA	1	0.6	NA	0.363636363636364	0.714285714285714	0.3125	NA	NA	1	0.375	0.5	0.714285714285714	NA	0.428571428571429	0.285714285714286	1	0.75	0.27027027027027	NA	0.434782608695652	0.625	0.333333333333333	0.375	1	NA	NA	NA	0.333333333333333	NA	0.5	NA	0.692307692307692	NA	0.5	NA	NA	NA	NA	NA	0.5	0.5	0.285714285714286	NA	NA	NA	NA	1	0.666666666666667	1	NA	1	0.1	NA	NA	NA	1	1	0.5	NA	NA	0.4	NA	0.5	0.666666666666667	NA	1	1	NA	NA	0.416666666666667	0.277777777777778	0.25	NA	NA	1	0.5	0.666666666666667	NA	0.25	NA	1	NA	0.444444444444444
26	0.428571428571429	NA	0.545454545454545	0.6	NA	NA	NA	1	NA	1	0.833333333333333	NA	NA	NA	NA	NA	NA	1	0.666666666666667	NA	0.461538461538462	0.5	0.357142857142857	NA	NA	NA	0.307692307692308	0.5	0.5	NA	0.5	0.333333333333333	1	0.666666666666667	0.162162162162162	NA	0.24	0.583333333333333	0.375	0.3	1	NA	NA	NA	0.4	NA	0.75	NA	0.5	NA	0.5	NA	NA	NA	NA	NA	0.416666666666667	0.5	0.363636363636364	NA	NA	NA	NA	1	0.666666666666667	1	NA	1	0.181818181818182	NA	NA	NA	0.75	NA	0.571428571428571	NA	NA	0.428571428571429	NA	0.5	0.571428571428571	NA	1	0.5	NA	NA	0.25	0.294117647058824	0.25	NA	NA	1	0.466666666666667	0.333333333333333	NA	0.4	NA	0.333333333333333	NA	0.375
27	0.4	NA	0.4	0.666666666666667	NA	NA	NA	1	NA	1	0.5	NA	NA	NA	NA	NA	NA	1	0.8	NA	0.416666666666667	0.5	0.285714285714286	NA	NA	NA	0.333333333333333	1	0.666666666666667	NA	0.705882352941177	0.4	1	0.5	0.1875	NA	0.384615384615385	0.692307692307692	0.25	0.363636363636364	1	NA	NA	NA	0.25	NA	0.75	NA	0.5	NA	0.5	NA	NA	NA	NA	NA	0.416666666666667	0.75	0.333333333333333	NA	NA	NA	NA	1	0.8	1	NA	1	0.307692307692308	NA	NA	NA	0.857142857142857	NA	0.625	NA	NA	0.571428571428571	NA	1	0.666666666666667	NA	0.8	0.5	NA	NA	0.307692307692308	0.375	0.4	NA	NA	1	0.363636363636364	0.3	NA	0.666666666666667	NA	1	NA	0.5
28	0.4	NA	0.5	1	NA	NA	NA	1	NA	1	0.5	NA	NA	NA	NA	NA	NA	1	1	NA	0.416666666666667	0.5	0.384615384615385	NA	NA	NA	0.444444444444444	1	0.666666666666667	NA	0.764705882352941	0.5	1	0.6	0.166666666666667	NA	0.227272727272727	0.75	0.375	0.285714285714286	1	NA	NA	NA	0.4	NA	0.333333333333333	NA	0.636363636363636	NA	NA	NA	NA	NA	NA	NA	0.272727272727273	0.6	0.333333333333333	NA	NA	NA	NA	NA	0.25	1	NA	0.5	0.333333333333333	NA	NA	NA	0.857142857142857	NA	0.428571428571429	NA	NA	0.7	NA	1	0.8	NA	0.8	0.666666666666667	NA	NA	0.333333333333333	0.333333333333333	0.5	NA	NA	1	0.416666666666667	0.444444444444444	NA	0.727272727272727	NA	1	NA	0.375
29	0.5	NA	0.5	1	NA	NA	NA	1	NA	1	0.6	NA	NA	NA	NA	NA	NA	1	1	NA	0.333333333333333	0.75	0.5	NA	NA	NA	0.6	NA	0.5	NA	0.65	0.428571428571429	0.75	0.666666666666667	0.2	NA	0.25	0.5	0.333333333333333	0.333333333333333	0.75	NA	NA	NA	0.4	NA	0.5	NA	0.375	NA	NA	NA	NA	NA	NA	NA	0.272727272727273	0.5	0.333333333333333	NA	NA	NA	NA	NA	0.666666666666667	1	NA	0.5	0.333333333333333	NA	NA	NA	0.5	NA	0.625	NA	NA	0.5	NA	1	0.666666666666667	NA	0.4	0.75	NA	NA	0.444444444444444	0.416666666666667	0.333333333333333	NA	NA	NA	0.222222222222222	0.625	NA	0.6	NA	1	NA	0.375
30	0.6	NA	0.25	0.5	NA	NA	NA	0.5	NA	1	1	NA	NA	NA	NA	NA	NA	1	1	NA	0.6	0.6	0.466666666666667	NA	NA	NA	0.5	NA	0.5	NA	0.65	0.4	0.8	0.5	0.28	NA	0.291666666666667	0.384615384615385	0.363636363636364	0.4	0.75	NA	NA	NA	0.5	NA	1	NA	0.666666666666667	NA	NA	NA	NA	NA	NA	NA	0.333333333333333	0.5	0.333333333333333	NA	NA	NA	NA	NA	0.666666666666667	1	NA	0.8	0.272727272727273	NA	NA	NA	0.2	NA	0.625	NA	NA	0.5	NA	1	0.333333333333333	NA	0.4	0.666666666666667	NA	NA	0.444444444444444	0.416666666666667	0.285714285714286	NA	NA	NA	0.444444444444444	0.714285714285714	NA	0.6	NA	0.5	NA	0.571428571428571
31	0.5	NA	0.285714285714286	1	NA	NA	NA	0.5	NA	1	1	NA	NA	NA	NA	NA	NA	1	1	NA	0.5	0.571428571428571	0.6	NA	NA	NA	0.5	NA	0.428571428571429	NA	0.578947368421053	0.571428571428571	1	0.5	0.291666666666667	NA	0.4	0.5	0.4	0.538461538461538	0.5	NA	NA	NA	1	NA	1	NA	0.8	NA	NA	NA	NA	NA	NA	NA	0.333333333333333	0.833333333333333	0.357142857142857	NA	NA	NA	NA	NA	0.5	1	NA	1	0.333333333333333	NA	NA	NA	0.625	NA	0.555555555555556	NA	NA	0.5	NA	1	0.4	NA	0.6	1	NA	NA	0.571428571428571	0.6	0.4	NA	NA	NA	0.285714285714286	0.285714285714286	NA	0.625	NA	0.5	NA	0.428571428571429
32	0.5	NA	0.333333333333333	1	NA	NA	NA	0.5	NA	1	0.666666666666667	NA	NA	NA	NA	NA	NA	NA	1	NA	0.5	0.625	0.6	NA	NA	NA	0.666666666666667	NA	0.5	NA	0.263157894736842	0.444444444444444	1	1	0.230769230769231	NA	0.407407407407407	0.421052631578947	0.454545454545455	0.2	0.666666666666667	NA	NA	NA	1	NA	0.5	NA	0.75	NA	NA	NA	NA	NA	NA	NA	0.333333333333333	0.833333333333333	0.571428571428571	NA	NA	NA	NA	NA	0.666666666666667	1	NA	0.666666666666667	0.375	NA	NA	NA	0.555555555555556	NA	0.5	NA	NA	0.545454545454545	NA	1	0.6	NA	0.6	0.666666666666667	NA	NA	0.5	0.333333333333333	0.4	NA	NA	NA	0.333333333333333	0.333333333333333	NA	0.375	NA	1	NA	1
33	0.5	NA	0.25	1	NA	NA	NA	0.5	NA	1	0.666666666666667	NA	NA	NA	NA	NA	NA	NA	0.8	NA	0.666666666666667	0.7	0.523809523809524	NA	NA	NA	0.714285714285714	NA	0.3	NA	0.263157894736842	0.285714285714286	1	1	0.133333333333333	NA	0.448275862068966	0.421052631578947	0.4	0.454545454545455	0.666666666666667	NA	NA	NA	1	NA	0.5	NA	0.8	NA	NA	NA	NA	NA	NA	NA	0.333333333333333	0.833333333333333	0.153846153846154	NA	NA	NA	NA	NA	0.5	0.5	NA	0.666666666666667	0.285714285714286	NA	NA	NA	0.666666666666667	NA	0.333333333333333	NA	NA	0.666666666666667	NA	1	0.333333333333333	NA	0.4	0.666666666666667	NA	NA	0.333333333333333	0.272727272727273	0.6	NA	NA	NA	0.333333333333333	0.3	NA	0.375	NA	NA	NA	1
34	0.5	NA	0.333333333333333	1	NA	NA	NA	0.75	NA	1	0.666666666666667	NA	NA	NA	NA	NA	NA	NA	0.666666666666667	NA	0.666666666666667	0.909090909090909	0.5625	NA	NA	NA	0.666666666666667	NA	0.363636363636364	NA	0.3125	0.375	1	1	0.162162162162162	NA	0.407407407407407	0.263157894736842	0.333333333333333	0.363636363636364	0.5	NA	NA	NA	1	NA	1	NA	0.571428571428571	NA	NA	NA	NA	NA	NA	NA	0.5	1	0.25	NA	NA	NA	NA	NA	0.666666666666667	1	NA	0.5	0.4	NA	NA	NA	0.769230769230769	NA	0.5	NA	NA	0.5	NA	0.6	0.5	NA	0.4	1	NA	NA	0.5	0.363636363636364	0.6	NA	NA	NA	0.5	0.285714285714286	NA	0.777777777777778	NA	NA	NA	0.875
35	1	NA	0.333333333333333	NA	NA	NA	NA	0.8	NA	1	1	NA	NA	NA	NA	NA	NA	NA	0.6	NA	0.666666666666667	0.454545454545455	0.5	NA	NA	NA	0.166666666666667	NA	0.428571428571429	NA	0.294117647058824	0.428571428571429	1	NA	0.184210526315789	NA	0.423076923076923	0.263157894736842	0.454545454545455	0.5	0.5	NA	NA	NA	NA	NA	NA	NA	0.333333333333333	NA	NA	NA	NA	NA	NA	NA	0.333333333333333	1	0.307692307692308	NA	NA	NA	NA	NA	0.5	1	NA	0.5	0.333333333333333	NA	NA	NA	0.833333333333333	NA	0.5	NA	NA	1	NA	1	0.5	NA	0.333333333333333	0.666666666666667	NA	NA	0.5	0.333333333333333	0.6	NA	NA	NA	0.5	0.428571428571429	NA	0.428571428571429	NA	NA	NA	0.666666666666667
36	NA	NA	0.461538461538462	NA	NA	NA	NA	1	NA	1	1	NA	NA	NA	NA	NA	NA	NA	0.5	NA	0.5	0.666666666666667	0.428571428571429	NA	NA	NA	0.2	NA	0.466666666666667	NA	0.444444444444444	0.444444444444444	0.666666666666667	NA	0.176470588235294	NA	0.269230769230769	0.266666666666667	0.416666666666667	0.454545454545455	0.6	NA	NA	NA	NA	NA	NA	NA	0.333333333333333	NA	NA	NA	NA	NA	NA	NA	0.333333333333333	0.666666666666667	0.384615384615385	NA	NA	NA	NA	NA	0.5	1	NA	0.5	0.333333333333333	NA	NA	NA	0.583333333333333	NA	0.428571428571429	NA	NA	1	NA	1	0.5	NA	0.5	0.666666666666667	NA	NA	0.8	0.363636363636364	0.333333333333333	NA	NA	NA	0.5	0.714285714285714	NA	0.333333333333333	NA	NA	NA	0.75
37	NA	NA	0.375	NA	NA	NA	NA	0.666666666666667	NA	NA	1	NA	NA	NA	NA	NA	NA	NA	0.454545454545455	NA	0.5	0.636363636363636	0.4	NA	NA	NA	0.5	NA	0.333333333333333	NA	0.277777777777778	0.375	0.555555555555556	NA	0.1875	NA	0.260869565217391	0.307692307692308	0.222222222222222	0.444444444444444	0.6	NA	NA	NA	NA	NA	NA	NA	0.333333333333333	NA	NA	NA	NA	NA	NA	NA	0.5	0.5	0.333333333333333	NA	NA	NA	NA	NA	1	0.714285714285714	NA	0.75	0.5	NA	NA	NA	0.307692307692308	NA	0.6	NA	NA	1	NA	1	0.6	NA	0.428571428571429	1	NA	NA	0.833333333333333	0.416666666666667	0.5	NA	NA	NA	0.6	0.833333333333333	NA	0.333333333333333	NA	NA	NA	1
38	NA	NA	0.5	NA	NA	NA	NA	0.666666666666667	NA	NA	NA	NA	NA	NA	NA	NA	NA	NA	0.5	NA	0.5	0.583333333333333	0.294117647058824	NA	NA	NA	0.666666666666667	NA	0.384615384615385	NA	0.4	0.5	0.375	NA	0.222222222222222	NA	0.227272727272727	0.285714285714286	0.25	0.428571428571429	0.75	NA	NA	NA	NA	NA	NA	NA	0.666666666666667	NA	NA	NA	NA	NA	NA	NA	0.666666666666667	0.75	0.444444444444444	NA	NA	NA	NA	NA	1	0.777777777777778	NA	1	0.5	NA	NA	NA	0.272727272727273	NA	0.5	NA	NA	1	NA	1	0.75	NA	0.6	1	NA	NA	0.833333333333333	0.4	0.5	NA	NA	NA	0.6	1	NA	0.333333333333333	NA	NA	NA	0.625
39	NA	NA	0.285714285714286	NA	NA	NA	NA	0.6	NA	NA	NA	NA	NA	NA	NA	NA	NA	NA	0.4	NA	0.666666666666667	0.538461538461538	0.4	NA	NA	NA	0.4	NA	0.285714285714286	NA	0.444444444444444	0.454545454545455	0.333333333333333	NA	0.2	NA	0.260869565217391	0.461538461538462	0.4	0.2	1	NA	NA	NA	NA	NA	NA	NA	0.666666666666667	NA	NA	NA	NA	NA	NA	NA	1	0.75	0.75	NA	NA	NA	NA	NA	1	0.8	NA	1	0.666666666666667	NA	NA	NA	0.333333333333333	NA	0.666666666666667	NA	NA	1	NA	0.75	0.75	NA	0.75	1	NA	NA	1	0.5	1	NA	NA	NA	0.6	1	NA	0.333333333333333	NA	NA	NA	1
40	NA	NA	0.357142857142857	NA	NA	NA	NA	0.5	NA	NA	NA	NA	NA	NA	NA	NA	NA	NA	0.4	NA	0.666666666666667	0.533333333333333	0.285714285714286	NA	NA	NA	0.333333333333333	NA	0.214285714285714	NA	0.5	0.555555555555556	0.5	NA	0.185185185185185	NA	0.230769230769231	0.571428571428571	0.363636363636364	0.285714285714286	1	NA	NA	NA	NA	NA	NA	NA	0.666666666666667	NA	NA	NA	NA	NA	NA	NA	1	0.8	0.666666666666667	NA	NA	NA	NA	NA	1	0.428571428571429	NA	1	0.75	NA	NA	NA	0.4	NA	1	NA	NA	NA	NA	0.5	0.8	NA	0.333333333333333	1	NA	NA	1	0.692307692307692	1	NA	NA	NA	0.6	1	NA	0.5	NA	NA	NA	0.9
41	NA	NA	0.333333333333333	NA	NA	NA	NA	0.4	NA	NA	NA	NA	NA	NA	NA	NA	NA	NA	0.75	NA	0.666666666666667	0.315789473684211	0.25	NA	NA	NA	0.428571428571429	NA	0.2	NA	0.5	0.5	0.5	NA	0.344827586206897	NA	0.208333333333333	0.5625	0.416666666666667	0.714285714285714	0.666666666666667	NA	NA	NA	NA	NA	NA	NA	0.5	NA	NA	NA	NA	NA	NA	NA	0.5	0.75	0.5	NA	NA	NA	NA	NA	1	0.375	NA	1	0.333333333333333	NA	NA	NA	0.454545454545455	NA	1	NA	NA	NA	NA	0.5	0.875	NA	0.333333333333333	1	NA	NA	1	0.333333333333333	1	NA	NA	NA	0.333333333333333	1	NA	0.5	NA	NA	NA	0.4
42	NA	NA	0.3	NA	NA	NA	NA	0.333333333333333	NA	NA	NA	NA	NA	NA	NA	NA	NA	NA	1	NA	0.5	0.277777777777778	0.222222222222222	NA	NA	NA	0.4	NA	0.285714285714286	NA	0.333333333333333	0.428571428571429	0.333333333333333	NA	0.4	NA	0.304347826086957	0.4375	0.363636363636364	0.5	1	NA	NA	NA	NA	NA	NA	NA	1	NA	NA	NA	NA	NA	NA	NA	0.5	0.5	0.4	NA	NA	NA	NA	NA	0.5	0.375	NA	1	0.333333333333333	NA	NA	NA	0.3	NA	1	NA	NA	NA	NA	1	0.916666666666667	NA	1	1	NA	NA	1	0.333333333333333	1	NA	NA	NA	0.4	0.5	NA	0.5	NA	NA	NA	0.416666666666667
43	NA	NA	0.416666666666667	NA	NA	NA	NA	0.428571428571429	NA	NA	NA	NA	NA	NA	NA	NA	NA	NA	1	NA	0.666666666666667	0.25	0.25	NA	NA	NA	0.5	NA	0.318181818181818	NA	0.357142857142857	0.4375	0.333333333333333	NA	0.3125	NA	0.19047619047619	0.409090909090909	0.363636363636364	0.4	1	NA	NA	NA	NA	NA	NA	NA	1	NA	NA	NA	NA	NA	NA	NA	0.666666666666667	0.5	0.454545454545455	NA	NA	NA	NA	NA	0.5	0.428571428571429	NA	1	0.25	NA	NA	NA	0.3	NA	1	NA	NA	NA	NA	0.5	1	NA	1	1	NA	NA	1	0.4	1	NA	NA	NA	0.666666666666667	0.5	NA	0.5	NA	NA	NA	0.285714285714286
44	NA	NA	0.454545454545455	NA	NA	NA	NA	0.375	NA	NA	NA	NA	NA	NA	NA	NA	NA	NA	1	NA	0.5	0.266666666666667	0.375	NA	NA	NA	1	NA	0.391304347826087	NA	0.333333333333333	0.571428571428571	0.25	NA	0.315789473684211	NA	0.222222222222222	0.333333333333333	0.25	0.5	1	NA	NA	NA	NA	NA	NA	NA	1	NA	NA	NA	NA	NA	NA	NA	1	0.5	0.454545454545455	NA	NA	NA	NA	NA	1	0.5	NA	1	0.5	NA	NA	NA	0.333333333333333	NA	1	NA	NA	NA	NA	1	1	NA	1	1	NA	NA	1	0.363636363636364	1	NA	NA	NA	1	0.5	NA	1	NA	NA	NA	0.25
45	NA	NA	0.416666666666667	NA	NA	NA	NA	0.375	NA	NA	NA	NA	NA	NA	NA	NA	NA	NA	1	NA	1	0.4	0.3	NA	NA	NA	1	NA	0.347826086956522	NA	0.4	0.25	0.333333333333333	NA	0.388888888888889	NA	0.277777777777778	0.181818181818182	0.375	0.285714285714286	1	NA	NA	NA	NA	NA	NA	NA	1	NA	NA	NA	NA	NA	NA	NA	0.666666666666667	0.5	0.5	NA	NA	NA	NA	NA	1	0.5	NA	1	0.6	NA	NA	NA	0.4	NA	1	NA	NA	NA	NA	1	0.8	NA	1	NA	NA	NA	1	0.4	1	NA	NA	NA	1	1	NA	1	NA	NA	NA	0.2
46	NA	NA	0.538461538461538	NA	NA	NA	NA	0.4	NA	NA	NA	NA	NA	NA	NA	NA	NA	NA	1	NA	1	0.466666666666667	0.3	NA	NA	NA	1	NA	0.347826086956522	NA	0.5	0.333333333333333	0.5	NA	0.25	NA	0.285714285714286	0.217391304347826	0.529411764705882	0.571428571428571	1	NA	NA	NA	NA	NA	NA	NA	1	NA	NA	NA	NA	NA	NA	NA	0.666666666666667	0.666666666666667	0.5	NA	NA	NA	NA	NA	NA	0.428571428571429	NA	1	0.666666666666667	NA	NA	NA	0.375	NA	1	NA	NA	NA	NA	1	0.375	NA	1	NA	NA	NA	1	0.285714285714286	1	NA	NA	NA	1	NA	NA	1	NA	NA	NA	0.384615384615385
47	NA	NA	0.454545454545455	NA	NA	NA	NA	0.363636363636364	NA	NA	NA	NA	NA	NA	NA	NA	NA	NA	1	NA	1	0.466666666666667	0.333333333333333	NA	NA	NA	NA	NA	0.275862068965517	NA	0.4	0.571428571428571	1	NA	0.363636363636364	NA	0.3	0.227272727272727	0.6	0.714285714285714	1	NA	NA	NA	NA	NA	NA	NA	1	NA	NA	NA	NA	NA	NA	NA	0.5	1	0.5	NA	NA	NA	NA	NA	NA	0.333333333333333	NA	1	1	NA	NA	NA	0.428571428571429	NA	0.6	NA	NA	NA	NA	1	0.375	NA	1	NA	NA	NA	1	0.375	1	NA	NA	NA	1	NA	NA	1	NA	NA	NA	0.3
48	NA	NA	0.444444444444444	NA	NA	NA	NA	0.4	NA	NA	NA	NA	NA	NA	NA	NA	NA	NA	1	NA	1	0.333333333333333	0.444444444444444	NA	NA	NA	NA	NA	0.178571428571429	NA	0.5	0.333333333333333	1	NA	0.333333333333333	NA	0.2	0.272727272727273	0.470588235294118	0.6	1	NA	NA	NA	NA	NA	NA	NA	1	NA	NA	NA	NA	NA	NA	NA	0.6	NA	0.666666666666667	NA	NA	NA	NA	NA	NA	0.285714285714286	NA	1	1	NA	NA	NA	0.6	NA	0.666666666666667	NA	NA	NA	NA	1	0.428571428571429	NA	1	NA	NA	NA	1	0.333333333333333	1	NA	NA	NA	1	NA	NA	1	NA	NA	NA	0.416666666666667
49	NA	NA	0.375	NA	NA	NA	NA	0.214285714285714	NA	NA	NA	NA	NA	NA	NA	NA	NA	NA	1	NA	1	0.307692307692308	0.444444444444444	NA	NA	NA	NA	NA	0.259259259259259	NA	0.5	0.5	0.5	NA	0.454545454545455	NA	0.25	0.227272727272727	0.6	0.75	1	NA	NA	NA	NA	NA	NA	NA	NA	NA	NA	NA	NA	NA	NA	NA	0.571428571428571	NA	0.4	NA	NA	NA	NA	NA	NA	0.285714285714286	NA	NA	0.5	NA	NA	NA	0.6	NA	0.666666666666667	NA	NA	NA	NA	0.833333333333333	0.666666666666667	NA	1	NA	NA	NA	NA	0.333333333333333	1	NA	NA	NA	1	NA	NA	1	NA	NA	NA	0.5
50	NA	NA	0.444444444444444	NA	NA	NA	NA	0.214285714285714	NA	NA	NA	NA	NA	NA	NA	NA	NA	NA	1	NA	1	0.428571428571429	0.5	NA	NA	NA	NA	NA	0.2	NA	0.454545454545455	0.25	0.5	NA	0.636363636363636	NA	0.285714285714286	0.25	0.352941176470588	0.75	1	NA	NA	NA	NA	NA	NA	NA	NA	NA	NA	NA	NA	NA	NA	NA	0.333333333333333	NA	0.6	NA	NA	NA	NA	NA	NA	0.4	NA	NA	1	NA	NA	NA	0.6	NA	0.714285714285714	NA	NA	NA	NA	0.8	0.75	NA	1	NA	NA	NA	NA	0.666666666666667	1	NA	NA	NA	1	NA	NA	1	NA	NA	NA	0.25
51	NA	NA	0.666666666666667	NA	NA	NA	NA	0.25	NA	NA	NA	NA	NA	NA	NA	NA	NA	NA	1	NA	1	0.363636363636364	0.4	NA	NA	NA	NA	NA	0.185185185185185	NA	0.6	0.25	1	NA	0.692307692307692	NA	0.294117647058824	0.28	0.277777777777778	0.555555555555556	1	NA	NA	NA	NA	NA	NA	NA	NA	NA	NA	NA	NA	NA	NA	NA	0.5	NA	0.333333333333333	NA	NA	NA	NA	NA	NA	0.75	NA	NA	1	NA	NA	NA	0.8	NA	0.9	NA	NA	NA	NA	0.5	0.5	NA	1	NA	NA	NA	NA	0.375	1	NA	NA	NA	1	NA	NA	1	NA	NA	NA	0.4
52	NA	NA	0.4	NA	NA	NA	NA	0.272727272727273	NA	NA	NA	NA	NA	NA	NA	NA	NA	NA	1	NA	1	0.416666666666667	0.4	NA	NA	NA	NA	NA	0.2	NA	1	0.8	1	NA	0.769230769230769	NA	0.3	0.333333333333333	0.307692307692308	0.583333333333333	1	NA	NA	NA	NA	NA	NA	NA	NA	NA	NA	NA	NA	NA	NA	NA	0.5	NA	0.5	NA	NA	NA	NA	NA	NA	0.333333333333333	NA	NA	1	NA	NA	NA	0.5	NA	0.9	NA	NA	NA	NA	0.75	0.571428571428571	NA	1	NA	NA	NA	NA	0.3	1	NA	NA	NA	1	NA	NA	1	NA	NA	NA	0.4
53	NA	NA	0.5	NA	NA	NA	NA	0.272727272727273	NA	NA	NA	NA	NA	NA	NA	NA	NA	NA	1	NA	1	0.5	0.25	NA	NA	NA	NA	NA	0.208333333333333	NA	0.375	0.75	1	NA	0.866666666666667	NA	0.304347826086957	0.428571428571429	0.315789473684211	0.454545454545455	1	NA	NA	NA	NA	NA	NA	NA	NA	NA	NA	NA	NA	NA	NA	NA	0.6	NA	0.571428571428571	NA	NA	NA	NA	NA	NA	0.333333333333333	NA	NA	0.5	NA	NA	NA	0.333333333333333	NA	1	NA	NA	NA	NA	1	0.5	NA	1	NA	NA	NA	NA	0.333333333333333	1	NA	NA	NA	1	NA	NA	1	NA	NA	NA	0.363636363636364
54	NA	NA	0.6	NA	NA	NA	NA	0.375	NA	NA	NA	NA	NA	NA	NA	NA	NA	NA	1	NA	1	0.466666666666667	0.5	NA	NA	NA	NA	NA	0.16	NA	0.333333333333333	0.5	1	NA	0.75	NA	0.263157894736842	0.28	0.454545454545455	0.636363636363636	1	NA	NA	NA	NA	NA	NA	NA	NA	NA	NA	NA	NA	NA	NA	NA	0.666666666666667	NA	0.5	NA	NA	NA	NA	NA	NA	0.333333333333333	NA	NA	0.5	NA	NA	NA	0.4	NA	0.888888888888889	NA	NA	NA	NA	1	0.545454545454545	NA	1	NA	NA	NA	NA	0.363636363636364	1	NA	NA	NA	1	NA	NA	1	NA	NA	NA	0.454545454545455
55	NA	NA	0.333333333333333	NA	NA	NA	NA	0.428571428571429	NA	NA	NA	NA	NA	NA	NA	NA	NA	NA	0.5	NA	1	0.533333333333333	0.5	NA	NA	NA	NA	NA	0.142857142857143	NA	0.4	1	NA	NA	0.785714285714286	NA	0.35	0.259259259259259	0.375	0.416666666666667	1	NA	NA	NA	NA	NA	NA	NA	NA	NA	NA	NA	NA	NA	NA	NA	0.8	NA	0.5	NA	NA	NA	NA	NA	NA	0.333333333333333	NA	NA	1	NA	NA	NA	0.6	NA	0.555555555555556	NA	NA	NA	NA	1	0.666666666666667	NA	1	NA	NA	NA	NA	0.3	1	NA	NA	NA	1	NA	NA	1	NA	NA	NA	0.545454545454545
56	NA	NA	0.5	NA	NA	NA	NA	0.444444444444444	NA	NA	NA	NA	NA	NA	NA	NA	NA	NA	0.75	NA	NA	0.416666666666667	0.666666666666667	NA	NA	NA	NA	NA	0.2	NA	0.5	1	NA	NA	0.461538461538462	NA	0.533333333333333	0.25	0.296296296296296	0.384615384615385	NA	NA	NA	NA	NA	NA	NA	NA	NA	NA	NA	NA	NA	NA	NA	NA	0.8	NA	0.538461538461538	NA	NA	NA	NA	NA	NA	0.333333333333333	NA	NA	1	NA	NA	NA	0.6	NA	0.625	NA	NA	NA	NA	1	0.625	NA	0.5	NA	NA	NA	NA	0.3	1	NA	NA	NA	1	NA	NA	NA	NA	NA	NA	0.545454545454545
57	NA	NA	0.333333333333333	NA	NA	NA	NA	0.5	NA	NA	NA	NA	NA	NA	NA	NA	NA	NA	1	NA	NA	0.384615384615385	0.666666666666667	NA	NA	NA	NA	NA	0.214285714285714	NA	0.222222222222222	NA	NA	NA	0.428571428571429	NA	0.615384615384615	0.235294117647059	0.161290322580645	0.307692307692308	NA	NA	NA	NA	NA	NA	NA	NA	NA	NA	NA	NA	NA	NA	NA	NA	1	NA	0.5	NA	NA	NA	NA	NA	NA	0.5	NA	NA	0.333333333333333	NA	NA	NA	0.8	NA	0.666666666666667	NA	NA	NA	NA	1	0.5	NA	0.5	NA	NA	NA	NA	0.363636363636364	NA	NA	NA	NA	0.888888888888889	NA	NA	NA	NA	NA	NA	0.666666666666667
58	NA	NA	0.5	NA	NA	NA	NA	0.5	NA	NA	NA	NA	NA	NA	NA	NA	NA	NA	1	NA	NA	0.454545454545455	0.666666666666667	NA	NA	NA	NA	NA	0.230769230769231	NA	0.2	NA	NA	NA	0.461538461538462	NA	0.5	0.193548387096774	0.161290322580645	0.285714285714286	NA	NA	NA	NA	NA	NA	NA	NA	NA	NA	NA	NA	NA	NA	NA	NA	1	NA	0.466666666666667	NA	NA	NA	NA	NA	NA	0.5	NA	NA	0.333333333333333	NA	NA	NA	0.666666666666667	NA	0.666666666666667	NA	NA	NA	NA	1	0.5	NA	NA	NA	NA	NA	NA	0.375	NA	NA	NA	NA	0.714285714285714	NA	NA	NA	NA	NA	NA	0.7
59	NA	NA	0.666666666666667	NA	NA	NA	NA	0.5	NA	NA	NA	NA	NA	NA	NA	NA	NA	NA	1	NA	NA	0.375	0.75	NA	NA	NA	NA	NA	0.181818181818182	NA	0.25	NA	NA	NA	0.444444444444444	NA	0.454545454545455	0.257142857142857	0.214285714285714	0.333333333333333	NA	NA	NA	NA	NA	NA	NA	NA	NA	NA	NA	NA	NA	NA	NA	NA	1	NA	0.470588235294118	NA	NA	NA	NA	NA	NA	0.5	NA	NA	0.5	NA	NA	NA	0.6	NA	0.5	NA	NA	NA	NA	1	0.666666666666667	NA	NA	NA	NA	NA	NA	0.5	NA	NA	NA	NA	0.714285714285714	NA	NA	NA	NA	NA	NA	0.636363636363636
60	NA	NA	0.75	NA	NA	NA	NA	0.333333333333333	NA	NA	NA	NA	NA	NA	NA	NA	NA	NA	1	NA	NA	0.555555555555556	0.5	NA	NA	NA	NA	NA	0.277777777777778	NA	0.3	NA	NA	NA	0.444444444444444	NA	0.25	0.205882352941176	0.25	0.25	NA	NA	NA	NA	NA	NA	NA	NA	NA	NA	NA	NA	NA	NA	NA	NA	1	NA	0.428571428571429	NA	NA	NA	NA	NA	NA	0.666666666666667	NA	NA	0.6	NA	NA	NA	0.6	NA	0.666666666666667	NA	NA	NA	NA	0.714285714285714	0.5	NA	NA	NA	NA	NA	NA	0.5	NA	NA	NA	NA	0.428571428571429	NA	NA	NA	NA	NA	NA	0.5
61	NA	NA	1	NA	NA	NA	NA	0.333333333333333	NA	NA	NA	NA	NA	NA	NA	NA	NA	NA	1	NA	NA	0.444444444444444	0.5	NA	NA	NA	NA	NA	0.411764705882353	NA	0.272727272727273	NA	NA	NA	0.4	NA	0.25	0.194444444444444	0.310344827586207	0.272727272727273	NA	NA	NA	NA	NA	NA	NA	NA	NA	NA	NA	NA	NA	NA	NA	NA	1	NA	0.333333333333333	NA	NA	NA	NA	NA	NA	0.75	NA	NA	0.571428571428571	NA	NA	NA	0.6	NA	0.6	NA	NA	NA	NA	0.4	0.5	NA	NA	NA	NA	NA	NA	0.555555555555556	NA	NA	NA	NA	0.4	NA	NA	NA	NA	NA	NA	0.333333333333333
62	NA	NA	1	NA	NA	NA	NA	0.5	NA	NA	NA	NA	NA	NA	NA	NA	NA	NA	1	NA	NA	0.555555555555556	0.5	NA	NA	NA	NA	NA	0.4	NA	0.333333333333333	NA	NA	NA	0.333333333333333	NA	0.428571428571429	0.1875	0.178571428571429	0.3	NA	NA	NA	NA	NA	NA	NA	NA	NA	NA	NA	NA	NA	NA	NA	NA	1	NA	0.333333333333333	NA	NA	NA	NA	NA	NA	0.5	NA	NA	0.625	NA	NA	NA	0.75	NA	0.75	NA	NA	NA	NA	0.333333333333333	0.333333333333333	NA	NA	NA	NA	NA	NA	0.333333333333333	NA	NA	NA	NA	0.5	NA	NA	NA	NA	NA	NA	0.384615384615385
63	NA	NA	1	NA	NA	NA	NA	0.5	NA	NA	NA	NA	NA	NA	NA	NA	NA	NA	1	NA	NA	0.555555555555556	0.5	NA	NA	NA	NA	NA	0.4	NA	0.3	NA	NA	NA	0.5	NA	0.5	0.192307692307692	0.178571428571429	0.416666666666667	NA	NA	NA	NA	NA	NA	NA	NA	NA	NA	NA	NA	NA	NA	NA	NA	1	NA	0.3	NA	NA	NA	NA	NA	NA	0.333333333333333	NA	NA	0.727272727272727	NA	NA	NA	1	NA	0.5	NA	NA	NA	NA	0.428571428571429	0.666666666666667	NA	NA	NA	NA	NA	NA	0.5	NA	NA	NA	NA	0.6	NA	NA	NA	NA	NA	NA	0.666666666666667
64	NA	NA	1	NA	NA	NA	NA	0.285714285714286	NA	NA	NA	NA	NA	NA	NA	NA	NA	NA	1	NA	NA	0.545454545454545	0.5	NA	NA	NA	NA	NA	0.5	NA	0.285714285714286	NA	NA	NA	0.4	NA	0.333333333333333	0.227272727272727	0.153846153846154	0.4	NA	NA	NA	NA	NA	NA	NA	NA	NA	NA	NA	NA	NA	NA	NA	NA	1	NA	0.307692307692308	NA	NA	NA	NA	NA	NA	0.444444444444444	NA	NA	0.833333333333333	NA	NA	NA	1	NA	0.5	NA	NA	NA	NA	0.5	0.5	NA	NA	NA	NA	NA	NA	0.428571428571429	NA	NA	NA	NA	0.5	NA	NA	NA	NA	NA	NA	0.461538461538462
65	NA	NA	1	NA	NA	NA	NA	0.285714285714286	NA	NA	NA	NA	NA	NA	NA	NA	NA	NA	1	NA	NA	0.375	1	NA	NA	NA	NA	NA	0.5	NA	0.333333333333333	NA	NA	NA	0.428571428571429	NA	0.5	0.222222222222222	0.153846153846154	0.3	NA	NA	NA	NA	NA	NA	NA	NA	NA	NA	NA	NA	NA	NA	NA	NA	1	NA	0.25	NA	NA	NA	NA	NA	NA	0.444444444444444	NA	NA	0.769230769230769	NA	NA	NA	1	NA	0.666666666666667	NA	NA	NA	NA	0.6	0.5	NA	NA	NA	NA	NA	NA	0.555555555555556	NA	NA	NA	NA	0.833333333333333	NA	NA	NA	NA	NA	NA	0.357142857142857
66	NA	NA	0.75	NA	NA	NA	NA	0.5	NA	NA	NA	NA	NA	NA	NA	NA	NA	NA	1	NA	NA	0.333333333333333	1	NA	NA	NA	NA	NA	0.411764705882353	NA	0.333333333333333	NA	NA	NA	0.333333333333333	NA	0.5	0.263157894736842	0.16	0.272727272727273	NA	NA	NA	NA	NA	NA	NA	NA	NA	NA	NA	NA	NA	NA	NA	NA	1	NA	0.363636363636364	NA	NA	NA	NA	NA	NA	0.333333333333333	NA	NA	0.666666666666667	NA	NA	NA	1	NA	0.6	NA	NA	NA	NA	0.666666666666667	0.75	NA	NA	NA	NA	NA	NA	0.333333333333333	NA	NA	NA	NA	0.6	NA	NA	NA	NA	NA	NA	0.4
67	NA	NA	1	NA	NA	NA	NA	0.5	NA	NA	NA	NA	NA	NA	NA	NA	NA	NA	NA	NA	NA	0.333333333333333	1	NA	NA	NA	NA	NA	0.55	NA	0.285714285714286	NA	NA	NA	0.333333333333333	NA	0.666666666666667	0.263157894736842	0.16	0.25	NA	NA	NA	NA	NA	NA	NA	NA	NA	NA	NA	NA	NA	NA	NA	NA	1	NA	0.454545454545455	NA	NA	NA	NA	NA	NA	0.363636363636364	NA	NA	0.5	NA	NA	NA	1	NA	0.666666666666667	NA	NA	NA	NA	0.727272727272727	0.666666666666667	NA	NA	NA	NA	NA	NA	0.333333333333333	NA	NA	NA	NA	0.5	NA	NA	NA	NA	NA	NA	0.466666666666667
68	NA	NA	1	NA	NA	NA	NA	NA	NA	NA	NA	NA	NA	NA	NA	NA	NA	NA	NA	NA	NA	0.333333333333333	1	NA	NA	NA	NA	NA	0.214285714285714	NA	0.357142857142857	NA	NA	NA	0.4	NA	0.666666666666667	0.2	0.2	0.333333333333333	NA	NA	NA	NA	NA	NA	NA	NA	NA	NA	NA	NA	NA	NA	NA	NA	0.666666666666667	NA	0.5	NA	NA	NA	NA	NA	NA	0.6	NA	NA	0.428571428571429	NA	NA	NA	1	NA	0.666666666666667	NA	NA	NA	NA	0.777777777777778	0.833333333333333	NA	NA	NA	NA	NA	NA	0.333333333333333	NA	NA	NA	NA	1	NA	NA	NA	NA	NA	NA	0.428571428571429
69	NA	NA	0.8	NA	NA	NA	NA	NA	NA	NA	NA	NA	NA	NA	NA	NA	NA	NA	NA	NA	NA	0.4	1	NA	NA	NA	NA	NA	0.133333333333333	NA	0.384615384615385	NA	NA	NA	0.5	NA	0.5	0.181818181818182	0.153846153846154	0.411764705882353	NA	NA	NA	NA	NA	NA	NA	NA	NA	NA	NA	NA	NA	NA	NA	NA	1	NA	0.333333333333333	NA	NA	NA	NA	NA	NA	0.857142857142857	NA	NA	0.25	NA	NA	NA	1	NA	0.5	NA	NA	NA	NA	0.818181818181818	0.8	NA	NA	NA	NA	NA	NA	0.416666666666667	NA	NA	NA	NA	1	NA	NA	NA	NA	NA	NA	0.384615384615385
70	NA	NA	0.5	NA	NA	NA	NA	NA	NA	NA	NA	NA	NA	NA	NA	NA	NA	NA	NA	NA	NA	0.4	1	NA	NA	NA	NA	NA	0.166666666666667	NA	0.25	NA	NA	NA	0.333333333333333	NA	0.5	0.259259259259259	0.192307692307692	0.352941176470588	NA	NA	NA	NA	NA	NA	NA	NA	NA	NA	NA	NA	NA	NA	NA	NA	1	NA	0.363636363636364	NA	NA	NA	NA	NA	NA	0.5	NA	NA	0.375	NA	NA	NA	0.75	NA	0.5	NA	NA	NA	NA	0.428571428571429	0.833333333333333	NA	NA	NA	NA	NA	NA	0.363636363636364	NA	NA	NA	NA	1	NA	NA	NA	NA	NA	NA	0.461538461538462
71	NA	NA	0.8	NA	NA	NA	NA	NA	NA	NA	NA	NA	NA	NA	NA	NA	NA	NA	NA	NA	NA	0.666666666666667	1	NA	NA	NA	NA	NA	0.166666666666667	NA	0.4	NA	NA	NA	0.333333333333333	NA	NA	0.344827586206897	0.206896551724138	0.375	NA	NA	NA	NA	NA	NA	NA	NA	NA	NA	NA	NA	NA	NA	NA	NA	1	NA	0.642857142857143	NA	NA	NA	NA	NA	NA	0.5	NA	NA	0.333333333333333	NA	NA	NA	0.666666666666667	NA	1	NA	NA	NA	NA	0.428571428571429	0.571428571428571	NA	NA	NA	NA	NA	NA	0.3	NA	NA	NA	NA	1	NA	NA	NA	NA	NA	NA	0.5
72	NA	NA	0.8	NA	NA	NA	NA	NA	NA	NA	NA	NA	NA	NA	NA	NA	NA	NA	NA	NA	NA	0.666666666666667	1	NA	NA	NA	NA	NA	0.214285714285714	NA	0.3	NA	NA	NA	0.5	NA	NA	0.387096774193548	0.192307692307692	0.35	NA	NA	NA	NA	NA	NA	NA	NA	NA	NA	NA	NA	NA	NA	NA	NA	0.666666666666667	NA	0.444444444444444	NA	NA	NA	NA	NA	NA	0.333333333333333	NA	NA	0.5	NA	NA	NA	0.5	NA	1	NA	NA	NA	NA	0.333333333333333	0.555555555555556	NA	NA	NA	NA	NA	NA	0.363636363636364	NA	NA	NA	NA	1	NA	NA	NA	NA	NA	NA	0.285714285714286
73	NA	NA	0.666666666666667	NA	NA	NA	NA	NA	NA	NA	NA	NA	NA	NA	NA	NA	NA	NA	NA	NA	NA	0.5	1	NA	NA	NA	NA	NA	0.230769230769231	NA	0.375	NA	NA	NA	0.5	NA	NA	0.342857142857143	0.208333333333333	0.44	NA	NA	NA	NA	NA	NA	NA	NA	NA	NA	NA	NA	NA	NA	NA	NA	1	NA	0.625	NA	NA	NA	NA	NA	NA	0.4	NA	NA	0.5	NA	NA	NA	0.5	NA	1	NA	NA	NA	NA	0.5	0.461538461538462	NA	NA	NA	NA	NA	NA	0.333333333333333	NA	NA	NA	NA	1	NA	NA	NA	NA	NA	NA	0.333333333333333
74	NA	NA	1	NA	NA	NA	NA	NA	NA	NA	NA	NA	NA	NA	NA	NA	NA	NA	NA	NA	NA	0.75	1	NA	NA	NA	NA	NA	0.307692307692308	NA	0.5	NA	NA	NA	0.6	NA	NA	0.243243243243243	0.28	0.458333333333333	NA	NA	NA	NA	NA	NA	NA	NA	NA	NA	NA	NA	NA	NA	NA	NA	1	NA	0.666666666666667	NA	NA	NA	NA	NA	NA	0.333333333333333	NA	NA	0.5	NA	NA	NA	1	NA	NA	NA	NA	NA	NA	0.666666666666667	0.5	NA	NA	NA	NA	NA	NA	0.375	NA	NA	NA	NA	NA	NA	NA	NA	NA	NA	NA	0.3
75	NA	NA	0.5	NA	NA	NA	NA	NA	NA	NA	NA	NA	NA	NA	NA	NA	NA	NA	NA	NA	NA	0.6	1	NA	NA	NA	NA	NA	0.333333333333333	NA	0.571428571428571	NA	NA	NA	1	NA	NA	0.235294117647059	0.35	0.44	NA	NA	NA	NA	NA	NA	NA	NA	NA	NA	NA	NA	NA	NA	NA	NA	1	NA	0.7	NA	NA	NA	NA	NA	NA	0.5	NA	NA	0.5	NA	NA	NA	1	NA	NA	NA	NA	NA	NA	1	0.333333333333333	NA	NA	NA	NA	NA	NA	0.4	NA	NA	NA	NA	NA	NA	NA	NA	NA	NA	NA	0.277777777777778
76	NA	NA	1	NA	NA	NA	NA	NA	NA	NA	NA	NA	NA	NA	NA	NA	NA	NA	NA	NA	NA	0.571428571428571	0.833333333333333	NA	NA	NA	NA	NA	0.538461538461538	NA	0.6	NA	NA	NA	1	NA	NA	0.176470588235294	0.470588235294118	0.238095238095238	NA	NA	NA	NA	NA	NA	NA	NA	NA	NA	NA	NA	NA	NA	NA	NA	1	NA	0.8	NA	NA	NA	NA	NA	NA	0.5	NA	NA	0.6	NA	NA	NA	1	NA	NA	NA	NA	NA	NA	1	0.333333333333333	NA	NA	NA	NA	NA	NA	0.461538461538462	NA	NA	NA	NA	NA	NA	NA	NA	NA	NA	NA	0.315789473684211
77	NA	NA	1	NA	NA	NA	NA	NA	NA	NA	NA	NA	NA	NA	NA	NA	NA	NA	NA	NA	NA	0.666666666666667	0.833333333333333	NA	NA	NA	NA	NA	0.5	NA	0.25	NA	NA	NA	1	NA	NA	0.25	0.642857142857143	0.238095238095238	NA	NA	NA	NA	NA	NA	NA	NA	NA	NA	NA	NA	NA	NA	NA	NA	1	NA	1	NA	NA	NA	NA	NA	NA	0.5	NA	NA	0.363636363636364	NA	NA	NA	1	NA	NA	NA	NA	NA	NA	1	0.307692307692308	NA	NA	NA	NA	NA	NA	0.454545454545455	NA	NA	NA	NA	NA	NA	NA	NA	NA	NA	NA	0.529411764705882
78	NA	NA	1	NA	NA	NA	NA	NA	NA	NA	NA	NA	NA	NA	NA	NA	NA	NA	NA	NA	NA	0.75	0.6	NA	NA	NA	NA	NA	0.416666666666667	NA	0.6	NA	NA	NA	1	NA	NA	0.151515151515152	0.333333333333333	0.294117647058824	NA	NA	NA	NA	NA	NA	NA	NA	NA	NA	NA	NA	NA	NA	NA	NA	0.5	NA	1	NA	NA	NA	NA	NA	NA	0.666666666666667	NA	NA	0.428571428571429	NA	NA	NA	1	NA	NA	NA	NA	NA	NA	1	0.384615384615385	NA	NA	NA	NA	NA	NA	0.416666666666667	NA	NA	NA	NA	NA	NA	NA	NA	NA	NA	NA	0.555555555555556
79	NA	NA	0.5	NA	NA	NA	NA	NA	NA	NA	NA	NA	NA	NA	NA	NA	NA	NA	NA	NA	NA	0.857142857142857	0.75	NA	NA	NA	NA	NA	0.307692307692308	NA	0.4	NA	NA	NA	1	NA	NA	0.206896551724138	0.2	0.25	NA	NA	NA	NA	NA	NA	NA	NA	NA	NA	NA	NA	NA	NA	NA	NA	1	NA	1	NA	NA	NA	NA	NA	NA	0.75	NA	NA	0.5	NA	NA	NA	1	NA	NA	NA	NA	NA	NA	1	0.545454545454545	NA	NA	NA	NA	NA	NA	0.5	NA	NA	NA	NA	NA	NA	NA	NA	NA	NA	NA	0.263157894736842
80	NA	NA	0.5	NA	NA	NA	NA	NA	NA	NA	NA	NA	NA	NA	NA	NA	NA	NA	NA	NA	NA	0.666666666666667	1	NA	NA	NA	NA	NA	0.266666666666667	NA	0.6	NA	NA	NA	NA	NA	NA	0.185185185185185	0.2	0.333333333333333	NA	NA	NA	NA	NA	NA	NA	NA	NA	NA	NA	NA	NA	NA	NA	NA	1	NA	1	NA	NA	NA	NA	NA	NA	1	NA	NA	0.333333333333333	NA	NA	NA	1	NA	NA	NA	NA	NA	NA	1	0.416666666666667	NA	NA	NA	NA	NA	NA	0.363636363636364	NA	NA	NA	NA	NA	NA	NA	NA	NA	NA	NA	0.222222222222222
81	NA	NA	0.5	NA	NA	NA	NA	NA	NA	NA	NA	NA	NA	NA	NA	NA	NA	NA	NA	NA	NA	0.6	1	NA	NA	NA	NA	NA	0.470588235294118	NA	0.25	NA	NA	NA	NA	NA	NA	0.181818181818182	0.272727272727273	0.4	NA	NA	NA	NA	NA	NA	NA	NA	NA	NA	NA	NA	NA	NA	NA	NA	1	NA	1	NA	NA	NA	NA	NA	NA	1	NA	NA	0.333333333333333	NA	NA	NA	1	NA	NA	NA	NA	NA	NA	NA	0.333333333333333	NA	NA	NA	NA	NA	NA	0.333333333333333	NA	NA	NA	NA	NA	NA	NA	NA	NA	NA	NA	0.3125
82	NA	NA	1	NA	NA	NA	NA	NA	NA	NA	NA	NA	NA	NA	NA	NA	NA	NA	NA	NA	NA	0.75	1	NA	NA	NA	NA	NA	0.444444444444444	NA	0.5	NA	NA	NA	NA	NA	NA	0.272727272727273	0.375	0.5	NA	NA	NA	NA	NA	NA	NA	NA	NA	NA	NA	NA	NA	NA	NA	NA	1	NA	1	NA	NA	NA	NA	NA	NA	0.857142857142857	NA	NA	0.5	NA	NA	NA	NA	NA	NA	NA	NA	NA	NA	NA	0.363636363636364	NA	NA	NA	NA	NA	NA	0.375	NA	NA	NA	NA	NA	NA	NA	NA	NA	NA	NA	0.25
83	NA	NA	1	NA	NA	NA	NA	NA	NA	NA	NA	NA	NA	NA	NA	NA	NA	NA	NA	NA	NA	0.5	1	NA	NA	NA	NA	NA	0.4	NA	0.5	NA	NA	NA	NA	NA	NA	0.304347826086957	0.285714285714286	1	NA	NA	NA	NA	NA	NA	NA	NA	NA	NA	NA	NA	NA	NA	NA	NA	0.5	NA	NA	NA	NA	NA	NA	NA	NA	0.875	NA	NA	1	NA	NA	NA	NA	NA	NA	NA	NA	NA	NA	NA	0.444444444444444	NA	NA	NA	NA	NA	NA	0.25	NA	NA	NA	NA	NA	NA	NA	NA	NA	NA	NA	0.285714285714286
84	NA	NA	1	NA	NA	NA	NA	NA	NA	NA	NA	NA	NA	NA	NA	NA	NA	NA	NA	NA	NA	0.333333333333333	1	NA	NA	NA	NA	NA	0.454545454545455	NA	0.444444444444444	NA	NA	NA	NA	NA	NA	0.227272727272727	0.333333333333333	1	NA	NA	NA	NA	NA	NA	NA	NA	NA	NA	NA	NA	NA	NA	NA	NA	0.5	NA	NA	NA	NA	NA	NA	NA	NA	1	NA	NA	NA	NA	NA	NA	NA	NA	NA	NA	NA	NA	NA	NA	0.555555555555556	NA	NA	NA	NA	NA	NA	0.285714285714286	NA	NA	NA	NA	NA	NA	NA	NA	NA	NA	NA	0.166666666666667
85	NA	NA	1	NA	NA	NA	NA	NA	NA	NA	NA	NA	NA	NA	NA	NA	NA	NA	NA	NA	NA	0.4	1	NA	NA	NA	NA	NA	0.375	NA	0.444444444444444	NA	NA	NA	NA	NA	NA	0.25	0.444444444444444	1	NA	NA	NA	NA	NA	NA	NA	NA	NA	NA	NA	NA	NA	NA	NA	NA	0.5	NA	NA	NA	NA	NA	NA	NA	NA	1	NA	NA	NA	NA	NA	NA	NA	NA	NA	NA	NA	NA	NA	NA	0.625	NA	NA	NA	NA	NA	NA	0.5	NA	NA	NA	NA	NA	NA	NA	NA	NA	NA	NA	0.181818181818182
86	NA	NA	1	NA	NA	NA	NA	NA	NA	NA	NA	NA	NA	NA	NA	NA	NA	NA	NA	NA	NA	0.4	1	NA	NA	NA	NA	NA	0.25	NA	0.444444444444444	NA	NA	NA	NA	NA	NA	0.222222222222222	0.428571428571429	1	NA	NA	NA	NA	NA	NA	NA	NA	NA	NA	NA	NA	NA	NA	NA	NA	0.333333333333333	NA	NA	NA	NA	NA	NA	NA	NA	1	NA	NA	NA	NA	NA	NA	NA	NA	NA	NA	NA	NA	NA	NA	0.666666666666667	NA	NA	NA	NA	NA	NA	0.428571428571429	NA	NA	NA	NA	NA	NA	NA	NA	NA	NA	NA	0.272727272727273
87	NA	NA	1	NA	NA	NA	NA	NA	NA	NA	NA	NA	NA	NA	NA	NA	NA	NA	NA	NA	NA	0.5	1	NA	NA	NA	NA	NA	0.25	NA	0.444444444444444	NA	NA	NA	NA	NA	NA	0.28	0.5	1	NA	NA	NA	NA	NA	NA	NA	NA	NA	NA	NA	NA	NA	NA	NA	NA	0.5	NA	NA	NA	NA	NA	NA	NA	NA	1	NA	NA	NA	NA	NA	NA	NA	NA	NA	NA	NA	NA	NA	NA	0.5	NA	NA	NA	NA	NA	NA	0.4	NA	NA	NA	NA	NA	NA	NA	NA	NA	NA	NA	0.25
88	NA	NA	1	NA	NA	NA	NA	NA	NA	NA	NA	NA	NA	NA	NA	NA	NA	NA	NA	NA	NA	0.6	0.5	NA	NA	NA	NA	NA	0.5	NA	0.363636363636364	NA	NA	NA	NA	NA	NA	0.15	0.5	0.5	NA	NA	NA	NA	NA	NA	NA	NA	NA	NA	NA	NA	NA	NA	NA	NA	NA	NA	NA	NA	NA	NA	NA	NA	NA	0.625	NA	NA	NA	NA	NA	NA	NA	NA	NA	NA	NA	NA	NA	NA	0.4	NA	NA	NA	NA	NA	NA	0.6	NA	NA	NA	NA	NA	NA	NA	NA	NA	NA	NA	0.357142857142857
89	NA	NA	NA	NA	NA	NA	NA	NA	NA	NA	NA	NA	NA	NA	NA	NA	NA	NA	NA	NA	NA	0.4	0.666666666666667	NA	NA	NA	NA	NA	0.5	NA	0.416666666666667	NA	NA	NA	NA	NA	NA	0.19047619047619	0.4	0.5	NA	NA	NA	NA	NA	NA	NA	NA	NA	NA	NA	NA	NA	NA	NA	NA	NA	NA	NA	NA	NA	NA	NA	NA	NA	0.5	NA	NA	NA	NA	NA	NA	NA	NA	NA	NA	NA	NA	NA	NA	0.6	NA	NA	NA	NA	NA	NA	0.75	NA	NA	NA	NA	NA	NA	NA	NA	NA	NA	NA	0.384615384615385
90	NA	NA	NA	NA	NA	NA	NA	NA	NA	NA	NA	NA	NA	NA	NA	NA	NA	NA	NA	NA	NA	0.428571428571429	0.5	NA	NA	NA	NA	NA	0.5	NA	0.384615384615385	NA	NA	NA	NA	NA	NA	0.19047619047619	0.5	0.4	NA	NA	NA	NA	NA	NA	NA	NA	NA	NA	NA	NA	NA	NA	NA	NA	NA	NA	NA	NA	NA	NA	NA	NA	NA	1	NA	NA	NA	NA	NA	NA	NA	NA	NA	NA	NA	NA	NA	NA	0.25	NA	NA	NA	NA	NA	NA	1	NA	NA	NA	NA	NA	NA	NA	NA	NA	NA	NA	0.384615384615385
91	NA	NA	NA	NA	NA	NA	NA	NA	NA	NA	NA	NA	NA	NA	NA	NA	NA	NA	NA	NA	NA	0.666666666666667	0.5	NA	NA	NA	NA	NA	1	NA	0.307692307692308	NA	NA	NA	NA	NA	NA	0.2	0.5	0.4	NA	NA	NA	NA	NA	NA	NA	NA	NA	NA	NA	NA	NA	NA	NA	NA	NA	NA	NA	NA	NA	NA	NA	NA	NA	0.8	NA	NA	NA	NA	NA	NA	NA	NA	NA	NA	NA	NA	NA	NA	0.333333333333333	NA	NA	NA	NA	NA	NA	1	NA	NA	NA	NA	NA	NA	NA	NA	NA	NA	NA	0.3125
92	NA	NA	NA	NA	NA	NA	NA	NA	NA	NA	NA	NA	NA	NA	NA	NA	NA	NA	NA	NA	NA	0.666666666666667	1	NA	NA	NA	NA	NA	1	NA	0.2	NA	NA	NA	NA	NA	NA	0.277777777777778	NA	0.4	NA	NA	NA	NA	NA	NA	NA	NA	NA	NA	NA	NA	NA	NA	NA	NA	NA	NA	NA	NA	NA	NA	NA	NA	NA	0.75	NA	NA	NA	NA	NA	NA	NA	NA	NA	NA	NA	NA	NA	NA	0.333333333333333	NA	NA	NA	NA	NA	NA	1	NA	NA	NA	NA	NA	NA	NA	NA	NA	NA	NA	0.375
93	NA	NA	NA	NA	NA	NA	NA	NA	NA	NA	NA	NA	NA	NA	NA	NA	NA	NA	NA	NA	NA	0.571428571428571	1	NA	NA	NA	NA	NA	1	NA	0.266666666666667	NA	NA	NA	NA	NA	NA	0.294117647058824	NA	0.8	NA	NA	NA	NA	NA	NA	NA	NA	NA	NA	NA	NA	NA	NA	NA	NA	NA	NA	NA	NA	NA	NA	NA	NA	NA	1	NA	NA	NA	NA	NA	NA	NA	NA	NA	NA	NA	NA	NA	NA	0.666666666666667	NA	NA	NA	NA	NA	NA	1	NA	NA	NA	NA	NA	NA	NA	NA	NA	NA	NA	0.473684210526316
94	NA	NA	NA	NA	NA	NA	NA	NA	NA	NA	NA	NA	NA	NA	NA	NA	NA	NA	NA	NA	NA	0.571428571428571	1	NA	NA	NA	NA	NA	1	NA	0.294117647058824	NA	NA	NA	NA	NA	NA	0.352941176470588	NA	0.333333333333333	NA	NA	NA	NA	NA	NA	NA	NA	NA	NA	NA	NA	NA	NA	NA	NA	NA	NA	NA	NA	NA	NA	NA	NA	NA	0.333333333333333	NA	NA	NA	NA	NA	NA	NA	NA	NA	NA	NA	NA	NA	NA	0.5	NA	NA	NA	NA	NA	NA	1	NA	NA	NA	NA	NA	NA	NA	NA	NA	NA	NA	0.523809523809524
95	NA	NA	NA	NA	NA	NA	NA	NA	NA	NA	NA	NA	NA	NA	NA	NA	NA	NA	NA	NA	NA	0.833333333333333	1	NA	NA	NA	NA	NA	1	NA	0.333333333333333	NA	NA	NA	NA	NA	NA	0.357142857142857	NA	0.5	NA	NA	NA	NA	NA	NA	NA	NA	NA	NA	NA	NA	NA	NA	NA	NA	NA	NA	NA	NA	NA	NA	NA	NA	NA	0.75	NA	NA	NA	NA	NA	NA	NA	NA	NA	NA	NA	NA	NA	NA	0.5	NA	NA	NA	NA	NA	NA	NA	NA	NA	NA	NA	NA	NA	NA	NA	NA	NA	NA	0.28
96	NA	NA	NA	NA	NA	NA	NA	NA	NA	NA	NA	NA	NA	NA	NA	NA	NA	NA	NA	NA	NA	1	1	NA	NA	NA	NA	NA	NA	NA	0.333333333333333	NA	NA	NA	NA	NA	NA	0.294117647058824	NA	0.5	NA	NA	NA	NA	NA	NA	NA	NA	NA	NA	NA	NA	NA	NA	NA	NA	NA	NA	NA	NA	NA	NA	NA	NA	NA	0.666666666666667	NA	NA	NA	NA	NA	NA	NA	NA	NA	NA	NA	NA	NA	NA	0.5	NA	NA	NA	NA	NA	NA	NA	NA	NA	NA	NA	NA	NA	NA	NA	NA	NA	NA	0.307692307692308
97	NA	NA	NA	NA	NA	NA	NA	NA	NA	NA	NA	NA	NA	NA	NA	NA	NA	NA	NA	NA	NA	1	1	NA	NA	NA	NA	NA	NA	NA	0.470588235294118	NA	NA	NA	NA	NA	NA	0.210526315789474	NA	0.333333333333333	NA	NA	NA	NA	NA	NA	NA	NA	NA	NA	NA	NA	NA	NA	NA	NA	NA	NA	NA	NA	NA	NA	NA	NA	NA	1	NA	NA	NA	NA	NA	NA	NA	NA	NA	NA	NA	NA	NA	NA	0.5	NA	NA	NA	NA	NA	NA	NA	NA	NA	NA	NA	NA	NA	NA	NA	NA	NA	NA	0.214285714285714
98	NA	NA	NA	NA	NA	NA	NA	NA	NA	NA	NA	NA	NA	NA	NA	NA	NA	NA	NA	NA	NA	1	1	NA	NA	NA	NA	NA	NA	NA	0.588235294117647	NA	NA	NA	NA	NA	NA	0.230769230769231	NA	0.333333333333333	NA	NA	NA	NA	NA	NA	NA	NA	NA	NA	NA	NA	NA	NA	NA	NA	NA	NA	NA	NA	NA	NA	NA	NA	NA	1	NA	NA	NA	NA	NA	NA	NA	NA	NA	NA	NA	NA	NA	NA	0.666666666666667	NA	NA	NA	NA	NA	NA	NA	NA	NA	NA	NA	NA	NA	NA	NA	NA	NA	NA	0.28
99	NA	NA	NA	NA	NA	NA	NA	NA	NA	NA	NA	NA	NA	NA	NA	NA	NA	NA	NA	NA	NA	1	NA	NA	NA	NA	NA	NA	NA	NA	0.307692307692308	NA	NA	NA	NA	NA	NA	0.259259259259259	NA	0.5	NA	NA	NA	NA	NA	NA	NA	NA	NA	NA	NA	NA	NA	NA	NA	NA	NA	NA	NA	NA	NA	NA	NA	NA	NA	1	NA	NA	NA	NA	NA	NA	NA	NA	NA	NA	NA	NA	NA	NA	0.75	NA	NA	NA	NA	NA	NA	NA	NA	NA	NA	NA	NA	NA	NA	NA	NA	NA	NA	0.260869565217391
100	NA	NA	NA	NA	NA	NA	NA	NA	NA	NA	NA	NA	NA	NA	NA	NA	NA	NA	NA	NA	NA	0.9	NA	NA	NA	NA	NA	NA	NA	NA	0.375	NA	NA	NA	NA	NA	NA	0.32258064516129	NA	0.4	NA	NA	NA	NA	NA	NA	NA	NA	NA	NA	NA	NA	NA	NA	NA	NA	NA	NA	NA	NA	NA	NA	NA	NA	NA	1	NA	NA	NA	NA	NA	NA	NA	NA	NA	NA	NA	NA	NA	NA	0.75	NA	NA	NA	NA	NA	NA	NA	NA	NA	NA	NA	NA	NA	NA	NA	NA	NA	NA	0.291666666666667
101	NA	NA	NA	NA	NA	NA	NA	NA	NA	NA	NA	NA	NA	NA	NA	NA	NA	NA	NA	NA	NA	0.875	NA	NA	NA	NA	NA	NA	NA	NA	0.5	NA	NA	NA	NA	NA	NA	0.282051282051282	NA	0.4	NA	NA	NA	NA	NA	NA	NA	NA	NA	NA	NA	NA	NA	NA	NA	NA	NA	NA	NA	NA	NA	NA	NA	NA	NA	1	NA	NA	NA	NA	NA	NA	NA	NA	NA	NA	NA	NA	NA	NA	0.5	NA	NA	NA	NA	NA	NA	NA	NA	NA	NA	NA	NA	NA	NA	NA	NA	NA	NA	0.263157894736842
102	NA	NA	NA	NA	NA	NA	NA	NA	NA	NA	NA	NA	NA	NA	NA	NA	NA	NA	NA	NA	NA	0.714285714285714	NA	NA	NA	NA	NA	NA	NA	NA	0.333333333333333	NA	NA	NA	NA	NA	NA	0.342857142857143	NA	0.571428571428571	NA	NA	NA	NA	NA	NA	NA	NA	NA	NA	NA	NA	NA	NA	NA	NA	NA	NA	NA	NA	NA	NA	NA	NA	NA	1	NA	NA	NA	NA	NA	NA	NA	NA	NA	NA	NA	NA	NA	NA	0.571428571428571	NA	NA	NA	NA	NA	NA	NA	NA	NA	NA	NA	NA	NA	NA	NA	NA	NA	NA	0.235294117647059
103	NA	NA	NA	NA	NA	NA	NA	NA	NA	NA	NA	NA	NA	NA	NA	NA	NA	NA	NA	NA	NA	0.428571428571429	NA	NA	NA	NA	NA	NA	NA	NA	0.428571428571429	NA	NA	NA	NA	NA	NA	0.325	NA	0.666666666666667	NA	NA	NA	NA	NA	NA	NA	NA	NA	NA	NA	NA	NA	NA	NA	NA	NA	NA	NA	NA	NA	NA	NA	NA	NA	NA	NA	NA	NA	NA	NA	NA	NA	NA	NA	NA	NA	NA	NA	NA	0.9	NA	NA	NA	NA	NA	NA	NA	NA	NA	NA	NA	NA	NA	NA	NA	NA	NA	NA	0.25
104	NA	NA	NA	NA	NA	NA	NA	NA	NA	NA	NA	NA	NA	NA	NA	NA	NA	NA	NA	NA	NA	1	NA	NA	NA	NA	NA	NA	NA	NA	0.444444444444444	NA	NA	NA	NA	NA	NA	0.19047619047619	NA	0.818181818181818	NA	NA	NA	NA	NA	NA	NA	NA	NA	NA	NA	NA	NA	NA	NA	NA	NA	NA	NA	NA	NA	NA	NA	NA	NA	NA	NA	NA	NA	NA	NA	NA	NA	NA	NA	NA	NA	NA	NA	NA	0.909090909090909	NA	NA	NA	NA	NA	NA	NA	NA	NA	NA	NA	NA	NA	NA	NA	NA	NA	NA	0.222222222222222
105	NA	NA	NA	NA	NA	NA	NA	NA	NA	NA	NA	NA	NA	NA	NA	NA	NA	NA	NA	NA	NA	0.777777777777778	NA	NA	NA	NA	NA	NA	NA	NA	0.666666666666667	NA	NA	NA	NA	NA	NA	0.170731707317073	NA	0.454545454545455	NA	NA	NA	NA	NA	NA	NA	NA	NA	NA	NA	NA	NA	NA	NA	NA	NA	NA	NA	NA	NA	NA	NA	NA	NA	NA	NA	NA	NA	NA	NA	NA	NA	NA	NA	NA	NA	NA	NA	NA	0.7	NA	NA	NA	NA	NA	NA	NA	NA	NA	NA	NA	NA	NA	NA	NA	NA	NA	NA	0.25
106	NA	NA	NA	NA	NA	NA	NA	NA	NA	NA	NA	NA	NA	NA	NA	NA	NA	NA	NA	NA	NA	0.714285714285714	NA	NA	NA	NA	NA	NA	NA	NA	0.666666666666667	NA	NA	NA	NA	NA	NA	0.289473684210526	NA	0.833333333333333	NA	NA	NA	NA	NA	NA	NA	NA	NA	NA	NA	NA	NA	NA	NA	NA	NA	NA	NA	NA	NA	NA	NA	NA	NA	NA	NA	NA	NA	NA	NA	NA	NA	NA	NA	NA	NA	NA	NA	NA	0.571428571428571	NA	NA	NA	NA	NA	NA	NA	NA	NA	NA	NA	NA	NA	NA	NA	NA	NA	NA	0.217391304347826
107	NA	NA	NA	NA	NA	NA	NA	NA	NA	NA	NA	NA	NA	NA	NA	NA	NA	NA	NA	NA	NA	0.777777777777778	NA	NA	NA	NA	NA	NA	NA	NA	0.4	NA	NA	NA	NA	NA	NA	0.225	NA	0.909090909090909	NA	NA	NA	NA	NA	NA	NA	NA	NA	NA	NA	NA	NA	NA	NA	NA	NA	NA	NA	NA	NA	NA	NA	NA	NA	NA	NA	NA	NA	NA	NA	NA	NA	NA	NA	NA	NA	NA	NA	NA	0.714285714285714	NA	NA	NA	NA	NA	NA	NA	NA	NA	NA	NA	NA	NA	NA	NA	NA	NA	NA	0.208333333333333
108	NA	NA	NA	NA	NA	NA	NA	NA	NA	NA	NA	NA	NA	NA	NA	NA	NA	NA	NA	NA	NA	0.375	NA	NA	NA	NA	NA	NA	NA	NA	0.4	NA	NA	NA	NA	NA	NA	0.15625	NA	0.75	NA	NA	NA	NA	NA	NA	NA	NA	NA	NA	NA	NA	NA	NA	NA	NA	NA	NA	NA	NA	NA	NA	NA	NA	NA	NA	NA	NA	NA	NA	NA	NA	NA	NA	NA	NA	NA	NA	NA	NA	0.4	NA	NA	NA	NA	NA	NA	NA	NA	NA	NA	NA	NA	NA	NA	NA	NA	NA	NA	0.19047619047619
109	NA	NA	NA	NA	NA	NA	NA	NA	NA	NA	NA	NA	NA	NA	NA	NA	NA	NA	NA	NA	NA	0.428571428571429	NA	NA	NA	NA	NA	NA	NA	NA	0.571428571428571	NA	NA	NA	NA	NA	NA	0.161290322580645	NA	0.285714285714286	NA	NA	NA	NA	NA	NA	NA	NA	NA	NA	NA	NA	NA	NA	NA	NA	NA	NA	NA	NA	NA	NA	NA	NA	NA	NA	NA	NA	NA	NA	NA	NA	NA	NA	NA	NA	NA	NA	NA	NA	0.5	NA	NA	NA	NA	NA	NA	NA	NA	NA	NA	NA	NA	NA	NA	NA	NA	NA	NA	0.173913043478261
110	NA	NA	NA	NA	NA	NA	NA	NA	NA	NA	NA	NA	NA	NA	NA	NA	NA	NA	NA	NA	NA	0.4	NA	NA	NA	NA	NA	NA	NA	NA	0.4	NA	NA	NA	NA	NA	NA	0.161290322580645	NA	0.285714285714286	NA	NA	NA	NA	NA	NA	NA	NA	NA	NA	NA	NA	NA	NA	NA	NA	NA	NA	NA	NA	NA	NA	NA	NA	NA	NA	NA	NA	NA	NA	NA	NA	NA	NA	NA	NA	NA	NA	NA	NA	1	NA	NA	NA	NA	NA	NA	NA	NA	NA	NA	NA	NA	NA	NA	NA	NA	NA	NA	0.166666666666667
111	NA	NA	NA	NA	NA	NA	NA	NA	NA	NA	NA	NA	NA	NA	NA	NA	NA	NA	NA	NA	NA	0.25	NA	NA	NA	NA	NA	NA	NA	NA	0.5	NA	NA	NA	NA	NA	NA	0.153846153846154	NA	0.5	NA	NA	NA	NA	NA	NA	NA	NA	NA	NA	NA	NA	NA	NA	NA	NA	NA	NA	NA	NA	NA	NA	NA	NA	NA	NA	NA	NA	NA	NA	NA	NA	NA	NA	NA	NA	NA	NA	NA	NA	1	NA	NA	NA	NA	NA	NA	NA	NA	NA	NA	NA	NA	NA	NA	NA	NA	NA	NA	0.176470588235294
112	NA	NA	NA	NA	NA	NA	NA	NA	NA	NA	NA	NA	NA	NA	NA	NA	NA	NA	NA	NA	NA	0.25	NA	NA	NA	NA	NA	NA	NA	NA	0.666666666666667	NA	NA	NA	NA	NA	NA	0.111111111111111	NA	0.5	NA	NA	NA	NA	NA	NA	NA	NA	NA	NA	NA	NA	NA	NA	NA	NA	NA	NA	NA	NA	NA	NA	NA	NA	NA	NA	NA	NA	NA	NA	NA	NA	NA	NA	NA	NA	NA	NA	NA	NA	1	NA	NA	NA	NA	NA	NA	NA	NA	NA	NA	NA	NA	NA	NA	NA	NA	NA	NA	0.222222222222222
113	NA	NA	NA	NA	NA	NA	NA	NA	NA	NA	NA	NA	NA	NA	NA	NA	NA	NA	NA	NA	NA	0.5	NA	NA	NA	NA	NA	NA	NA	NA	0.4	NA	NA	NA	NA	NA	NA	0.206896551724138	NA	0.666666666666667	NA	NA	NA	NA	NA	NA	NA	NA	NA	NA	NA	NA	NA	NA	NA	NA	NA	NA	NA	NA	NA	NA	NA	NA	NA	NA	NA	NA	NA	NA	NA	NA	NA	NA	NA	NA	NA	NA	NA	NA	1	NA	NA	NA	NA	NA	NA	NA	NA	NA	NA	NA	NA	NA	NA	NA	NA	NA	NA	0.3
114	NA	NA	NA	NA	NA	NA	NA	NA	NA	NA	NA	NA	NA	NA	NA	NA	NA	NA	NA	NA	NA	0.666666666666667	NA	NA	NA	NA	NA	NA	NA	NA	0.5	NA	NA	NA	NA	NA	NA	0.2	NA	0.666666666666667	NA	NA	NA	NA	NA	NA	NA	NA	NA	NA	NA	NA	NA	NA	NA	NA	NA	NA	NA	NA	NA	NA	NA	NA	NA	NA	NA	NA	NA	NA	NA	NA	NA	NA	NA	NA	NA	NA	NA	NA	1	NA	NA	NA	NA	NA	NA	NA	NA	NA	NA	NA	NA	NA	NA	NA	NA	NA	NA	0.3125
115	NA	NA	NA	NA	NA	NA	NA	NA	NA	NA	NA	NA	NA	NA	NA	NA	NA	NA	NA	NA	NA	0.75	NA	NA	NA	NA	NA	NA	NA	NA	0.4	NA	NA	NA	NA	NA	NA	0.241379310344828	NA	1	NA	NA	NA	NA	NA	NA	NA	NA	NA	NA	NA	NA	NA	NA	NA	NA	NA	NA	NA	NA	NA	NA	NA	NA	NA	NA	NA	NA	NA	NA	NA	NA	NA	NA	NA	NA	NA	NA	NA	NA	1	NA	NA	NA	NA	NA	NA	NA	NA	NA	NA	NA	NA	NA	NA	NA	NA	NA	NA	0.230769230769231
116	NA	NA	NA	NA	NA	NA	NA	NA	NA	NA	NA	NA	NA	NA	NA	NA	NA	NA	NA	NA	NA	0.75	NA	NA	NA	NA	NA	NA	NA	NA	0.5	NA	NA	NA	NA	NA	NA	0.259259259259259	NA	1	NA	NA	NA	NA	NA	NA	NA	NA	NA	NA	NA	NA	NA	NA	NA	NA	NA	NA	NA	NA	NA	NA	NA	NA	NA	NA	NA	NA	NA	NA	NA	NA	NA	NA	NA	NA	NA	NA	NA	NA	1	NA	NA	NA	NA	NA	NA	NA	NA	NA	NA	NA	NA	NA	NA	NA	NA	NA	NA	0.214285714285714
117	NA	NA	NA	NA	NA	NA	NA	NA	NA	NA	NA	NA	NA	NA	NA	NA	NA	NA	NA	NA	NA	0.666666666666667	NA	NA	NA	NA	NA	NA	NA	NA	0.4	NA	NA	NA	NA	NA	NA	0.25	NA	1	NA	NA	NA	NA	NA	NA	NA	NA	NA	NA	NA	NA	NA	NA	NA	NA	NA	NA	NA	NA	NA	NA	NA	NA	NA	NA	NA	NA	NA	NA	NA	NA	NA	NA	NA	NA	NA	NA	NA	NA	1	NA	NA	NA	NA	NA	NA	NA	NA	NA	NA	NA	NA	NA	NA	NA	NA	NA	NA	0.266666666666667
118	NA	NA	NA	NA	NA	NA	NA	NA	NA	NA	NA	NA	NA	NA	NA	NA	NA	NA	NA	NA	NA	0.5	NA	NA	NA	NA	NA	NA	NA	NA	0.571428571428571	NA	NA	NA	NA	NA	NA	0.173913043478261	NA	1	NA	NA	NA	NA	NA	NA	NA	NA	NA	NA	NA	NA	NA	NA	NA	NA	NA	NA	NA	NA	NA	NA	NA	NA	NA	NA	NA	NA	NA	NA	NA	NA	NA	NA	NA	NA	NA	NA	NA	NA	1	NA	NA	NA	NA	NA	NA	NA	NA	NA	NA	NA	NA	NA	NA	NA	NA	NA	NA	0.166666666666667
119	NA	NA	NA	NA	NA	NA	NA	NA	NA	NA	NA	NA	NA	NA	NA	NA	NA	NA	NA	NA	NA	0.666666666666667	NA	NA	NA	NA	NA	NA	NA	NA	0.714285714285714	NA	NA	NA	NA	NA	NA	0.208333333333333	NA	1	NA	NA	NA	NA	NA	NA	NA	NA	NA	NA	NA	NA	NA	NA	NA	NA	NA	NA	NA	NA	NA	NA	NA	NA	NA	NA	NA	NA	NA	NA	NA	NA	NA	NA	NA	NA	NA	NA	NA	NA	0.714285714285714	NA	NA	NA	NA	NA	NA	NA	NA	NA	NA	NA	NA	NA	NA	NA	NA	NA	NA	0.214285714285714
120	NA	NA	NA	NA	NA	NA	NA	NA	NA	NA	NA	NA	NA	NA	NA	NA	NA	NA	NA	NA	NA	0.666666666666667	NA	NA	NA	NA	NA	NA	NA	NA	0.8	NA	NA	NA	NA	NA	NA	0.157894736842105	NA	1	NA	NA	NA	NA	NA	NA	NA	NA	NA	NA	NA	NA	NA	NA	NA	NA	NA	NA	NA	NA	NA	NA	NA	NA	NA	NA	NA	NA	NA	NA	NA	NA	NA	NA	NA	NA	NA	NA	NA	NA	0.666666666666667	NA	NA	NA	NA	NA	NA	NA	NA	NA	NA	NA	NA	NA	NA	NA	NA	NA	NA	0.230769230769231
121	NA	NA	NA	NA	NA	NA	NA	NA	NA	NA	NA	NA	NA	NA	NA	NA	NA	NA	NA	NA	NA	0.666666666666667	NA	NA	NA	NA	NA	NA	NA	NA	1	NA	NA	NA	NA	NA	NA	0.19047619047619	NA	1	NA	NA	NA	NA	NA	NA	NA	NA	NA	NA	NA	NA	NA	NA	NA	NA	NA	NA	NA	NA	NA	NA	NA	NA	NA	NA	NA	NA	NA	NA	NA	NA	NA	NA	NA	NA	NA	NA	NA	NA	0.727272727272727	NA	NA	NA	NA	NA	NA	NA	NA	NA	NA	NA	NA	NA	NA	NA	NA	NA	NA	0.357142857142857
122	NA	NA	NA	NA	NA	NA	NA	NA	NA	NA	NA	NA	NA	NA	NA	NA	NA	NA	NA	NA	NA	0.5	NA	NA	NA	NA	NA	NA	NA	NA	1	NA	NA	NA	NA	NA	NA	0.235294117647059	NA	1	NA	NA	NA	NA	NA	NA	NA	NA	NA	NA	NA	NA	NA	NA	NA	NA	NA	NA	NA	NA	NA	NA	NA	NA	NA	NA	NA	NA	NA	NA	NA	NA	NA	NA	NA	NA	NA	NA	NA	NA	0.636363636363636	NA	NA	NA	NA	NA	NA	NA	NA	NA	NA	NA	NA	NA	NA	NA	NA	NA	NA	0.454545454545455
123	NA	NA	NA	NA	NA	NA	NA	NA	NA	NA	NA	NA	NA	NA	NA	NA	NA	NA	NA	NA	NA	1	NA	NA	NA	NA	NA	NA	NA	NA	1	NA	NA	NA	NA	NA	NA	0.285714285714286	NA	1	NA	NA	NA	NA	NA	NA	NA	NA	NA	NA	NA	NA	NA	NA	NA	NA	NA	NA	NA	NA	NA	NA	NA	NA	NA	NA	NA	NA	NA	NA	NA	NA	NA	NA	NA	NA	NA	NA	NA	NA	0.6	NA	NA	NA	NA	NA	NA	NA	NA	NA	NA	NA	NA	NA	NA	NA	NA	NA	NA	0.466666666666667
124	NA	NA	NA	NA	NA	NA	NA	NA	NA	NA	NA	NA	NA	NA	NA	NA	NA	NA	NA	NA	NA	1	NA	NA	NA	NA	NA	NA	NA	NA	0.666666666666667	NA	NA	NA	NA	NA	NA	0.3	NA	NA	NA	NA	NA	NA	NA	NA	NA	NA	NA	NA	NA	NA	NA	NA	NA	NA	NA	NA	NA	NA	NA	NA	NA	NA	NA	NA	NA	NA	NA	NA	NA	NA	NA	NA	NA	NA	NA	NA	NA	NA	0.555555555555556	NA	NA	NA	NA	NA	NA	NA	NA	NA	NA	NA	NA	NA	NA	NA	NA	NA	NA	0.461538461538462
125	NA	NA	NA	NA	NA	NA	NA	NA	NA	NA	NA	NA	NA	NA	NA	NA	NA	NA	NA	NA	NA	1	NA	NA	NA	NA	NA	NA	NA	NA	0.5	NA	NA	NA	NA	NA	NA	0.294117647058824	NA	NA	NA	NA	NA	NA	NA	NA	NA	NA	NA	NA	NA	NA	NA	NA	NA	NA	NA	NA	NA	NA	NA	NA	NA	NA	NA	NA	NA	NA	NA	NA	NA	NA	NA	NA	NA	NA	NA	NA	NA	NA	0.5	NA	NA	NA	NA	NA	NA	NA	NA	NA	NA	NA	NA	NA	NA	NA	NA	NA	NA	0.4
126	NA	NA	NA	NA	NA	NA	NA	NA	NA	NA	NA	NA	NA	NA	NA	NA	NA	NA	NA	NA	NA	1	NA	NA	NA	NA	NA	NA	NA	NA	1	NA	NA	NA	NA	NA	NA	0.266666666666667	NA	NA	NA	NA	NA	NA	NA	NA	NA	NA	NA	NA	NA	NA	NA	NA	NA	NA	NA	NA	NA	NA	NA	NA	NA	NA	NA	NA	NA	NA	NA	NA	NA	NA	NA	NA	NA	NA	NA	NA	NA	NA	0.428571428571429	NA	NA	NA	NA	NA	NA	NA	NA	NA	NA	NA	NA	NA	NA	NA	NA	NA	NA	0.4
127	NA	NA	NA	NA	NA	NA	NA	NA	NA	NA	NA	NA	NA	NA	NA	NA	NA	NA	NA	NA	NA	1	NA	NA	NA	NA	NA	NA	NA	NA	1	NA	NA	NA	NA	NA	NA	0.428571428571429	NA	NA	NA	NA	NA	NA	NA	NA	NA	NA	NA	NA	NA	NA	NA	NA	NA	NA	NA	NA	NA	NA	NA	NA	NA	NA	NA	NA	NA	NA	NA	NA	NA	NA	NA	NA	NA	NA	NA	NA	NA	NA	0.5	NA	NA	NA	NA	NA	NA	NA	NA	NA	NA	NA	NA	NA	NA	NA	NA	NA	NA	0.333333333333333
128	NA	NA	NA	NA	NA	NA	NA	NA	NA	NA	NA	NA	NA	NA	NA	NA	NA	NA	NA	NA	NA	1	NA	NA	NA	NA	NA	NA	NA	NA	1	NA	NA	NA	NA	NA	NA	0.285714285714286	NA	NA	NA	NA	NA	NA	NA	NA	NA	NA	NA	NA	NA	NA	NA	NA	NA	NA	NA	NA	NA	NA	NA	NA	NA	NA	NA	NA	NA	NA	NA	NA	NA	NA	NA	NA	NA	NA	NA	NA	NA	NA	0.5	NA	NA	NA	NA	NA	NA	NA	NA	NA	NA	NA	NA	NA	NA	NA	NA	NA	NA	0.375
129	NA	NA	NA	NA	NA	NA	NA	NA	NA	NA	NA	NA	NA	NA	NA	NA	NA	NA	NA	NA	NA	NA	NA	NA	NA	NA	NA	NA	NA	NA	1	NA	NA	NA	NA	NA	NA	0.277777777777778	NA	NA	NA	NA	NA	NA	NA	NA	NA	NA	NA	NA	NA	NA	NA	NA	NA	NA	NA	NA	NA	NA	NA	NA	NA	NA	NA	NA	NA	NA	NA	NA	NA	NA	NA	NA	NA	NA	NA	NA	NA	NA	1	NA	NA	NA	NA	NA	NA	NA	NA	NA	NA	NA	NA	NA	NA	NA	NA	NA	NA	0.5
130	NA	NA	NA	NA	NA	NA	NA	NA	NA	NA	NA	NA	NA	NA	NA	NA	NA	NA	NA	NA	NA	NA	NA	NA	NA	NA	NA	NA	NA	NA	1	NA	NA	NA	NA	NA	NA	0.277777777777778	NA	NA	NA	NA	NA	NA	NA	NA	NA	NA	NA	NA	NA	NA	NA	NA	NA	NA	NA	NA	NA	NA	NA	NA	NA	NA	NA	NA	NA	NA	NA	NA	NA	NA	NA	NA	NA	NA	NA	NA	NA	NA	NA	NA	NA	NA	NA	NA	NA	NA	NA	NA	NA	NA	NA	NA	NA	NA	NA	NA	NA	0.5
131	NA	NA	NA	NA	NA	NA	NA	NA	NA	NA	NA	NA	NA	NA	NA	NA	NA	NA	NA	NA	NA	NA	NA	NA	NA	NA	NA	NA	NA	NA	1	NA	NA	NA	NA	NA	NA	0.272727272727273	NA	NA	NA	NA	NA	NA	NA	NA	NA	NA	NA	NA	NA	NA	NA	NA	NA	NA	NA	NA	NA	NA	NA	NA	NA	NA	NA	NA	NA	NA	NA	NA	NA	NA	NA	NA	NA	NA	NA	NA	NA	NA	NA	NA	NA	NA	NA	NA	NA	NA	NA	NA	NA	NA	NA	NA	NA	NA	NA	NA	NA	0.5
132	NA	NA	NA	NA	NA	NA	NA	NA	NA	NA	NA	NA	NA	NA	NA	NA	NA	NA	NA	NA	NA	NA	NA	NA	NA	NA	NA	NA	NA	NA	1	NA	NA	NA	NA	NA	NA	0.478260869565217	NA	NA	NA	NA	NA	NA	NA	NA	NA	NA	NA	NA	NA	NA	NA	NA	NA	NA	NA	NA	NA	NA	NA	NA	NA	NA	NA	NA	NA	NA	NA	NA	NA	NA	NA	NA	NA	NA	NA	NA	NA	NA	NA	NA	NA	NA	NA	NA	NA	NA	NA	NA	NA	NA	NA	NA	NA	NA	NA	NA	NA	0.6
133	NA	NA	NA	NA	NA	NA	NA	NA	NA	NA	NA	NA	NA	NA	NA	NA	NA	NA	NA	NA	NA	NA	NA	NA	NA	NA	NA	NA	NA	NA	NA	NA	NA	NA	NA	NA	NA	0.476190476190476	NA	NA	NA	NA	NA	NA	NA	NA	NA	NA	NA	NA	NA	NA	NA	NA	NA	NA	NA	NA	NA	NA	NA	NA	NA	NA	NA	NA	NA	NA	NA	NA	NA	NA	NA	NA	NA	NA	NA	NA	NA	NA	NA	NA	NA	NA	NA	NA	NA	NA	NA	NA	NA	NA	NA	NA	NA	NA	NA	NA	NA	0.5
134	NA	NA	NA	NA	NA	NA	NA	NA	NA	NA	NA	NA	NA	NA	NA	NA	NA	NA	NA	NA	NA	NA	NA	NA	NA	NA	NA	NA	NA	NA	NA	NA	NA	NA	NA	NA	NA	0.684210526315789	NA	NA	NA	NA	NA	NA	NA	NA	NA	NA	NA	NA	NA	NA	NA	NA	NA	NA	NA	NA	NA	NA	NA	NA	NA	NA	NA	NA	NA	NA	NA	NA	NA	NA	NA	NA	NA	NA	NA	NA	NA	NA	NA	NA	NA	NA	NA	NA	NA	NA	NA	NA	NA	NA	NA	NA	NA	NA	NA	NA	NA	1
135	NA	NA	NA	NA	NA	NA	NA	NA	NA	NA	NA	NA	NA	NA	NA	NA	NA	NA	NA	NA	NA	NA	NA	NA	NA	NA	NA	NA	NA	NA	NA	NA	NA	NA	NA	NA	NA	0.5	NA	NA	NA	NA	NA	NA	NA	NA	NA	NA	NA	NA	NA	NA	NA	NA	NA	NA	NA	NA	NA	NA	NA	NA	NA	NA	NA	NA	NA	NA	NA	NA	NA	NA	NA	NA	NA	NA	NA	NA	NA	NA	NA	NA	NA	NA	NA	NA	NA	NA	NA	NA	NA	NA	NA	NA	NA	NA	NA	NA	NA	1
136	NA	NA	NA	NA	NA	NA	NA	NA	NA	NA	NA	NA	NA	NA	NA	NA	NA	NA	NA	NA	NA	NA	NA	NA	NA	NA	NA	NA	NA	NA	NA	NA	NA	NA	NA	NA	NA	0.266666666666667	NA	NA	NA	NA	NA	NA	NA	NA	NA	NA	NA	NA	NA	NA	NA	NA	NA	NA	NA	NA	NA	NA	NA	NA	NA	NA	NA	NA	NA	NA	NA	NA	NA	NA	NA	NA	NA	NA	NA	NA	NA	NA	NA	NA	NA	NA	NA	NA	NA	NA	NA	NA	NA	NA	NA	NA	NA	NA	NA	NA	NA	NA
137	NA	NA	NA	NA	NA	NA	NA	NA	NA	NA	NA	NA	NA	NA	NA	NA	NA	NA	NA	NA	NA	NA	NA	NA	NA	NA	NA	NA	NA	NA	NA	NA	NA	NA	NA	NA	NA	0.315789473684211	NA	NA	NA	NA	NA	NA	NA	NA	NA	NA	NA	NA	NA	NA	NA	NA	NA	NA	NA	NA	NA	NA	NA	NA	NA	NA	NA	NA	NA	NA	NA	NA	NA	NA	NA	NA	NA	NA	NA	NA	NA	NA	NA	NA	NA	NA	NA	NA	NA	NA	NA	NA	NA	NA	NA	NA	NA	NA	NA	NA	NA	NA
138	NA	NA	NA	NA	NA	NA	NA	NA	NA	NA	NA	NA	NA	NA	NA	NA	NA	NA	NA	NA	NA	NA	NA	NA	NA	NA	NA	NA	NA	NA	NA	NA	NA	NA	NA	NA	NA	0.266666666666667	NA	NA	NA	NA	NA	NA	NA	NA	NA	NA	NA	NA	NA	NA	NA	NA	NA	NA	NA	NA	NA	NA	NA	NA	NA	NA	NA	NA	NA	NA	NA	NA	NA	NA	NA	NA	NA	NA	NA	NA	NA	NA	NA	NA	NA	NA	NA	NA	NA	NA	NA	NA	NA	NA	NA	NA	NA	NA	NA	NA	NA	NA
139	NA	NA	NA	NA	NA	NA	NA	NA	NA	NA	NA	NA	NA	NA	NA	NA	NA	NA	NA	NA	NA	NA	NA	NA	NA	NA	NA	NA	NA	NA	NA	NA	NA	NA	NA	NA	NA	0.25	NA	NA	NA	NA	NA	NA	NA	NA	NA	NA	NA	NA	NA	NA	NA	NA	NA	NA	NA	NA	NA	NA	NA	NA	NA	NA	NA	NA	NA	NA	NA	NA	NA	NA	NA	NA	NA	NA	NA	NA	NA	NA	NA	NA	NA	NA	NA	NA	NA	NA	NA	NA	NA	NA	NA	NA	NA	NA	NA	NA	NA	NA
140	NA	NA	NA	NA	NA	NA	NA	NA	NA	NA	NA	NA	NA	NA	NA	NA	NA	NA	NA	NA	NA	NA	NA	NA	NA	NA	NA	NA	NA	NA	NA	NA	NA	NA	NA	NA	NA	0.263157894736842	NA	NA	NA	NA	NA	NA	NA	NA	NA	NA	NA	NA	NA	NA	NA	NA	NA	NA	NA	NA	NA	NA	NA	NA	NA	NA	NA	NA	NA	NA	NA	NA	NA	NA	NA	NA	NA	NA	NA	NA	NA	NA	NA	NA	NA	NA	NA	NA	NA	NA	NA	NA	NA	NA	NA	NA	NA	NA	NA	NA	NA	NA
141	NA	NA	NA	NA	NA	NA	NA	NA	NA	NA	NA	NA	NA	NA	NA	NA	NA	NA	NA	NA	NA	NA	NA	NA	NA	NA	NA	NA	NA	NA	NA	NA	NA	NA	NA	NA	NA	0.315789473684211	NA	NA	NA	NA	NA	NA	NA	NA	NA	NA	NA	NA	NA	NA	NA	NA	NA	NA	NA	NA	NA	NA	NA	NA	NA	NA	NA	NA	NA	NA	NA	NA	NA	NA	NA	NA	NA	NA	NA	NA	NA	NA	NA	NA	NA	NA	NA	NA	NA	NA	NA	NA	NA	NA	NA	NA	NA	NA	NA	NA	NA	NA
142	NA	NA	NA	NA	NA	NA	NA	NA	NA	NA	NA	NA	NA	NA	NA	NA	NA	NA	NA	NA	NA	NA	NA	NA	NA	NA	NA	NA	NA	NA	NA	NA	NA	NA	NA	NA	NA	0.210526315789474	NA	NA	NA	NA	NA	NA	NA	NA	NA	NA	NA	NA	NA	NA	NA	NA	NA	NA	NA	NA	NA	NA	NA	NA	NA	NA	NA	NA	NA	NA	NA	NA	NA	NA	NA	NA	NA	NA	NA	NA	NA	NA	NA	NA	NA	NA	NA	NA	NA	NA	NA	NA	NA	NA	NA	NA	NA	NA	NA	NA	NA	NA
143	NA	NA	NA	NA	NA	NA	NA	NA	NA	NA	NA	NA	NA	NA	NA	NA	NA	NA	NA	NA	NA	NA	NA	NA	NA	NA	NA	NA	NA	NA	NA	NA	NA	NA	NA	NA	NA	0.176470588235294	NA	NA	NA	NA	NA	NA	NA	NA	NA	NA	NA	NA	NA	NA	NA	NA	NA	NA	NA	NA	NA	NA	NA	NA	NA	NA	NA	NA	NA	NA	NA	NA	NA	NA	NA	NA	NA	NA	NA	NA	NA	NA	NA	NA	NA	NA	NA	NA	NA	NA	NA	NA	NA	NA	NA	NA	NA	NA	NA	NA	NA	NA
144	NA	NA	NA	NA	NA	NA	NA	NA	NA	NA	NA	NA	NA	NA	NA	NA	NA	NA	NA	NA	NA	NA	NA	NA	NA	NA	NA	NA	NA	NA	NA	NA	NA	NA	NA	NA	NA	0.2	NA	NA	NA	NA	NA	NA	NA	NA	NA	NA	NA	NA	NA	NA	NA	NA	NA	NA	NA	NA	NA	NA	NA	NA	NA	NA	NA	NA	NA	NA	NA	NA	NA	NA	NA	NA	NA	NA	NA	NA	NA	NA	NA	NA	NA	NA	NA	NA	NA	NA	NA	NA	NA	NA	NA	NA	NA	NA	NA	NA	NA	NA
145	NA	NA	NA	NA	NA	NA	NA	NA	NA	NA	NA	NA	NA	NA	NA	NA	NA	NA	NA	NA	NA	NA	NA	NA	NA	NA	NA	NA	NA	NA	NA	NA	NA	NA	NA	NA	NA	0.266666666666667	NA	NA	NA	NA	NA	NA	NA	NA	NA	NA	NA	NA	NA	NA	NA	NA	NA	NA	NA	NA	NA	NA	NA	NA	NA	NA	NA	NA	NA	NA	NA	NA	NA	NA	NA	NA	NA	NA	NA	NA	NA	NA	NA	NA	NA	NA	NA	NA	NA	NA	NA	NA	NA	NA	NA	NA	NA	NA	NA	NA	NA	NA
146	NA	NA	NA	NA	NA	NA	NA	NA	NA	NA	NA	NA	NA	NA	NA	NA	NA	NA	NA	NA	NA	NA	NA	NA	NA	NA	NA	NA	NA	NA	NA	NA	NA	NA	NA	NA	NA	0.272727272727273	NA	NA	NA	NA	NA	NA	NA	NA	NA	NA	NA	NA	NA	NA	NA	NA	NA	NA	NA	NA	NA	NA	NA	NA	NA	NA	NA	NA	NA	NA	NA	NA	NA	NA	NA	NA	NA	NA	NA	NA	NA	NA	NA	NA	NA	NA	NA	NA	NA	NA	NA	NA	NA	NA	NA	NA	NA	NA	NA	NA	NA	NA
147	NA	NA	NA	NA	NA	NA	NA	NA	NA	NA	NA	NA	NA	NA	NA	NA	NA	NA	NA	NA	NA	NA	NA	NA	NA	NA	NA	NA	NA	NA	NA	NA	NA	NA	NA	NA	NA	0.2	NA	NA	NA	NA	NA	NA	NA	NA	NA	NA	NA	NA	NA	NA	NA	NA	NA	NA	NA	NA	NA	NA	NA	NA	NA	NA	NA	NA	NA	NA	NA	NA	NA	NA	NA	NA	NA	NA	NA	NA	NA	NA	NA	NA	NA	NA	NA	NA	NA	NA	NA	NA	NA	NA	NA	NA	NA	NA	NA	NA	NA	NA
148	NA	NA	NA	NA	NA	NA	NA	NA	NA	NA	NA	NA	NA	NA	NA	NA	NA	NA	NA	NA	NA	NA	NA	NA	NA	NA	NA	NA	NA	NA	NA	NA	NA	NA	NA	NA	NA	0.285714285714286	NA	NA	NA	NA	NA	NA	NA	NA	NA	NA	NA	NA	NA	NA	NA	NA	NA	NA	NA	NA	NA	NA	NA	NA	NA	NA	NA	NA	NA	NA	NA	NA	NA	NA	NA	NA	NA	NA	NA	NA	NA	NA	NA	NA	NA	NA	NA	NA	NA	NA	NA	NA	NA	NA	NA	NA	NA	NA	NA	NA	NA	NA
149	NA	NA	NA	NA	NA	NA	NA	NA	NA	NA	NA	NA	NA	NA	NA	NA	NA	NA	NA	NA	NA	NA	NA	NA	NA	NA	NA	NA	NA	NA	NA	NA	NA	NA	NA	NA	NA	0.333333333333333	NA	NA	NA	NA	NA	NA	NA	NA	NA	NA	NA	NA	NA	NA	NA	NA	NA	NA	NA	NA	NA	NA	NA	NA	NA	NA	NA	NA	NA	NA	NA	NA	NA	NA	NA	NA	NA	NA	NA	NA	NA	NA	NA	NA	NA	NA	NA	NA	NA	NA	NA	NA	NA	NA	NA	NA	NA	NA	NA	NA	NA	NA
150	NA	NA	NA	NA	NA	NA	NA	NA	NA	NA	NA	NA	NA	NA	NA	NA	NA	NA	NA	NA	NA	NA	NA	NA	NA	NA	NA	NA	NA	NA	NA	NA	NA	NA	NA	NA	NA	0.444444444444444	NA	NA	NA	NA	NA	NA	NA	NA	NA	NA	NA	NA	NA	NA	NA	NA	NA	NA	NA	NA	NA	NA	NA	NA	NA	NA	NA	NA	NA	NA	NA	NA	NA	NA	NA	NA	NA	NA	NA	NA	NA	NA	NA	NA	NA	NA	NA	NA	NA	NA	NA	NA	NA	NA	NA	NA	NA	NA	NA	NA	NA	NA
151	NA	NA	NA	NA	NA	NA	NA	NA	NA	NA	NA	NA	NA	NA	NA	NA	NA	NA	NA	NA	NA	NA	NA	NA	NA	NA	NA	NA	NA	NA	NA	NA	NA	NA	NA	NA	NA	0.4	NA	NA	NA	NA	NA	NA	NA	NA	NA	NA	NA	NA	NA	NA	NA	NA	NA	NA	NA	NA	NA	NA	NA	NA	NA	NA	NA	NA	NA	NA	NA	NA	NA	NA	NA	NA	NA	NA	NA	NA	NA	NA	NA	NA	NA	NA	NA	NA	NA	NA	NA	NA	NA	NA	NA	NA	NA	NA	NA	NA	NA	NA
152	NA	NA	NA	NA	NA	NA	NA	NA	NA	NA	NA	NA	NA	NA	NA	NA	NA	NA	NA	NA	NA	NA	NA	NA	NA	NA	NA	NA	NA	NA	NA	NA	NA	NA	NA	NA	NA	0.333333333333333	NA	NA	NA	NA	NA	NA	NA	NA	NA	NA	NA	NA	NA	NA	NA	NA	NA	NA	NA	NA	NA	NA	NA	NA	NA	NA	NA	NA	NA	NA	NA	NA	NA	NA	NA	NA	NA	NA	NA	NA	NA	NA	NA	NA	NA	NA	NA	NA	NA	NA	NA	NA	NA	NA	NA	NA	NA	NA	NA	NA	NA	NA
153	NA	NA	NA	NA	NA	NA	NA	NA	NA	NA	NA	NA	NA	NA	NA	NA	NA	NA	NA	NA	NA	NA	NA	NA	NA	NA	NA	NA	NA	NA	NA	NA	NA	NA	NA	NA	NA	0.454545454545455	NA	NA	NA	NA	NA	NA	NA	NA	NA	NA	NA	NA	NA	NA	NA	NA	NA	NA	NA	NA	NA	NA	NA	NA	NA	NA	NA	NA	NA	NA	NA	NA	NA	NA	NA	NA	NA	NA	NA	NA	NA	NA	NA	NA	NA	NA	NA	NA	NA	NA	NA	NA	NA	NA	NA	NA	NA	NA	NA	NA	NA	NA
154	NA	NA	NA	NA	NA	NA	NA	NA	NA	NA	NA	NA	NA	NA	NA	NA	NA	NA	NA	NA	NA	NA	NA	NA	NA	NA	NA	NA	NA	NA	NA	NA	NA	NA	NA	NA	NA	0.666666666666667	NA	NA	NA	NA	NA	NA	NA	NA	NA	NA	NA	NA	NA	NA	NA	NA	NA	NA	NA	NA	NA	NA	NA	NA	NA	NA	NA	NA	NA	NA	NA	NA	NA	NA	NA	NA	NA	NA	NA	NA	NA	NA	NA	NA	NA	NA	NA	NA	NA	NA	NA	NA	NA	NA	NA	NA	NA	NA	NA	NA	NA	NA
155	NA	NA	NA	NA	NA	NA	NA	NA	NA	NA	NA	NA	NA	NA	NA	NA	NA	NA	NA	NA	NA	NA	NA	NA	NA	NA	NA	NA	NA	NA	NA	NA	NA	NA	NA	NA	NA	0.727272727272727	NA	NA	NA	NA	NA	NA	NA	NA	NA	NA	NA	NA	NA	NA	NA	NA	NA	NA	NA	NA	NA	NA	NA	NA	NA	NA	NA	NA	NA	NA	NA	NA	NA	NA	NA	NA	NA	NA	NA	NA	NA	NA	NA	NA	NA	NA	NA	NA	NA	NA	NA	NA	NA	NA	NA	NA	NA	NA	NA	NA	NA	NA
156	NA	NA	NA	NA	NA	NA	NA	NA	NA	NA	NA	NA	NA	NA	NA	NA	NA	NA	NA	NA	NA	NA	NA	NA	NA	NA	NA	NA	NA	NA	NA	NA	NA	NA	NA	NA	NA	0.777777777777778	NA	NA	NA	NA	NA	NA	NA	NA	NA	NA	NA	NA	NA	NA	NA	NA	NA	NA	NA	NA	NA	NA	NA	NA	NA	NA	NA	NA	NA	NA	NA	NA	NA	NA	NA	NA	NA	NA	NA	NA	NA	NA	NA	NA	NA	NA	NA	NA	NA	NA	NA	NA	NA	NA	NA	NA	NA	NA	NA	NA	NA	NA
157	NA	NA	NA	NA	NA	NA	NA	NA	NA	NA	NA	NA	NA	NA	NA	NA	NA	NA	NA	NA	NA	NA	NA	NA	NA	NA	NA	NA	NA	NA	NA	NA	NA	NA	NA	NA	NA	0.571428571428571	NA	NA	NA	NA	NA	NA	NA	NA	NA	NA	NA	NA	NA	NA	NA	NA	NA	NA	NA	NA	NA	NA	NA	NA	NA	NA	NA	NA	NA	NA	NA	NA	NA	NA	NA	NA	NA	NA	NA	NA	NA	NA	NA	NA	NA	NA	NA	NA	NA	NA	NA	NA	NA	NA	NA	NA	NA	NA	NA	NA	NA	NA
158	NA	NA	NA	NA	NA	NA	NA	NA	NA	NA	NA	NA	NA	NA	NA	NA	NA	NA	NA	NA	NA	NA	NA	NA	NA	NA	NA	NA	NA	NA	NA	NA	NA	NA	NA	NA	NA	0.5	NA	NA	NA	NA	NA	NA	NA	NA	NA	NA	NA	NA	NA	NA	NA	NA	NA	NA	NA	NA	NA	NA	NA	NA	NA	NA	NA	NA	NA	NA	NA	NA	NA	NA	NA	NA	NA	NA	NA	NA	NA	NA	NA	NA	NA	NA	NA	NA	NA	NA	NA	NA	NA	NA	NA	NA	NA	NA	NA	NA	NA	NA
159	NA	NA	NA	NA	NA	NA	NA	NA	NA	NA	NA	NA	NA	NA	NA	NA	NA	NA	NA	NA	NA	NA	NA	NA	NA	NA	NA	NA	NA	NA	NA	NA	NA	NA	NA	NA	NA	0.5	NA	NA	NA	NA	NA	NA	NA	NA	NA	NA	NA	NA	NA	NA	NA	NA	NA	NA	NA	NA	NA	NA	NA	NA	NA	NA	NA	NA	NA	NA	NA	NA	NA	NA	NA	NA	NA	NA	NA	NA	NA	NA	NA	NA	NA	NA	NA	NA	NA	NA	NA	NA	NA	NA	NA	NA	NA	NA	NA	NA	NA	NA
160	NA	NA	NA	NA	NA	NA	NA	NA	NA	NA	NA	NA	NA	NA	NA	NA	NA	NA	NA	NA	NA	NA	NA	NA	NA	NA	NA	NA	NA	NA	NA	NA	NA	NA	NA	NA	NA	0.666666666666667	NA	NA	NA	NA	NA	NA	NA	NA	NA	NA	NA	NA	NA	NA	NA	NA	NA	NA	NA	NA	NA	NA	NA	NA	NA	NA	NA	NA	NA	NA	NA	NA	NA	NA	NA	NA	NA	NA	NA	NA	NA	NA	NA	NA	NA	NA	NA	NA	NA	NA	NA	NA	NA	NA	NA	NA	NA	NA	NA	NA	NA	NA
161	NA	NA	NA	NA	NA	NA	NA	NA	NA	NA	NA	NA	NA	NA	NA	NA	NA	NA	NA	NA	NA	NA	NA	NA	NA	NA	NA	NA	NA	NA	NA	NA	NA	NA	NA	NA	NA	1	NA	NA	NA	NA	NA	NA	NA	NA	NA	NA	NA	NA	NA	NA	NA	NA	NA	NA	NA	NA	NA	NA	NA	NA	NA	NA	NA	NA	NA	NA	NA	NA	NA	NA	NA	NA	NA	NA	NA	NA	NA	NA	NA	NA	NA	NA	NA	NA	NA	NA	NA	NA	NA	NA	NA	NA	NA	NA	NA	NA	NA	NA
162	NA	NA	NA	NA	NA	NA	NA	NA	NA	NA	NA	NA	NA	NA	NA	NA	NA	NA	NA	NA	NA	NA	NA	NA	NA	NA	NA	NA	NA	NA	NA	NA	NA	NA	NA	NA	NA	1	NA	NA	NA	NA	NA	NA	NA	NA	NA	NA	NA	NA	NA	NA	NA	NA	NA	NA	NA	NA	NA	NA	NA	NA	NA	NA	NA	NA	NA	NA	NA	NA	NA	NA	NA	NA	NA	NA	NA	NA	NA	NA	NA	NA	NA	NA	NA	NA	NA	NA	NA	NA	NA	NA	NA	NA	NA	NA	NA	NA	NA	NA
163	NA	NA	NA	NA	NA	NA	NA	NA	NA	NA	NA	NA	NA	NA	NA	NA	NA	NA	NA	NA	NA	NA	NA	NA	NA	NA	NA	NA	NA	NA	NA	NA	NA	NA	NA	NA	NA	1	NA	NA	NA	NA	NA	NA	NA	NA	NA	NA	NA	NA	NA	NA	NA	NA	NA	NA	NA	NA	NA	NA	NA	NA	NA	NA	NA	NA	NA	NA	NA	NA	NA	NA	NA	NA	NA	NA	NA	NA	NA	NA	NA	NA	NA	NA	NA	NA	NA	NA	NA	NA	NA	NA	NA	NA	NA	NA	NA	NA	NA	NA
164	NA	NA	NA	NA	NA	NA	NA	NA	NA	NA	NA	NA	NA	NA	NA	NA	NA	NA	NA	NA	NA	NA	NA	NA	NA	NA	NA	NA	NA	NA	NA	NA	NA	NA	NA	NA	NA	1	NA	NA	NA	NA	NA	NA	NA	NA	NA	NA	NA	NA	NA	NA	NA	NA	NA	NA	NA	NA	NA	NA	NA	NA	NA	NA	NA	NA	NA	NA	NA	NA	NA	NA	NA	NA	NA	NA	NA	NA	NA	NA	NA	NA	NA	NA	NA	NA	NA	NA	NA	NA	NA	NA	NA	NA	NA	NA	NA	NA	NA	NA
165	NA	NA	NA	NA	NA	NA	NA	NA	NA	NA	NA	NA	NA	NA	NA	NA	NA	NA	NA	NA	NA	NA	NA	NA	NA	NA	NA	NA	NA	NA	NA	NA	NA	NA	NA	NA	NA	1	NA	NA	NA	NA	NA	NA	NA	NA	NA	NA	NA	NA	NA	NA	NA	NA	NA	NA	NA	NA	NA	NA	NA	NA	NA	NA	NA	NA	NA	NA	NA	NA	NA	NA	NA	NA	NA	NA	NA	NA	NA	NA	NA	NA	NA	NA	NA	NA	NA	NA	NA	NA	NA	NA	NA	NA	NA	NA	NA	NA	NA	NA
