0	1	1	1	1	1	1	1	1	1	1	1	1	1	1	1	1	1	1	1	1	1	1	1	1	1	1	1	1	1	1	1	1	1	1	1	1	1	1	1	1	1	1	1	1	1	1	1	1	1	1	1	1	1	1	1	1	1	1	1	1	1	1	1	1	1	1	1	1	1	1	1	1	1	1	1	1	1	1	1	1	1	1	1	1	1	1	1	1	1	1	1	1	1	1	1	1	1	1	1	1
1	1	1	1	1	1	1	1	1	1	1	1	1	1	1	1	1	1	1	1	1	1	1	1	1	1	1	1	1	1	1	1	1	1	1	1	1	1	1	1	1	1	1	1	1	1	1	1	1	1	1	1	1	1	1	1	1	1	1	1	1	1	1	1	1	1	1	1	1	1	1	1	1	1	1	1	1	1	1	1	1	1	1	1	1	1	1	1	1	1	1	1	1	1	1	1	1	1	1	1	1
2	1	1	1	0.75	1	1	1	1	1	1	1	1	1	1	1	1	1	1	1	1	1	1	1	1	1	1	1	1	1	1	1	1	1	1	1	1	1	1	1	1	1	1	1	1	NA	1	1	1	1	1	1	1	1	1	1	1	1	1	1	1	1	1	1	1	1	1	1	1	1	1	1	1	1	1	1	1	1	1	1	1	1	1	1	1	1	1	1	1	1	1	1	1	1	1	1	1	1	1	1	1
3	1	1	1	1	1	1	1	1	1	1	1	1	1	1	1	1	1	1	1	1	1	1	1	0.5	1	1	1	1	1	1	1	1	1	1	1	1	1	1	1	1	1	0.5	1	1	NA	1	1	1	1	1	1	1	1	1	1	1	1	1	1	1	1	1	1	1	1	1	1	1	1	1	1	1	1	1	1	1	1	1	1	1	1	1	1	1	1	1	1	1	1	1	1	1	1	1	1	1	1	1	1	1
4	1	1	1	1	0.888888888888889	1	1	1	0.666666666666667	1	1	1	1	1	1	1	1	0.75	1	0.5	1	0.714285714285714	1	0.5	1	1	1	0.5	NA	1	1	0.5	1	1	1	1	1	1	1	1	1	0.5	1	0.6	NA	1	1	1	1	1	1	0.75	1	0.666666666666667	1	1	1	1	1	1	1	0.5	1	1	1	1	1	0.75	1	1	1	1	1	1	0.75	1	1	1	1	1	1	1	1	1	1	1	1	1	1	1	1	1	1	1	0.5	1	1	1	1	0.8
5	1	1	0.666666666666667	0.666666666666667	0.727272727272727	1	1	1	0.75	0.666666666666667	0.5	1	0.5	1	0.944444444444444	1	0.4	0.8	1	0.666666666666667	NA	0.571428571428571	1	0.666666666666667	1	1	1	0.8	NA	1	1	0.5	1	1	0.6	0.75	1	0.5	1	1	1	0.666666666666667	1	0.571428571428571	NA	1	1	1	1	0.5	0.8	0.666666666666667	1	0.5	1	1	0.5	1	1	0.5	1	0.6	1	1	1	1	1	0.6	1	1	1	1	1	0.6	0.5	1	1	1	1	1	1	1	1	1	1	1	1	0.5	1	0.5	1	1	1	1	1	0.769230769230769	1	1	0.545454545454545	0.666666666666667
6	1	0.5	0.75	1	0.75	1	1	0.666666666666667	1	0.5	0.5	1	0.5	1	0.941176470588235	1	0.666666666666667	0.666666666666667	NA	0.8	NA	0.428571428571429	NA	0.666666666666667	1	1	1	0.428571428571429	NA	1	1	0.5	1	1	0.666666666666667	0.6	NA	0.5	1	1	1	0.5	1	0.6	NA	1	0.8	0.8	1	1	1	1	1	0.545454545454545	1	1	0.5	0.5	0.555555555555556	0.75	0.666666666666667	0.333333333333333	1	1	0.5	0.666666666666667	0.666666666666667	1	1	0.5	0.75	1	1	0.6	0.333333333333333	1	1	0.5	0.8	1	1	1	1	1	1	1	1	0.571428571428571	1	0.5	1	1	1	0.75	1	0.764705882352941	1	0.5	0.571428571428571	0.666666666666667
7	1	0.666666666666667	1	0.875	0.714285714285714	1	0.5	0.75	1	0.555555555555556	0.6	1	0.666666666666667	1	0.866666666666667	1	0.666666666666667	0.5	NA	0.625	NA	0.5	NA	1	1	0.75	1	0.444444444444444	NA	0.6	1	0.6	0.8	0.666666666666667	0.714285714285714	0.571428571428571	NA	0.5	1	1	0.75	0.5	1	0.625	NA	1	0.8	0.75	1	1	1	1	0.428571428571429	0.583333333333333	1	1	1	0.545454545454545	0.666666666666667	0.666666666666667	0.75	0.333333333333333	NA	1	0.5	0.8	1	0.857142857142857	0.666666666666667	0.6	0.8	1	0.666666666666667	0.555555555555556	0.5	1	1	1	0.8	1	1	0.6	1	1	1	1	1	0.333333333333333	1	0.5	1	1	1	0.6	0.916666666666667	0.444444444444444	1	0.5	0.4	0.666666666666667
8	1	0.75	1	0.571428571428571	0.714285714285714	0.6	0.5	0.5	1	0.363636363636364	0.5	1	0.666666666666667	1	0.666666666666667	1	1	0.5	NA	0.5	NA	0.454545454545455	NA	1	1	0.75	0.6	0.5	NA	0.5	1	0.5	0.8	0.5	0.875	0.8	NA	1	1	0.5	0.75	0.6	1	0.545454545454545	NA	NA	1	0.75	1	1	1	NA	0.428571428571429	0.454545454545455	0.875	1	NA	0.666666666666667	0.4	0.571428571428571	0.666666666666667	0.333333333333333	NA	1	0.454545454545455	0.75	1	0.777777777777778	0.5	0.5	1	0.333333333333333	1	0.666666666666667	0.5	1	1	NA	0.8	0.5	1	0.5	0.75	NA	1	1	1	0.5	1	0.5	0.5	1	1	0.4	0.8	0.4	1	0.666666666666667	0.409090909090909	0.5
9	1	0.833333333333333	1	0.333333333333333	0.357142857142857	0.6	1	0.5	1	0.363636363636364	0.5	NA	0.75	1	0.384615384615385	1	0.8	0.5	NA	0.5	NA	0.454545454545455	NA	1	1	0.666666666666667	0.6	0.538461538461538	NA	0.6	NA	0.333333333333333	0.666666666666667	0.6	1	0.666666666666667	NA	NA	1	0.5	0.714285714285714	0.833333333333333	1	0.538461538461538	NA	NA	0.666666666666667	0.666666666666667	1	1	0.333333333333333	NA	0.555555555555556	0.416666666666667	1	1	NA	0.666666666666667	0.5	0.5	0.5	0.333333333333333	NA	1	0.545454545454545	1	1	0.777777777777778	0.714285714285714	0.571428571428571	1	0.666666666666667	1	0.222222222222222	0.5	1	0.5	NA	0.5	0.666666666666667	0.5	0.5	0.875	NA	1	1	1	0.75	0.8	0.5	0.5	NA	1	0.6	1	0.421052631578947	1	0.5	0.318181818181818	1
10	1	0.833333333333333	1	0.428571428571429	0.333333333333333	0.333333333333333	1	0.454545454545455	1	0.272727272727273	0.5	NA	1	0.5	0.363636363636364	1	0.625	0.714285714285714	NA	0.545454545454545	NA	0.444444444444444	NA	1	1	0.666666666666667	0.333333333333333	0.533333333333333	NA	0.6	NA	0.333333333333333	0.5	0.666666666666667	0.714285714285714	0.4	NA	NA	1	1	0.75	0.777777777777778	1	0.5625	NA	NA	0.5	0.6	1	1	0.5	NA	0.714285714285714	0.428571428571429	0.666666666666667	0.714285714285714	NA	0.4	0.5	0.6	0.5	0.6	NA	NA	0.533333333333333	1	1	0.428571428571429	0.714285714285714	0.833333333333333	1	0.666666666666667	1	0.375	0.5	1	0.666666666666667	NA	0.8	0.666666666666667	0.666666666666667	0.6	1	NA	1	0.75	NA	0.8	0.714285714285714	1	0.666666666666667	NA	1	0.6	0.894736842105263	0.421052631578947	1	0.6	0.238095238095238	1
11	0.75	0.8	NA	0.444444444444444	0.3	1	NA	0.5	1	0.230769230769231	0.555555555555556	NA	0.333333333333333	0.5	0.454545454545455	1	0.636363636363636	0.444444444444444	NA	0.6	NA	0.375	NA	1	1	0.571428571428571	1	0.533333333333333	NA	0.666666666666667	NA	0.5	0.666666666666667	0.714285714285714	0.666666666666667	0.571428571428571	NA	NA	1	1	0.666666666666667	0.777777777777778	1	0.588235294117647	NA	NA	0.5	0.6	1	1	1	NA	0.714285714285714	0.428571428571429	0.666666666666667	0.714285714285714	NA	0.4	0.636363636363636	0.5	0.5	0.25	NA	NA	0.555555555555556	0.818181818181818	0.333333333333333	0.428571428571429	0.7	0.5	1	0.666666666666667	1	0.333333333333333	1	1	0.75	NA	0.666666666666667	0.75	0.5	0.333333333333333	0.5	NA	1	0.8	NA	1	0.428571428571429	0.5	0.6	NA	1	0.6	0.5	0.333333333333333	1	0.5	0.318181818181818	1
12	0.875	0.75	NA	0.5	0.363636363636364	NA	NA	0.615384615384615	0.571428571428571	0.25	0.545454545454545	NA	0.75	0.5	0.5	1	0.545454545454545	0.5	NA	0.6875	NA	0.375	NA	1	1	0.6	1	0.5	NA	1	NA	1	0.8	0.714285714285714	0.5	0.571428571428571	NA	NA	NA	1	0.5	0.9	1	0.529411764705882	NA	NA	0.5	0.333333333333333	1	0.75	1	NA	0.666666666666667	0.333333333333333	0.8	0.714285714285714	NA	0.5	0.625	0.75	0.666666666666667	0.25	NA	NA	0.333333333333333	0.9	0.666666666666667	0.333333333333333	0.7	0.5	1	0.5	1	0.5	1	1	0.833333333333333	NA	1	0.75	0.5	1	0.454545454545455	NA	1	0.5	NA	0.666666666666667	0.6	0.5	0.6	NA	1	0.666666666666667	0.4375	0.357142857142857	1	0.571428571428571	0.35	1
13	0.909090909090909	1	NA	0.571428571428571	0.375	NA	NA	0.538461538461538	0.666666666666667	0.222222222222222	0.666666666666667	NA	0.625	0.5	0.5	1	0.5	0.4	NA	0.3125	NA	0.375	NA	1	1	0.333333333333333	1	0.5	NA	1	NA	NA	0.5	0.833333333333333	0.5	0.75	NA	NA	NA	1	0.4	0.545454545454545	NA	0.5	NA	NA	1	0.5	1	1	NA	NA	0.333333333333333	0.3	0.75	0.5	NA	0.6	0.625	0.5	0.714285714285714	0.666666666666667	NA	NA	0.666666666666667	0.333333333333333	0.8	0.571428571428571	0.727272727272727	0.4	0.4	0.5	0.666666666666667	0.75	1	1	0.833333333333333	NA	1	1	NA	NA	0.5	NA	1	0.8	NA	0.75	0.636363636363636	0.5	0.8	NA	1	0.5	0.4375	0.4	0.75	0.571428571428571	0.294117647058824	1
14	1	1	NA	0.5	0.428571428571429	NA	NA	0.545454545454545	0.571428571428571	0.272727272727273	0.666666666666667	NA	0.625	1	0.444444444444444	1	0.538461538461538	0.333333333333333	NA	0.368421052631579	NA	0.333333333333333	NA	1	1	0.666666666666667	1	0.611111111111111	NA	0.5	NA	NA	0.666666666666667	1	0.666666666666667	0.75	NA	NA	NA	1	1	0.3	NA	0.5	NA	NA	1	0.5	1	1	NA	NA	0.428571428571429	0.333333333333333	0.8	0.6	NA	0.571428571428571	0.5	0.4	0.714285714285714	0.666666666666667	NA	NA	0.294117647058824	0.285714285714286	0.8	0.625	0.6	0.75	0.5	0.5	0.5	0.5	1	1	0.428571428571429	NA	1	1	NA	NA	0.454545454545455	NA	1	0.75	NA	0.833333333333333	0.666666666666667	0.666666666666667	0.833333333333333	NA	1	1	0.25	0.363636363636364	0.714285714285714	0.555555555555556	0.421052631578947	1
15	1	NA	NA	0.5	0.5	NA	NA	0.538461538461538	0.625	0.3	0.3125	NA	0.5	NA	0.545454545454545	0.5	0.7	0.2	NA	0.4	NA	0.428571428571429	NA	1	NA	0.5	1	0.25	NA	0.5	NA	NA	1	1	0.75	0.5	NA	NA	NA	1	1	0.6	NA	0.384615384615385	NA	NA	1	0.8	0.5	1	NA	NA	0.571428571428571	0.444444444444444	0.75	0.75	NA	0.625	0.4	0.666666666666667	0.833333333333333	1	NA	NA	0.2	0.285714285714286	0.75	0.888888888888889	0.4	0.6	0.833333333333333	1	0.5	0.454545454545455	NA	1	0.2	NA	1	1	NA	NA	0.5	NA	1	0.666666666666667	NA	1	0.7	0.666666666666667	0.428571428571429	NA	0.75	1	0.3	0.307692307692308	0.7	0.285714285714286	0.5	NA
16	1	NA	NA	0.5	0.625	NA	NA	0.692307692307692	0.375	0.375	0.318181818181818	NA	0.571428571428571	NA	0.5	0.5	0.571428571428571	0.6	NA	0.428571428571429	NA	0.428571428571429	NA	0.333333333333333	NA	0.333333333333333	1	0.285714285714286	NA	1	NA	NA	1	0.5	0.5	0.5	NA	NA	NA	1	1	0.625	NA	0.454545454545455	NA	NA	1	1	0.5	1	NA	NA	0.6	0.4	1	0.857142857142857	NA	0.5	0.666666666666667	0.6	0.5	1	NA	NA	0.25	0.5	0.666666666666667	0.888888888888889	0.5	0.6	0.666666666666667	1	0.666666666666667	0.272727272727273	NA	1	0.333333333333333	NA	1	1	NA	NA	0.538461538461538	NA	1	0.6	NA	1	0.375	0.666666666666667	0.7	NA	0.666666666666667	NA	0.375	0.25	0.7	0.4	0.222222222222222	NA
17	0.454545454545455	NA	NA	0.75	0.857142857142857	NA	NA	0.545454545454545	0.333333333333333	0.5	0.375	NA	0.666666666666667	NA	0.5	0.5	1	0.571428571428571	NA	0.3	NA	0.545454545454545	NA	1	NA	0.5	1	0.333333333333333	NA	1	NA	NA	1	0.4	0.666666666666667	0.5	NA	NA	NA	1	1	0.428571428571429	NA	0.454545454545455	NA	NA	NA	1	0.5	1	NA	NA	0.333333333333333	0.363636363636364	0.666666666666667	0.714285714285714	NA	0.666666666666667	0.5	0.6	0.5	1	NA	NA	0.333333333333333	0.6	NA	0.888888888888889	0.923076923076923	0.666666666666667	0.5	1	0.5	0.416666666666667	NA	1	0.375	NA	1	0.666666666666667	NA	NA	0.538461538461538	NA	0.75	0.5	NA	0.75	0.4	NA	0.7	NA	0.666666666666667	NA	0.428571428571429	0.5	0.6	0.454545454545455	0.275862068965517	NA
18	0.6	NA	NA	0.857142857142857	0.857142857142857	NA	NA	0.363636363636364	0.444444444444444	0.5	0.423076923076923	NA	0.25	NA	0.555555555555556	0.5	1	0.571428571428571	NA	0.3125	NA	0.857142857142857	NA	1	NA	0.4	0.5	0.272727272727273	NA	1	NA	NA	1	0.4	0.75	1	NA	NA	NA	1	1	0.6	NA	0.571428571428571	NA	NA	NA	1	1	NA	NA	NA	0.333333333333333	0.4	0.666666666666667	0.75	NA	0.571428571428571	1	0.571428571428571	0.5	NA	NA	NA	0.4	0.5	NA	0.5	0.916666666666667	0.625	0.375	NA	1	0.363636363636364	NA	NA	0.636363636363636	NA	1	0.666666666666667	NA	NA	0.529411764705882	NA	1	0.555555555555556	NA	0.8	0.75	NA	0.4	NA	0.666666666666667	NA	0.333333333333333	0.571428571428571	0.454545454545455	0.5	0.1875	NA
19	0.7	NA	NA	1	0.571428571428571	NA	NA	0.333333333333333	0.5	0.3	0.3	NA	1	NA	0.555555555555556	0.375	0.5	0.4	NA	0.333333333333333	NA	0.875	NA	1	NA	0.4	0.5	0.461538461538462	NA	1	NA	NA	1	0.5	1	1	NA	NA	NA	1	NA	1	NA	0.545454545454545	NA	NA	NA	1	NA	NA	NA	NA	0.5	0.333333333333333	1	0.857142857142857	NA	0.285714285714286	1	0.571428571428571	1	NA	NA	NA	0.466666666666667	0.333333333333333	NA	0.333333333333333	0.545454545454545	0.625	0.727272727272727	NA	1	0.333333333333333	NA	NA	0.666666666666667	NA	0.777777777777778	0.666666666666667	NA	NA	0.357142857142857	NA	1	0.416666666666667	NA	0.4	0.75	NA	0.363636363636364	NA	0.75	NA	0.2	0.625	0.545454545454545	0.454545454545455	0.216216216216216	NA
20	0.285714285714286	NA	NA	0.833333333333333	0.571428571428571	NA	NA	0.428571428571429	0.5	0.285714285714286	0.257142857142857	NA	1	NA	0.5	0.285714285714286	0.666666666666667	0.333333333333333	NA	0.5	NA	0.857142857142857	NA	1	NA	0.4	0.666666666666667	0.466666666666667	NA	NA	NA	NA	1	0.333333333333333	1	NA	NA	NA	NA	1	NA	1	NA	0.454545454545455	NA	NA	NA	1	NA	NA	NA	NA	1	0.5	1	1	NA	0.5	1	0.666666666666667	1	NA	NA	NA	0.214285714285714	0.5	NA	0.5	0.375	0.714285714285714	0.4	NA	1	0.4	NA	NA	0.636363636363636	NA	0.666666666666667	0.5	NA	NA	0.466666666666667	NA	1	0.333333333333333	NA	0.6	0.5	NA	0.416666666666667	NA	0.75	NA	0.333333333333333	0.7	0.538461538461538	0.454545454545455	0.292682926829268	NA
21	0.5	NA	NA	0.769230769230769	0.666666666666667	NA	NA	0.5	0.5	0.357142857142857	0.25	NA	1	NA	0.625	0.333333333333333	0.5	0.333333333333333	NA	0.5	NA	0.714285714285714	NA	NA	NA	0.5	0.666666666666667	0.4375	NA	NA	NA	NA	1	0.571428571428571	0.8	NA	NA	NA	NA	1	NA	1	NA	0.416666666666667	NA	NA	NA	1	NA	NA	NA	NA	NA	0.444444444444444	1	1	NA	0.571428571428571	1	0.714285714285714	1	NA	NA	NA	0.222222222222222	1	NA	0.5	0.375	0.571428571428571	0.3	NA	1	0.6	NA	NA	0.7	NA	0.333333333333333	0.5	NA	NA	0.333333333333333	NA	1	0.384615384615385	NA	0.5	0.5	NA	0.222222222222222	NA	0.75	NA	0.285714285714286	0.444444444444444	0.272727272727273	0.285714285714286	0.219512195121951	NA
22	0.333333333333333	NA	NA	0.666666666666667	0.75	NA	NA	0.375	0.615384615384615	0.4375	0.243243243243243	NA	1	NA	0.555555555555556	0.428571428571429	1	0.5	NA	0.428571428571429	NA	0.625	NA	NA	NA	0.6	1	0.461538461538462	NA	NA	NA	NA	1	0.555555555555556	0.5	NA	NA	NA	NA	1	NA	1	NA	0.125	NA	NA	NA	1	NA	NA	NA	NA	NA	0.285714285714286	1	1	NA	0.833333333333333	1	0.857142857142857	1	NA	NA	NA	0.333333333333333	1	NA	0.666666666666667	0.5	0.666666666666667	0.3	NA	1	0.375	NA	NA	0.4	NA	0.5	1	NA	NA	0.375	NA	1	0.416666666666667	NA	0.6	0.5	NA	0.375	NA	0.75	NA	0.4	0.5	0.555555555555556	0.444444444444444	0.256410256410256	NA
23	0.428571428571429	NA	NA	0.75	0.666666666666667	NA	NA	0.375	0.545454545454545	0.352941176470588	0.194444444444444	NA	1	NA	0.428571428571429	0.555555555555556	1	0.5	NA	0.333333333333333	NA	0.571428571428571	NA	NA	NA	0.5	1	0.230769230769231	NA	NA	NA	NA	0.5	0.555555555555556	0.4	NA	NA	NA	NA	0.9	NA	1	NA	0.2	NA	NA	NA	1	NA	NA	NA	NA	NA	0.333333333333333	1	0.666666666666667	NA	0.8	1	1	NA	NA	NA	NA	0.333333333333333	1	NA	0.5	0.625	0.7	0.363636363636364	NA	1	0.285714285714286	NA	NA	0.333333333333333	NA	0.571428571428571	1	NA	NA	0.266666666666667	NA	0.75	0.3	NA	0.5	1	NA	0.4	NA	1	NA	0.461538461538462	0.571428571428571	0.4	0.428571428571429	0.282051282051282	NA
24	0.555555555555556	NA	NA	0.4	0.5	NA	NA	0.428571428571429	0.3	0.411764705882353	0.171428571428571	NA	NA	NA	0.5	0.833333333333333	0.333333333333333	1	NA	0.4	NA	0.5	NA	NA	NA	0.666666666666667	1	0.285714285714286	NA	NA	NA	NA	0.5	0.545454545454545	0.5	NA	NA	NA	NA	0.8	NA	1	NA	0.307692307692308	NA	NA	NA	1	NA	NA	NA	NA	NA	0.4	1	0.75	NA	0.6	0.333333333333333	0.833333333333333	NA	NA	NA	NA	0.333333333333333	1	NA	1	0.333333333333333	0.7	0.357142857142857	NA	1	0.166666666666667	NA	NA	0.333333333333333	NA	0.5	1	NA	NA	0.333333333333333	NA	0.833333333333333	0.454545454545455	NA	0.5	1	NA	0.363636363636364	NA	0.666666666666667	NA	0.466666666666667	0.5	0.222222222222222	0.428571428571429	0.277777777777778	NA
25	0.555555555555556	NA	NA	0.666666666666667	NA	NA	NA	0.571428571428571	0.222222222222222	0.333333333333333	0.166666666666667	NA	NA	NA	0.2	0.875	0.333333333333333	NA	NA	0.363636363636364	NA	0.6	NA	NA	NA	0.8	1	0.4	NA	NA	NA	NA	0.5	0.363636363636364	0.666666666666667	NA	NA	NA	NA	0.8	NA	NA	NA	0.454545454545455	NA	NA	NA	1	NA	NA	NA	NA	NA	0.666666666666667	1	0.25	NA	0.666666666666667	0.5	0.6	NA	NA	NA	NA	0.4	NA	NA	1	0.666666666666667	0.6	0.384615384615385	NA	0.75	0.2	NA	NA	0.5	NA	0.555555555555556	1	NA	NA	0.461538461538462	NA	0.75	0.545454545454545	NA	0.6	1	NA	0.5	NA	0.666666666666667	NA	0.384615384615385	0.6	0.3	0.428571428571429	0.25	NA
26	0.666666666666667	NA	NA	0.666666666666667	NA	NA	NA	0.555555555555556	0.222222222222222	0.384615384615385	0.228571428571429	NA	NA	NA	0.25	0.5	0.4	NA	NA	0.428571428571429	NA	0.6	NA	NA	NA	0.8	1	0.5	NA	NA	NA	NA	1	0.357142857142857	0.666666666666667	NA	NA	NA	NA	0.6	NA	NA	NA	0.583333333333333	NA	NA	NA	1	NA	NA	NA	NA	NA	0.5	0.666666666666667	1	NA	0.714285714285714	1	0.5	NA	NA	NA	NA	0.6	NA	NA	1	0.666666666666667	0.444444444444444	0.461538461538462	NA	0.666666666666667	0.5	NA	NA	0.533333333333333	NA	0.375	1	NA	NA	0.333333333333333	NA	0.75	0.625	NA	0.5	1	NA	0.625	NA	0.5	NA	0.272727272727273	0.75	0.428571428571429	0.375	0.257142857142857	NA
27	0.714285714285714	NA	NA	1	NA	NA	NA	0.666666666666667	0.272727272727273	0.454545454545455	0.21875	NA	NA	NA	0.5	0.375	0.5	NA	NA	0.272727272727273	NA	0.6	NA	NA	NA	0.857142857142857	1	0.555555555555556	NA	NA	NA	NA	1	0.375	1	NA	NA	NA	NA	0.6	NA	NA	NA	0.470588235294118	NA	NA	NA	1	NA	NA	NA	NA	NA	0.5	1	1	NA	0.75	1	0.333333333333333	NA	NA	NA	NA	0.333333333333333	NA	NA	1	0.666666666666667	0.5	0.461538461538462	NA	1	0.333333333333333	NA	NA	0.411764705882353	NA	0.428571428571429	1	NA	NA	0.307692307692308	NA	1	1	NA	0.8	1	NA	0.571428571428571	NA	0.75	NA	0.363636363636364	1	0.5	0.5	0.2	NA
28	0.5	NA	NA	1	NA	NA	NA	0.7	0.272727272727273	0.363636363636364	0.206896551724138	NA	NA	NA	0.5	0.375	0.75	NA	NA	0.307692307692308	NA	0.5	NA	NA	NA	1	1	0.5	NA	NA	NA	NA	1	0.4375	1	NA	NA	NA	NA	0.375	NA	NA	NA	0.307692307692308	NA	NA	NA	1	NA	NA	NA	NA	NA	0.4	0.6	1	NA	0.444444444444444	1	0.333333333333333	NA	NA	NA	NA	0.363636363636364	NA	NA	NA	1	0.416666666666667	0.4375	NA	1	0.333333333333333	NA	NA	0.333333333333333	NA	0.333333333333333	0.6	NA	NA	0.307692307692308	NA	1	0.666666666666667	NA	0.8	1	NA	0.6	NA	0.8	NA	0.25	0.75	0.333333333333333	0.6	0.272727272727273	NA
29	0.5	NA	NA	1	NA	NA	NA	0.666666666666667	0.333333333333333	0.3	0.333333333333333	NA	NA	NA	0.75	0.444444444444444	0.8	NA	NA	0.333333333333333	NA	0.5	NA	NA	NA	1	1	0.4	NA	NA	NA	NA	1	0.266666666666667	1	NA	NA	NA	NA	0.571428571428571	NA	NA	NA	0.25	NA	NA	NA	1	NA	NA	NA	NA	NA	0.428571428571429	0.75	1	NA	0.545454545454545	NA	1	NA	NA	NA	NA	0.5	NA	NA	NA	1	0.6	0.35	NA	1	0.666666666666667	NA	NA	0.315789473684211	NA	0.5	0.6	NA	NA	0.333333333333333	NA	1	0.5	NA	0.333333333333333	NA	NA	0.333333333333333	NA	0.75	NA	0.230769230769231	0.5	0.333333333333333	0.571428571428571	0.264705882352941	NA
30	0.5	NA	NA	0.5	NA	NA	NA	0.75	0.307692307692308	0.3	0.333333333333333	NA	NA	NA	0.6	0.4	0.8	NA	NA	0.3125	NA	0.625	NA	NA	NA	0.545454545454545	1	0.5	NA	NA	NA	NA	1	0.214285714285714	1	NA	NA	NA	NA	0.4	NA	NA	NA	0.333333333333333	NA	NA	NA	NA	NA	NA	NA	NA	NA	0.428571428571429	0.75	1	NA	0.545454545454545	NA	1	NA	NA	NA	NA	0.307692307692308	NA	NA	NA	1	0.454545454545455	0.391304347826087	NA	1	0.5	NA	NA	0.315789473684211	NA	1	0.8	NA	NA	0.272727272727273	NA	1	0.5	NA	0.5	NA	NA	1	NA	0.75	NA	0.285714285714286	0.666666666666667	0.333333333333333	0.571428571428571	0.4	NA
31	0.5	NA	NA	0.5	NA	NA	NA	0.666666666666667	0.307692307692308	0.333333333333333	0.583333333333333	NA	NA	NA	0.6	0.375	0.8	NA	NA	0.333333333333333	NA	0.8	NA	NA	NA	0.333333333333333	1	0.5	NA	NA	NA	NA	1	0.307692307692308	1	NA	NA	NA	NA	0.666666666666667	NA	NA	NA	0.357142857142857	NA	NA	NA	NA	NA	NA	NA	NA	NA	0.5	1	1	NA	0.5	NA	1	NA	NA	NA	NA	0.368421052631579	NA	NA	NA	NA	0.333333333333333	0.416666666666667	NA	1	0.666666666666667	NA	NA	0.470588235294118	NA	1	0.833333333333333	NA	NA	0.272727272727273	NA	NA	0.666666666666667	NA	1	NA	NA	NA	NA	0.666666666666667	NA	0.4	0.5	0.333333333333333	0.333333333333333	0.466666666666667	NA
32	1	NA	NA	0.5	NA	NA	NA	0.666666666666667	0.333333333333333	0.636363636363636	0.35	NA	NA	NA	0.6	0.375	0.75	NA	NA	0.375	NA	0.833333333333333	NA	NA	NA	0.272727272727273	1	0.75	NA	NA	NA	NA	0.5	0.230769230769231	1	NA	NA	NA	NA	1	NA	NA	NA	0.272727272727273	NA	NA	NA	NA	NA	NA	NA	NA	NA	0.625	0.666666666666667	1	NA	0.375	NA	1	NA	NA	NA	NA	0.388888888888889	NA	NA	NA	NA	0.384615384615385	0.375	NA	1	0.666666666666667	NA	NA	0.4375	NA	1	0.8	NA	NA	0.444444444444444	NA	NA	0.5	NA	1	NA	NA	NA	NA	1	NA	0.411764705882353	0.6	0.333333333333333	0.4	0.28	NA
33	1	NA	NA	0.666666666666667	NA	NA	NA	1	0.333333333333333	0.444444444444444	0.411764705882353	NA	NA	NA	0.5	0.555555555555556	0.6	NA	NA	0.333333333333333	NA	1	NA	NA	NA	0.25	1	0.8	NA	NA	NA	NA	0.666666666666667	0.3	1	NA	NA	NA	NA	1	NA	NA	NA	0.272727272727273	NA	NA	NA	NA	NA	NA	NA	NA	NA	0.5625	1	0.714285714285714	NA	0.4375	NA	1	NA	NA	NA	NA	0.388888888888889	NA	NA	NA	NA	0.5	0.384615384615385	NA	1	0.666666666666667	NA	NA	0.333333333333333	NA	1	0.75	NA	NA	0.333333333333333	NA	NA	0.5	NA	1	NA	NA	NA	NA	1	NA	0.529411764705882	0.75	0.5	0.5	0.263157894736842	NA
34	1	NA	NA	0.75	NA	NA	NA	1	0.4	0.444444444444444	0.25	NA	NA	NA	0.666666666666667	0.571428571428571	0.6	NA	NA	0.4	NA	1	NA	NA	NA	0.363636363636364	1	1	NA	NA	NA	NA	0.5	0.4	1	NA	NA	NA	NA	1	NA	NA	NA	0.363636363636364	NA	NA	NA	NA	NA	NA	NA	NA	NA	0.571428571428571	1	0.5	NA	0.352941176470588	NA	1	NA	NA	NA	NA	0.375	NA	NA	NA	NA	0.5	0.291666666666667	NA	NA	0.75	NA	NA	0.375	NA	1	0.5	NA	NA	0.444444444444444	NA	NA	0.666666666666667	NA	1	NA	NA	NA	NA	0.5	NA	0.6	0.666666666666667	0.285714285714286	0.5	0.214285714285714	NA
35	1	NA	NA	0.666666666666667	NA	NA	NA	0.5	0.75	0.285714285714286	0.3	NA	NA	NA	1	0.571428571428571	0.75	NA	NA	0.444444444444444	NA	0.692307692307692	NA	NA	NA	0.363636363636364	NA	1	NA	NA	NA	NA	0.6	0.545454545454545	1	NA	NA	NA	NA	1	NA	NA	NA	0.461538461538462	NA	NA	NA	NA	NA	NA	NA	NA	NA	0.642857142857143	1	0.666666666666667	NA	0.375	NA	1	NA	NA	NA	NA	0.416666666666667	NA	NA	NA	NA	0.5	0.318181818181818	NA	NA	0.714285714285714	NA	NA	0.470588235294118	NA	1	0.5	NA	NA	0.375	NA	NA	0.75	NA	1	NA	NA	NA	NA	0.666666666666667	NA	0.428571428571429	0.666666666666667	0.333333333333333	0.5	0.2	NA
36	1	NA	NA	0.666666666666667	NA	NA	NA	0.666666666666667	1	0.333333333333333	0.333333333333333	NA	NA	NA	1	0.666666666666667	0.333333333333333	NA	NA	0.3	NA	0.636363636363636	NA	NA	NA	0.5	NA	1	NA	NA	NA	NA	0.6	0.636363636363636	0.5	NA	NA	NA	NA	NA	NA	NA	NA	0.4	NA	NA	NA	NA	NA	NA	NA	NA	NA	0.454545454545455	1	0.428571428571429	NA	0.375	NA	1	NA	NA	NA	NA	0.4	NA	NA	NA	NA	0.5	0.318181818181818	NA	NA	0.777777777777778	NA	NA	0.588235294117647	NA	1	NA	NA	NA	0.5	NA	NA	1	NA	1	NA	NA	NA	NA	1	NA	0.384615384615385	0.5	0.5	0.5	0.25	NA
37	1	NA	NA	0.666666666666667	NA	NA	NA	0.75	1	0.333333333333333	0.5	NA	NA	NA	1	0.833333333333333	0.333333333333333	NA	NA	0.318181818181818	NA	0.555555555555556	NA	NA	NA	0.5	NA	1	NA	NA	NA	NA	0.6	0.692307692307692	1	NA	NA	NA	NA	NA	NA	NA	NA	0.454545454545455	NA	NA	NA	NA	NA	NA	NA	NA	NA	0.375	1	0.6	NA	0.384615384615385	NA	1	NA	NA	NA	NA	0.444444444444444	NA	NA	NA	NA	0.411764705882353	0.368421052631579	NA	NA	0.666666666666667	NA	NA	0.55	NA	0.666666666666667	NA	NA	NA	0.5	NA	NA	1	NA	1	NA	NA	NA	NA	1	NA	0.454545454545455	0.5	0.5	0.5	0.375	NA
38	1	NA	NA	1	NA	NA	NA	0.8	1	0.6	1	NA	NA	NA	1	0.833333333333333	0.333333333333333	NA	NA	0.333333333333333	NA	0.555555555555556	NA	NA	NA	0.5	NA	1	NA	NA	NA	NA	0.333333333333333	0.428571428571429	1	NA	NA	NA	NA	NA	NA	NA	NA	0.375	NA	NA	NA	NA	NA	NA	NA	NA	NA	0.555555555555556	1	0.5	NA	0.272727272727273	NA	NA	NA	NA	NA	NA	0.285714285714286	NA	NA	NA	NA	0.4	0.4375	NA	NA	0.416666666666667	NA	NA	0.684210526315789	NA	1	NA	NA	NA	0.454545454545455	NA	NA	1	NA	1	NA	NA	NA	NA	1	NA	0.555555555555556	1	0.5	0.5	0.666666666666667	NA
39	1	NA	NA	1	NA	NA	NA	0.8	1	0.5	1	NA	NA	NA	1	0.5	0.75	NA	NA	0.428571428571429	NA	0.666666666666667	NA	NA	NA	0.444444444444444	NA	1	NA	NA	NA	NA	0.5	0.333333333333333	1	NA	NA	NA	NA	NA	NA	NA	NA	0.333333333333333	NA	NA	NA	NA	NA	NA	NA	NA	NA	0.333333333333333	1	0.666666666666667	NA	0.333333333333333	NA	NA	NA	NA	NA	NA	0.428571428571429	NA	NA	NA	NA	0.416666666666667	0.5	NA	NA	0.416666666666667	NA	NA	0.647058823529412	NA	1	NA	NA	NA	0.333333333333333	NA	NA	1	NA	1	NA	NA	NA	NA	1	NA	0.714285714285714	1	0.5	0.5	0.666666666666667	NA
40	1	NA	NA	1	NA	NA	NA	0.666666666666667	1	0.666666666666667	1	NA	NA	NA	1	0.666666666666667	0.8	NA	NA	0.333333333333333	NA	0.666666666666667	NA	NA	NA	0.333333333333333	NA	1	NA	NA	NA	NA	0.5	0.384615384615385	1	NA	NA	NA	NA	NA	NA	NA	NA	0.3	NA	NA	NA	NA	NA	NA	NA	NA	NA	0.5	1	0.571428571428571	NA	0.333333333333333	NA	NA	NA	NA	NA	NA	0.6	NA	NA	NA	NA	0.5	0.363636363636364	NA	NA	0.416666666666667	NA	NA	0.3125	NA	0.8	NA	NA	NA	0.222222222222222	NA	NA	0.5	NA	NA	NA	NA	NA	NA	1	NA	0.714285714285714	1	NA	0.444444444444444	0.4	NA
41	0.5	NA	NA	1	NA	NA	NA	0.5	1	0.666666666666667	1	NA	NA	NA	1	0.666666666666667	0.875	NA	NA	0.352941176470588	NA	0.5	NA	NA	NA	0.222222222222222	NA	1	NA	NA	NA	NA	0.75	0.266666666666667	1	NA	NA	NA	NA	NA	NA	NA	NA	0.25	NA	NA	NA	NA	NA	NA	NA	NA	NA	0.4	1	0.428571428571429	NA	0.25	NA	NA	NA	NA	NA	NA	0.75	NA	NA	NA	NA	0.5	0.428571428571429	NA	NA	0.384615384615385	NA	NA	0.285714285714286	NA	1	NA	NA	NA	0.285714285714286	NA	NA	0.666666666666667	NA	NA	NA	NA	NA	NA	NA	NA	0.333333333333333	1	NA	0.444444444444444	0.428571428571429	NA
42	0.5	NA	NA	1	NA	NA	NA	NA	1	0.666666666666667	1	NA	NA	NA	1	1	1	NA	NA	0.230769230769231	NA	0.5	NA	NA	NA	0.285714285714286	NA	NA	NA	NA	NA	NA	0.8	0.4	1	NA	NA	NA	NA	NA	NA	NA	NA	0.363636363636364	NA	NA	NA	NA	NA	NA	NA	NA	NA	0.5	1	0.333333333333333	NA	0.4	NA	NA	NA	NA	NA	NA	0.75	NA	NA	NA	NA	0.636363636363636	0.5	NA	NA	0.4	NA	NA	0.285714285714286	NA	1	NA	NA	NA	0.4	NA	NA	1	NA	NA	NA	NA	NA	NA	NA	NA	0.666666666666667	1	NA	0.6	0.285714285714286	NA
43	0.666666666666667	NA	NA	1	NA	NA	NA	NA	1	0.6	1	NA	NA	NA	1	NA	1	NA	NA	0.333333333333333	NA	0.5	NA	NA	NA	0.4	NA	NA	NA	NA	NA	NA	0.5	0.266666666666667	1	NA	NA	NA	NA	NA	NA	NA	NA	0.230769230769231	NA	NA	NA	NA	NA	NA	NA	NA	NA	0.5	1	0.5	NA	0.666666666666667	NA	NA	NA	NA	NA	NA	1	NA	NA	NA	NA	0.818181818181818	0.625	NA	NA	0.428571428571429	NA	NA	0.285714285714286	NA	1	NA	NA	NA	0.666666666666667	NA	NA	1	NA	NA	NA	NA	NA	NA	NA	NA	0.5	1	NA	0.444444444444444	0.25	NA
44	0.6	NA	NA	NA	NA	NA	NA	NA	0.5	0.5	NA	NA	NA	NA	1	NA	0.5	NA	NA	0.25	NA	0.5	NA	NA	NA	0.2	NA	NA	NA	NA	NA	NA	0.666666666666667	0.4	1	NA	NA	NA	NA	NA	NA	NA	NA	0.333333333333333	NA	NA	NA	NA	NA	NA	NA	NA	NA	0.666666666666667	1	0.5	NA	0.5	NA	NA	NA	NA	NA	NA	NA	NA	NA	NA	NA	0.666666666666667	0.428571428571429	NA	NA	0.875	NA	NA	0.416666666666667	NA	1	NA	NA	NA	0.5	NA	NA	1	NA	NA	NA	NA	NA	NA	NA	NA	0.5	NA	NA	0.428571428571429	0.375	NA
45	0.5	NA	NA	NA	NA	NA	NA	NA	0.5	0.666666666666667	NA	NA	NA	NA	NA	NA	0.8	NA	NA	0.333333333333333	NA	0.5	NA	NA	NA	0.2	NA	NA	NA	NA	NA	NA	0.666666666666667	0.352941176470588	0.8	NA	NA	NA	NA	NA	NA	NA	NA	0.375	NA	NA	NA	NA	NA	NA	NA	NA	NA	1	1	0.428571428571429	NA	0.6	NA	NA	NA	NA	NA	NA	NA	NA	NA	NA	NA	0.588235294117647	0.5	NA	NA	0.777777777777778	NA	NA	0.384615384615385	NA	1	NA	NA	NA	1	NA	NA	1	NA	NA	NA	NA	NA	NA	NA	NA	0.5	NA	NA	0.5	0.375	NA
46	0.4	NA	NA	NA	NA	NA	NA	NA	1	0.666666666666667	NA	NA	NA	NA	NA	NA	0.8	NA	NA	0.285714285714286	NA	0.5	NA	NA	NA	0.666666666666667	NA	NA	NA	NA	NA	NA	0.666666666666667	0.473684210526316	0.8	NA	NA	NA	NA	NA	NA	NA	NA	0.277777777777778	NA	NA	NA	NA	NA	NA	NA	NA	NA	1	1	0.375	NA	0.6	NA	NA	NA	NA	NA	NA	NA	NA	NA	NA	NA	0.35	0.666666666666667	NA	NA	0.888888888888889	NA	NA	0.357142857142857	NA	1	NA	NA	NA	1	NA	NA	1	NA	NA	NA	NA	NA	NA	NA	NA	0.5	NA	NA	0.25	0.666666666666667	NA
47	0.5	NA	NA	NA	NA	NA	NA	NA	NA	0.5	NA	NA	NA	NA	NA	NA	0.6	NA	NA	0.5	NA	0.5	NA	NA	NA	0.857142857142857	NA	NA	NA	NA	NA	NA	0.5	0.5	0.8	NA	NA	NA	NA	NA	NA	NA	NA	0.285714285714286	NA	NA	NA	NA	NA	NA	NA	NA	NA	NA	1	0.428571428571429	NA	0.666666666666667	NA	NA	NA	NA	NA	NA	NA	NA	NA	NA	NA	0.421052631578947	0.75	NA	NA	0.888888888888889	NA	NA	0.285714285714286	NA	0.714285714285714	NA	NA	NA	1	NA	NA	NA	NA	NA	NA	NA	NA	NA	NA	NA	0.5	NA	NA	0.4	0.666666666666667	NA
48	0.5	NA	NA	NA	NA	NA	NA	NA	NA	0.666666666666667	NA	NA	NA	NA	NA	NA	0.5	NA	NA	0.75	NA	1	NA	NA	NA	0.888888888888889	NA	NA	NA	NA	NA	NA	NA	0.222222222222222	0.8	NA	NA	NA	NA	NA	NA	NA	NA	0.318181818181818	NA	NA	NA	NA	NA	NA	NA	NA	NA	NA	1	0.428571428571429	NA	1	NA	NA	NA	NA	NA	NA	NA	NA	NA	NA	NA	0.375	0.666666666666667	NA	NA	0.571428571428571	NA	NA	0.266666666666667	NA	0.625	NA	NA	NA	NA	NA	NA	NA	NA	NA	NA	NA	NA	NA	NA	NA	NA	NA	NA	0.6	0.375	NA
49	0.5	NA	NA	NA	NA	NA	NA	NA	NA	1	NA	NA	NA	NA	NA	NA	0.333333333333333	NA	NA	0.75	NA	1	NA	NA	NA	1	NA	NA	NA	NA	NA	NA	NA	0.2	0.8	NA	NA	NA	NA	NA	NA	NA	NA	0.333333333333333	NA	NA	NA	NA	NA	NA	NA	NA	NA	NA	1	0.5	NA	1	NA	NA	NA	NA	NA	NA	NA	NA	NA	NA	NA	0.545454545454545	1	NA	NA	0.5	NA	NA	0.285714285714286	NA	0.5	NA	NA	NA	NA	NA	NA	NA	NA	NA	NA	NA	NA	NA	NA	NA	NA	NA	NA	0.5	0.5	NA
50	0.5	NA	NA	NA	NA	NA	NA	NA	NA	1	NA	NA	NA	NA	NA	NA	0.666666666666667	NA	NA	0.333333333333333	NA	1	NA	NA	NA	0.75	NA	NA	NA	NA	NA	NA	NA	0.227272727272727	0.75	NA	NA	NA	NA	NA	NA	NA	NA	0.272727272727273	NA	NA	NA	NA	NA	NA	NA	NA	NA	NA	NA	0.375	NA	1	NA	NA	NA	NA	NA	NA	NA	NA	NA	NA	NA	0.545454545454545	1	NA	NA	0.5	NA	NA	0.333333333333333	NA	0.428571428571429	NA	NA	NA	NA	NA	NA	NA	NA	NA	NA	NA	NA	NA	NA	NA	NA	NA	NA	0.5	0.625	NA
51	1	NA	NA	NA	NA	NA	NA	NA	NA	1	NA	NA	NA	NA	NA	NA	0.75	NA	NA	0.5	NA	1	NA	NA	NA	0.888888888888889	NA	NA	NA	NA	NA	NA	NA	0.272727272727273	0.666666666666667	NA	NA	NA	NA	NA	NA	NA	NA	0.217391304347826	NA	NA	NA	NA	NA	NA	NA	NA	NA	NA	NA	0.375	NA	1	NA	NA	NA	NA	NA	NA	NA	NA	NA	NA	NA	0.3	0.5	NA	NA	0.5	NA	NA	0.333333333333333	NA	0.571428571428571	NA	NA	NA	NA	NA	NA	NA	NA	NA	NA	NA	NA	NA	NA	NA	NA	NA	NA	0.555555555555556	0.5	NA
52	0.5	NA	NA	NA	NA	NA	NA	NA	NA	1	NA	NA	NA	NA	NA	NA	0.5	NA	NA	0.6	NA	1	NA	NA	NA	0.777777777777778	NA	NA	NA	NA	NA	NA	NA	0.333333333333333	1	NA	NA	NA	NA	NA	NA	NA	NA	0.166666666666667	NA	NA	NA	NA	NA	NA	NA	NA	NA	NA	NA	0.5	NA	1	NA	NA	NA	NA	NA	NA	NA	NA	NA	NA	NA	0.285714285714286	0.5	NA	NA	0.666666666666667	NA	NA	0.357142857142857	NA	0.4	NA	NA	NA	NA	NA	NA	NA	NA	NA	NA	NA	NA	NA	NA	NA	NA	NA	NA	0.6	0.5	NA
53	0.666666666666667	NA	NA	NA	NA	NA	NA	NA	NA	1	NA	NA	NA	NA	NA	NA	0.5	NA	NA	0.833333333333333	NA	NA	NA	NA	NA	0.714285714285714	NA	NA	NA	NA	NA	NA	NA	0.391304347826087	1	NA	NA	NA	NA	NA	NA	NA	NA	0.192307692307692	NA	NA	NA	NA	NA	NA	NA	NA	NA	NA	NA	0.571428571428571	NA	NA	NA	NA	NA	NA	NA	NA	NA	NA	NA	NA	NA	0.375	0.666666666666667	NA	NA	1	NA	NA	0.428571428571429	NA	0.666666666666667	NA	NA	NA	NA	NA	NA	NA	NA	NA	NA	NA	NA	NA	NA	NA	NA	NA	NA	0.444444444444444	0.8	NA
54	0.8	NA	NA	NA	NA	NA	NA	NA	NA	1	NA	NA	NA	NA	NA	NA	0.5	NA	NA	0.857142857142857	NA	NA	NA	NA	NA	0.75	NA	NA	NA	NA	NA	NA	NA	0.391304347826087	1	NA	NA	NA	NA	NA	NA	NA	NA	0.166666666666667	NA	NA	NA	NA	NA	NA	NA	NA	NA	NA	NA	0.4	NA	NA	NA	NA	NA	NA	NA	NA	NA	NA	NA	NA	NA	0.444444444444444	1	NA	NA	1	NA	NA	0.466666666666667	NA	0.285714285714286	NA	NA	NA	NA	NA	NA	NA	NA	NA	NA	NA	NA	NA	NA	NA	NA	NA	NA	0.5	0.5	NA
55	0.833333333333333	NA	NA	NA	NA	NA	NA	NA	NA	1	NA	NA	NA	NA	NA	NA	NA	NA	NA	1	NA	NA	NA	NA	NA	0.333333333333333	NA	NA	NA	NA	NA	NA	NA	0.294117647058824	1	NA	NA	NA	NA	NA	NA	NA	NA	0.263157894736842	NA	NA	NA	NA	NA	NA	NA	NA	NA	NA	NA	0.666666666666667	NA	NA	NA	NA	NA	NA	NA	NA	NA	NA	NA	NA	NA	0.25	1	NA	NA	1	NA	NA	0.333333333333333	NA	0.333333333333333	NA	NA	NA	NA	NA	NA	NA	NA	NA	NA	NA	NA	NA	NA	NA	NA	NA	NA	0.428571428571429	1	NA
56	0.833333333333333	NA	NA	NA	NA	NA	NA	NA	NA	1	NA	NA	NA	NA	NA	NA	NA	NA	NA	0.8	NA	NA	NA	NA	NA	0.363636363636364	NA	NA	NA	NA	NA	NA	NA	0.235294117647059	1	NA	NA	NA	NA	NA	NA	NA	NA	0.277777777777778	NA	NA	NA	NA	NA	NA	NA	NA	NA	NA	NA	0.75	NA	NA	NA	NA	NA	NA	NA	NA	NA	NA	NA	NA	NA	0.5	1	NA	NA	1	NA	NA	0.357142857142857	NA	0.285714285714286	NA	NA	NA	NA	NA	NA	NA	NA	NA	NA	NA	NA	NA	NA	NA	NA	NA	NA	0.375	NA	NA
57	0.857142857142857	NA	NA	NA	NA	NA	NA	NA	NA	1	NA	NA	NA	NA	NA	NA	NA	NA	NA	0.5	NA	NA	NA	NA	NA	0.416666666666667	NA	NA	NA	NA	NA	NA	NA	0.294117647058824	1	NA	NA	NA	NA	NA	NA	NA	NA	0.266666666666667	NA	NA	NA	NA	NA	NA	NA	NA	NA	NA	NA	0.5	NA	NA	NA	NA	NA	NA	NA	NA	NA	NA	NA	NA	NA	0.444444444444444	1	NA	NA	1	NA	NA	0.307692307692308	NA	0.285714285714286	NA	NA	NA	NA	NA	NA	NA	NA	NA	NA	NA	NA	NA	NA	NA	NA	NA	NA	0.333333333333333	NA	NA
58	0.6	NA	NA	NA	NA	NA	NA	NA	NA	1	NA	NA	NA	NA	NA	NA	NA	NA	NA	0.5	NA	NA	NA	NA	NA	0.5	NA	NA	NA	NA	NA	NA	NA	0.230769230769231	1	NA	NA	NA	NA	NA	NA	NA	NA	0.25	NA	NA	NA	NA	NA	NA	NA	NA	NA	NA	NA	0.5	NA	NA	NA	NA	NA	NA	NA	NA	NA	NA	NA	NA	NA	0.333333333333333	0.5	NA	NA	1	NA	NA	0.266666666666667	NA	0.428571428571429	NA	NA	NA	NA	NA	NA	NA	NA	NA	NA	NA	NA	NA	NA	NA	NA	NA	NA	0.375	NA	NA
59	0.4	NA	NA	NA	NA	NA	NA	NA	NA	1	NA	NA	NA	NA	NA	NA	NA	NA	NA	0.666666666666667	NA	NA	NA	NA	NA	0.454545454545455	NA	NA	NA	NA	NA	NA	NA	0.384615384615385	1	NA	NA	NA	NA	NA	NA	NA	NA	0.357142857142857	NA	NA	NA	NA	NA	NA	NA	NA	NA	NA	NA	0.333333333333333	NA	NA	NA	NA	NA	NA	NA	NA	NA	NA	NA	NA	NA	0.25	0.666666666666667	NA	NA	1	NA	NA	0.285714285714286	NA	0.5	NA	NA	NA	NA	NA	NA	NA	NA	NA	NA	NA	NA	NA	NA	NA	NA	NA	NA	0.333333333333333	NA	NA
60	0.5	NA	NA	NA	NA	NA	NA	NA	NA	NA	NA	NA	NA	NA	NA	NA	NA	NA	NA	0.666666666666667	NA	NA	NA	NA	NA	0.454545454545455	NA	NA	NA	NA	NA	NA	NA	0.5	1	NA	NA	NA	NA	NA	NA	NA	NA	0.333333333333333	NA	NA	NA	NA	NA	NA	NA	NA	NA	NA	NA	0.5	NA	NA	NA	NA	NA	NA	NA	NA	NA	NA	NA	NA	NA	0.25	0.5	NA	NA	NA	NA	NA	0.235294117647059	NA	0.571428571428571	NA	NA	NA	NA	NA	NA	NA	NA	NA	NA	NA	NA	NA	NA	NA	NA	NA	NA	0.5	NA	NA
61	0.555555555555556	NA	NA	NA	NA	NA	NA	NA	NA	NA	NA	NA	NA	NA	NA	NA	NA	NA	NA	0.666666666666667	NA	NA	NA	NA	NA	0.375	NA	NA	NA	NA	NA	NA	NA	0.545454545454545	NA	NA	NA	NA	NA	NA	NA	NA	NA	0.3125	NA	NA	NA	NA	NA	NA	NA	NA	NA	NA	NA	0.333333333333333	NA	NA	NA	NA	NA	NA	NA	NA	NA	NA	NA	NA	NA	0.285714285714286	1	NA	NA	NA	NA	NA	0.5	NA	0.5	NA	NA	NA	NA	NA	NA	NA	NA	NA	NA	NA	NA	NA	NA	NA	NA	NA	NA	0.583333333333333	NA	NA
62	0.5	NA	NA	NA	NA	NA	NA	NA	NA	NA	NA	NA	NA	NA	NA	NA	NA	NA	NA	0.666666666666667	NA	NA	NA	NA	NA	0.4	NA	NA	NA	NA	NA	NA	NA	0.5	NA	NA	NA	NA	NA	NA	NA	NA	NA	0.294117647058824	NA	NA	NA	NA	NA	NA	NA	NA	NA	NA	NA	0.333333333333333	NA	NA	NA	NA	NA	NA	NA	NA	NA	NA	NA	NA	NA	0.5	0.8	NA	NA	NA	NA	NA	0.1875	NA	0.5	NA	NA	NA	NA	NA	NA	NA	NA	NA	NA	NA	NA	NA	NA	NA	NA	NA	NA	0.307692307692308	NA	NA
63	0.666666666666667	NA	NA	NA	NA	NA	NA	NA	NA	NA	NA	NA	NA	NA	NA	NA	NA	NA	NA	0.666666666666667	NA	NA	NA	NA	NA	0.571428571428571	NA	NA	NA	NA	NA	NA	NA	0.444444444444444	NA	NA	NA	NA	NA	NA	NA	NA	NA	0.3125	NA	NA	NA	NA	NA	NA	NA	NA	NA	NA	NA	0.5	NA	NA	NA	NA	NA	NA	NA	NA	NA	NA	NA	NA	NA	0.428571428571429	0.5	NA	NA	NA	NA	NA	0.176470588235294	NA	0.5	NA	NA	NA	NA	NA	NA	NA	NA	NA	NA	NA	NA	NA	NA	NA	NA	NA	NA	0.384615384615385	NA	NA
64	0.666666666666667	NA	NA	NA	NA	NA	NA	NA	NA	NA	NA	NA	NA	NA	NA	NA	NA	NA	NA	0.666666666666667	NA	NA	NA	NA	NA	0.3125	NA	NA	NA	NA	NA	NA	NA	0.333333333333333	NA	NA	NA	NA	NA	NA	NA	NA	NA	0.315789473684211	NA	NA	NA	NA	NA	NA	NA	NA	NA	NA	NA	0.333333333333333	NA	NA	NA	NA	NA	NA	NA	NA	NA	NA	NA	NA	NA	0.5	0.5	NA	NA	NA	NA	NA	0.176470588235294	NA	0.5	NA	NA	NA	NA	NA	NA	NA	NA	NA	NA	NA	NA	NA	NA	NA	NA	NA	NA	0.5	NA	NA
65	0.571428571428571	NA	NA	NA	NA	NA	NA	NA	NA	NA	NA	NA	NA	NA	NA	NA	NA	NA	NA	0.666666666666667	NA	NA	NA	NA	NA	0.285714285714286	NA	NA	NA	NA	NA	NA	NA	0.4	NA	NA	NA	NA	NA	NA	NA	NA	NA	0.476190476190476	NA	NA	NA	NA	NA	NA	NA	NA	NA	NA	NA	0.5	NA	NA	NA	NA	NA	NA	NA	NA	NA	NA	NA	NA	NA	0.5	0.5	NA	NA	NA	NA	NA	0.2	NA	0.571428571428571	NA	NA	NA	NA	NA	NA	NA	NA	NA	NA	NA	NA	NA	NA	NA	NA	NA	NA	0.538461538461538	NA	NA
66	0.833333333333333	NA	NA	NA	NA	NA	NA	NA	NA	NA	NA	NA	NA	NA	NA	NA	NA	NA	NA	1	NA	NA	NA	NA	NA	0.266666666666667	NA	NA	NA	NA	NA	NA	NA	0.5	NA	NA	NA	NA	NA	NA	NA	NA	NA	0.454545454545455	NA	NA	NA	NA	NA	NA	NA	NA	NA	NA	NA	0.5	NA	NA	NA	NA	NA	NA	NA	NA	NA	NA	NA	NA	NA	0.333333333333333	0.333333333333333	NA	NA	NA	NA	NA	0.222222222222222	NA	0.5	NA	NA	NA	NA	NA	NA	NA	NA	NA	NA	NA	NA	NA	NA	NA	NA	NA	NA	0.4	NA	NA
67	0.75	NA	NA	NA	NA	NA	NA	NA	NA	NA	NA	NA	NA	NA	NA	NA	NA	NA	NA	1	NA	NA	NA	NA	NA	0.375	NA	NA	NA	NA	NA	NA	NA	0.666666666666667	NA	NA	NA	NA	NA	NA	NA	NA	NA	0.5	NA	NA	NA	NA	NA	NA	NA	NA	NA	NA	NA	0.5	NA	NA	NA	NA	NA	NA	NA	NA	NA	NA	NA	NA	NA	0.4	1	NA	NA	NA	NA	NA	0.1875	NA	0.6	NA	NA	NA	NA	NA	NA	NA	NA	NA	NA	NA	NA	NA	NA	NA	NA	NA	NA	0.363636363636364	NA	NA
68	0.5	NA	NA	NA	NA	NA	NA	NA	NA	NA	NA	NA	NA	NA	NA	NA	NA	NA	NA	1	NA	NA	NA	NA	NA	0.285714285714286	NA	NA	NA	NA	NA	NA	NA	1	NA	NA	NA	NA	NA	NA	NA	NA	NA	0.333333333333333	NA	NA	NA	NA	NA	NA	NA	NA	NA	NA	NA	0.636363636363636	NA	NA	NA	NA	NA	NA	NA	NA	NA	NA	NA	NA	NA	0.5	1	NA	NA	NA	NA	NA	0.214285714285714	NA	0.666666666666667	NA	NA	NA	NA	NA	NA	NA	NA	NA	NA	NA	NA	NA	NA	NA	NA	NA	NA	0.333333333333333	NA	NA
69	0.5	NA	NA	NA	NA	NA	NA	NA	NA	NA	NA	NA	NA	NA	NA	NA	NA	NA	NA	1	NA	NA	NA	NA	NA	0.4	NA	NA	NA	NA	NA	NA	NA	NA	NA	NA	NA	NA	NA	NA	NA	NA	NA	0.421052631578947	NA	NA	NA	NA	NA	NA	NA	NA	NA	NA	NA	0.727272727272727	NA	NA	NA	NA	NA	NA	NA	NA	NA	NA	NA	NA	NA	0.5	1	NA	NA	NA	NA	NA	0.307692307692308	NA	0.666666666666667	NA	NA	NA	NA	NA	NA	NA	NA	NA	NA	NA	NA	NA	NA	NA	NA	NA	NA	0.4	NA	NA
70	0.666666666666667	NA	NA	NA	NA	NA	NA	NA	NA	NA	NA	NA	NA	NA	NA	NA	NA	NA	NA	NA	NA	NA	NA	NA	NA	0.333333333333333	NA	NA	NA	NA	NA	NA	NA	NA	NA	NA	NA	NA	NA	NA	NA	NA	NA	0.52	NA	NA	NA	NA	NA	NA	NA	NA	NA	NA	NA	0.555555555555556	NA	NA	NA	NA	NA	NA	NA	NA	NA	NA	NA	NA	NA	0.5	1	NA	NA	NA	NA	NA	0.416666666666667	NA	0.666666666666667	NA	NA	NA	NA	NA	NA	NA	NA	NA	NA	NA	NA	NA	NA	NA	NA	NA	NA	0.285714285714286	NA	NA
71	0.666666666666667	NA	NA	NA	NA	NA	NA	NA	NA	NA	NA	NA	NA	NA	NA	NA	NA	NA	NA	NA	NA	NA	NA	NA	NA	0.5	NA	NA	NA	NA	NA	NA	NA	NA	NA	NA	NA	NA	NA	NA	NA	NA	NA	0.541666666666667	NA	NA	NA	NA	NA	NA	NA	NA	NA	NA	NA	0.555555555555556	NA	NA	NA	NA	NA	NA	NA	NA	NA	NA	NA	NA	NA	0.4	1	NA	NA	NA	NA	NA	0.416666666666667	NA	1	NA	NA	NA	NA	NA	NA	NA	NA	NA	NA	NA	NA	NA	NA	NA	NA	NA	NA	0.333333333333333	NA	NA
72	1	NA	NA	NA	NA	NA	NA	NA	NA	NA	NA	NA	NA	NA	NA	NA	NA	NA	NA	NA	NA	NA	NA	NA	NA	0.666666666666667	NA	NA	NA	NA	NA	NA	NA	NA	NA	NA	NA	NA	NA	NA	NA	NA	NA	0.55	NA	NA	NA	NA	NA	NA	NA	NA	NA	NA	NA	0.375	NA	NA	NA	NA	NA	NA	NA	NA	NA	NA	NA	NA	NA	0.857142857142857	1	NA	NA	NA	NA	NA	0.4	NA	1	NA	NA	NA	NA	NA	NA	NA	NA	NA	NA	NA	NA	NA	NA	NA	NA	NA	NA	0.5	NA	NA
73	1	NA	NA	NA	NA	NA	NA	NA	NA	NA	NA	NA	NA	NA	NA	NA	NA	NA	NA	NA	NA	NA	NA	NA	NA	0.666666666666667	NA	NA	NA	NA	NA	NA	NA	NA	NA	NA	NA	NA	NA	NA	NA	NA	NA	0.526315789473684	NA	NA	NA	NA	NA	NA	NA	NA	NA	NA	NA	0.571428571428571	NA	NA	NA	NA	NA	NA	NA	NA	NA	NA	NA	NA	NA	0.888888888888889	1	NA	NA	NA	NA	NA	0.4375	NA	1	NA	NA	NA	NA	NA	NA	NA	NA	NA	NA	NA	NA	NA	NA	NA	NA	NA	NA	0.75	NA	NA
74	1	NA	NA	NA	NA	NA	NA	NA	NA	NA	NA	NA	NA	NA	NA	NA	NA	NA	NA	NA	NA	NA	NA	NA	NA	0.75	NA	NA	NA	NA	NA	NA	NA	NA	NA	NA	NA	NA	NA	NA	NA	NA	NA	0.444444444444444	NA	NA	NA	NA	NA	NA	NA	NA	NA	NA	NA	0.5	NA	NA	NA	NA	NA	NA	NA	NA	NA	NA	NA	NA	NA	1	1	NA	NA	NA	NA	NA	0.375	NA	NA	NA	NA	NA	NA	NA	NA	NA	NA	NA	NA	NA	NA	NA	NA	NA	NA	NA	NA	0.75	NA	NA
75	1	NA	NA	NA	NA	NA	NA	NA	NA	NA	NA	NA	NA	NA	NA	NA	NA	NA	NA	NA	NA	NA	NA	NA	NA	1	NA	NA	NA	NA	NA	NA	NA	NA	NA	NA	NA	NA	NA	NA	NA	NA	NA	0.428571428571429	NA	NA	NA	NA	NA	NA	NA	NA	NA	NA	NA	0.416666666666667	NA	NA	NA	NA	NA	NA	NA	NA	NA	NA	NA	NA	NA	0.625	1	NA	NA	NA	NA	NA	0.538461538461538	NA	NA	NA	NA	NA	NA	NA	NA	NA	NA	NA	NA	NA	NA	NA	NA	NA	NA	NA	NA	0.75	NA	NA
76	1	NA	NA	NA	NA	NA	NA	NA	NA	NA	NA	NA	NA	NA	NA	NA	NA	NA	NA	NA	NA	NA	NA	NA	NA	0.333333333333333	NA	NA	NA	NA	NA	NA	NA	NA	NA	NA	NA	NA	NA	NA	NA	NA	NA	0.333333333333333	NA	NA	NA	NA	NA	NA	NA	NA	NA	NA	NA	0.333333333333333	NA	NA	NA	NA	NA	NA	NA	NA	NA	NA	NA	NA	NA	0.5	1	NA	NA	NA	NA	NA	0.461538461538462	NA	NA	NA	NA	NA	NA	NA	NA	NA	NA	NA	NA	NA	NA	NA	NA	NA	NA	NA	NA	1	NA	NA
77	1	NA	NA	NA	NA	NA	NA	NA	NA	NA	NA	NA	NA	NA	NA	NA	NA	NA	NA	NA	NA	NA	NA	NA	NA	0.5	NA	NA	NA	NA	NA	NA	NA	NA	NA	NA	NA	NA	NA	NA	NA	NA	NA	0.24	NA	NA	NA	NA	NA	NA	NA	NA	NA	NA	NA	0.333333333333333	NA	NA	NA	NA	NA	NA	NA	NA	NA	NA	NA	NA	NA	0.6	NA	NA	NA	NA	NA	NA	0.461538461538462	NA	NA	NA	NA	NA	NA	NA	NA	NA	NA	NA	NA	NA	NA	NA	NA	NA	NA	NA	NA	1	NA	NA
78	1	NA	NA	NA	NA	NA	NA	NA	NA	NA	NA	NA	NA	NA	NA	NA	NA	NA	NA	NA	NA	NA	NA	NA	NA	0.5	NA	NA	NA	NA	NA	NA	NA	NA	NA	NA	NA	NA	NA	NA	NA	NA	NA	0.28	NA	NA	NA	NA	NA	NA	NA	NA	NA	NA	NA	0.357142857142857	NA	NA	NA	NA	NA	NA	NA	NA	NA	NA	NA	NA	NA	1	NA	NA	NA	NA	NA	NA	0.5	NA	NA	NA	NA	NA	NA	NA	NA	NA	NA	NA	NA	NA	NA	NA	NA	NA	NA	NA	NA	1	NA	NA
79	1	NA	NA	NA	NA	NA	NA	NA	NA	NA	NA	NA	NA	NA	NA	NA	NA	NA	NA	NA	NA	NA	NA	NA	NA	0.5	NA	NA	NA	NA	NA	NA	NA	NA	NA	NA	NA	NA	NA	NA	NA	NA	NA	0.266666666666667	NA	NA	NA	NA	NA	NA	NA	NA	NA	NA	NA	0.333333333333333	NA	NA	NA	NA	NA	NA	NA	NA	NA	NA	NA	NA	NA	1	NA	NA	NA	NA	NA	NA	0.416666666666667	NA	NA	NA	NA	NA	NA	NA	NA	NA	NA	NA	NA	NA	NA	NA	NA	NA	NA	NA	NA	1	NA	NA
80	1	NA	NA	NA	NA	NA	NA	NA	NA	NA	NA	NA	NA	NA	NA	NA	NA	NA	NA	NA	NA	NA	NA	NA	NA	0.5	NA	NA	NA	NA	NA	NA	NA	NA	NA	NA	NA	NA	NA	NA	NA	NA	NA	0.21875	NA	NA	NA	NA	NA	NA	NA	NA	NA	NA	NA	0.307692307692308	NA	NA	NA	NA	NA	NA	NA	NA	NA	NA	NA	NA	NA	NA	NA	NA	NA	NA	NA	NA	0.307692307692308	NA	NA	NA	NA	NA	NA	NA	NA	NA	NA	NA	NA	NA	NA	NA	NA	NA	NA	NA	NA	0.5	NA	NA
81	1	NA	NA	NA	NA	NA	NA	NA	NA	NA	NA	NA	NA	NA	NA	NA	NA	NA	NA	NA	NA	NA	NA	NA	NA	0.5	NA	NA	NA	NA	NA	NA	NA	NA	NA	NA	NA	NA	NA	NA	NA	NA	NA	0.194444444444444	NA	NA	NA	NA	NA	NA	NA	NA	NA	NA	NA	0.5	NA	NA	NA	NA	NA	NA	NA	NA	NA	NA	NA	NA	NA	NA	NA	NA	NA	NA	NA	NA	0.333333333333333	NA	NA	NA	NA	NA	NA	NA	NA	NA	NA	NA	NA	NA	NA	NA	NA	NA	NA	NA	NA	1	NA	NA
82	1	NA	NA	NA	NA	NA	NA	NA	NA	NA	NA	NA	NA	NA	NA	NA	NA	NA	NA	NA	NA	NA	NA	NA	NA	0.5	NA	NA	NA	NA	NA	NA	NA	NA	NA	NA	NA	NA	NA	NA	NA	NA	NA	0.241379310344828	NA	NA	NA	NA	NA	NA	NA	NA	NA	NA	NA	0.6	NA	NA	NA	NA	NA	NA	NA	NA	NA	NA	NA	NA	NA	NA	NA	NA	NA	NA	NA	NA	0.3	NA	NA	NA	NA	NA	NA	NA	NA	NA	NA	NA	NA	NA	NA	NA	NA	NA	NA	NA	NA	1	NA	NA
83	1	NA	NA	NA	NA	NA	NA	NA	NA	NA	NA	NA	NA	NA	NA	NA	NA	NA	NA	NA	NA	NA	NA	NA	NA	1	NA	NA	NA	NA	NA	NA	NA	NA	NA	NA	NA	NA	NA	NA	NA	NA	NA	0.217391304347826	NA	NA	NA	NA	NA	NA	NA	NA	NA	NA	NA	0.583333333333333	NA	NA	NA	NA	NA	NA	NA	NA	NA	NA	NA	NA	NA	NA	NA	NA	NA	NA	NA	NA	0.363636363636364	NA	NA	NA	NA	NA	NA	NA	NA	NA	NA	NA	NA	NA	NA	NA	NA	NA	NA	NA	NA	1	NA	NA
84	0.5	NA	NA	NA	NA	NA	NA	NA	NA	NA	NA	NA	NA	NA	NA	NA	NA	NA	NA	NA	NA	NA	NA	NA	NA	1	NA	NA	NA	NA	NA	NA	NA	NA	NA	NA	NA	NA	NA	NA	NA	NA	NA	0.2	NA	NA	NA	NA	NA	NA	NA	NA	NA	NA	NA	0.571428571428571	NA	NA	NA	NA	NA	NA	NA	NA	NA	NA	NA	NA	NA	NA	NA	NA	NA	NA	NA	NA	0.363636363636364	NA	NA	NA	NA	NA	NA	NA	NA	NA	NA	NA	NA	NA	NA	NA	NA	NA	NA	NA	NA	1	NA	NA
85	0.5	NA	NA	NA	NA	NA	NA	NA	NA	NA	NA	NA	NA	NA	NA	NA	NA	NA	NA	NA	NA	NA	NA	NA	NA	1	NA	NA	NA	NA	NA	NA	NA	NA	NA	NA	NA	NA	NA	NA	NA	NA	NA	0.19047619047619	NA	NA	NA	NA	NA	NA	NA	NA	NA	NA	NA	0.538461538461538	NA	NA	NA	NA	NA	NA	NA	NA	NA	NA	NA	NA	NA	NA	NA	NA	NA	NA	NA	NA	0.384615384615385	NA	NA	NA	NA	NA	NA	NA	NA	NA	NA	NA	NA	NA	NA	NA	NA	NA	NA	NA	NA	1	NA	NA
86	0.636363636363636	NA	NA	NA	NA	NA	NA	NA	NA	NA	NA	NA	NA	NA	NA	NA	NA	NA	NA	NA	NA	NA	NA	NA	NA	1	NA	NA	NA	NA	NA	NA	NA	NA	NA	NA	NA	NA	NA	NA	NA	NA	NA	0.263157894736842	NA	NA	NA	NA	NA	NA	NA	NA	NA	NA	NA	0.4	NA	NA	NA	NA	NA	NA	NA	NA	NA	NA	NA	NA	NA	NA	NA	NA	NA	NA	NA	NA	0.4375	NA	NA	NA	NA	NA	NA	NA	NA	NA	NA	NA	NA	NA	NA	NA	NA	NA	NA	NA	NA	1	NA	NA
87	0.666666666666667	NA	NA	NA	NA	NA	NA	NA	NA	NA	NA	NA	NA	NA	NA	NA	NA	NA	NA	NA	NA	NA	NA	NA	NA	NA	NA	NA	NA	NA	NA	NA	NA	NA	NA	NA	NA	NA	NA	NA	NA	NA	NA	0.318181818181818	NA	NA	NA	NA	NA	NA	NA	NA	NA	NA	NA	0.411764705882353	NA	NA	NA	NA	NA	NA	NA	NA	NA	NA	NA	NA	NA	NA	NA	NA	NA	NA	NA	NA	0.4	NA	NA	NA	NA	NA	NA	NA	NA	NA	NA	NA	NA	NA	NA	NA	NA	NA	NA	NA	NA	1	NA	NA
88	0.583333333333333	NA	NA	NA	NA	NA	NA	NA	NA	NA	NA	NA	NA	NA	NA	NA	NA	NA	NA	NA	NA	NA	NA	NA	NA	NA	NA	NA	NA	NA	NA	NA	NA	NA	NA	NA	NA	NA	NA	NA	NA	NA	NA	0.333333333333333	NA	NA	NA	NA	NA	NA	NA	NA	NA	NA	NA	0.5	NA	NA	NA	NA	NA	NA	NA	NA	NA	NA	NA	NA	NA	NA	NA	NA	NA	NA	NA	NA	0.384615384615385	NA	NA	NA	NA	NA	NA	NA	NA	NA	NA	NA	NA	NA	NA	NA	NA	NA	NA	NA	NA	1	NA	NA
89	0.5	NA	NA	NA	NA	NA	NA	NA	NA	NA	NA	NA	NA	NA	NA	NA	NA	NA	NA	NA	NA	NA	NA	NA	NA	NA	NA	NA	NA	NA	NA	NA	NA	NA	NA	NA	NA	NA	NA	NA	NA	NA	NA	0.304347826086957	NA	NA	NA	NA	NA	NA	NA	NA	NA	NA	NA	0.466666666666667	NA	NA	NA	NA	NA	NA	NA	NA	NA	NA	NA	NA	NA	NA	NA	NA	NA	NA	NA	NA	0.368421052631579	NA	NA	NA	NA	NA	NA	NA	NA	NA	NA	NA	NA	NA	NA	NA	NA	NA	NA	NA	NA	1	NA	NA
90	0.583333333333333	NA	NA	NA	NA	NA	NA	NA	NA	NA	NA	NA	NA	NA	NA	NA	NA	NA	NA	NA	NA	NA	NA	NA	NA	NA	NA	NA	NA	NA	NA	NA	NA	NA	NA	NA	NA	NA	NA	NA	NA	NA	NA	0.304347826086957	NA	NA	NA	NA	NA	NA	NA	NA	NA	NA	NA	0.533333333333333	NA	NA	NA	NA	NA	NA	NA	NA	NA	NA	NA	NA	NA	NA	NA	NA	NA	NA	NA	NA	0.380952380952381	NA	NA	NA	NA	NA	NA	NA	NA	NA	NA	NA	NA	NA	NA	NA	NA	NA	NA	NA	NA	1	NA	NA
91	0.625	NA	NA	NA	NA	NA	NA	NA	NA	NA	NA	NA	NA	NA	NA	NA	NA	NA	NA	NA	NA	NA	NA	NA	NA	NA	NA	NA	NA	NA	NA	NA	NA	NA	NA	NA	NA	NA	NA	NA	NA	NA	NA	0.347826086956522	NA	NA	NA	NA	NA	NA	NA	NA	NA	NA	NA	0.533333333333333	NA	NA	NA	NA	NA	NA	NA	NA	NA	NA	NA	NA	NA	NA	NA	NA	NA	NA	NA	NA	0.363636363636364	NA	NA	NA	NA	NA	NA	NA	NA	NA	NA	NA	NA	NA	NA	NA	NA	NA	NA	NA	NA	NA	NA	NA
92	0.714285714285714	NA	NA	NA	NA	NA	NA	NA	NA	NA	NA	NA	NA	NA	NA	NA	NA	NA	NA	NA	NA	NA	NA	NA	NA	NA	NA	NA	NA	NA	NA	NA	NA	NA	NA	NA	NA	NA	NA	NA	NA	NA	NA	0.272727272727273	NA	NA	NA	NA	NA	NA	NA	NA	NA	NA	NA	0.428571428571429	NA	NA	NA	NA	NA	NA	NA	NA	NA	NA	NA	NA	NA	NA	NA	NA	NA	NA	NA	NA	0.416666666666667	NA	NA	NA	NA	NA	NA	NA	NA	NA	NA	NA	NA	NA	NA	NA	NA	NA	NA	NA	NA	NA	NA	NA
93	0.5	NA	NA	NA	NA	NA	NA	NA	NA	NA	NA	NA	NA	NA	NA	NA	NA	NA	NA	NA	NA	NA	NA	NA	NA	NA	NA	NA	NA	NA	NA	NA	NA	NA	NA	NA	NA	NA	NA	NA	NA	NA	NA	0.35	NA	NA	NA	NA	NA	NA	NA	NA	NA	NA	NA	0.166666666666667	NA	NA	NA	NA	NA	NA	NA	NA	NA	NA	NA	NA	NA	NA	NA	NA	NA	NA	NA	NA	0.230769230769231	NA	NA	NA	NA	NA	NA	NA	NA	NA	NA	NA	NA	NA	NA	NA	NA	NA	NA	NA	NA	NA	NA	NA
94	0.333333333333333	NA	NA	NA	NA	NA	NA	NA	NA	NA	NA	NA	NA	NA	NA	NA	NA	NA	NA	NA	NA	NA	NA	NA	NA	NA	NA	NA	NA	NA	NA	NA	NA	NA	NA	NA	NA	NA	NA	NA	NA	NA	NA	0.391304347826087	NA	NA	NA	NA	NA	NA	NA	NA	NA	NA	NA	0.25	NA	NA	NA	NA	NA	NA	NA	NA	NA	NA	NA	NA	NA	NA	NA	NA	NA	NA	NA	NA	0.269230769230769	NA	NA	NA	NA	NA	NA	NA	NA	NA	NA	NA	NA	NA	NA	NA	NA	NA	NA	NA	NA	NA	NA	NA
95	0.428571428571429	NA	NA	NA	NA	NA	NA	NA	NA	NA	NA	NA	NA	NA	NA	NA	NA	NA	NA	NA	NA	NA	NA	NA	NA	NA	NA	NA	NA	NA	NA	NA	NA	NA	NA	NA	NA	NA	NA	NA	NA	NA	NA	0.263157894736842	NA	NA	NA	NA	NA	NA	NA	NA	NA	NA	NA	0.285714285714286	NA	NA	NA	NA	NA	NA	NA	NA	NA	NA	NA	NA	NA	NA	NA	NA	NA	NA	NA	NA	0.230769230769231	NA	NA	NA	NA	NA	NA	NA	NA	NA	NA	NA	NA	NA	NA	NA	NA	NA	NA	NA	NA	NA	NA	NA
96	0.428571428571429	NA	NA	NA	NA	NA	NA	NA	NA	NA	NA	NA	NA	NA	NA	NA	NA	NA	NA	NA	NA	NA	NA	NA	NA	NA	NA	NA	NA	NA	NA	NA	NA	NA	NA	NA	NA	NA	NA	NA	NA	NA	NA	0.3	NA	NA	NA	NA	NA	NA	NA	NA	NA	NA	NA	0.333333333333333	NA	NA	NA	NA	NA	NA	NA	NA	NA	NA	NA	NA	NA	NA	NA	NA	NA	NA	NA	NA	0.260869565217391	NA	NA	NA	NA	NA	NA	NA	NA	NA	NA	NA	NA	NA	NA	NA	NA	NA	NA	NA	NA	NA	NA	NA
97	0.5	NA	NA	NA	NA	NA	NA	NA	NA	NA	NA	NA	NA	NA	NA	NA	NA	NA	NA	NA	NA	NA	NA	NA	NA	NA	NA	NA	NA	NA	NA	NA	NA	NA	NA	NA	NA	NA	NA	NA	NA	NA	NA	0.222222222222222	NA	NA	NA	NA	NA	NA	NA	NA	NA	NA	NA	0.4	NA	NA	NA	NA	NA	NA	NA	NA	NA	NA	NA	NA	NA	NA	NA	NA	NA	NA	NA	NA	0.238095238095238	NA	NA	NA	NA	NA	NA	NA	NA	NA	NA	NA	NA	NA	NA	NA	NA	NA	NA	NA	NA	NA	NA	NA
98	0.4	NA	NA	NA	NA	NA	NA	NA	NA	NA	NA	NA	NA	NA	NA	NA	NA	NA	NA	NA	NA	NA	NA	NA	NA	NA	NA	NA	NA	NA	NA	NA	NA	NA	NA	NA	NA	NA	NA	NA	NA	NA	NA	0.3125	NA	NA	NA	NA	NA	NA	NA	NA	NA	NA	NA	0.4	NA	NA	NA	NA	NA	NA	NA	NA	NA	NA	NA	NA	NA	NA	NA	NA	NA	NA	NA	NA	0.25	NA	NA	NA	NA	NA	NA	NA	NA	NA	NA	NA	NA	NA	NA	NA	NA	NA	NA	NA	NA	NA	NA	NA
99	0.333333333333333	NA	NA	NA	NA	NA	NA	NA	NA	NA	NA	NA	NA	NA	NA	NA	NA	NA	NA	NA	NA	NA	NA	NA	NA	NA	NA	NA	NA	NA	NA	NA	NA	NA	NA	NA	NA	NA	NA	NA	NA	NA	NA	0.235294117647059	NA	NA	NA	NA	NA	NA	NA	NA	NA	NA	NA	0.5	NA	NA	NA	NA	NA	NA	NA	NA	NA	NA	NA	NA	NA	NA	NA	NA	NA	NA	NA	NA	0.333333333333333	NA	NA	NA	NA	NA	NA	NA	NA	NA	NA	NA	NA	NA	NA	NA	NA	NA	NA	NA	NA	NA	NA	NA
100	0.333333333333333	NA	NA	NA	NA	NA	NA	NA	NA	NA	NA	NA	NA	NA	NA	NA	NA	NA	NA	NA	NA	NA	NA	NA	NA	NA	NA	NA	NA	NA	NA	NA	NA	NA	NA	NA	NA	NA	NA	NA	NA	NA	NA	0.3125	NA	NA	NA	NA	NA	NA	NA	NA	NA	NA	NA	0.333333333333333	NA	NA	NA	NA	NA	NA	NA	NA	NA	NA	NA	NA	NA	NA	NA	NA	NA	NA	NA	NA	0.333333333333333	NA	NA	NA	NA	NA	NA	NA	NA	NA	NA	NA	NA	NA	NA	NA	NA	NA	NA	NA	NA	NA	NA	NA
101	0.5	NA	NA	NA	NA	NA	NA	NA	NA	NA	NA	NA	NA	NA	NA	NA	NA	NA	NA	NA	NA	NA	NA	NA	NA	NA	NA	NA	NA	NA	NA	NA	NA	NA	NA	NA	NA	NA	NA	NA	NA	NA	NA	0.4375	NA	NA	NA	NA	NA	NA	NA	NA	NA	NA	NA	1	NA	NA	NA	NA	NA	NA	NA	NA	NA	NA	NA	NA	NA	NA	NA	NA	NA	NA	NA	NA	0.384615384615385	NA	NA	NA	NA	NA	NA	NA	NA	NA	NA	NA	NA	NA	NA	NA	NA	NA	NA	NA	NA	NA	NA	NA
102	0.5	NA	NA	NA	NA	NA	NA	NA	NA	NA	NA	NA	NA	NA	NA	NA	NA	NA	NA	NA	NA	NA	NA	NA	NA	NA	NA	NA	NA	NA	NA	NA	NA	NA	NA	NA	NA	NA	NA	NA	NA	NA	NA	0.473684210526316	NA	NA	NA	NA	NA	NA	NA	NA	NA	NA	NA	1	NA	NA	NA	NA	NA	NA	NA	NA	NA	NA	NA	NA	NA	NA	NA	NA	NA	NA	NA	NA	0.307692307692308	NA	NA	NA	NA	NA	NA	NA	NA	NA	NA	NA	NA	NA	NA	NA	NA	NA	NA	NA	NA	NA	NA	NA
103	1	NA	NA	NA	NA	NA	NA	NA	NA	NA	NA	NA	NA	NA	NA	NA	NA	NA	NA	NA	NA	NA	NA	NA	NA	NA	NA	NA	NA	NA	NA	NA	NA	NA	NA	NA	NA	NA	NA	NA	NA	NA	NA	0.222222222222222	NA	NA	NA	NA	NA	NA	NA	NA	NA	NA	NA	1	NA	NA	NA	NA	NA	NA	NA	NA	NA	NA	NA	NA	NA	NA	NA	NA	NA	NA	NA	NA	0.5	NA	NA	NA	NA	NA	NA	NA	NA	NA	NA	NA	NA	NA	NA	NA	NA	NA	NA	NA	NA	NA	NA	NA
104	1	NA	NA	NA	NA	NA	NA	NA	NA	NA	NA	NA	NA	NA	NA	NA	NA	NA	NA	NA	NA	NA	NA	NA	NA	NA	NA	NA	NA	NA	NA	NA	NA	NA	NA	NA	NA	NA	NA	NA	NA	NA	NA	0.25	NA	NA	NA	NA	NA	NA	NA	NA	NA	NA	NA	1	NA	NA	NA	NA	NA	NA	NA	NA	NA	NA	NA	NA	NA	NA	NA	NA	NA	NA	NA	NA	0.428571428571429	NA	NA	NA	NA	NA	NA	NA	NA	NA	NA	NA	NA	NA	NA	NA	NA	NA	NA	NA	NA	NA	NA	NA
105	1	NA	NA	NA	NA	NA	NA	NA	NA	NA	NA	NA	NA	NA	NA	NA	NA	NA	NA	NA	NA	NA	NA	NA	NA	NA	NA	NA	NA	NA	NA	NA	NA	NA	NA	NA	NA	NA	NA	NA	NA	NA	NA	0.25	NA	NA	NA	NA	NA	NA	NA	NA	NA	NA	NA	0.5	NA	NA	NA	NA	NA	NA	NA	NA	NA	NA	NA	NA	NA	NA	NA	NA	NA	NA	NA	NA	0.5	NA	NA	NA	NA	NA	NA	NA	NA	NA	NA	NA	NA	NA	NA	NA	NA	NA	NA	NA	NA	NA	NA	NA
106	1	NA	NA	NA	NA	NA	NA	NA	NA	NA	NA	NA	NA	NA	NA	NA	NA	NA	NA	NA	NA	NA	NA	NA	NA	NA	NA	NA	NA	NA	NA	NA	NA	NA	NA	NA	NA	NA	NA	NA	NA	NA	NA	0.214285714285714	NA	NA	NA	NA	NA	NA	NA	NA	NA	NA	NA	0.5	NA	NA	NA	NA	NA	NA	NA	NA	NA	NA	NA	NA	NA	NA	NA	NA	NA	NA	NA	NA	0.625	NA	NA	NA	NA	NA	NA	NA	NA	NA	NA	NA	NA	NA	NA	NA	NA	NA	NA	NA	NA	NA	NA	NA
107	1	NA	NA	NA	NA	NA	NA	NA	NA	NA	NA	NA	NA	NA	NA	NA	NA	NA	NA	NA	NA	NA	NA	NA	NA	NA	NA	NA	NA	NA	NA	NA	NA	NA	NA	NA	NA	NA	NA	NA	NA	NA	NA	0.266666666666667	NA	NA	NA	NA	NA	NA	NA	NA	NA	NA	NA	1	NA	NA	NA	NA	NA	NA	NA	NA	NA	NA	NA	NA	NA	NA	NA	NA	NA	NA	NA	NA	0.714285714285714	NA	NA	NA	NA	NA	NA	NA	NA	NA	NA	NA	NA	NA	NA	NA	NA	NA	NA	NA	NA	NA	NA	NA
108	1	NA	NA	NA	NA	NA	NA	NA	NA	NA	NA	NA	NA	NA	NA	NA	NA	NA	NA	NA	NA	NA	NA	NA	NA	NA	NA	NA	NA	NA	NA	NA	NA	NA	NA	NA	NA	NA	NA	NA	NA	NA	NA	0.307692307692308	NA	NA	NA	NA	NA	NA	NA	NA	NA	NA	NA	1	NA	NA	NA	NA	NA	NA	NA	NA	NA	NA	NA	NA	NA	NA	NA	NA	NA	NA	NA	NA	0.333333333333333	NA	NA	NA	NA	NA	NA	NA	NA	NA	NA	NA	NA	NA	NA	NA	NA	NA	NA	NA	NA	NA	NA	NA
109	1	NA	NA	NA	NA	NA	NA	NA	NA	NA	NA	NA	NA	NA	NA	NA	NA	NA	NA	NA	NA	NA	NA	NA	NA	NA	NA	NA	NA	NA	NA	NA	NA	NA	NA	NA	NA	NA	NA	NA	NA	NA	NA	0.3	NA	NA	NA	NA	NA	NA	NA	NA	NA	NA	NA	1	NA	NA	NA	NA	NA	NA	NA	NA	NA	NA	NA	NA	NA	NA	NA	NA	NA	NA	NA	NA	0.333333333333333	NA	NA	NA	NA	NA	NA	NA	NA	NA	NA	NA	NA	NA	NA	NA	NA	NA	NA	NA	NA	NA	NA	NA
110	0.833333333333333	NA	NA	NA	NA	NA	NA	NA	NA	NA	NA	NA	NA	NA	NA	NA	NA	NA	NA	NA	NA	NA	NA	NA	NA	NA	NA	NA	NA	NA	NA	NA	NA	NA	NA	NA	NA	NA	NA	NA	NA	NA	NA	0.4	NA	NA	NA	NA	NA	NA	NA	NA	NA	NA	NA	1	NA	NA	NA	NA	NA	NA	NA	NA	NA	NA	NA	NA	NA	NA	NA	NA	NA	NA	NA	NA	0.666666666666667	NA	NA	NA	NA	NA	NA	NA	NA	NA	NA	NA	NA	NA	NA	NA	NA	NA	NA	NA	NA	NA	NA	NA
111	0.833333333333333	NA	NA	NA	NA	NA	NA	NA	NA	NA	NA	NA	NA	NA	NA	NA	NA	NA	NA	NA	NA	NA	NA	NA	NA	NA	NA	NA	NA	NA	NA	NA	NA	NA	NA	NA	NA	NA	NA	NA	NA	NA	NA	0.333333333333333	NA	NA	NA	NA	NA	NA	NA	NA	NA	NA	NA	1	NA	NA	NA	NA	NA	NA	NA	NA	NA	NA	NA	NA	NA	NA	NA	NA	NA	NA	NA	NA	1	NA	NA	NA	NA	NA	NA	NA	NA	NA	NA	NA	NA	NA	NA	NA	NA	NA	NA	NA	NA	NA	NA	NA
112	0.833333333333333	NA	NA	NA	NA	NA	NA	NA	NA	NA	NA	NA	NA	NA	NA	NA	NA	NA	NA	NA	NA	NA	NA	NA	NA	NA	NA	NA	NA	NA	NA	NA	NA	NA	NA	NA	NA	NA	NA	NA	NA	NA	NA	0.428571428571429	NA	NA	NA	NA	NA	NA	NA	NA	NA	NA	NA	1	NA	NA	NA	NA	NA	NA	NA	NA	NA	NA	NA	NA	NA	NA	NA	NA	NA	NA	NA	NA	1	NA	NA	NA	NA	NA	NA	NA	NA	NA	NA	NA	NA	NA	NA	NA	NA	NA	NA	NA	NA	NA	NA	NA
113	1	NA	NA	NA	NA	NA	NA	NA	NA	NA	NA	NA	NA	NA	NA	NA	NA	NA	NA	NA	NA	NA	NA	NA	NA	NA	NA	NA	NA	NA	NA	NA	NA	NA	NA	NA	NA	NA	NA	NA	NA	NA	NA	0.428571428571429	NA	NA	NA	NA	NA	NA	NA	NA	NA	NA	NA	1	NA	NA	NA	NA	NA	NA	NA	NA	NA	NA	NA	NA	NA	NA	NA	NA	NA	NA	NA	NA	1	NA	NA	NA	NA	NA	NA	NA	NA	NA	NA	NA	NA	NA	NA	NA	NA	NA	NA	NA	NA	NA	NA	NA
114	1	NA	NA	NA	NA	NA	NA	NA	NA	NA	NA	NA	NA	NA	NA	NA	NA	NA	NA	NA	NA	NA	NA	NA	NA	NA	NA	NA	NA	NA	NA	NA	NA	NA	NA	NA	NA	NA	NA	NA	NA	NA	NA	0.5	NA	NA	NA	NA	NA	NA	NA	NA	NA	NA	NA	0.5	NA	NA	NA	NA	NA	NA	NA	NA	NA	NA	NA	NA	NA	NA	NA	NA	NA	NA	NA	NA	1	NA	NA	NA	NA	NA	NA	NA	NA	NA	NA	NA	NA	NA	NA	NA	NA	NA	NA	NA	NA	NA	NA	NA
115	1	NA	NA	NA	NA	NA	NA	NA	NA	NA	NA	NA	NA	NA	NA	NA	NA	NA	NA	NA	NA	NA	NA	NA	NA	NA	NA	NA	NA	NA	NA	NA	NA	NA	NA	NA	NA	NA	NA	NA	NA	NA	NA	0.333333333333333	NA	NA	NA	NA	NA	NA	NA	NA	NA	NA	NA	0.571428571428571	NA	NA	NA	NA	NA	NA	NA	NA	NA	NA	NA	NA	NA	NA	NA	NA	NA	NA	NA	NA	NA	NA	NA	NA	NA	NA	NA	NA	NA	NA	NA	NA	NA	NA	NA	NA	NA	NA	NA	NA	NA	NA	NA	NA
116	1	NA	NA	NA	NA	NA	NA	NA	NA	NA	NA	NA	NA	NA	NA	NA	NA	NA	NA	NA	NA	NA	NA	NA	NA	NA	NA	NA	NA	NA	NA	NA	NA	NA	NA	NA	NA	NA	NA	NA	NA	NA	NA	0.4	NA	NA	NA	NA	NA	NA	NA	NA	NA	NA	NA	0.75	NA	NA	NA	NA	NA	NA	NA	NA	NA	NA	NA	NA	NA	NA	NA	NA	NA	NA	NA	NA	NA	NA	NA	NA	NA	NA	NA	NA	NA	NA	NA	NA	NA	NA	NA	NA	NA	NA	NA	NA	NA	NA	NA	NA
117	1	NA	NA	NA	NA	NA	NA	NA	NA	NA	NA	NA	NA	NA	NA	NA	NA	NA	NA	NA	NA	NA	NA	NA	NA	NA	NA	NA	NA	NA	NA	NA	NA	NA	NA	NA	NA	NA	NA	NA	NA	NA	NA	0.5	NA	NA	NA	NA	NA	NA	NA	NA	NA	NA	NA	0.625	NA	NA	NA	NA	NA	NA	NA	NA	NA	NA	NA	NA	NA	NA	NA	NA	NA	NA	NA	NA	NA	NA	NA	NA	NA	NA	NA	NA	NA	NA	NA	NA	NA	NA	NA	NA	NA	NA	NA	NA	NA	NA	NA	NA
118	1	NA	NA	NA	NA	NA	NA	NA	NA	NA	NA	NA	NA	NA	NA	NA	NA	NA	NA	NA	NA	NA	NA	NA	NA	NA	NA	NA	NA	NA	NA	NA	NA	NA	NA	NA	NA	NA	NA	NA	NA	NA	NA	0.315789473684211	NA	NA	NA	NA	NA	NA	NA	NA	NA	NA	NA	0.555555555555556	NA	NA	NA	NA	NA	NA	NA	NA	NA	NA	NA	NA	NA	NA	NA	NA	NA	NA	NA	NA	NA	NA	NA	NA	NA	NA	NA	NA	NA	NA	NA	NA	NA	NA	NA	NA	NA	NA	NA	NA	NA	NA	NA	NA
119	0.333333333333333	NA	NA	NA	NA	NA	NA	NA	NA	NA	NA	NA	NA	NA	NA	NA	NA	NA	NA	NA	NA	NA	NA	NA	NA	NA	NA	NA	NA	NA	NA	NA	NA	NA	NA	NA	NA	NA	NA	NA	NA	NA	NA	0.235294117647059	NA	NA	NA	NA	NA	NA	NA	NA	NA	NA	NA	0.571428571428571	NA	NA	NA	NA	NA	NA	NA	NA	NA	NA	NA	NA	NA	NA	NA	NA	NA	NA	NA	NA	NA	NA	NA	NA	NA	NA	NA	NA	NA	NA	NA	NA	NA	NA	NA	NA	NA	NA	NA	NA	NA	NA	NA	NA
120	0.5	NA	NA	NA	NA	NA	NA	NA	NA	NA	NA	NA	NA	NA	NA	NA	NA	NA	NA	NA	NA	NA	NA	NA	NA	NA	NA	NA	NA	NA	NA	NA	NA	NA	NA	NA	NA	NA	NA	NA	NA	NA	NA	0.285714285714286	NA	NA	NA	NA	NA	NA	NA	NA	NA	NA	NA	0.75	NA	NA	NA	NA	NA	NA	NA	NA	NA	NA	NA	NA	NA	NA	NA	NA	NA	NA	NA	NA	NA	NA	NA	NA	NA	NA	NA	NA	NA	NA	NA	NA	NA	NA	NA	NA	NA	NA	NA	NA	NA	NA	NA	NA
121	1	NA	NA	NA	NA	NA	NA	NA	NA	NA	NA	NA	NA	NA	NA	NA	NA	NA	NA	NA	NA	NA	NA	NA	NA	NA	NA	NA	NA	NA	NA	NA	NA	NA	NA	NA	NA	NA	NA	NA	NA	NA	NA	0.3	NA	NA	NA	NA	NA	NA	NA	NA	NA	NA	NA	0.636363636363636	NA	NA	NA	NA	NA	NA	NA	NA	NA	NA	NA	NA	NA	NA	NA	NA	NA	NA	NA	NA	NA	NA	NA	NA	NA	NA	NA	NA	NA	NA	NA	NA	NA	NA	NA	NA	NA	NA	NA	NA	NA	NA	NA	NA
122	NA	NA	NA	NA	NA	NA	NA	NA	NA	NA	NA	NA	NA	NA	NA	NA	NA	NA	NA	NA	NA	NA	NA	NA	NA	NA	NA	NA	NA	NA	NA	NA	NA	NA	NA	NA	NA	NA	NA	NA	NA	NA	NA	0.25	NA	NA	NA	NA	NA	NA	NA	NA	NA	NA	NA	0.454545454545455	NA	NA	NA	NA	NA	NA	NA	NA	NA	NA	NA	NA	NA	NA	NA	NA	NA	NA	NA	NA	NA	NA	NA	NA	NA	NA	NA	NA	NA	NA	NA	NA	NA	NA	NA	NA	NA	NA	NA	NA	NA	NA	NA	NA
123	NA	NA	NA	NA	NA	NA	NA	NA	NA	NA	NA	NA	NA	NA	NA	NA	NA	NA	NA	NA	NA	NA	NA	NA	NA	NA	NA	NA	NA	NA	NA	NA	NA	NA	NA	NA	NA	NA	NA	NA	NA	NA	NA	0.2	NA	NA	NA	NA	NA	NA	NA	NA	NA	NA	NA	0.416666666666667	NA	NA	NA	NA	NA	NA	NA	NA	NA	NA	NA	NA	NA	NA	NA	NA	NA	NA	NA	NA	NA	NA	NA	NA	NA	NA	NA	NA	NA	NA	NA	NA	NA	NA	NA	NA	NA	NA	NA	NA	NA	NA	NA	NA
124	NA	NA	NA	NA	NA	NA	NA	NA	NA	NA	NA	NA	NA	NA	NA	NA	NA	NA	NA	NA	NA	NA	NA	NA	NA	NA	NA	NA	NA	NA	NA	NA	NA	NA	NA	NA	NA	NA	NA	NA	NA	NA	NA	0.25	NA	NA	NA	NA	NA	NA	NA	NA	NA	NA	NA	0.454545454545455	NA	NA	NA	NA	NA	NA	NA	NA	NA	NA	NA	NA	NA	NA	NA	NA	NA	NA	NA	NA	NA	NA	NA	NA	NA	NA	NA	NA	NA	NA	NA	NA	NA	NA	NA	NA	NA	NA	NA	NA	NA	NA	NA	NA
125	NA	NA	NA	NA	NA	NA	NA	NA	NA	NA	NA	NA	NA	NA	NA	NA	NA	NA	NA	NA	NA	NA	NA	NA	NA	NA	NA	NA	NA	NA	NA	NA	NA	NA	NA	NA	NA	NA	NA	NA	NA	NA	NA	0.333333333333333	NA	NA	NA	NA	NA	NA	NA	NA	NA	NA	NA	0.5	NA	NA	NA	NA	NA	NA	NA	NA	NA	NA	NA	NA	NA	NA	NA	NA	NA	NA	NA	NA	NA	NA	NA	NA	NA	NA	NA	NA	NA	NA	NA	NA	NA	NA	NA	NA	NA	NA	NA	NA	NA	NA	NA	NA
126	NA	NA	NA	NA	NA	NA	NA	NA	NA	NA	NA	NA	NA	NA	NA	NA	NA	NA	NA	NA	NA	NA	NA	NA	NA	NA	NA	NA	NA	NA	NA	NA	NA	NA	NA	NA	NA	NA	NA	NA	NA	NA	NA	0.5	NA	NA	NA	NA	NA	NA	NA	NA	NA	NA	NA	0.3	NA	NA	NA	NA	NA	NA	NA	NA	NA	NA	NA	NA	NA	NA	NA	NA	NA	NA	NA	NA	NA	NA	NA	NA	NA	NA	NA	NA	NA	NA	NA	NA	NA	NA	NA	NA	NA	NA	NA	NA	NA	NA	NA	NA
127	NA	NA	NA	NA	NA	NA	NA	NA	NA	NA	NA	NA	NA	NA	NA	NA	NA	NA	NA	NA	NA	NA	NA	NA	NA	NA	NA	NA	NA	NA	NA	NA	NA	NA	NA	NA	NA	NA	NA	NA	NA	NA	NA	1	NA	NA	NA	NA	NA	NA	NA	NA	NA	NA	NA	0.428571428571429	NA	NA	NA	NA	NA	NA	NA	NA	NA	NA	NA	NA	NA	NA	NA	NA	NA	NA	NA	NA	NA	NA	NA	NA	NA	NA	NA	NA	NA	NA	NA	NA	NA	NA	NA	NA	NA	NA	NA	NA	NA	NA	NA	NA
128	NA	NA	NA	NA	NA	NA	NA	NA	NA	NA	NA	NA	NA	NA	NA	NA	NA	NA	NA	NA	NA	NA	NA	NA	NA	NA	NA	NA	NA	NA	NA	NA	NA	NA	NA	NA	NA	NA	NA	NA	NA	NA	NA	1	NA	NA	NA	NA	NA	NA	NA	NA	NA	NA	NA	0.5	NA	NA	NA	NA	NA	NA	NA	NA	NA	NA	NA	NA	NA	NA	NA	NA	NA	NA	NA	NA	NA	NA	NA	NA	NA	NA	NA	NA	NA	NA	NA	NA	NA	NA	NA	NA	NA	NA	NA	NA	NA	NA	NA	NA
129	NA	NA	NA	NA	NA	NA	NA	NA	NA	NA	NA	NA	NA	NA	NA	NA	NA	NA	NA	NA	NA	NA	NA	NA	NA	NA	NA	NA	NA	NA	NA	NA	NA	NA	NA	NA	NA	NA	NA	NA	NA	NA	NA	NA	NA	NA	NA	NA	NA	NA	NA	NA	NA	NA	NA	0.5	NA	NA	NA	NA	NA	NA	NA	NA	NA	NA	NA	NA	NA	NA	NA	NA	NA	NA	NA	NA	NA	NA	NA	NA	NA	NA	NA	NA	NA	NA	NA	NA	NA	NA	NA	NA	NA	NA	NA	NA	NA	NA	NA	NA
130	NA	NA	NA	NA	NA	NA	NA	NA	NA	NA	NA	NA	NA	NA	NA	NA	NA	NA	NA	NA	NA	NA	NA	NA	NA	NA	NA	NA	NA	NA	NA	NA	NA	NA	NA	NA	NA	NA	NA	NA	NA	NA	NA	NA	NA	NA	NA	NA	NA	NA	NA	NA	NA	NA	NA	1	NA	NA	NA	NA	NA	NA	NA	NA	NA	NA	NA	NA	NA	NA	NA	NA	NA	NA	NA	NA	NA	NA	NA	NA	NA	NA	NA	NA	NA	NA	NA	NA	NA	NA	NA	NA	NA	NA	NA	NA	NA	NA	NA	NA
131	NA	NA	NA	NA	NA	NA	NA	NA	NA	NA	NA	NA	NA	NA	NA	NA	NA	NA	NA	NA	NA	NA	NA	NA	NA	NA	NA	NA	NA	NA	NA	NA	NA	NA	NA	NA	NA	NA	NA	NA	NA	NA	NA	NA	NA	NA	NA	NA	NA	NA	NA	NA	NA	NA	NA	1	NA	NA	NA	NA	NA	NA	NA	NA	NA	NA	NA	NA	NA	NA	NA	NA	NA	NA	NA	NA	NA	NA	NA	NA	NA	NA	NA	NA	NA	NA	NA	NA	NA	NA	NA	NA	NA	NA	NA	NA	NA	NA	NA	NA
132	NA	NA	NA	NA	NA	NA	NA	NA	NA	NA	NA	NA	NA	NA	NA	NA	NA	NA	NA	NA	NA	NA	NA	NA	NA	NA	NA	NA	NA	NA	NA	NA	NA	NA	NA	NA	NA	NA	NA	NA	NA	NA	NA	NA	NA	NA	NA	NA	NA	NA	NA	NA	NA	NA	NA	1	NA	NA	NA	NA	NA	NA	NA	NA	NA	NA	NA	NA	NA	NA	NA	NA	NA	NA	NA	NA	NA	NA	NA	NA	NA	NA	NA	NA	NA	NA	NA	NA	NA	NA	NA	NA	NA	NA	NA	NA	NA	NA	NA	NA
