0	3	2	3	1	2	2	2	3	1	3	2	3	1	2	5	1	2	2	1	2	2	2	3	1	1	5	2	3	2	2	2	3	4	1	1	2	4	3	3	2	1	2	4	2	3	2	2	3	2	2	3	2	3	3	4	1	1	2	1	4	1	2	2	2	2	2	1	1	2	3	1	2	3	3	4	3	1	2	1	3	3	1	3	2	4	2	1	2	4	2	1	1	1	4	3	3	3	4	2	2
1	7	2	5	4	3	3	3	4	1	5	4	6	1	4	8	3	3	5	1	6	6	3	6	2	3	10	3	4	6	6	2	6	6	3	3	5	8	6	6	3	1	6	7	7	3	4	5	6	5	4	6	4	7	4	5	4	2	5	4	6	1	3	3	4	3	3	3	1	4	5	2	2	5	4	9	5	1	3	2	5	5	1	7	3	8	5	3	3	9	4	1	1	3	7	4	3	5	6	5	4
2	12	3	10	6	4	6	4	5	1	9	6	8	2	4	12	5	8	7	1	8	8	3	8	4	5	12	6	7	10	11	4	10	9	7	6	7	15	9	9	4	1	12	8	15	8	5	9	10	9	6	11	7	12	6	7	5	4	7	7	8	1	7	4	7	5	5	4	1	4	10	4	1	8	4	12	7	2	7	3	7	7	2	13	5	13	8	5	4	15	6	1	2	3	13	9	3	6	8	8	7
3	16	4	13	11	6	10	5	9	1	13	4	13	2	5	18	10	14	10	3	9	11	6	6	8	4	14	8	4	13	15	5	12	10	10	4	10	21	11	16	6	2	15	11	22	10	9	14	18	13	12	15	10	18	8	13	7	8	9	11	10	1	10	9	5	8	9	5	1	5	18	6	1	9	7	15	7	4	12	4	13	10	4	17	8	9	11	8	7	19	8	1	3	3	20	14	7	7	9	10	7
4	18	5	17	18	6	17	7	10	1	12	6	16	5	5	23	12	17	8	5	15	16	9	7	13	6	13	8	7	17	20	7	14	12	14	6	13	23	14	21	7	4	18	11	27	13	12	19	15	15	17	20	15	26	12	18	9	11	7	16	11	1	15	6	6	11	8	7	1	6	22	10	1	14	9	11	7	6	13	3	16	6	7	24	8	14	11	6	11	13	8	1	5	4	30	9	6	6	8	11	8
5	24	5	22	23	8	22	10	8	1	16	5	16	6	6	31	16	22	9	9	19	19	12	20	17	9	13	10	9	25	28	9	12	4	9	9	9	25	10	25	4	5	23	13	37	23	14	23	25	7	21	23	18	34	10	16	11	15	9	17	10	1	18	9	7	13	9	9	1	7	32	14	1	15	6	16	6	9	7	5	19	7	3	22	12	12	17	9	12	21	5	1	6	5	38	12	3	4	8	7	11
6	26	2	23	8	12	16	10	10	1	17	9	17	12	5	19	14	26	9	13	14	16	17	22	19	11	13	13	12	16	35	12	13	7	11	12	16	24	12	18	6	8	24	6	44	28	17	18	20	10	31	31	11	18	13	19	11	11	7	20	26	1	21	11	10	12	11	9	1	8	38	7	0	11	4	18	7	12	10	7	19	7	7	24	14	14	21	11	17	21	5	1	9	5	43	19	6	6	6	8	9
7	13	2	27	10	10	15	10	12	0	26	15	13	13	6	12	15	16	10	19	14	19	20	25	19	23	13	9	8	9	18	13	17	7	13	31	15	18	17	18	10	8	8	8	35	14	18	16	14	18	24	27	7	18	12	15	5	15	5	13	22	1	28	8	9	11	15	9	1	10	36	13	NA	19	5	22	9	12	11	5	7	9	7	26	12	17	23	7	25	28	5	0	10	7	38	23	7	7	7	11	13
8	17	2	13	19	11	17	11	7	NA	20	15	12	16	5	12	24	18	4	21	17	13	11	21	11	30	14	10	10	8	13	10	11	14	18	35	16	20	18	10	16	3	5	10	22	10	17	19	16	21	15	33	7	22	23	17	5	8	7	18	28	1	12	7	11	13	16	10	0	8	18	14	NA	21	9	19	12	9	17	6	8	11	8	17	16	18	24	10	16	17	3	NA	9	9	15	23	8	10	8	21	12
9	29	2	13	18	13	16	12	7	NA	11	15	8	21	6	19	23	22	6	24	19	15	13	11	11	43	11	13	11	7	17	12	15	15	23	38	5	26	18	9	21	4	8	14	24	10	16	28	17	20	17	37	7	23	24	12	3	12	11	25	30	2	17	11	18	15	21	12	NA	10	11	16	NA	11	11	20	8	12	19	6	11	13	8	20	19	16	13	9	10	15	5	NA	9	10	16	14	9	15	9	17	14
10	25	2	14	22	16	21	10	8	NA	15	20	9	19	9	26	15	27	10	18	32	14	11	25	13	32	14	15	16	12	20	20	30	9	47	34	5	33	15	11	19	4	9	18	21	11	12	27	14	26	21	28	9	27	16	14	3	14	15	12	48	4	25	11	17	15	31	10	NA	11	13	16	NA	14	13	25	7	10	23	9	25	8	8	30	23	9	15	11	18	17	7	NA	6	7	19	8	20	19	15	21	16
11	24	2	10	24	8	25	6	7	NA	20	16	13	13	14	34	20	28	7	12	14	17	14	30	17	15	19	16	10	13	19	22	29	12	19	44	5	25	22	11	14	3	12	17	18	14	19	21	16	22	14	21	9	32	22	18	2	15	20	12	56	5	14	8	11	20	25	3	NA	15	14	15	NA	18	16	18	5	15	24	9	12	9	7	17	9	11	17	11	25	12	11	NA	7	6	24	11	25	23	11	14	14
12	35	2	11	21	9	31	8	15	NA	23	7	11	12	18	15	25	27	12	20	11	37	12	35	17	14	21	15	13	25	24	23	14	9	17	41	7	16	26	14	11	5	18	15	16	25	22	17	29	25	24	33	6	16	23	21	2	14	27	13	42	7	13	10	8	27	14	4	NA	12	16	11	NA	14	16	34	5	20	14	9	16	14	11	22	8	16	12	12	22	17	16	NA	9	9	26	16	20	25	17	13	18
13	53	1	17	14	8	22	9	16	NA	15	10	12	18	27	16	32	19	11	25	17	25	17	17	19	9	22	18	16	43	30	27	15	20	21	35	7	19	34	18	10	5	18	15	20	27	13	23	33	28	31	27	5	21	24	23	2	20	29	15	34	4	15	11	12	32	16	6	NA	18	17	14	NA	8	19	38	4	20	17	10	16	19	15	23	11	14	24	15	20	23	21	NA	27	12	29	15	23	17	21	25	24
14	39	2	14	15	8	15	8	19	NA	17	13	12	23	31	19	32	11	14	19	20	17	18	20	21	11	27	21	13	20	39	30	20	18	24	46	9	19	33	17	14	5	20	18	19	15	15	17	22	25	35	34	7	15	20	25	4	26	30	12	13	6	28	11	12	7	11	9	NA	15	20	21	NA	11	20	15	7	24	21	12	12	21	20	21	12	24	23	14	9	27	24	NA	24	17	36	27	19	17	29	21	32
15	32	1	14	12	15	18	9	10	NA	18	16	12	18	26	11	30	17	21	21	18	40	24	17	17	13	31	17	17	26	42	28	12	21	13	27	15	14	31	22	16	5	16	19	19	16	15	19	15	46	33	45	7	15	13	19	11	34	19	14	24	11	31	8	8	13	11	6	NA	17	23	23	NA	14	22	21	9	13	24	7	19	23	18	23	14	36	13	15	10	26	16	NA	31	21	21	27	21	20	22	29	25
16	30	2	17	10	18	27	7	12	NA	21	15	15	22	12	16	28	24	13	28	11	45	28	23	15	16	20	11	33	29	24	20	13	18	18	24	15	15	27	35	20	5	23	24	22	13	20	21	17	27	20	24	11	21	13	15	14	32	20	19	28	12	22	9	10	19	16	10	NA	14	17	26	NA	18	21	31	11	15	16	8	19	21	23	24	13	31	22	17	9	17	13	NA	34	16	18	28	26	19	19	16	26
17	26	2	23	14	19	22	8	11	NA	24	15	25	21	21	20	28	16	12	24	16	54	32	31	21	14	23	11	27	27	28	25	12	17	21	36	17	21	29	24	17	6	23	34	22	16	25	15	19	34	28	30	16	32	16	18	15	28	15	19	33	17	25	11	12	22	22	14	NA	19	18	26	NA	18	19	22	13	14	19	12	15	16	14	24	19	31	14	23	13	23	14	NA	13	16	14	32	20	19	20	21	20
18	24	1	24	16	21	14	10	10	NA	31	11	31	26	25	22	26	14	15	17	23	26	27	28	22	15	36	10	33	18	27	28	17	20	21	33	26	28	32	20	19	7	29	41	25	10	32	16	20	25	34	28	17	24	15	21	9	20	15	19	25	18	23	11	16	18	13	15	NA	24	16	23	NA	14	10	25	16	17	22	15	19	24	20	18	22	19	15	15	17	26	16	NA	14	17	14	26	16	18	14	18	25
19	31	1	25	18	18	15	11	7	NA	24	25	24	43	17	25	24	12	15	23	25	36	19	21	22	31	28	9	49	16	25	14	17	23	19	26	29	34	30	30	20	10	20	51	31	13	23	19	23	31	27	34	19	26	17	44	11	22	14	22	19	19	28	9	20	21	21	15	NA	21	27	27	NA	16	11	57	20	22	18	21	26	12	19	20	20	22	26	15	22	28	19	NA	14	17	22	24	22	16	15	38	27
20	34	1	25	19	17	16	14	9	NA	29	26	19	28	14	31	23	14	24	20	20	35	26	30	21	22	27	10	32	17	25	14	24	31	18	38	35	25	19	30	13	11	51	22	30	16	33	14	22	27	21	26	10	27	17	36	14	18	11	17	11	27	29	12	9	10	15	18	NA	15	26	19	NA	19	10	53	11	18	19	15	31	19	21	21	28	40	15	11	28	22	42	NA	14	20	21	28	18	15	20	19	23
21	47	1	23	10	19	16	16	9	NA	28	26	12	26	16	30	29	18	16	21	22	21	28	36	21	15	30	22	32	13	23	15	23	37	16	46	40	27	20	34	25	15	60	22	19	17	24	24	24	25	20	27	11	22	24	44	10	17	11	22	13	26	21	26	9	13	35	23	NA	14	17	24	NA	16	10	56	13	19	17	28	26	22	14	20	29	21	20	18	33	27	40	NA	12	12	18	23	25	17	34	36	21
22	41	0	12	14	25	15	13	12	NA	18	21	11	28	13	16	16	22	16	28	20	35	28	34	19	13	16	23	21	19	22	18	34	48	22	40	39	20	23	26	42	18	47	22	25	21	25	29	21	20	18	32	20	27	27	25	8	18	14	29	17	26	29	30	12	21	36	27	NA	11	21	20	NA	14	13	30	15	14	21	29	27	27	15	25	28	21	26	22	19	36	40	NA	12	15	17	20	29	25	36	23	21
23	25	NA	11	19	30	19	19	14	NA	21	21	12	30	17	17	20	36	15	27	22	33	31	30	19	15	16	28	28	14	24	17	26	42	27	40	32	20	25	28	19	18	35	22	37	22	29	29	19	28	15	41	23	32	28	24	9	20	15	34	15	17	32	35	14	16	50	15	NA	9	22	21	NA	16	15	29	11	17	28	13	18	29	17	23	31	26	25	12	23	16	33	NA	14	18	16	21	23	19	23	12	22
24	22	NA	10	19	39	14	28	19	NA	13	21	28	35	18	21	18	21	17	31	19	33	21	27	23	29	22	36	30	22	25	13	29	30	26	34	22	21	28	52	24	21	45	18	29	35	27	20	21	29	14	32	23	32	36	24	7	21	16	21	17	11	20	23	18	17	52	12	NA	11	19	18	NA	19	17	30	10	22	30	16	21	31	19	29	28	24	33	14	17	20	38	NA	10	18	27	20	24	14	21	15	26
25	25	NA	15	17	48	17	15	7	NA	27	31	34	21	14	26	26	27	14	34	23	36	29	30	25	24	22	28	26	15	25	14	34	27	15	28	24	24	14	51	26	12	44	49	39	37	14	26	25	24	15	27	24	17	38	26	12	18	18	38	19	12	21	25	16	18	43	12	NA	10	23	16	NA	21	16	32	9	29	43	19	21	26	27	35	18	28	38	15	18	25	38	NA	11	25	19	20	25	21	19	19	20
26	19	NA	17	24	40	17	29	16	NA	24	17	22	27	17	34	23	34	17	24	12	28	22	21	18	26	24	25	30	24	21	12	37	18	13	34	22	30	17	50	22	15	46	50	47	22	15	21	15	34	22	34	22	18	26	24	7	29	25	43	22	14	27	19	16	24	46	24	NA	13	17	25	NA	23	14	34	9	21	37	23	21	28	14	25	17	22	24	12	22	25	21	NA	13	25	22	24	27	24	23	27	22
27	14	NA	18	24	38	18	19	24	NA	19	38	26	20	29	35	24	31	17	23	12	22	28	21	19	31	27	51	34	18	25	12	32	21	15	32	27	17	20	48	29	18	51	50	39	16	22	23	22	40	16	38	23	20	17	24	9	24	32	38	21	13	28	20	19	33	30	24	NA	14	30	31	NA	25	15	32	13	20	35	27	22	32	30	24	18	25	18	19	25	19	20	NA	29	20	24	34	31	26	16	23	20
28	17	NA	19	22	31	19	19	24	NA	21	19	24	24	32	35	29	28	15	27	14	28	30	16	15	34	19	31	22	15	28	16	41	23	14	27	25	25	27	31	26	18	37	52	35	24	17	20	27	28	28	51	11	22	33	24	11	29	22	25	24	13	42	23	15	37	25	30	NA	20	34	30	NA	25	13	38	15	14	39	26	25	27	28	25	21	25	23	23	24	26	20	NA	14	21	22	36	31	26	20	26	25
29	26	NA	14	22	22	15	23	12	NA	21	17	24	24	26	28	20	26	13	31	18	23	30	19	37	29	20	27	25	14	31	22	43	21	15	39	31	26	21	21	28	15	32	44	30	49	22	21	28	30	33	72	14	26	34	26	11	30	26	18	26	15	28	28	21	43	36	15	NA	24	34	30	NA	23	20	40	21	25	33	25	21	19	18	28	19	26	22	20	23	34	17	NA	21	31	32	29	26	26	33	22	28
30	31	NA	14	26	26	19	16	15	NA	31	25	26	28	35	26	24	34	14	25	17	23	20	15	42	28	18	29	30	20	26	27	34	25	29	37	20	18	26	22	30	21	42	29	33	21	29	20	33	29	31	43	12	34	45	31	13	30	40	18	21	17	27	31	20	36	33	16	NA	32	36	27	NA	22	23	29	29	19	27	29	20	24	17	29	25	27	13	20	30	26	15	NA	15	27	29	38	21	23	42	29	19
31	30	NA	16	27	31	22	18	12	NA	27	24	27	30	35	36	26	30	21	28	22	70	27	21	48	27	20	34	21	26	26	30	34	26	27	50	22	21	28	25	34	33	41	31	27	18	29	23	22	29	41	70	22	30	45	35	15	33	28	23	17	18	30	35	18	32	33	17	NA	31	40	23	NA	21	26	25	20	24	23	44	25	26	22	29	48	32	14	33	25	26	14	NA	16	25	31	30	25	33	25	32	18
32	28	NA	19	37	24	23	21	16	NA	27	43	35	26	29	44	34	34	19	36	23	58	32	29	50	29	46	30	24	20	29	35	37	26	38	55	17	21	28	30	34	27	27	35	29	20	30	19	24	26	46	57	25	31	47	41	12	29	26	29	24	15	32	23	21	26	23	16	NA	16	26	21	NA	14	26	39	29	30	22	24	26	27	27	27	40	29	15	39	31	30	20	NA	21	36	36	26	23	33	26	24	23
33	35	NA	19	41	29	27	25	20	NA	28	16	35	25	21	33	26	30	16	45	26	34	22	38	20	25	30	24	34	23	31	21	38	30	34	43	26	22	34	27	29	28	33	38	21	22	32	28	24	30	78	35	22	31	54	29	23	32	31	31	27	19	29	23	12	29	23	18	NA	15	32	27	NA	15	24	33	22	25	21	28	21	15	23	23	37	33	18	59	35	41	19	NA	29	37	38	30	43	30	26	25	25
34	36	NA	23	57	26	19	23	22	NA	27	16	29	24	22	38	27	32	22	49	36	35	26	47	30	17	53	36	45	17	31	21	37	23	32	51	32	26	27	27	33	20	37	37	16	22	37	17	32	28	59	37	15	25	31	33	20	25	26	40	29	18	29	27	17	27	31	14	NA	23	34	20	NA	26	24	38	26	21	28	20	23	21	26	24	22	30	19	35	19	30	17	NA	23	43	32	25	24	22	42	29	28
35	40	NA	23	44	21	21	21	17	NA	37	15	41	22	30	41	33	36	28	19	28	19	24	39	41	23	32	35	23	18	31	19	42	23	31	43	24	25	36	32	41	27	38	40	28	18	35	23	38	43	34	42	17	32	35	39	20	36	25	43	32	15	31	38	21	19	36	16	NA	25	19	26	NA	38	29	41	23	18	34	24	35	30	32	31	24	53	22	40	20	37	16	NA	29	25	40	22	21	27	32	22	30
36	27	NA	24	45	36	37	22	19	NA	24	18	56	35	22	34	26	28	35	22	20	22	28	35	58	26	35	26	34	19	26	20	38	23	20	39	23	30	28	26	47	31	33	28	27	21	43	23	26	48	52	41	21	29	41	28	11	40	28	39	39	27	29	41	20	23	29	18	NA	38	20	32	NA	26	31	63	24	19	33	37	24	32	23	23	30	51	23	37	21	26	18	NA	32	33	36	29	32	23	40	26	34
37	29	NA	21	35	41	25	20	19	NA	40	15	62	38	25	47	30	27	35	24	24	25	26	23	27	31	32	27	36	24	34	17	31	26	25	38	25	24	37	30	39	24	30	45	25	30	42	18	27	63	43	47	14	32	54	50	13	39	40	29	28	22	35	26	21	25	34	24	NA	28	29	34	NA	70	18	53	46	26	27	25	27	23	20	24	27	35	20	32	24	31	18	NA	20	32	40	33	28	26	27	39	26
38	34	NA	25	33	44	20	22	22	NA	34	18	47	48	24	56	34	33	25	29	24	22	27	26	22	36	38	39	39	26	35	14	42	28	27	39	21	26	34	36	38	34	27	20	51	19	44	30	26	47	42	39	18	36	30	51	15	47	25	33	29	25	38	24	18	29	24	26	NA	27	28	36	NA	81	17	51	33	33	24	32	30	37	33	23	30	33	20	36	30	30	23	NA	22	39	47	37	30	39	31	28	31
39	27	NA	27	37	36	19	29	18	NA	33	23	79	53	30	42	25	28	24	24	27	25	34	40	24	41	33	36	35	29	34	13	51	28	31	48	25	31	30	33	32	38	31	25	34	26	36	26	30	60	33	40	23	54	31	34	10	49	22	29	29	26	36	23	18	29	32	17	NA	30	27	39	NA	90	21	38	31	31	26	42	29	41	31	28	23	45	35	26	25	35	23	NA	26	44	45	30	43	30	38	36	48
40	32	NA	23	31	40	28	23	21	NA	29	21	37	39	32	32	46	45	24	40	27	23	35	39	24	27	37	43	29	30	33	24	37	26	24	46	26	23	34	43	33	29	35	28	36	20	36	37	34	47	37	40	28	42	38	38	13	49	29	33	32	32	44	26	15	25	35	34	NA	25	31	36	NA	33	23	47	32	40	31	38	33	36	31	35	27	28	39	30	31	41	36	NA	33	46	42	37	37	37	23	37	45
41	41	NA	19	37	37	26	33	19	NA	36	23	30	32	29	61	37	31	29	21	38	31	33	44	20	33	25	29	24	31	33	23	38	29	35	36	31	19	30	31	38	24	42	30	36	19	36	40	40	47	45	42	24	42	31	38	13	51	26	36	24	37	35	23	19	26	35	32	NA	48	30	33	NA	34	30	50	31	24	29	27	30	34	31	41	27	25	27	44	37	40	44	NA	37	28	55	39	25	33	29	34	30
42	40	NA	19	37	48	31	32	15	NA	29	20	39	31	21	49	39	33	22	40	42	26	25	32	30	22	31	36	27	32	47	25	41	31	28	44	28	24	33	44	45	29	34	26	41	29	42	44	40	32	37	36	29	34	27	41	12	32	26	39	40	22	34	27	25	21	29	34	NA	54	27	26	NA	38	29	44	32	30	22	36	33	35	46	29	28	30	35	42	35	33	30	NA	41	28	34	48	28	33	30	38	36
43	31	NA	20	43	25	33	34	17	NA	26	19	54	34	23	38	35	29	25	48	34	29	35	43	24	24	33	40	25	35	39	20	39	35	32	49	26	36	32	51	34	35	35	24	41	34	47	38	43	44	33	37	25	42	30	52	14	35	28	36	44	22	40	30	31	33	27	20	NA	47	32	32	NA	37	25	41	39	40	24	23	42	29	42	32	35	30	56	31	31	47	18	NA	50	30	59	43	31	36	31	24	40
44	32	NA	15	37	31	26	38	19	NA	28	22	47	29	30	40	36	33	33	48	22	37	80	48	25	32	38	28	31	48	31	24	50	31	33	30	24	45	43	35	26	32	36	25	29	26	44	37	56	47	43	34	29	45	32	56	19	37	31	44	32	25	47	35	24	37	39	24	NA	37	34	52	NA	41	27	41	47	46	38	33	36	31	40	28	39	27	61	34	37	28	17	NA	56	34	43	35	48	35	28	32	52
45	37	NA	34	30	36	33	48	21	NA	25	23	31	29	26	42	33	36	30	45	25	40	34	30	33	33	51	42	26	38	35	21	39	32	25	35	28	48	47	38	40	30	35	25	35	22	61	60	37	55	29	37	35	33	30	42	22	44	28	40	37	28	34	36	27	44	27	27	NA	42	28	54	NA	34	25	43	33	45	42	39	27	32	37	36	33	31	51	45	38	33	20	NA	28	35	42	32	28	45	31	24	51
46	42	NA	32	33	30	34	32	21	NA	38	23	41	31	28	49	41	46	31	36	29	46	33	32	24	37	43	48	35	40	36	26	38	33	33	25	30	56	32	38	44	29	35	23	37	30	61	43	36	44	30	36	42	41	31	26	21	51	29	28	40	24	51	28	28	47	47	21	NA	46	48	33	NA	34	28	34	35	38	43	35	36	34	30	37	42	31	29	38	33	41	23	NA	31	46	57	35	43	52	22	27	55
47	43	NA	24	47	31	43	33	24	NA	25	45	35	35	25	57	44	33	46	39	29	31	31	33	26	47	37	35	41	52	34	36	40	34	25	34	36	39	40	48	44	32	37	23	57	22	37	62	38	43	36	37	25	36	32	52	28	35	32	29	36	26	52	58	18	50	35	20	NA	36	39	36	NA	58	31	34	25	32	31	38	49	57	29	34	45	37	31	40	40	39	22	NA	32	46	42	33	39	35	31	27	44
48	75	NA	31	49	39	52	37	21	NA	29	36	38	29	32	52	45	40	28	37	29	33	34	35	28	53	27	37	43	35	41	30	46	37	33	39	66	43	38	47	52	49	38	24	48	23	40	59	50	38	75	51	45	28	36	44	23	32	31	29	41	31	37	73	20	26	46	26	NA	40	34	39	NA	63	23	47	27	32	37	26	34	60	29	37	39	34	43	54	28	50	20	NA	30	57	38	33	42	32	35	37	37
49	68	NA	28	44	40	34	43	21	NA	34	24	47	32	33	40	32	47	29	53	33	26	35	33	21	51	25	44	46	43	33	32	41	34	53	37	52	40	41	52	54	41	43	36	74	40	37	50	28	40	49	54	32	29	38	42	19	38	29	44	48	29	38	33	22	28	58	26	NA	34	37	36	NA	47	22	47	42	35	37	29	35	65	26	36	30	39	30	55	30	45	24	NA	50	37	33	53	30	33	31	42	60
50	63	NA	32	52	51	29	53	25	NA	32	27	44	39	38	51	35	39	36	59	42	43	41	30	24	45	42	50	25	62	38	38	49	32	45	36	39	32	62	34	57	45	46	25	61	31	37	43	31	40	46	59	32	37	39	33	24	35	23	39	34	29	32	56	29	34	33	30	NA	58	36	34	NA	31	24	54	36	37	45	26	35	55	33	46	35	38	26	42	50	40	20	NA	34	37	43	51	26	46	36	39	38
51	32	NA	27	34	34	45	37	25	NA	28	30	39	40	48	46	36	53	37	49	45	38	41	34	34	43	37	33	27	40	35	38	53	35	36	45	40	30	68	61	52	30	44	47	43	35	40	32	30	38	52	56	36	41	45	36	29	32	32	41	31	31	40	33	38	32	36	34	NA	35	38	29	NA	30	26	40	37	34	39	24	37	44	31	38	36	51	37	34	46	50	23	NA	26	40	73	43	33	31	31	37	36
52	43	NA	22	29	52	37	44	25	NA	31	31	35	46	44	54	35	59	25	34	37	37	37	33	38	38	37	32	31	37	34	36	49	50	42	55	34	49	45	41	40	33	37	37	43	34	62	31	38	35	38	81	30	45	45	32	59	38	38	54	28	23	37	49	43	27	31	26	NA	47	28	32	NA	40	24	53	47	32	35	30	30	46	36	31	39	41	44	64	29	40	42	NA	38	44	62	56	42	38	30	46	32
53	64	NA	25	31	36	59	27	23	NA	36	34	47	33	41	46	31	61	24	36	51	39	39	29	32	37	44	39	37	39	43	41	54	40	45	59	33	49	69	41	43	28	87	31	39	45	54	38	37	56	87	58	28	39	46	38	31	47	44	42	42	24	50	47	21	31	38	33	NA	52	37	77	NA	38	28	44	37	41	44	29	30	63	41	55	31	44	40	47	31	35	42	NA	34	42	42	41	49	55	34	41	46
54	41	NA	27	46	55	28	31	24	NA	33	28	39	44	38	56	37	67	32	57	42	56	49	47	28	48	39	44	43	34	38	43	70	63	31	66	29	39	76	54	54	36	92	31	42	38	45	40	46	50	54	54	28	67	43	40	22	47	46	56	25	26	57	40	21	36	46	32	NA	60	38	37	NA	44	34	57	36	28	36	31	43	27	55	40	30	53	54	50	46	64	46	NA	46	44	54	31	43	53	40	52	36
55	45	NA	37	41	58	39	38	27	NA	46	31	66	36	29	72	44	59	47	62	50	37	43	36	31	39	36	45	42	62	46	30	50	44	36	53	36	45	54	45	59	33	69	39	45	43	44	36	50	42	76	44	33	37	47	52	26	48	58	67	37	24	58	37	30	29	50	33	NA	61	39	36	NA	44	39	60	49	33	52	28	43	31	62	32	44	79	45	38	52	39	28	NA	43	44	55	34	46	56	55	47	50
56	37	NA	42	51	45	52	62	29	NA	42	35	38	41	46	59	37	54	25	55	45	59	61	42	43	36	30	62	49	44	38	28	62	33	44	42	58	44	49	47	62	41	45	30	36	45	36	59	46	55	50	42	41	43	64	56	25	75	44	50	28	35	51	31	24	35	30	46	NA	35	43	38	NA	38	32	41	28	32	36	42	41	40	42	43	58	64	55	33	70	45	32	NA	42	33	48	54	39	55	51	36	39
57	35	NA	54	38	39	43	45	39	NA	38	27	38	44	42	57	34	61	34	49	54	52	85	33	33	33	32	64	34	36	39	33	48	39	41	39	44	55	47	47	38	35	45	31	39	39	32	46	48	51	41	51	52	48	51	56	21	67	42	46	35	35	80	37	27	30	40	37	NA	38	64	47	NA	31	34	49	38	49	59	31	49	53	48	62	52	43	47	42	38	43	42	NA	35	39	55	48	43	49	45	36	46
58	58	NA	40	52	40	50	58	41	NA	40	41	45	51	56	52	46	70	28	47	62	74	45	41	48	52	28	34	54	58	35	25	54	39	50	56	36	55	60	43	47	37	51	44	37	59	40	44	52	60	48	47	38	43	55	61	20	43	52	59	38	36	64	45	23	46	38	28	NA	37	68	37	NA	42	33	56	42	39	39	45	65	46	43	84	64	41	37	36	55	56	53	NA	35	30	69	46	32	61	33	41	59
59	60	NA	45	47	53	44	100	54	NA	55	35	42	38	47	45	36	71	55	49	35	67	39	40	39	29	39	35	39	46	54	36	54	38	49	63	57	47	52	46	65	45	50	46	40	46	47	49	39	63	47	50	34	47	56	60	23	54	55	54	42	39	58	41	28	40	33	26	NA	39	54	40	NA	43	35	63	37	42	34	37	74	64	51	87	50	79	53	49	60	62	36	NA	36	57	51	45	45	54	38	47	60
60	66	NA	46	40	44	49	48	31	NA	58	27	39	52	34	45	74	52	51	42	35	42	58	45	40	43	37	34	63	58	50	36	56	43	38	64	50	35	55	46	57	31	109	39	68	53	58	52	43	51	42	54	38	56	83	41	27	66	50	48	38	33	56	45	32	41	37	33	NA	40	37	44	NA	43	36	61	43	42	33	41	59	70	39	66	34	59	48	43	47	102	29	NA	55	47	50	41	49	34	60	49	43
61	50	NA	30	45	40	36	44	40	NA	45	45	36	69	55	46	45	58	26	38	54	46	59	56	38	47	37	39	46	51	60	41	62	46	74	49	50	40	48	46	42	55	63	43	49	31	42	54	51	54	56	55	35	60	61	39	31	73	42	53	79	24	71	52	28	43	41	31	NA	38	45	41	NA	51	36	64	41	40	44	50	43	43	42	85	43	60	53	38	42	53	28	NA	38	46	53	35	39	37	45	51	91
62	44	NA	33	64	54	44	41	25	NA	58	45	49	64	56	52	56	68	43	40	66	47	47	50	31	45	50	38	35	52	46	42	51	55	39	54	54	58	51	70	49	32	51	36	73	44	52	44	48	41	64	56	46	50	58	45	37	66	38	72	56	32	60	33	24	37	44	48	NA	35	50	40	NA	81	29	78	46	66	39	33	42	46	50	66	49	46	42	34	52	56	36	NA	37	51	63	36	49	43	37	54	83
63	52	NA	57	64	45	44	40	28	NA	60	38	56	73	54	56	41	73	51	54	51	61	67	45	43	51	54	50	38	41	46	34	69	60	36	56	38	33	55	64	53	35	56	39	88	39	71	48	47	47	66	67	53	41	58	48	37	52	41	49	59	32	62	50	28	41	44	58	NA	38	47	33	NA	60	34	72	54	62	38	42	45	34	46	57	48	50	51	38	41	38	51	NA	46	45	49	36	50	69	41	62	69
64	45	NA	48	60	46	82	33	29	NA	65	34	50	62	36	53	37	64	34	46	60	68	56	42	35	58	54	52	42	58	46	32	74	39	64	58	43	41	88	63	72	28	81	44	59	32	54	38	55	46	78	71	80	61	46	45	40	45	40	63	45	30	61	41	28	53	46	34	NA	45	50	44	NA	51	53	86	60	43	42	37	44	47	48	46	57	51	55	48	62	47	45	NA	38	35	60	38	36	73	44	65	44
65	52	NA	46	54	44	65	59	29	NA	42	32	52	42	38	76	39	70	39	60	50	43	56	36	41	70	52	61	63	57	47	42	52	51	50	70	41	39	71	57	46	30	47	34	64	44	53	51	63	88	72	69	54	48	53	50	32	54	41	50	37	32	47	40	29	43	56	49	NA	32	50	50	NA	53	47	60	52	34	41	48	58	41	33	64	40	50	65	40	41	50	65	NA	39	79	88	46	43	42	37	43	36
66	40	NA	42	47	47	87	40	33	NA	34	24	47	46	38	67	40	57	54	48	37	43	50	38	78	58	41	47	65	49	46	39	52	42	51	60	55	46	97	52	63	32	73	36	61	46	51	51	59	63	47	67	45	54	53	37	59	36	40	68	33	37	65	43	26	44	47	43	NA	33	39	68	NA	44	34	58	57	37	42	43	64	67	52	68	57	47	45	45	48	56	33	NA	35	70	78	50	56	48	38	52	36
67	46	NA	53	45	50	42	51	36	NA	79	30	53	53	52	64	43	63	44	56	38	44	53	50	47	48	32	45	47	42	64	47	68	67	55	80	71	45	48	71	41	52	53	38	50	35	41	37	62	113	54	63	55	50	61	57	54	41	56	65	44	34	57	33	34	38	46	39	NA	33	42	42	NA	41	41	57	76	48	43	37	59	38	51	83	63	67	51	49	49	48	35	NA	34	69	64	58	67	59	58	39	54
68	51	NA	39	58	55	54	59	35	NA	84	38	49	52	49	52	55	58	52	56	46	44	77	39	43	39	34	47	58	56	53	45	91	39	48	66	41	50	68	76	58	35	46	36	47	44	51	47	54	118	49	66	40	47	60	55	40	52	48	74	40	47	57	43	46	32	70	45	NA	33	61	43	NA	51	45	64	57	50	38	36	91	39	42	65	76	60	49	46	50	54	63	NA	50	59	72	47	47	64	54	40	57
69	56	NA	33	57	54	37	44	47	NA	55	31	49	53	37	67	85	57	36	61	47	43	68	40	65	58	42	55	60	44	53	46	72	45	65	62	49	56	57	62	68	46	49	41	51	38	59	48	64	119	54	71	49	51	63	68	42	56	58	78	51	60	68	40	36	41	67	78	NA	39	56	55	NA	65	31	61	49	46	64	46	99	34	56	56	54	76	60	46	61	59	57	NA	49	58	79	54	44	41	47	43	56
70	69	NA	37	46	62	60	39	41	NA	47	36	46	50	57	55	73	53	37	79	64	55	57	49	48	62	43	55	69	38	65	46	63	51	45	55	50	49	89	60	66	49	56	33	60	56	55	46	88	84	56	55	56	56	61	71	46	60	51	68	80	53	65	41	42	52	57	59	NA	37	41	52	NA	45	42	67	49	46	50	39	54	47	44	57	53	61	48	40	53	53	44	NA	39	44	90	54	47	64	52	56	52
71	67	NA	39	55	43	53	49	35	NA	49	49	85	61	62	61	62	60	45	47	98	54	62	40	57	57	61	68	55	53	63	40	61	44	47	70	49	82	76	55	57	38	67	35	55	44	41	65	100	86	49	59	48	55	70	59	52	54	47	69	43	47	75	45	31	50	57	48	NA	39	37	60	NA	51	36	60	57	55	60	52	73	57	40	60	62	59	78	48	50	65	47	NA	36	62	60	52	41	67	76	35	73
72	64	NA	47	43	67	43	49	30	NA	74	39	53	64	50	64	59	61	45	53	73	57	60	62	39	53	48	57	45	43	51	52	67	47	71	67	55	60	62	74	77	52	81	41	56	40	58	62	51	66	70	82	48	89	44	48	38	62	43	61	58	52	98	56	41	51	60	63	NA	52	51	46	NA	57	28	57	45	55	46	40	66	52	44	54	69	87	55	48	65	75	40	NA	48	49	114	45	56	43	73	46	80
73	81	NA	47	50	83	40	61	35	NA	59	46	60	46	77	97	55	72	45	53	46	58	68	56	39	70	75	52	46	56	66	58	67	61	56	80	48	75	59	85	55	41	107	44	50	58	55	41	72	69	73	80	59	52	53	59	41	53	36	61	55	43	99	65	45	51	77	56	NA	52	55	40	NA	47	51	74	42	71	53	46	67	45	52	49	82	74	47	56	63	64	41	NA	36	52	53	51	47	48	48	64	60
74	54	NA	56	59	48	41	42	38	NA	83	27	55	68	108	113	54	70	39	64	57	62	71	86	44	49	75	55	60	54	67	61	67	62	71	71	60	90	69	69	55	43	83	41	57	68	60	51	71	90	74	97	49	65	74	55	47	63	45	70	51	46	88	66	39	40	54	51	NA	62	61	46	NA	54	58	69	44	74	44	50	62	51	62	65	58	58	48	64	52	71	43	NA	39	51	86	45	48	46	45	75	69
75	50	NA	42	72	60	51	50	56	NA	94	26	73	60	81	58	61	58	52	60	72	66	76	90	50	54	51	58	56	62	88	60	110	48	85	65	84	93	64	101	70	49	107	54	64	66	59	53	62	85	79	67	61	59	59	47	55	68	81	87	42	46	63	53	45	51	54	47	NA	45	59	41	NA	63	58	77	55	62	64	56	61	58	47	63	53	64	43	68	57	86	43	NA	46	57	82	50	53	55	58	77	57
76	59	NA	50	59	64	41	48	58	NA	76	27	59	44	69	78	59	57	56	58	79	51	65	89	42	74	41	63	67	86	62	68	61	50	63	55	66	56	74	85	54	54	83	42	68	44	63	52	72	100	62	65	43	69	54	48	33	71	60	56	68	56	104	61	53	68	55	50	NA	58	106	51	NA	51	46	92	59	63	66	45	78	61	65	61	83	55	81	64	48	79	36	NA	47	76	93	65	55	46	73	71	70
77	65	NA	53	77	59	46	46	55	NA	59	33	61	61	104	81	46	69	45	54	61	49	75	64	50	61	41	59	58	54	75	52	52	49	44	59	61	58	57	98	56	60	68	48	81	45	57	54	63	117	89	115	63	66	64	79	33	89	64	71	64	55	96	49	55	70	58	51	NA	43	58	57	NA	56	42	89	59	66	48	45	75	53	65	84	58	65	52	49	55	93	49	NA	57	81	107	60	59	45	79	44	74
78	62	NA	48	87	69	53	45	35	NA	65	29	84	52	105	72	56	66	47	74	61	67	78	58	55	73	57	53	70	58	67	49	100	61	52	58	64	51	73	89	53	53	85	58	74	50	66	53	83	76	90	144	52	49	74	58	38	89	56	90	75	62	72	67	48	90	53	84	NA	50	58	56	NA	51	35	84	57	53	84	50	62	65	51	58	67	90	72	70	62	70	68	NA	61	76	60	54	52	60	65	60	68
79	59	NA	39	72	59	59	50	79	NA	85	31	77	70	78	76	88	77	52	87	75	70	90	49	62	57	55	60	54	72	58	56	96	72	52	73	65	44	63	75	60	74	92	57	91	47	83	59	82	80	71	115	47	57	63	82	41	65	51	75	77	59	74	42	44	50	86	107	NA	58	73	49	NA	71	35	71	65	77	91	44	64	58	53	57	66	81	62	67	72	110	52	NA	59	75	68	54	61	64	48	55	71
80	58	NA	46	54	53	62	53	60	NA	67	46	47	65	58	84	85	63	43	79	68	79	86	48	51	66	60	56	87	60	79	62	57	79	51	79	61	49	59	69	74	70	88	75	63	66	73	61	59	77	71	105	72	63	76	85	45	62	58	107	49	64	91	47	39	45	76	51	NA	46	68	78	NA	91	47	56	94	70	70	59	59	76	58	53	79	89	69	85	92	72	45	NA	51	58	72	67	65	74	46	60	58
81	61	NA	44	63	56	50	60	57	NA	57	44	76	64	66	76	92	77	65	77	52	79	114	49	58	83	71	44	65	62	83	59	72	83	59	64	55	57	71	74	64	76	64	43	71	80	56	69	62	106	112	160	43	89	83	66	45	85	62	94	55	60	126	73	49	65	69	53	NA	49	74	57	NA	113	57	73	61	67	69	98	56	68	53	59	56	87	47	107	77	77	50	NA	52	84	82	54	56	82	56	60	96
82	62	NA	48	68	63	75	59	45	NA	56	43	134	51	70	69	59	120	37	74	85	69	66	73	68	75	68	94	47	62	71	81	73	72	65	62	60	66	57	61	56	70	66	59	65	69	54	67	68	74	68	94	58	64	70	82	44	80	63	86	57	68	108	61	40	74	55	68	NA	51	80	72	NA	76	44	77	67	92	84	75	73	72	62	56	59	65	55	97	88	91	47	NA	62	93	80	108	64	86	54	62	109
83	54	NA	45	73	58	55	67	61	NA	53	44	79	61	79	69	62	98	41	76	94	63	57	89	60	68	76	98	54	88	64	61	59	64	69	73	91	64	68	63	81	67	76	51	72	78	65	72	61	81	76	66	45	55	85	64	46	75	69	79	71	52	54	62	45	61	64	87	NA	60	106	85	NA	110	47	74	68	72	75	71	85	64	56	89	50	83	58	85	77	78	40	NA	85	61	95	59	70	77	53	51	113
84	68	NA	49	64	61	74	56	58	NA	65	45	67	60	58	91	72	67	62	60	74	61	76	67	61	72	49	63	63	84	72	72	62	72	60	95	87	69	69	69	64	50	98	55	88	72	72	62	73	79	66	62	58	59	91	68	58	83	60	86	85	58	70	63	47	59	113	79	NA	71	63	76	NA	45	42	65	77	58	75	82	90	66	47	73	56	66	105	73	73	79	54	NA	63	64	75	60	74	70	60	129	101
85	67	NA	64	63	64	80	52	60	NA	70	46	63	67	99	60	66	90	45	64	85	64	69	73	52	69	60	63	74	60	72	74	120	85	67	63	102	59	68	80	80	67	96	56	81	51	103	53	64	86	53	119	51	65	90	74	54	90	61	65	81	60	73	54	48	56	110	70	NA	53	66	72	NA	52	77	60	101	91	61	55	70	84	53	85	67	70	92	81	75	146	69	NA	68	77	94	62	83	94	82	72	77
86	119	NA	109	65	63	57	54	55	NA	87	50	105	82	72	86	61	67	51	66	66	67	68	60	55	65	60	75	98	87	83	63	83	143	71	62	130	76	68	72	70	103	104	58	74	64	75	81	75	71	74	67	69	60	84	84	41	63	64	94	78	84	70	58	46	57	65	59	NA	47	56	66	NA	78	62	102	62	71	74	56	73	63	63	73	72	68	76	86	71	138	50	NA	64	74	67	65	79	90	57	58	62
87	69	NA	61	63	70	65	53	53	NA	74	40	80	74	75	67	79	69	64	69	63	76	87	60	67	58	66	113	79	78	74	53	102	138	71	64	112	80	75	73	62	89	96	43	66	83	86	89	56	80	90	67	60	92	102	66	53	84	68	71	88	62	93	61	42	59	60	93	NA	66	61	63	NA	56	66	66	59	92	65	86	68	75	62	60	58	73	81	78	87	83	53	NA	62	69	108	61	75	85	64	79	58
88	61	NA	54	73	83	75	56	52	NA	71	43	88	127	52	97	92	121	66	67	71	91	84	65	49	70	67	77	66	83	67	63	104	97	81	69	84	79	64	81	55	50	89	50	69	74	81	76	102	79	113	58	63	91	96	59	42	106	58	88	68	58	83	57	48	72	61	71	NA	57	68	56	NA	63	68	77	83	79	66	60	88	57	64	72	102	92	86	98	72	103	59	NA	73	82	83	62	75	81	65	97	54
89	102	NA	61	78	82	67	56	63	NA	67	55	91	116	54	128	72	79	64	61	108	89	79	64	59	72	62	80	79	60	67	60	79	76	73	67	85	61	106	81	101	67	64	82	101	71	80	123	83	66	100	69	58	72	90	92	54	83	80	84	70	63	66	63	72	53	64	58	NA	50	61	59	NA	54	75	82	80	67	59	74	100	55	68	71	98	78	76	111	96	76	62	NA	70	70	69	59	77	83	61	87	67
90	140	NA	76	101	59	65	51	75	NA	131	53	82	110	65	120	65	67	47	78	103	56	77	87	53	88	60	58	91	77	64	67	97	71	67	61	79	57	72	79	135	52	65	64	73	64	83	101	89	86	70	65	77	66	55	89	63	53	90	83	73	80	78	74	74	56	88	82	NA	46	85	71	NA	60	55	81	79	71	84	64	63	78	80	57	85	112	87	74	98	63	55	NA	69	67	81	79	58	82	62	80	113
91	104	NA	68	69	64	60	64	68	NA	100	42	70	87	75	87	57	77	67	95	110	100	98	72	51	71	73	62	75	75	89	72	78	79	58	65	60	127	70	68	148	65	83	58	85	72	69	139	81	64	74	62	118	110	74	89	55	63	71	94	59	117	92	68	47	54	77	63	NA	68	77	100	NA	50	55	66	75	62	54	70	84	107	112	64	66	98	54	77	82	79	44	NA	72	81	117	104	54	83	61	94	94
92	68	NA	62	92	73	72	62	76	NA	98	47	91	107	91	75	68	64	64	71	71	77	80	61	70	87	54	69	115	72	75	56	67	92	58	95	60	194	69	95	56	66	76	61	83	76	91	108	83	58	102	61	84	79	74	67	87	66	75	86	114	86	69	83	42	117	84	68	NA	58	105	112	NA	51	53	95	82	70	67	57	92	81	74	97	75	99	66	91	66	71	58	NA	75	87	100	96	66	56	83	122	94
93	86	NA	68	93	84	94	72	66	NA	72	66	94	99	96	66	77	56	80	89	60	163	80	83	78	83	64	77	107	84	75	67	62	87	65	79	76	124	63	75	90	77	88	68	78	86	72	67	67	68	91	49	61	79	76	70	86	76	78	66	106	70	81	78	51	106	68	98	NA	85	98	65	NA	77	71	88	62	68	70	56	92	65	95	94	58	102	119	65	84	72	60	NA	60	54	55	93	94	66	68	97	74
94	90	NA	82	70	58	84	63	55	NA	68	57	100	85	67	68	56	117	77	93	102	86	86	77	99	62	78	98	94	107	87	68	64	79	70	67	84	77	71	74	77	57	92	55	95	66	65	75	87	53	81	55	59	75	80	62	64	54	71	66	84	75	73	102	53	85	77	72	NA	62	95	68	NA	77	46	122	73	61	107	60	70	71	81	68	62	78	83	98	74	101	68	NA	74	76	47	109	67	90	101	86	69
95	82	NA	95	69	90	79	78	50	NA	94	83	78	132	148	70	61	84	122	59	86	105	54	66	103	57	84	85	93	68	78	68	87	88	55	80	74	81	63	73	59	75	83	108	97	89	66	128	80	59	75	67	58	92	71	59	53	163	72	66	73	73	61	96	58	99	81	105	NA	85	68	69	NA	104	64	76	70	75	79	60	64	59	70	92	56	84	76	79	63	104	62	NA	69	77	61	86	76	76	103	78	118
96	89	NA	80	56	85	75	69	68	NA	143	73	92	71	87	48	86	81	92	66	71	59	54	67	61	67	87	101	79	66	83	89	65	87	76	67	101	83	54	94	86	95	64	92	98	89	63	108	81	53	63	59	66	70	66	75	50	72	83	77	85	77	61	63	67	67	70	125	NA	91	73	72	NA	66	78	61	69	73	98	73	76	60	56	64	89	87	91	137	79	92	67	NA	89	83	56	102	84	92	123	81	97
97	65	NA	85	52	66	57	78	57	NA	155	71	72	83	75	65	77	60	69	62	68	69	66	122	56	65	84	101	82	77	81	77	56	84	80	61	76	78	58	76	54	84	63	81	81	60	81	73	91	60	74	47	86	79	72	107	54	69	89	65	71	88	74	87	62	70	60	61	NA	85	85	76	NA	92	71	56	114	73	82	98	68	79	84	73	84	88	70	75	79	68	62	NA	105	69	38	81	68	102	88	72	73
98	78	NA	65	83	114	82	119	70	NA	86	56	78	77	62	51	66	48	67	83	59	71	68	94	61	62	74	95	66	84	87	93	48	66	66	57	72	111	62	77	72	65	65	68	92	72	71	76	100	46	85	51	64	97	76	83	55	60	75	61	62	89	57	87	73	78	74	59	NA	59	98	90	NA	84	68	60	81	86	83	65	58	126	85	65	71	84	66	108	63	72	74	NA	95	77	54	77	68	75	69	68	53
99	87	NA	59	68	72	89	102	62	NA	113	48	75	85	67	76	86	75	84	70	66	82	101	65	62	66	85	66	100	116	65	89	54	59	76	62	62	75	59	69	100	61	53	55	74	83	89	78	91	41	50	99	107	106	63	79	57	70	76	70	68	85	59	83	84	128	96	65	NA	54	88	105	NA	70	62	54	86	69	67	79	101	72	53	65	71	63	76	79	72	110	78	NA	68	70	69	90	70	67	86	81	54
100	71	NA	62	69	76	83	70	70	NA	119	55	105	107	56	53	75	61	69	81	69	74	72	67	70	116	73	64	84	107	62	77	52	74	75	57	84	78	58	68	71	66	51	88	68	59	76	55	58	44	58	48	80	79	84	77	57	84	71	68	60	65	66	71	81	109	66	84	NA	49	78	87	NA	113	100	52	61	84	75	82	87	78	63	83	76	70	83	101	66	113	104	NA	60	72	46	91	59	78	72	72	73
101	52	NA	60	94	72	75	88	65	NA	76	77	71	115	130	36	67	57	95	85	73	78	96	69	73	92	62	65	83	77	66	88	35	84	160	74	65	73	63	76	71	67	50	121	71	68	74	60	61	64	59	65	81	67	80	56	71	73	65	65	74	87	74	77	61	86	94	66	NA	68	63	73	NA	71	54	42	75	65	64	77	84	80	56	81	133	72	74	99	61	63	63	NA	61	59	47	77	89	85	72	96	67
102	57	NA	84	62	84	78	52	60	NA	77	63	84	79	97	36	58	57	101	79	67	60	65	57	87	72	72	83	58	71	70	76	48	81	93	68	63	64	68	71	95	83	52	77	62	78	104	75	74	57	76	55	62	73	87	74	82	56	64	64	63	68	56	83	75	78	73	86	NA	67	58	69	NA	67	81	44	66	54	66	69	92	80	59	82	61	47	56	133	58	53	71	NA	80	55	52	90	101	77	70	98	70
103	69	NA	72	83	83	78	80	139	NA	77	48	60	92	100	50	57	57	110	64	107	51	82	55	78	66	64	75	66	96	50	92	47	54	126	92	71	60	48	56	110	66	31	81	117	65	57	71	108	84	65	61	65	61	64	75	84	65	104	69	111	73	38	83	99	93	69	74	NA	80	95	54	NA	68	64	60	52	56	56	61	76	78	62	54	87	43	77	103	70	55	91	NA	107	89	46	70	85	80	78	91	90
104	50	NA	71	91	75	62	72	58	NA	84	69	49	64	127	48	75	46	101	62	87	53	66	97	69	62	64	59	46	72	64	72	60	68	56	60	97	89	42	64	75	89	52	86	108	57	81	64	118	71	67	59	66	55	53	61	78	56	59	42	93	66	46	64	83	90	77	115	NA	74	75	74	NA	70	77	75	71	60	67	65	72	62	75	56	73	58	70	73	69	48	70	NA	74	92	44	62	81	68	85	67	71
105	50	NA	68	54	58	64	72	73	NA	69	75	59	59	77	49	57	69	87	62	75	66	53	116	78	53	82	59	44	67	58	64	47	56	75	42	52	62	61	46	63	72	34	91	57	66	54	55	64	54	52	46	80	56	88	60	95	72	70	50	71	101	41	73	79	71	76	74	NA	91	104	117	NA	78	62	65	72	71	96	68	71	84	77	56	59	54	113	60	65	68	113	NA	82	57	40	52	86	74	70	83	121
106	57	NA	78	55	67	64	63	62	NA	77	64	65	82	73	46	53	42	84	73	76	77	49	60	61	79	62	84	53	58	51	77	37	67	65	41	64	71	63	49	54	84	38	97	75	69	61	77	62	46	62	33	65	56	76	89	59	67	104	64	87	71	54	77	56	59	52	83	NA	89	84	67	NA	76	83	51	85	64	107	107	47	74	57	53	68	68	70	63	51	56	154	NA	78	70	37	63	93	61	85	73	85
107	61	NA	103	51	80	59	66	65	NA	72	73	44	49	74	41	63	53	77	79	84	62	56	50	62	72	79	69	46	57	44	77	53	72	57	42	66	53	52	37	80	89	35	96	64	74	54	45	53	61	61	45	68	46	56	69	62	62	71	39	77	77	53	78	69	68	69	102	NA	123	66	59	NA	73	78	48	78	70	54	89	56	58	71	42	63	66	63	49	54	55	81	NA	102	50	44	61	76	58	68	76	70
108	53	NA	97	66	75	87	82	164	NA	100	66	45	67	77	41	97	56	80	60	72	88	52	48	73	72	65	89	53	60	39	73	48	90	58	39	77	51	50	71	55	88	33	72	45	61	84	45	52	43	63	33	57	49	48	63	55	41	56	36	56	77	36	64	70	54	64	73	NA	62	63	51	NA	69	106	32	63	56	52	90	53	59	81	54	58	41	62	69	51	58	78	NA	63	53	39	51	53	65	88	60	56
109	51	NA	73	56	54	74	60	121	NA	84	97	55	66	64	40	69	47	67	54	102	56	56	73	84	59	65	92	66	48	66	60	59	55	71	48	56	70	54	47	46	57	42	88	50	80	86	56	63	55	68	32	82	38	58	62	63	52	49	32	60	68	35	85	94	59	60	78	NA	68	72	65	NA	100	106	34	65	55	70	76	60	87	56	47	57	42	57	50	53	65	56	NA	61	53	31	64	53	67	76	91	67
110	63	NA	71	48	78	66	60	78	NA	62	97	47	62	60	40	65	49	97	58	83	52	45	76	58	56	68	73	71	74	75	79	59	55	47	53	59	74	38	58	51	79	47	82	85	75	69	52	69	55	46	36	64	47	50	46	90	56	67	42	61	74	29	53	103	89	92	68	NA	68	49	58	NA	64	67	34	67	50	80	53	45	61	69	55	68	50	62	82	52	61	90	NA	54	68	36	83	49	69	63	69	60
111	53	NA	66	41	101	60	75	110	NA	54	72	51	52	55	37	85	52	76	59	164	58	55	51	64	47	63	76	88	71	75	80	51	62	48	37	54	49	40	54	52	65	50	70	60	66	60	48	43	62	35	29	53	44	50	46	62	40	88	56	66	63	30	96	63	62	78	48	NA	63	51	73	NA	68	78	41	48	55	52	68	54	51	49	45	59	38	45	70	56	54	65	NA	62	67	34	74	69	64	96	73	59
112	61	NA	68	42	43	65	73	97	NA	65	59	51	82	63	32	70	42	73	53	62	48	52	56	66	54	61	76	89	69	41	97	28	57	48	33	59	106	38	45	49	75	46	70	45	57	101	43	38	54	35	17	53	53	48	46	66	49	54	45	61	53	43	89	62	109	57	52	NA	78	65	71	NA	65	114	58	60	55	58	64	40	38	56	52	57	45	43	69	44	74	68	NA	60	47	23	61	45	53	53	75	50
113	32	NA	89	39	54	58	51	122	NA	60	66	43	50	53	26	40	42	94	41	68	48	48	75	107	53	71	57	47	63	48	63	31	60	55	32	46	108	32	40	52	58	53	111	54	65	85	34	35	51	27	19	92	49	38	49	64	55	60	45	86	65	35	73	56	64	63	58	NA	61	49	37	NA	52	97	39	50	39	59	57	35	62	59	48	40	35	56	65	69	41	85	NA	50	55	23	55	51	48	63	63	68
114	31	NA	69	40	86	78	62	86	NA	71	76	59	54	50	25	45	39	76	52	55	51	46	63	92	49	60	51	59	58	43	68	33	53	61	30	51	66	37	46	43	59	33	73	51	68	78	40	31	33	22	24	70	57	40	44	95	48	56	23	67	67	39	75	71	76	64	54	NA	56	62	65	NA	89	71	33	42	50	50	68	51	58	64	38	36	27	69	71	49	41	73	NA	78	81	17	57	52	51	59	46	68
115	41	NA	114	51	49	74	68	73	NA	47	76	52	54	54	24	58	40	68	53	40	41	46	67	70	51	55	54	37	60	38	83	32	52	82	23	57	68	30	53	40	50	32	82	49	48	71	35	31	31	29	14	68	78	38	44	88	44	63	36	74	88	36	90	63	65	59	80	NA	50	96	57	NA	60	83	27	37	54	53	56	49	54	47	45	41	27	59	50	54	29	69	NA	76	52	18	43	73	67	75	71	50
116	47	NA	107	45	48	49	56	53	NA	71	115	41	83	52	21	65	33	64	48	42	33	37	54	63	38	59	46	33	38	38	79	35	54	60	41	52	62	17	34	41	52	19	73	55	73	79	38	35	23	27	16	67	62	43	40	87	45	49	30	67	64	29	64	56	77	64	67	NA	59	98	49	NA	58	78	17	48	53	49	64	63	58	58	41	43	21	59	73	65	44	66	NA	77	54	16	45	40	49	59	76	79
117	24	NA	50	33	45	69	62	70	NA	70	92	50	58	39	21	98	28	57	36	56	40	28	38	58	71	65	45	29	73	32	70	22	56	46	33	34	41	13	33	29	75	21	113	34	65	53	40	33	22	28	9	65	31	38	35	77	38	56	33	55	85	30	64	66	85	54	59	NA	72	50	40	NA	66	64	18	50	44	47	52	32	46	46	38	48	32	53	87	44	30	66	NA	63	39	17	44	48	37	52	67	64
118	22	NA	83	33	54	52	71	70	NA	83	75	39	58	36	15	55	32	73	30	48	28	22	34	50	57	56	33	37	68	27	64	21	37	43	31	37	41	19	39	32	88	35	83	44	107	39	24	35	12	27	6	59	38	26	34	95	41	40	34	50	69	21	54	70	75	37	56	NA	70	58	42	NA	64	64	22	57	76	59	63	26	37	44	41	40	30	46	40	54	23	75	NA	59	39	15	50	44	37	58	55	43
119	21	NA	58	30	53	42	47	62	NA	61	61	34	45	32	14	46	46	54	31	54	25	20	38	42	47	47	41	23	54	32	56	38	40	36	21	47	41	18	24	45	61	31	105	41	67	120	31	40	16	20	8	47	36	21	38	91	30	39	28	49	62	15	71	95	59	39	55	NA	63	67	52	NA	55	56	22	60	59	62	80	18	58	45	36	51	22	66	50	41	23	77	NA	77	29	12	61	40	39	60	62	39
120	23	NA	68	18	39	37	56	83	NA	46	82	26	51	35	16	51	38	44	30	70	35	20	39	40	31	49	42	28	39	33	49	41	34	43	51	36	64	17	22	51	77	21	56	39	45	59	38	30	11	15	10	52	27	25	25	79	23	29	48	67	66	15	63	99	51	75	49	NA	45	55	45	NA	67	61	21	56	74	46	54	17	52	44	29	40	22	56	57	30	18	52	NA	40	46	12	87	37	38	58	62	36
121	25	NA	71	16	47	41	59	57	NA	47	103	19	30	39	15	66	41	42	29	51	23	22	47	39	32	63	40	30	50	24	59	33	41	46	25	36	55	21	12	55	47	13	59	37	53	30	33	46	13	16	10	52	28	35	27	70	20	39	48	44	64	15	39	75	54	68	52	NA	45	43	47	NA	49	71	18	38	64	55	44	23	53	31	34	26	29	47	42	24	19	73	NA	42	70	13	52	31	43	52	39	31
122	29	NA	59	28	44	48	54	60	NA	45	101	21	38	39	9	38	38	53	20	23	27	33	42	37	31	61	31	31	58	24	58	18	39	31	24	39	43	15	13	42	68	11	69	47	34	31	25	43	18	14	12	38	21	18	26	51	24	59	41	45	49	11	53	69	51	34	52	NA	47	42	45	NA	55	75	18	39	69	47	54	27	52	39	21	28	53	30	38	22	24	52	NA	47	45	8	45	40	35	55	49	26
123	23	NA	45	31	34	42	63	69	NA	40	82	15	34	36	6	26	17	50	24	26	26	57	62	36	28	41	34	28	61	22	50	11	45	23	21	49	24	16	14	36	37	12	70	32	47	23	17	30	15	12	9	57	19	15	22	68	18	49	25	43	55	16	39	52	59	33	51	NA	40	31	40	NA	34	69	17	49	40	35	50	34	28	39	17	35	35	30	66	27	24	47	NA	38	36	8	31	40	43	41	51	32
124	17	NA	46	29	34	38	55	60	NA	34	69	15	29	33	7	31	13	44	25	28	30	36	51	36	24	32	33	28	43	35	53	15	34	30	14	50	37	16	21	45	33	11	57	22	40	27	17	25	14	10	7	42	18	13	23	63	21	33	21	57	48	19	47	52	48	37	32	NA	55	26	49	NA	33	54	20	37	26	25	40	38	30	73	16	47	16	30	40	32	16	62	NA	39	34	10	41	31	39	56	57	32
125	15	NA	51	18	37	34	74	57	NA	32	68	15	23	30	8	27	19	54	33	29	37	33	46	33	32	30	27	27	25	43	57	14	24	26	14	41	35	18	19	64	44	11	50	24	48	31	31	19	10	15	5	58	27	11	23	55	21	26	19	34	41	14	33	54	40	36	40	NA	37	23	44	NA	32	69	20	40	24	26	61	38	30	59	15	46	15	25	51	20	16	43	NA	37	25	11	42	20	18	54	49	30
126	14	NA	44	15	22	37	65	88	NA	28	88	31	20	28	11	22	22	68	28	27	37	22	26	27	14	22	39	39	22	28	38	13	22	34	13	42	39	19	19	48	35	8	52	29	38	19	29	13	12	17	5	57	25	14	23	53	22	18	14	45	41	15	32	65	37	29	40	NA	44	42	41	NA	34	65	20	29	24	19	58	27	20	28	12	48	16	39	37	21	15	43	NA	36	23	10	42	25	20	34	34	33
127	10	NA	51	14	42	54	68	46	NA	25	67	30	17	28	9	17	13	64	24	42	44	23	22	28	14	22	37	24	44	19	47	14	23	31	10	52	35	13	16	50	35	7	48	33	44	18	30	14	6	15	4	38	23	16	21	47	17	19	11	32	36	12	23	84	40	32	41	NA	46	50	31	NA	48	71	22	26	28	35	39	30	34	32	12	37	16	65	24	14	13	51	NA	38	15	11	39	35	20	34	45	57
128	11	NA	48	17	39	46	62	40	NA	28	67	22	17	22	9	21	18	52	14	33	33	18	20	30	12	21	26	24	36	13	60	13	15	21	10	28	39	8	11	35	53	12	45	32	30	18	21	15	7	17	3	30	19	8	24	65	17	21	8	22	45	14	23	75	46	41	52	NA	36	62	22	NA	28	77	15	32	26	47	27	22	26	22	9	28	17	36	27	17	10	59	NA	41	32	16	31	25	15	33	63	22
129	13	NA	35	16	37	43	43	48	NA	14	97	23	20	21	11	14	23	44	26	22	16	13	15	22	14	29	29	21	33	14	53	11	16	19	11	26	39	8	11	30	51	14	33	27	29	15	19	13	7	16	2	23	12	11	39	46	15	15	10	20	35	13	20	55	39	40	37	NA	31	45	18	NA	32	50	12	22	50	46	32	15	40	31	10	24	16	30	17	18	12	54	NA	26	29	17	45	34	12	34	40	34
130	14	NA	45	17	24	41	60	47	NA	36	62	26	18	18	10	12	22	47	21	19	19	13	13	39	12	33	27	18	26	27	33	10	29	20	8	24	31	8	11	29	37	10	33	42	39	16	14	12	10	15	1	40	10	13	30	45	17	26	14	24	28	8	37	56	48	29	48	NA	40	26	21	NA	27	54	12	21	44	36	29	14	41	29	8	23	6	21	14	14	14	54	NA	29	18	10	17	27	14	31	34	18
131	12	NA	34	18	23	36	45	47	NA	30	52	37	15	14	10	13	19	36	18	23	21	12	13	18	19	25	15	17	19	11	23	10	21	17	7	19	29	8	8	17	31	8	32	30	38	15	15	12	11	13	1	27	9	11	25	111	18	24	16	27	62	9	23	41	24	46	31	NA	40	16	30	NA	30	48	9	19	35	20	21	14	32	19	8	18	6	26	17	12	16	46	NA	30	28	12	23	32	13	46	29	23
132	10	NA	31	15	16	40	40	46	NA	29	63	60	17	17	6	12	16	26	14	25	20	11	15	16	12	30	12	19	15	12	32	8	22	17	5	15	21	4	9	17	30	5	42	23	38	16	8	9	17	7	0	20	10	12	19	54	15	13	13	24	66	11	23	45	22	25	31	NA	50	13	34	NA	42	36	7	20	10	14	40	12	45	15	11	17	6	19	22	11	13	43	NA	26	30	11	14	18	12	21	26	14
133	11	NA	42	10	13	28	30	47	NA	24	52	52	18	19	3	8	7	41	10	24	21	9	16	14	14	21	25	51	12	11	19	9	18	18	6	20	34	6	5	16	47	4	35	20	31	26	7	8	10	7	NA	29	15	16	17	57	9	24	15	17	41	12	21	53	32	25	29	NA	35	16	29	NA	35	43	5	19	9	17	31	11	35	15	8	15	7	29	13	12	12	44	NA	27	21	7	14	15	12	36	33	16
134	9	NA	28	12	10	24	22	39	NA	23	44	43	17	16	3	8	5	39	7	20	17	9	13	16	12	21	24	49	15	11	20	4	12	17	6	13	15	7	5	12	35	3	33	17	25	26	6	4	7	10	NA	38	11	18	12	42	9	19	10	17	27	12	24	44	31	21	29	NA	32	19	14	NA	23	68	5	19	7	18	23	11	26	19	9	15	6	17	12	5	8	31	NA	18	19	5	15	16	11	32	28	15
135	6	NA	26	13	11	19	26	44	NA	26	35	23	13	16	3	9	6	21	8	22	11	8	12	13	13	18	10	35	16	12	18	5	22	10	5	12	13	7	5	13	31	3	28	16	33	19	4	2	6	10	NA	36	11	20	15	61	10	10	7	11	27	14	21	51	49	21	26	NA	35	13	14	NA	20	38	4	18	7	12	19	13	20	15	12	18	5	16	11	6	8	50	NA	24	18	4	14	15	13	29	21	14
136	8	NA	30	12	12	18	28	35	NA	22	43	14	9	13	1	9	7	20	7	16	9	8	17	24	14	19	12	28	19	7	18	12	13	12	5	15	20	5	4	9	31	3	27	10	30	16	4	2	5	6	NA	31	10	21	14	65	8	6	8	15	26	24	32	50	28	14	24	NA	33	12	16	NA	18	46	6	15	9	11	16	14	21	15	8	16	4	11	11	6	7	39	NA	34	8	3	18	12	12	25	23	16
137	8	NA	30	11	11	12	31	31	NA	13	59	5	7	16	1	10	7	22	6	12	6	7	20	32	12	18	14	17	20	9	17	9	11	12	3	22	21	5	1	9	23	5	27	11	39	14	5	2	5	10	NA	18	8	21	7	54	7	7	11	13	22	24	28	52	27	13	17	NA	29	11	19	NA	18	46	7	15	6	11	13	9	11	23	9	14	2	10	12	6	5	52	NA	22	7	4	10	9	9	22	18	11
138	5	NA	27	6	11	12	17	28	NA	13	55	5	8	13	1	5	8	18	6	13	9	6	21	24	6	19	13	13	10	9	15	10	12	12	2	19	21	7	1	10	17	10	27	12	33	13	5	1	4	7	NA	20	8	8	7	42	4	8	11	8	17	11	17	52	27	15	18	NA	21	9	16	NA	14	37	8	13	6	18	12	8	11	20	5	16	1	9	14	6	4	37	NA	13	8	4	16	6	9	16	16	10
139	5	NA	28	7	11	14	17	28	NA	14	41	7	10	18	1	5	8	14	7	11	11	8	12	20	5	19	17	13	10	7	14	13	11	10	1	20	20	6	1	10	14	24	33	12	32	10	5	0	4	11	NA	12	6	13	9	41	3	7	10	10	25	11	15	40	23	11	19	NA	19	10	15	NA	13	48	7	14	5	14	11	8	10	20	13	14	2	7	16	7	4	24	NA	31	8	3	13	3	7	24	26	5
140	4	NA	27	1	8	11	12	28	NA	14	53	5	10	14	1	3	11	13	10	10	12	9	10	19	4	8	17	14	10	6	14	12	10	4	1	19	10	18	1	10	16	24	40	9	31	9	4	NA	2	14	NA	22	8	10	7	51	4	10	8	10	18	8	14	45	14	12	19	NA	26	7	11	NA	17	39	5	17	6	11	10	7	10	15	8	13	1	7	15	6	1	26	NA	23	10	3	14	5	9	25	31	5
141	2	NA	21	2	6	11	21	29	NA	12	46	5	10	12	0	3	12	14	8	10	12	6	11	17	3	9	13	12	6	7	12	16	9	4	1	16	13	16	0	6	14	11	23	9	29	6	2	NA	2	18	NA	19	8	12	6	38	4	10	5	12	13	4	9	55	16	13	29	NA	23	9	6	NA	17	32	3	17	6	11	14	8	7	13	9	16	1	7	16	5	1	18	NA	21	8	3	15	6	11	26	19	7
142	2	NA	15	2	6	8	14	39	NA	11	43	5	7	6	NA	4	10	17	7	11	12	6	13	15	3	12	13	11	7	5	14	11	11	5	2	16	13	14	NA	5	12	9	26	7	20	9	2	NA	2	17	NA	20	10	10	11	28	4	7	5	9	18	3	9	37	32	10	20	NA	24	13	5	NA	15	30	4	15	4	12	12	11	6	13	11	13	1	5	9	4	0	20	NA	21	8	4	11	7	7	33	14	10
143	1	NA	19	4	7	13	18	29	NA	7	24	6	8	6	NA	4	5	18	2	7	14	5	10	13	4	13	8	11	8	4	12	21	11	7	2	11	10	13	NA	4	10	9	20	7	14	10	1	NA	2	10	NA	20	4	11	9	25	4	9	6	8	12	2	10	23	36	7	18	NA	19	13	5	NA	13	37	4	20	4	14	14	12	8	16	9	12	0	3	8	4	NA	16	NA	16	5	3	13	4	7	17	13	7
144	0	NA	16	4	6	12	18	33	NA	10	23	8	7	4	NA	4	4	12	2	7	12	3	13	12	4	16	6	10	8	4	13	13	9	6	1	12	11	7	NA	4	16	8	17	5	26	9	0	NA	1	14	NA	15	4	14	6	28	4	10	8	9	9	1	13	19	33	7	19	NA	11	11	5	NA	9	26	3	21	4	9	10	13	10	7	8	10	NA	5	6	1	NA	15	NA	16	4	3	12	5	4	14	13	12
145	NA	NA	14	4	8	10	12	33	NA	8	17	8	5	4	NA	2	4	18	1	7	10	2	11	10	5	13	7	10	5	5	12	13	6	8	1	13	12	8	NA	4	16	4	13	5	30	7	NA	NA	0	9	NA	11	3	10	4	27	2	3	9	12	9	1	10	19	35	6	16	NA	12	11	5	NA	11	26	3	17	2	9	7	7	12	6	5	11	NA	5	6	1	NA	13	NA	15	2	3	16	10	4	11	16	10
146	NA	NA	18	4	11	6	17	26	NA	10	15	8	8	4	NA	1	5	17	1	7	2	2	17	8	5	10	5	7	4	5	12	5	8	8	1	6	10	12	NA	2	13	4	12	6	24	4	NA	NA	NA	13	NA	5	1	12	4	23	1	4	5	11	10	1	11	20	36	7	10	NA	13	8	4	NA	12	18	3	11	3	11	8	6	14	4	5	7	NA	5	6	1	NA	12	NA	7	2	4	16	12	2	10	15	9
147	NA	NA	12	3	14	6	13	13	NA	9	26	8	11	3	NA	1	5	16	1	5	2	1	19	11	3	12	6	5	4	4	11	5	7	9	0	7	11	7	NA	2	12	1	11	4	15	2	NA	NA	NA	21	NA	5	0	15	2	20	1	4	2	14	9	0	12	18	19	7	11	NA	10	11	2	NA	12	23	2	7	4	18	9	8	14	4	1	7	NA	4	2	1	NA	12	NA	4	2	4	14	16	2	8	14	12
148	NA	NA	11	3	16	5	11	17	NA	7	25	5	7	3	NA	0	7	17	1	5	2	2	18	13	2	12	7	4	3	7	10	3	9	9	NA	8	7	6	NA	2	7	0	11	5	17	2	NA	NA	NA	20	NA	3	NA	7	2	31	1	4	2	17	10	NA	11	17	24	4	12	NA	9	19	1	NA	7	15	0	7	4	14	6	10	7	5	1	10	NA	2	2	0	NA	18	NA	4	2	4	11	16	2	5	13	8
149	NA	NA	15	1	20	5	10	14	NA	6	24	3	8	2	NA	NA	9	16	0	4	1	1	11	5	1	9	8	4	2	8	14	1	13	9	NA	9	6	6	NA	3	6	NA	11	2	17	0	NA	NA	NA	15	NA	2	NA	9	1	49	1	1	2	12	8	NA	12	15	20	4	12	NA	8	18	1	NA	5	14	NA	5	5	9	5	10	8	4	1	11	NA	1	2	NA	NA	19	NA	1	1	2	4	13	2	5	10	8
150	NA	NA	15	2	15	3	9	11	NA	9	21	3	9	2	NA	NA	5	7	NA	3	1	1	13	4	1	6	8	3	1	11	10	0	9	7	NA	9	3	7	NA	4	7	NA	8	2	17	NA	NA	NA	NA	5	NA	3	NA	9	1	48	0	1	1	11	7	NA	10	16	26	5	10	NA	10	14	1	NA	6	15	NA	3	9	6	5	6	2	4	0	10	NA	1	3	NA	NA	21	NA	1	0	2	5	7	3	7	11	8
151	NA	NA	16	2	25	3	7	11	NA	9	22	2	8	2	NA	NA	5	5	NA	4	0	1	5	4	1	4	9	3	1	11	12	NA	11	9	NA	11	2	7	NA	3	5	NA	9	2	15	NA	NA	NA	NA	3	NA	2	NA	9	1	42	NA	1	0	10	6	NA	11	12	34	5	4	NA	17	7	0	NA	8	12	NA	3	10	5	5	4	2	2	NA	4	NA	0	3	NA	NA	9	NA	1	NA	1	5	7	3	7	10	10
152	NA	NA	13	2	26	1	5	10	NA	10	19	1	8	2	NA	NA	4	3	NA	3	NA	1	5	3	0	2	7	2	0	6	7	NA	6	10	NA	10	2	7	NA	3	5	NA	7	2	15	NA	NA	NA	NA	3	NA	2	NA	8	0	26	NA	0	NA	9	8	NA	4	10	19	5	5	NA	15	8	NA	NA	5	16	NA	3	14	5	4	5	2	2	NA	4	NA	NA	4	NA	NA	13	NA	1	NA	1	4	7	4	8	8	11
153	NA	NA	13	1	15	1	2	11	NA	11	11	1	5	1	NA	NA	3	4	NA	3	NA	1	4	2	NA	2	5	2	NA	3	6	NA	6	3	NA	8	2	5	NA	4	5	NA	8	2	14	NA	NA	NA	NA	2	NA	2	NA	9	NA	23	NA	NA	NA	7	7	NA	3	6	10	4	7	NA	16	5	NA	NA	7	15	NA	2	12	1	3	6	2	1	NA	2	NA	NA	4	NA	NA	13	NA	0	NA	1	5	6	2	9	8	12
154	NA	NA	12	2	15	0	1	12	NA	12	11	1	4	1	NA	NA	3	6	NA	2	NA	0	2	2	NA	3	9	1	NA	5	5	NA	3	4	NA	8	2	5	NA	5	5	NA	10	0	8	NA	NA	NA	NA	3	NA	2	NA	13	NA	17	NA	NA	NA	4	8	NA	3	13	6	4	3	NA	14	6	NA	NA	4	18	NA	3	13	1	1	5	2	1	NA	1	NA	NA	3	NA	NA	14	NA	NA	NA	1	6	4	2	10	7	7
155	NA	NA	5	3	14	NA	1	12	NA	12	5	1	4	1	NA	NA	4	5	NA	1	NA	NA	4	2	NA	6	13	1	NA	5	4	NA	1	4	NA	7	1	4	NA	4	6	NA	7	NA	9	NA	NA	NA	NA	2	NA	0	NA	15	NA	8	NA	NA	NA	4	7	NA	1	13	6	2	4	NA	7	7	NA	NA	4	13	NA	3	14	1	1	5	1	1	NA	1	NA	NA	5	NA	NA	7	NA	NA	NA	0	8	2	1	11	9	6
156	NA	NA	5	5	7	NA	1	13	NA	9	6	1	3	2	NA	NA	6	6	NA	1	NA	NA	3	1	NA	10	8	1	NA	6	2	NA	1	5	NA	3	1	3	NA	5	7	NA	9	NA	7	NA	NA	NA	NA	2	NA	NA	NA	14	NA	9	NA	NA	NA	6	5	NA	0	12	6	1	5	NA	9	5	NA	NA	4	13	NA	2	14	1	1	3	1	1	NA	1	NA	NA	6	NA	NA	9	NA	NA	NA	NA	8	2	1	11	12	4
157	NA	NA	6	5	6	NA	1	12	NA	8	7	0	2	2	NA	NA	7	6	NA	1	NA	NA	3	1	NA	13	7	1	NA	3	3	NA	1	5	NA	4	1	1	NA	1	8	NA	11	NA	7	NA	NA	NA	NA	2	NA	NA	NA	11	NA	11	NA	NA	NA	6	4	NA	NA	11	3	1	5	NA	11	4	NA	NA	5	13	NA	2	13	1	1	4	1	1	NA	1	NA	NA	9	NA	NA	8	NA	NA	NA	NA	7	1	1	10	11	4
158	NA	NA	2	5	6	NA	1	9	NA	4	6	NA	2	2	NA	NA	8	7	NA	1	NA	NA	2	0	NA	13	7	1	NA	3	3	NA	0	5	NA	4	0	1	NA	1	10	NA	12	NA	8	NA	NA	NA	NA	2	NA	NA	NA	7	NA	19	NA	NA	NA	9	4	NA	NA	6	6	0	3	NA	13	6	NA	NA	5	14	NA	2	11	0	1	2	0	0	NA	0	NA	NA	10	NA	NA	7	NA	NA	NA	NA	5	0	0	8	10	3
159	NA	NA	2	5	6	NA	0	12	NA	5	5	NA	1	2	NA	NA	7	7	NA	0	NA	NA	2	NA	NA	9	7	0	NA	3	2	NA	NA	5	NA	1	NA	1	NA	1	7	NA	13	NA	8	NA	NA	NA	NA	2	NA	NA	NA	3	NA	21	NA	NA	NA	10	3	NA	NA	6	6	NA	3	NA	13	4	NA	NA	2	8	NA	1	10	NA	0	2	NA	NA	NA	NA	NA	NA	14	NA	NA	5	NA	NA	NA	NA	5	NA	NA	7	11	1
160	NA	NA	2	2	6	NA	NA	26	NA	6	4	NA	1	2	NA	NA	8	7	NA	NA	NA	NA	2	NA	NA	8	7	NA	NA	3	2	NA	NA	3	NA	1	NA	1	NA	1	10	NA	16	NA	5	NA	NA	NA	NA	2	NA	NA	NA	3	NA	19	NA	NA	NA	9	1	NA	NA	6	6	NA	3	NA	4	6	NA	NA	2	11	NA	1	9	NA	NA	2	NA	NA	NA	NA	NA	NA	13	NA	NA	5	NA	NA	NA	NA	2	NA	NA	4	11	1
161	NA	NA	2	3	4	NA	NA	17	NA	1	1	NA	0	1	NA	NA	6	2	NA	NA	NA	NA	1	NA	NA	6	4	NA	NA	2	0	NA	NA	4	NA	1	NA	1	NA	1	12	NA	11	NA	4	NA	NA	NA	NA	1	NA	NA	NA	3	NA	16	NA	NA	NA	7	1	NA	NA	6	4	NA	3	NA	3	6	NA	NA	2	15	NA	0	9	NA	NA	1	NA	NA	NA	NA	NA	NA	9	NA	NA	6	NA	NA	NA	NA	1	NA	NA	2	11	1
162	NA	NA	2	2	5	NA	NA	25	NA	1	2	NA	NA	0	NA	NA	7	1	NA	NA	NA	NA	0	NA	NA	6	1	NA	NA	1	NA	NA	NA	4	NA	1	NA	0	NA	2	14	NA	10	NA	6	NA	NA	NA	NA	0	NA	NA	NA	3	NA	12	NA	NA	NA	5	1	NA	NA	7	6	NA	1	NA	4	5	NA	NA	2	17	NA	NA	6	NA	NA	1	NA	NA	NA	NA	NA	NA	9	NA	NA	5	NA	NA	NA	NA	1	NA	NA	1	9	1
163	NA	NA	0	2	5	NA	NA	23	NA	2	1	NA	NA	NA	NA	NA	6	0	NA	NA	NA	NA	NA	NA	NA	5	1	NA	NA	1	NA	NA	NA	4	NA	1	NA	NA	NA	2	15	NA	3	NA	4	NA	NA	NA	NA	NA	NA	NA	NA	2	NA	7	NA	NA	NA	4	1	NA	NA	6	4	NA	1	NA	5	4	NA	NA	1	14	NA	NA	1	NA	NA	0	NA	NA	NA	NA	NA	NA	5	NA	NA	3	NA	NA	NA	NA	1	NA	NA	1	11	0
164	NA	NA	NA	2	5	NA	NA	9	NA	2	1	NA	NA	NA	NA	NA	4	NA	NA	NA	NA	NA	NA	NA	NA	7	1	NA	NA	0	NA	NA	NA	3	NA	0	NA	NA	NA	1	16	NA	3	NA	4	NA	NA	NA	NA	NA	NA	NA	NA	2	NA	6	NA	NA	NA	2	0	NA	NA	5	4	NA	0	NA	7	4	NA	NA	0	9	NA	NA	1	NA	NA	NA	NA	NA	NA	NA	NA	NA	6	NA	NA	2	NA	NA	NA	NA	0	NA	NA	1	7	NA
165	NA	NA	NA	1	3	NA	NA	8	NA	2	1	NA	NA	NA	NA	NA	3	NA	NA	NA	NA	NA	NA	NA	NA	4	1	NA	NA	NA	NA	NA	NA	2	NA	NA	NA	NA	NA	2	15	NA	2	NA	4	NA	NA	NA	NA	NA	NA	NA	NA	2	NA	6	NA	NA	NA	1	NA	NA	NA	4	2	NA	NA	NA	7	1	NA	NA	NA	9	NA	NA	1	NA	NA	NA	NA	NA	NA	NA	NA	NA	5	NA	NA	2	NA	NA	NA	NA	NA	NA	NA	1	7	NA
166	NA	NA	NA	0	6	NA	NA	6	NA	1	1	NA	NA	NA	NA	NA	3	NA	NA	NA	NA	NA	NA	NA	NA	9	1	NA	NA	NA	NA	NA	NA	1	NA	NA	NA	NA	NA	2	10	NA	2	NA	2	NA	NA	NA	NA	NA	NA	NA	NA	1	NA	7	NA	NA	NA	1	NA	NA	NA	4	2	NA	NA	NA	9	0	NA	NA	NA	6	NA	NA	0	NA	NA	NA	NA	NA	NA	NA	NA	NA	4	NA	NA	2	NA	NA	NA	NA	NA	NA	NA	0	8	NA
167	NA	NA	NA	NA	9	NA	NA	2	NA	1	1	NA	NA	NA	NA	NA	3	NA	NA	NA	NA	NA	NA	NA	NA	5	0	NA	NA	NA	NA	NA	NA	1	NA	NA	NA	NA	NA	3	6	NA	2	NA	2	NA	NA	NA	NA	NA	NA	NA	NA	1	NA	5	NA	NA	NA	2	NA	NA	NA	4	2	NA	NA	NA	10	NA	NA	NA	NA	6	NA	NA	NA	NA	NA	NA	NA	NA	NA	NA	NA	NA	4	NA	NA	1	NA	NA	NA	NA	NA	NA	NA	NA	9	NA
168	NA	NA	NA	NA	9	NA	NA	1	NA	1	1	NA	NA	NA	NA	NA	1	NA	NA	NA	NA	NA	NA	NA	NA	7	NA	NA	NA	NA	NA	NA	NA	1	NA	NA	NA	NA	NA	6	7	NA	1	NA	2	NA	NA	NA	NA	NA	NA	NA	NA	0	NA	4	NA	NA	NA	2	NA	NA	NA	4	1	NA	NA	NA	9	NA	NA	NA	NA	6	NA	NA	NA	NA	NA	NA	NA	NA	NA	NA	NA	NA	4	NA	NA	0	NA	NA	NA	NA	NA	NA	NA	NA	7	NA
169	NA	NA	NA	NA	5	NA	NA	0	NA	0	0	NA	NA	NA	NA	NA	1	NA	NA	NA	NA	NA	NA	NA	NA	7	NA	NA	NA	NA	NA	NA	NA	0	NA	NA	NA	NA	NA	6	6	NA	0	NA	0	NA	NA	NA	NA	NA	NA	NA	NA	NA	NA	4	NA	NA	NA	1	NA	NA	NA	4	1	NA	NA	NA	9	NA	NA	NA	NA	3	NA	NA	NA	NA	NA	NA	NA	NA	NA	NA	NA	NA	6	NA	NA	NA	NA	NA	NA	NA	NA	NA	NA	NA	4	NA
170	NA	NA	NA	NA	6	NA	NA	NA	NA	NA	NA	NA	NA	NA	NA	NA	1	NA	NA	NA	NA	NA	NA	NA	NA	7	NA	NA	NA	NA	NA	NA	NA	NA	NA	NA	NA	NA	NA	6	4	NA	NA	NA	NA	NA	NA	NA	NA	NA	NA	NA	NA	NA	NA	3	NA	NA	NA	1	NA	NA	NA	4	1	NA	NA	NA	6	NA	NA	NA	NA	1	NA	NA	NA	NA	NA	NA	NA	NA	NA	NA	NA	NA	6	NA	NA	NA	NA	NA	NA	NA	NA	NA	NA	NA	2	NA
171	NA	NA	NA	NA	8	NA	NA	NA	NA	NA	NA	NA	NA	NA	NA	NA	1	NA	NA	NA	NA	NA	NA	NA	NA	9	NA	NA	NA	NA	NA	NA	NA	NA	NA	NA	NA	NA	NA	6	5	NA	NA	NA	NA	NA	NA	NA	NA	NA	NA	NA	NA	NA	NA	1	NA	NA	NA	1	NA	NA	NA	1	0	NA	NA	NA	3	NA	NA	NA	NA	1	NA	NA	NA	NA	NA	NA	NA	NA	NA	NA	NA	NA	5	NA	NA	NA	NA	NA	NA	NA	NA	NA	NA	NA	2	NA
172	NA	NA	NA	NA	4	NA	NA	NA	NA	NA	NA	NA	NA	NA	NA	NA	0	NA	NA	NA	NA	NA	NA	NA	NA	10	NA	NA	NA	NA	NA	NA	NA	NA	NA	NA	NA	NA	NA	4	7	NA	NA	NA	NA	NA	NA	NA	NA	NA	NA	NA	NA	NA	NA	1	NA	NA	NA	1	NA	NA	NA	1	NA	NA	NA	NA	3	NA	NA	NA	NA	0	NA	NA	NA	NA	NA	NA	NA	NA	NA	NA	NA	NA	4	NA	NA	NA	NA	NA	NA	NA	NA	NA	NA	NA	0	NA
173	NA	NA	NA	NA	11	NA	NA	NA	NA	NA	NA	NA	NA	NA	NA	NA	NA	NA	NA	NA	NA	NA	NA	NA	NA	13	NA	NA	NA	NA	NA	NA	NA	NA	NA	NA	NA	NA	NA	2	5	NA	NA	NA	NA	NA	NA	NA	NA	NA	NA	NA	NA	NA	NA	1	NA	NA	NA	0	NA	NA	NA	0	NA	NA	NA	NA	2	NA	NA	NA	NA	NA	NA	NA	NA	NA	NA	NA	NA	NA	NA	NA	NA	NA	3	NA	NA	NA	NA	NA	NA	NA	NA	NA	NA	NA	NA	NA
174	NA	NA	NA	NA	12	NA	NA	NA	NA	NA	NA	NA	NA	NA	NA	NA	NA	NA	NA	NA	NA	NA	NA	NA	NA	10	NA	NA	NA	NA	NA	NA	NA	NA	NA	NA	NA	NA	NA	0	5	NA	NA	NA	NA	NA	NA	NA	NA	NA	NA	NA	NA	NA	NA	0	NA	NA	NA	NA	NA	NA	NA	NA	NA	NA	NA	NA	1	NA	NA	NA	NA	NA	NA	NA	NA	NA	NA	NA	NA	NA	NA	NA	NA	NA	1	NA	NA	NA	NA	NA	NA	NA	NA	NA	NA	NA	NA	NA
175	NA	NA	NA	NA	9	NA	NA	NA	NA	NA	NA	NA	NA	NA	NA	NA	NA	NA	NA	NA	NA	NA	NA	NA	NA	9	NA	NA	NA	NA	NA	NA	NA	NA	NA	NA	NA	NA	NA	NA	5	NA	NA	NA	NA	NA	NA	NA	NA	NA	NA	NA	NA	NA	NA	NA	NA	NA	NA	NA	NA	NA	NA	NA	NA	NA	NA	NA	0	NA	NA	NA	NA	NA	NA	NA	NA	NA	NA	NA	NA	NA	NA	NA	NA	NA	0	NA	NA	NA	NA	NA	NA	NA	NA	NA	NA	NA	NA	NA
176	NA	NA	NA	NA	8	NA	NA	NA	NA	NA	NA	NA	NA	NA	NA	NA	NA	NA	NA	NA	NA	NA	NA	NA	NA	9	NA	NA	NA	NA	NA	NA	NA	NA	NA	NA	NA	NA	NA	NA	5	NA	NA	NA	NA	NA	NA	NA	NA	NA	NA	NA	NA	NA	NA	NA	NA	NA	NA	NA	NA	NA	NA	NA	NA	NA	NA	NA	NA	NA	NA	NA	NA	NA	NA	NA	NA	NA	NA	NA	NA	NA	NA	NA	NA	NA	NA	NA	NA	NA	NA	NA	NA	NA	NA	NA	NA	NA	NA	NA
177	NA	NA	NA	NA	9	NA	NA	NA	NA	NA	NA	NA	NA	NA	NA	NA	NA	NA	NA	NA	NA	NA	NA	NA	NA	3	NA	NA	NA	NA	NA	NA	NA	NA	NA	NA	NA	NA	NA	NA	4	NA	NA	NA	NA	NA	NA	NA	NA	NA	NA	NA	NA	NA	NA	NA	NA	NA	NA	NA	NA	NA	NA	NA	NA	NA	NA	NA	NA	NA	NA	NA	NA	NA	NA	NA	NA	NA	NA	NA	NA	NA	NA	NA	NA	NA	NA	NA	NA	NA	NA	NA	NA	NA	NA	NA	NA	NA	NA	NA
178	NA	NA	NA	NA	5	NA	NA	NA	NA	NA	NA	NA	NA	NA	NA	NA	NA	NA	NA	NA	NA	NA	NA	NA	NA	3	NA	NA	NA	NA	NA	NA	NA	NA	NA	NA	NA	NA	NA	NA	4	NA	NA	NA	NA	NA	NA	NA	NA	NA	NA	NA	NA	NA	NA	NA	NA	NA	NA	NA	NA	NA	NA	NA	NA	NA	NA	NA	NA	NA	NA	NA	NA	NA	NA	NA	NA	NA	NA	NA	NA	NA	NA	NA	NA	NA	NA	NA	NA	NA	NA	NA	NA	NA	NA	NA	NA	NA	NA	NA
179	NA	NA	NA	NA	3	NA	NA	NA	NA	NA	NA	NA	NA	NA	NA	NA	NA	NA	NA	NA	NA	NA	NA	NA	NA	2	NA	NA	NA	NA	NA	NA	NA	NA	NA	NA	NA	NA	NA	NA	4	NA	NA	NA	NA	NA	NA	NA	NA	NA	NA	NA	NA	NA	NA	NA	NA	NA	NA	NA	NA	NA	NA	NA	NA	NA	NA	NA	NA	NA	NA	NA	NA	NA	NA	NA	NA	NA	NA	NA	NA	NA	NA	NA	NA	NA	NA	NA	NA	NA	NA	NA	NA	NA	NA	NA	NA	NA	NA	NA
180	NA	NA	NA	NA	2	NA	NA	NA	NA	NA	NA	NA	NA	NA	NA	NA	NA	NA	NA	NA	NA	NA	NA	NA	NA	2	NA	NA	NA	NA	NA	NA	NA	NA	NA	NA	NA	NA	NA	NA	5	NA	NA	NA	NA	NA	NA	NA	NA	NA	NA	NA	NA	NA	NA	NA	NA	NA	NA	NA	NA	NA	NA	NA	NA	NA	NA	NA	NA	NA	NA	NA	NA	NA	NA	NA	NA	NA	NA	NA	NA	NA	NA	NA	NA	NA	NA	NA	NA	NA	NA	NA	NA	NA	NA	NA	NA	NA	NA	NA
181	NA	NA	NA	NA	3	NA	NA	NA	NA	NA	NA	NA	NA	NA	NA	NA	NA	NA	NA	NA	NA	NA	NA	NA	NA	2	NA	NA	NA	NA	NA	NA	NA	NA	NA	NA	NA	NA	NA	NA	5	NA	NA	NA	NA	NA	NA	NA	NA	NA	NA	NA	NA	NA	NA	NA	NA	NA	NA	NA	NA	NA	NA	NA	NA	NA	NA	NA	NA	NA	NA	NA	NA	NA	NA	NA	NA	NA	NA	NA	NA	NA	NA	NA	NA	NA	NA	NA	NA	NA	NA	NA	NA	NA	NA	NA	NA	NA	NA	NA
182	NA	NA	NA	NA	4	NA	NA	NA	NA	NA	NA	NA	NA	NA	NA	NA	NA	NA	NA	NA	NA	NA	NA	NA	NA	1	NA	NA	NA	NA	NA	NA	NA	NA	NA	NA	NA	NA	NA	NA	3	NA	NA	NA	NA	NA	NA	NA	NA	NA	NA	NA	NA	NA	NA	NA	NA	NA	NA	NA	NA	NA	NA	NA	NA	NA	NA	NA	NA	NA	NA	NA	NA	NA	NA	NA	NA	NA	NA	NA	NA	NA	NA	NA	NA	NA	NA	NA	NA	NA	NA	NA	NA	NA	NA	NA	NA	NA	NA	NA
183	NA	NA	NA	NA	2	NA	NA	NA	NA	NA	NA	NA	NA	NA	NA	NA	NA	NA	NA	NA	NA	NA	NA	NA	NA	0	NA	NA	NA	NA	NA	NA	NA	NA	NA	NA	NA	NA	NA	NA	3	NA	NA	NA	NA	NA	NA	NA	NA	NA	NA	NA	NA	NA	NA	NA	NA	NA	NA	NA	NA	NA	NA	NA	NA	NA	NA	NA	NA	NA	NA	NA	NA	NA	NA	NA	NA	NA	NA	NA	NA	NA	NA	NA	NA	NA	NA	NA	NA	NA	NA	NA	NA	NA	NA	NA	NA	NA	NA	NA
184	NA	NA	NA	NA	2	NA	NA	NA	NA	NA	NA	NA	NA	NA	NA	NA	NA	NA	NA	NA	NA	NA	NA	NA	NA	NA	NA	NA	NA	NA	NA	NA	NA	NA	NA	NA	NA	NA	NA	NA	1	NA	NA	NA	NA	NA	NA	NA	NA	NA	NA	NA	NA	NA	NA	NA	NA	NA	NA	NA	NA	NA	NA	NA	NA	NA	NA	NA	NA	NA	NA	NA	NA	NA	NA	NA	NA	NA	NA	NA	NA	NA	NA	NA	NA	NA	NA	NA	NA	NA	NA	NA	NA	NA	NA	NA	NA	NA	NA	NA
185	NA	NA	NA	NA	2	NA	NA	NA	NA	NA	NA	NA	NA	NA	NA	NA	NA	NA	NA	NA	NA	NA	NA	NA	NA	NA	NA	NA	NA	NA	NA	NA	NA	NA	NA	NA	NA	NA	NA	NA	1	NA	NA	NA	NA	NA	NA	NA	NA	NA	NA	NA	NA	NA	NA	NA	NA	NA	NA	NA	NA	NA	NA	NA	NA	NA	NA	NA	NA	NA	NA	NA	NA	NA	NA	NA	NA	NA	NA	NA	NA	NA	NA	NA	NA	NA	NA	NA	NA	NA	NA	NA	NA	NA	NA	NA	NA	NA	NA	NA
186	NA	NA	NA	NA	2	NA	NA	NA	NA	NA	NA	NA	NA	NA	NA	NA	NA	NA	NA	NA	NA	NA	NA	NA	NA	NA	NA	NA	NA	NA	NA	NA	NA	NA	NA	NA	NA	NA	NA	NA	0	NA	NA	NA	NA	NA	NA	NA	NA	NA	NA	NA	NA	NA	NA	NA	NA	NA	NA	NA	NA	NA	NA	NA	NA	NA	NA	NA	NA	NA	NA	NA	NA	NA	NA	NA	NA	NA	NA	NA	NA	NA	NA	NA	NA	NA	NA	NA	NA	NA	NA	NA	NA	NA	NA	NA	NA	NA	NA	NA
187	NA	NA	NA	NA	2	NA	NA	NA	NA	NA	NA	NA	NA	NA	NA	NA	NA	NA	NA	NA	NA	NA	NA	NA	NA	NA	NA	NA	NA	NA	NA	NA	NA	NA	NA	NA	NA	NA	NA	NA	NA	NA	NA	NA	NA	NA	NA	NA	NA	NA	NA	NA	NA	NA	NA	NA	NA	NA	NA	NA	NA	NA	NA	NA	NA	NA	NA	NA	NA	NA	NA	NA	NA	NA	NA	NA	NA	NA	NA	NA	NA	NA	NA	NA	NA	NA	NA	NA	NA	NA	NA	NA	NA	NA	NA	NA	NA	NA	NA	NA
188	NA	NA	NA	NA	0	NA	NA	NA	NA	NA	NA	NA	NA	NA	NA	NA	NA	NA	NA	NA	NA	NA	NA	NA	NA	NA	NA	NA	NA	NA	NA	NA	NA	NA	NA	NA	NA	NA	NA	NA	NA	NA	NA	NA	NA	NA	NA	NA	NA	NA	NA	NA	NA	NA	NA	NA	NA	NA	NA	NA	NA	NA	NA	NA	NA	NA	NA	NA	NA	NA	NA	NA	NA	NA	NA	NA	NA	NA	NA	NA	NA	NA	NA	NA	NA	NA	NA	NA	NA	NA	NA	NA	NA	NA	NA	NA	NA	NA	NA	NA
