0	1	3	2	3	1	4	2	2	1	1	3	3	2	2	3	3	3	2	3	2	2	3	2	2	3	2	4	2	4	1	2	1	3	2	1	2	2	2	2	1	2	1	1	2	3	3	3	2	2	3	2	1	2	4	3	1	5	2	3	1	2	2	4	2	3	4	2	2	2	3	2	3	3	2	1	2	2	3	2	2	3	4	1	1	2	3	1	1	1	1	1	2	2	3	2	3	2	3	1	2
1	1	7	3	5	3	8	4	5	1	1	4	3	3	5	9	6	7	5	7	3	5	6	2	4	5	2	6	2	6	1	4	3	7	6	2	2	3	4	3	2	4	2	3	2	4	7	3	4	3	4	2	2	3	7	7	2	9	3	5	1	5	4	8	4	7	6	4	2	4	6	3	3	3	3	3	2	3	7	2	3	7	4	1	3	4	7	3	1	2	1	3	2	5	4	2	4	3	8	2	5
2	1	10	6	9	5	12	5	7	1	2	5	5	4	7	12	9	9	8	11	5	8	7	4	7	7	2	10	4	8	1	4	6	11	7	4	3	3	6	5	3	6	7	6	3	7	12	5	8	5	7	3	5	4	11	12	4	13	5	9	4	4	6	16	5	9	10	5	3	5	8	5	5	6	4	2	4	6	5	4	7	13	6	3	6	5	10	2	1	3	2	5	3	10	9	1	6	10	10	3	10
3	1	12	9	14	5	14	5	10	2	2	10	6	6	9	17	15	14	12	18	7	12	8	6	9	10	3	14	7	14	3	6	9	13	10	7	2	5	6	7	3	7	10	11	3	11	17	7	13	8	12	4	5	5	16	18	6	20	6	16	5	5	9	21	8	10	12	7	4	8	14	5	6	8	4	4	6	11	12	4	11	22	9	5	10	6	12	2	3	3	4	6	4	18	13	2	9	14	12	3	16
4	1	13	14	19	4	19	7	12	4	2	14	8	7	9	20	19	15	14	14	10	16	10	4	14	14	3	18	11	18	6	6	13	11	13	10	7	7	11	10	6	11	12	16	5	13	20	7	6	12	19	6	5	5	21	19	6	28	5	22	9	6	15	19	8	13	15	9	6	13	14	8	7	10	4	7	7	17	19	4	15	29	13	7	19	10	18	3	3	5	7	9	5	23	19	2	8	20	14	4	23
5	1	7	15	20	6	6	6	14	6	3	20	5	10	12	14	12	9	7	17	7	11	12	3	19	6	4	17	9	23	6	2	21	9	15	6	9	7	13	11	5	8	18	22	4	10	23	12	8	17	12	6	5	3	26	20	8	36	7	28	12	9	11	14	11	17	16	12	4	14	16	13	11	9	1	10	9	18	25	3	14	33	8	9	24	14	20	5	3	3	8	14	6	27	22	2	5	23	15	5	24
6	1	6	16	27	9	20	8	10	4	4	22	3	15	15	12	13	7	9	20	20	12	17	5	13	10	3	21	10	13	7	5	21	14	12	13	11	10	19	12	7	13	23	30	7	6	30	15	9	8	16	2	8	3	16	11	5	29	7	21	13	12	11	5	14	24	10	17	6	19	8	17	9	17	2	13	12	21	16	6	14	45	7	12	31	9	12	6	3	5	6	14	9	18	11	2	5	27	10	7	23
7	2	5	10	34	21	27	5	5	7	6	27	5	18	16	11	22	12	9	17	14	6	21	4	14	13	3	22	10	16	5	9	24	21	13	12	13	21	22	13	6	9	16	40	13	4	38	15	13	9	16	2	3	5	26	14	4	26	6	28	9	12	10	5	9	27	9	20	6	16	10	20	10	15	5	24	10	15	17	7	9	44	11	14	35	9	11	7	1	6	10	16	11	19	8	2	6	21	6	5	16
8	3	3	12	34	29	36	6	7	8	9	15	5	22	16	14	28	18	9	20	18	5	20	7	16	19	1	13	8	8	7	12	10	24	22	16	7	24	23	7	7	8	21	41	15	5	23	13	18	7	15	1	3	5	25	21	5	20	6	22	9	11	9	6	11	17	12	16	5	9	13	12	15	15	8	23	14	19	21	10	16	23	10	12	23	7	12	8	2	9	14	22	13	18	9	1	6	16	9	5	17
9	5	3	7	16	30	40	5	9	12	11	16	7	20	15	15	35	14	8	17	22	4	10	16	22	25	1	27	14	7	11	10	12	29	29	22	6	14	18	8	10	13	18	17	18	6	25	10	11	8	14	0	3	4	29	21	5	26	7	13	9	11	9	16	14	19	15	13	7	13	21	7	25	9	11	26	17	20	22	12	21	13	11	16	24	11	9	7	4	10	10	25	8	19	8	1	7	11	7	4	19
10	7	3	9	11	12	26	7	10	17	13	9	8	27	16	17	20	17	11	17	17	5	12	20	29	23	1	31	17	12	12	9	16	38	18	21	8	14	9	8	16	15	14	10	13	9	27	9	15	10	14	NA	5	5	27	26	6	26	8	7	6	15	6	16	12	26	18	27	12	18	18	5	13	5	13	30	16	23	25	14	26	16	10	9	15	15	10	17	2	11	13	30	7	14	8	2	8	6	9	6	14
11	9	4	13	11	21	19	8	17	24	18	6	10	29	13	18	31	19	15	15	12	5	14	25	29	20	0	20	18	15	14	14	12	48	31	15	10	15	10	8	12	16	16	11	10	11	27	8	20	10	15	NA	12	7	23	15	9	38	9	18	12	11	7	18	19	17	33	30	17	12	22	6	17	9	13	22	20	35	33	11	17	13	6	9	24	15	12	19	3	11	20	26	7	13	9	2	9	8	9	8	18
12	7	7	14	13	17	12	6	20	18	9	10	13	25	11	17	29	24	17	14	12	8	13	11	15	23	NA	16	13	19	15	9	11	27	25	24	13	20	11	7	16	15	19	12	11	7	27	8	22	10	17	NA	16	10	22	20	10	40	6	29	18	10	5	12	21	11	32	17	20	13	15	7	10	9	9	19	17	24	50	18	15	16	6	7	22	16	17	18	5	6	22	8	9	11	11	2	12	7	8	10	28
13	10	5	18	12	21	12	3	25	24	17	13	10	25	16	16	17	24	16	11	25	9	7	9	17	22	NA	19	16	17	16	10	12	56	29	27	14	8	11	10	17	10	28	14	11	10	29	13	27	15	18	NA	18	15	14	18	11	38	8	32	17	13	4	9	21	17	25	18	23	13	17	5	11	14	8	20	18	22	38	30	19	39	5	20	17	15	20	18	5	5	18	9	9	9	16	2	10	16	13	7	7
14	11	6	16	13	23	14	4	22	30	15	15	14	20	20	7	21	21	16	16	22	12	14	12	18	22	NA	8	14	24	16	12	14	38	26	16	19	6	6	7	21	11	45	26	10	11	14	15	17	18	16	NA	10	15	19	19	10	19	19	29	22	14	4	14	26	20	21	19	19	14	17	9	12	15	9	12	29	18	42	31	21	38	5	24	13	13	21	13	6	6	21	9	11	10	10	2	10	19	17	5	8
15	14	8	14	13	14	18	6	28	16	14	14	11	21	23	10	24	22	20	13	28	14	12	19	15	37	NA	18	13	23	5	17	17	19	29	33	24	10	8	10	23	13	31	20	9	12	20	18	19	26	15	NA	11	22	22	26	13	22	20	38	25	12	5	15	30	25	22	21	18	17	16	6	15	19	10	16	33	18	41	32	19	39	6	16	16	12	22	11	8	6	25	9	15	13	15	3	7	9	17	5	11
16	15	11	12	13	18	25	5	19	29	24	14	11	15	18	14	26	23	21	11	50	12	14	19	12	36	NA	15	13	17	6	16	11	21	19	15	31	10	16	15	34	15	23	17	7	12	25	11	21	17	15	NA	9	24	25	26	12	25	19	21	22	14	6	10	24	27	22	23	25	22	23	11	19	21	8	14	18	14	27	14	20	23	10	14	17	14	16	6	11	7	29	19	7	17	19	4	15	15	13	6	9
17	20	13	11	13	23	24	7	13	21	31	16	22	22	10	14	27	36	14	13	17	14	16	10	16	26	NA	19	19	16	8	15	14	17	14	14	38	11	19	17	27	20	18	21	7	21	27	13	25	19	17	NA	13	25	26	20	14	27	21	24	27	15	8	14	23	17	21	21	24	24	15	14	21	13	10	13	15	16	36	12	14	27	9	17	17	10	18	9	10	9	22	22	7	24	21	4	12	16	20	8	11
18	24	17	11	12	19	23	13	15	31	27	22	30	19	13	21	21	33	15	10	20	16	15	11	13	33	NA	20	20	17	11	13	11	19	14	16	34	10	21	12	25	17	16	25	6	20	24	10	16	16	22	NA	8	19	29	24	17	13	14	27	17	19	11	13	18	15	18	11	22	15	20	18	36	10	13	14	16	17	31	16	15	27	8	15	20	7	20	9	13	12	18	23	10	20	11	6	15	11	19	8	13
19	8	17	12	12	20	23	14	23	21	12	22	27	22	19	16	24	21	14	15	19	22	7	12	15	20	NA	18	25	20	11	17	17	23	17	14	35	9	18	12	26	13	20	31	10	21	20	10	19	16	21	NA	11	10	24	27	21	16	22	31	17	18	13	20	16	17	18	10	28	10	21	21	39	13	11	14	44	19	32	14	13	16	8	15	22	11	18	16	13	8	16	16	11	27	12	4	18	11	21	10	15
20	13	17	10	13	32	27	11	27	23	14	29	24	23	22	19	26	23	14	16	19	26	10	15	25	25	NA	24	35	23	13	20	20	29	16	12	19	9	28	16	18	18	18	19	10	25	15	11	29	13	20	NA	11	14	30	23	25	14	20	33	17	23	15	20	20	14	21	11	21	9	16	27	39	15	14	16	20	23	25	14	15	17	10	21	23	11	21	21	19	13	15	20	10	28	14	7	48	12	18	7	19
21	16	16	13	16	21	21	7	33	26	17	33	11	18	26	19	16	25	23	13	21	27	11	12	27	23	NA	18	29	27	15	35	28	31	12	26	23	16	30	19	22	17	14	37	9	18	14	13	28	12	24	NA	13	16	23	23	31	15	11	35	20	14	11	16	21	12	17	11	17	15	18	32	29	12	16	27	32	32	29	16	18	22	12	29	14	16	17	13	17	14	16	16	11	35	12	5	40	11	11	9	25
22	20	16	20	16	18	21	7	30	34	16	15	13	27	21	17	18	27	25	12	21	21	20	16	18	29	NA	18	17	27	10	33	32	44	21	17	15	17	31	20	17	13	13	23	7	19	18	11	18	11	26	NA	18	23	26	24	33	21	8	26	18	25	9	18	13	21	18	16	22	24	14	24	26	11	21	20	28	36	28	14	16	23	11	37	18	18	16	20	26	15	17	16	20	32	18	7	60	13	15	11	20
23	25	15	29	16	36	22	6	29	35	27	14	15	44	19	22	19	26	23	16	33	30	22	17	12	23	NA	17	14	15	12	32	25	26	30	20	21	24	13	18	14	14	17	26	6	40	21	13	29	11	28	NA	23	23	24	21	65	26	13	26	20	27	10	20	22	28	22	17	27	28	29	35	27	11	37	19	17	35	25	17	14	18	14	47	18	19	14	23	14	10	18	24	31	34	19	10	25	18	17	13	24
24	26	16	24	18	29	22	8	20	37	26	14	14	53	21	29	21	27	19	29	38	22	24	18	14	23	NA	19	13	24	16	23	29	30	33	24	20	30	17	17	18	17	29	28	9	28	20	10	33	16	28	NA	21	24	42	19	30	17	13	27	24	35	13	26	15	31	21	19	26	29	44	38	36	12	27	23	30	39	31	20	15	23	13	41	23	18	14	26	14	11	26	28	33	31	23	13	26	20	27	17	18
25	19	12	18	18	36	26	5	26	21	18	18	19	44	24	22	17	32	18	25	29	26	24	20	16	16	NA	20	21	33	18	26	28	45	36	25	23	31	17	17	24	14	40	26	12	19	17	14	33	21	23	NA	13	25	32	21	30	19	14	32	34	37	16	23	17	28	23	20	28	18	46	18	26	24	22	15	29	16	44	28	19	22	21	50	17	21	13	15	14	10	24	25	29	69	24	13	18	26	32	16	24
26	18	11	19	31	29	18	7	27	29	28	15	20	39	22	22	35	24	17	36	27	23	23	16	16	22	NA	27	25	30	16	14	31	22	43	15	27	28	17	17	19	14	47	24	13	26	22	14	31	17	19	NA	12	22	29	23	15	22	16	38	26	42	18	33	20	28	30	26	35	20	26	29	28	28	24	13	22	14	28	16	24	19	22	76	21	19	18	14	23	11	15	33	15	56	21	15	20	26	24	15	21
27	15	10	23	18	27	16	11	48	28	28	18	19	34	23	26	38	30	17	42	27	21	21	15	19	24	NA	26	26	32	21	14	27	29	34	14	30	27	33	12	24	20	35	32	13	27	24	16	27	17	24	NA	12	23	29	22	16	21	15	28	18	17	17	20	23	34	33	29	43	21	16	34	29	24	27	14	23	14	26	16	25	32	16	32	18	18	13	12	19	13	16	28	11	59	23	14	26	27	24	10	26
28	22	13	26	20	25	20	10	31	18	21	21	22	37	22	24	37	32	23	42	25	36	16	15	15	28	NA	24	27	32	29	27	16	32	28	17	18	17	29	17	23	21	32	40	16	38	24	17	24	20	24	NA	15	36	44	25	26	24	13	49	19	16	11	17	31	38	15	30	27	34	27	18	33	28	18	16	20	16	22	16	22	21	17	37	24	18	19	14	15	32	17	24	18	32	25	11	24	24	26	11	24
29	17	15	27	12	22	23	15	31	22	25	21	22	30	28	23	28	27	22	27	25	38	17	18	20	21	NA	30	28	18	34	30	17	24	21	12	17	24	33	12	17	25	20	38	13	47	26	22	30	21	29	NA	11	24	35	25	31	39	15	35	17	23	26	17	25	34	18	16	35	33	22	20	26	25	18	16	18	16	26	19	24	35	30	30	22	15	23	15	16	23	14	46	19	35	21	12	24	26	34	11	26
30	15	16	26	28	19	32	18	29	29	60	21	21	35	27	25	44	28	20	16	18	45	22	28	19	24	NA	37	21	18	24	22	25	34	21	16	17	19	18	20	15	31	23	37	13	38	29	16	38	22	34	NA	11	24	19	18	35	54	12	39	20	20	32	41	25	40	19	20	25	45	28	23	30	27	24	16	17	15	28	21	20	39	21	19	18	10	19	8	22	22	14	20	22	33	22	16	21	22	37	16	31
31	19	19	21	17	24	31	23	20	33	38	19	22	42	23	24	45	29	26	33	23	43	28	28	16	28	NA	32	18	16	26	28	27	34	19	19	24	41	24	18	23	35	22	39	17	26	31	17	38	22	60	NA	14	27	20	38	24	82	18	34	13	34	36	35	35	17	20	26	26	30	28	18	19	27	25	23	35	28	32	18	33	38	22	24	20	13	21	8	26	18	13	26	17	40	26	13	24	25	32	14	34
32	25	14	26	28	33	31	22	24	28	38	16	14	46	17	22	25	24	21	31	25	16	30	30	31	34	NA	30	15	19	25	21	25	38	18	18	33	43	20	28	18	23	22	34	18	25	34	18	37	26	30	NA	16	19	20	31	30	55	13	19	25	35	19	17	26	18	19	27	33	17	31	19	21	28	24	18	34	18	40	29	38	30	27	36	17	14	28	9	30	14	9	28	21	53	29	16	38	24	23	14	23
33	20	13	23	17	33	33	20	22	21	30	25	20	50	24	20	39	30	29	37	31	14	27	29	18	29	NA	42	15	19	25	16	27	24	35	17	28	47	22	27	23	32	32	30	22	33	32	27	30	22	22	NA	20	25	25	32	23	48	11	25	18	37	20	21	30	18	24	17	44	34	46	19	29	30	22	23	33	16	33	26	27	28	43	24	14	21	32	13	30	16	12	28	23	50	22	15	27	18	26	12	18
34	21	14	29	24	31	26	23	17	28	28	28	20	28	25	21	29	29	27	36	39	15	26	34	23	33	NA	46	17	25	20	18	24	20	36	24	29	27	27	30	26	32	31	34	23	30	35	18	20	36	25	NA	18	23	24	31	27	51	13	27	16	39	24	25	18	34	25	14	47	29	24	18	31	32	24	19	33	35	32	21	29	23	24	25	21	25	30	15	28	15	10	25	19	64	16	20	22	16	27	14	19
35	16	15	22	28	39	22	32	22	22	44	19	28	32	28	18	36	27	39	28	31	16	22	30	18	37	NA	35	20	33	18	25	28	19	22	20	22	25	35	21	25	20	25	24	20	30	37	25	27	36	25	NA	33	22	20	31	23	42	14	31	19	43	24	24	32	28	40	19	35	34	40	20	42	19	25	27	46	20	29	31	32	25	42	23	22	20	26	21	32	18	19	21	26	28	29	19	33	26	32	16	23
36	19	15	21	28	43	23	32	24	32	36	21	23	29	31	24	45	24	58	38	39	19	20	36	24	34	NA	40	16	38	21	29	29	24	26	12	40	18	26	21	23	22	24	28	26	29	42	25	29	45	14	NA	30	19	25	26	26	57	14	27	23	31	28	30	31	36	36	19	37	36	38	18	50	17	21	44	48	26	36	36	44	28	46	47	24	20	27	28	39	27	15	21	27	33	20	10	32	29	46	17	27
37	20	24	19	17	27	28	40	28	35	26	34	31	31	32	28	40	40	34	36	28	39	24	42	29	28	NA	41	19	44	22	28	27	30	22	19	44	23	24	21	15	18	26	45	26	23	34	23	30	31	16	NA	21	20	33	24	34	37	10	24	26	25	26	22	26	26	30	18	25	26	28	20	50	18	26	21	27	32	29	28	36	26	39	23	21	13	25	39	29	34	17	21	34	29	30	15	29	20	29	23	23
38	23	23	24	20	17	33	35	26	38	28	35	19	25	44	28	34	25	33	27	27	34	24	43	34	51	NA	27	22	29	21	31	31	41	29	37	27	26	22	24	19	26	41	45	29	19	31	26	28	36	20	NA	27	23	19	26	31	29	15	22	25	26	29	25	29	21	22	25	26	27	28	24	39	25	29	27	27	19	28	23	36	27	41	30	28	15	27	33	27	39	16	33	29	27	34	16	35	29	43	13	24
39	24	18	26	24	23	32	43	43	39	32	24	21	35	47	19	35	41	23	21	30	31	31	46	39	30	NA	31	26	29	19	25	32	43	28	27	25	29	25	30	22	31	46	41	19	26	37	39	36	29	28	NA	22	30	24	24	31	23	18	44	21	28	30	32	28	33	33	39	22	24	30	25	25	16	28	36	20	23	36	28	27	30	26	24	34	15	27	36	32	46	19	32	32	24	33	17	35	27	33	20	30
40	32	18	33	29	33	23	25	46	41	19	24	33	39	38	21	30	36	19	21	39	18	18	26	49	25	NA	41	37	28	23	28	40	38	36	29	22	25	30	32	28	28	29	50	30	31	36	20	27	23	38	NA	24	30	24	28	36	30	32	43	23	34	33	36	27	36	28	34	25	25	26	23	36	18	29	38	23	29	31	26	28	38	34	26	39	13	17	28	19	47	20	43	27	28	41	12	28	31	26	19	21
41	26	15	45	22	40	30	28	39	40	23	26	24	37	35	23	37	33	29	20	30	25	19	49	44	32	NA	28	43	25	20	32	47	39	35	32	24	20	32	23	54	33	32	53	23	40	36	22	29	25	41	NA	21	51	28	36	36	34	40	39	21	24	50	38	30	27	36	18	32	27	23	21	40	28	32	47	22	30	24	27	33	43	32	27	40	16	18	30	21	47	21	29	45	25	31	17	39	44	31	23	23
42	28	21	50	19	30	28	34	35	28	29	33	42	35	20	25	33	32	31	18	21	27	21	23	47	46	NA	31	30	25	25	39	24	31	32	34	24	26	35	23	46	34	29	50	28	41	26	25	25	33	22	NA	25	19	37	37	31	35	48	34	24	36	45	37	24	67	49	18	43	31	23	25	37	34	35	24	26	19	23	47	30	26	22	24	34	13	19	23	25	21	24	39	35	30	31	14	41	34	34	25	29
43	29	21	27	17	36	25	24	25	29	46	45	20	28	32	25	29	31	27	23	18	25	26	23	46	44	NA	34	29	22	33	26	26	45	27	39	34	25	49	20	30	38	39	36	36	23	32	50	27	21	25	NA	30	21	40	31	24	28	31	38	21	28	49	38	38	66	43	36	42	21	22	25	72	36	33	24	30	23	24	36	26	25	27	37	38	18	19	18	35	27	30	43	41	35	21	16	36	43	30	22	49
44	32	14	48	18	37	29	20	23	26	28	29	18	28	27	26	35	30	23	22	27	23	18	25	39	45	NA	42	24	24	28	39	27	34	31	41	38	22	41	25	23	28	28	37	21	28	27	41	31	28	42	NA	37	17	52	42	33	26	25	32	22	33	27	42	35	21	40	25	36	24	32	24	38	40	28	26	26	20	27	35	28	26	22	49	23	22	26	19	24	32	19	27	29	39	23	29	33	48	25	18	45
45	33	15	41	18	32	41	22	27	32	25	27	19	35	32	27	32	31	26	23	41	28	25	40	37	29	NA	45	26	31	21	46	22	39	29	25	22	23	34	21	19	35	65	35	26	40	31	33	26	25	44	NA	42	19	50	30	32	36	21	25	30	39	35	45	37	21	34	24	30	25	47	22	47	35	29	31	28	25	39	21	28	35	23	26	31	27	41	16	21	26	26	34	37	40	29	31	25	34	27	18	40
46	35	28	37	24	36	39	20	30	38	22	37	24	37	33	27	34	34	32	17	38	26	31	41	26	36	NA	40	27	34	22	65	26	34	31	27	27	22	29	19	25	18	62	33	25	25	42	37	27	35	25	NA	43	27	37	38	35	35	25	32	26	48	33	33	34	22	27	24	32	22	43	25	73	36	19	56	24	25	40	33	30	36	34	27	27	20	41	25	24	45	21	33	30	41	31	25	28	40	35	19	40
47	36	22	30	26	44	26	22	40	72	22	31	16	38	36	26	49	32	42	43	50	54	36	35	27	34	NA	33	29	46	29	38	31	37	35	29	39	24	24	18	27	24	63	41	39	35	42	32	35	34	32	NA	36	36	47	36	24	36	32	29	31	45	27	40	35	27	43	24	27	33	61	37	43	27	25	37	45	27	45	23	29	31	25	28	28	13	40	30	31	24	26	31	38	53	36	24	24	33	33	18	47
48	24	19	36	27	39	33	27	37	74	21	27	22	36	29	19	24	27	51	22	35	33	39	44	45	35	NA	30	25	46	25	58	32	41	39	29	35	21	33	23	31	42	30	29	38	36	52	34	29	31	24	NA	39	21	44	38	27	37	30	34	37	38	31	42	34	43	41	28	36	33	51	28	47	31	30	51	35	34	41	27	38	30	26	35	28	16	38	43	39	28	27	28	25	35	34	28	20	34	40	19	47
49	27	21	29	23	31	43	29	34	58	24	27	28	32	34	32	37	34	35	27	45	41	37	29	49	40	NA	22	26	47	33	42	38	41	40	35	33	25	30	25	37	45	38	28	27	21	43	33	30	48	36	NA	29	21	47	33	44	38	40	35	43	38	28	45	39	37	34	29	39	35	46	28	43	24	27	55	36	40	43	28	47	38	29	33	23	15	26	58	32	23	41	39	26	42	32	26	21	24	30	32	42
50	29	21	29	32	35	48	34	36	34	37	22	31	41	35	37	37	35	41	31	47	43	44	28	41	32	NA	24	26	36	30	41	50	48	50	33	36	25	30	23	30	33	37	31	28	25	36	34	46	47	37	NA	35	24	57	60	52	45	26	29	28	40	29	45	46	34	24	49	47	38	52	27	45	30	30	49	23	30	61	29	49	38	30	40	32	16	48	25	23	29	35	37	24	40	41	35	26	33	29	19	31
51	28	25	27	21	57	43	26	30	40	31	25	36	41	28	39	41	33	41	33	43	28	50	31	48	41	NA	27	27	27	25	50	48	46	42	23	29	34	35	28	40	26	41	35	25	22	34	43	58	39	39	NA	29	23	53	67	60	49	27	30	37	47	28	43	51	40	46	43	27	40	50	29	41	29	26	50	29	50	39	32	45	50	30	35	34	23	36	24	30	31	28	29	26	40	29	20	21	24	31	19	39
52	42	21	46	20	51	41	26	32	47	42	31	45	45	32	23	42	35	39	33	40	32	30	26	31	54	NA	39	29	21	22	43	34	48	41	29	36	34	36	26	40	35	41	39	26	38	32	38	64	50	32	NA	29	28	38	72	36	35	25	37	30	55	33	45	35	26	29	39	41	42	40	25	50	31	42	46	32	62	29	33	43	38	42	35	35	32	54	27	22	31	26	27	38	36	29	21	28	24	24	22	30
53	39	25	53	22	43	54	28	32	42	46	41	45	51	23	36	34	38	36	27	44	27	41	33	40	60	NA	32	34	30	36	50	35	52	36	27	39	42	33	19	35	37	36	28	24	46	29	36	62	43	30	NA	35	24	41	61	33	38	25	38	38	38	38	54	31	43	29	41	31	32	40	39	87	25	34	32	32	43	32	29	36	51	44	38	41	34	27	55	29	24	27	34	28	34	31	20	27	29	41	26	34
54	36	25	60	36	46	30	26	43	46	29	36	34	39	46	23	35	57	26	24	44	27	45	24	41	47	NA	83	31	30	31	46	36	42	45	25	39	44	32	26	49	46	48	30	25	39	27	29	49	27	40	NA	47	23	33	70	34	40	29	45	26	29	33	55	52	37	33	34	34	25	42	25	44	22	39	36	29	27	35	56	35	54	33	32	42	34	42	29	36	28	18	40	24	33	28	19	31	38	37	39	54
55	55	19	43	38	41	32	35	31	50	34	32	22	40	47	39	44	46	24	30	45	26	53	48	73	35	NA	32	29	37	38	40	40	33	45	43	28	41	33	27	37	41	59	36	42	28	32	29	50	37	32	NA	41	32	30	48	45	36	21	37	31	30	32	33	36	39	38	34	43	38	47	25	45	23	40	50	33	32	38	46	36	42	24	38	39	27	28	32	38	35	18	41	28	38	34	19	32	39	58	37	40
56	58	19	55	33	55	35	36	41	41	32	30	24	42	40	44	37	37	23	34	30	25	55	30	43	69	NA	44	24	44	31	40	36	48	48	45	33	47	36	33	63	53	57	40	41	29	28	34	48	33	46	NA	39	34	33	41	33	41	23	47	37	31	29	33	50	33	49	38	34	44	46	22	43	31	32	52	31	37	51	39	47	64	36	37	42	22	35	37	39	25	36	31	25	46	39	19	34	39	54	33	37
57	53	34	43	37	57	38	35	49	65	27	36	28	45	39	37	39	46	28	33	46	27	33	34	43	83	NA	36	28	42	32	53	39	55	54	34	34	34	57	42	63	33	46	30	25	26	40	31	43	42	34	NA	43	47	36	49	32	54	26	38	44	41	39	40	63	31	34	38	40	44	44	26	47	34	40	40	37	40	46	33	46	58	36	43	39	24	30	30	35	25	34	31	30	43	34	20	32	45	57	38	46
58	52	38	39	39	57	47	28	58	40	34	37	26	51	33	37	53	39	32	36	32	29	49	35	52	65	NA	34	30	35	61	32	31	57	41	49	29	35	45	50	51	38	64	48	26	48	32	31	40	53	68	NA	33	46	36	47	35	37	17	35	46	84	47	44	46	28	43	31	39	44	46	32	53	38	64	41	37	43	54	35	40	55	39	31	34	47	35	30	54	28	28	38	38	38	45	21	28	49	37	31	55
59	43	23	35	39	50	52	29	38	36	38	42	25	42	46	41	33	42	33	53	38	43	42	35	38	55	NA	36	34	39	53	36	33	44	42	37	34	35	48	52	38	29	40	43	33	32	30	35	40	44	35	NA	33	31	44	38	37	41	28	50	48	48	39	51	39	36	41	33	39	36	42	27	58	35	49	43	39	37	54	31	45	37	32	32	37	35	38	30	36	47	37	34	30	43	30	22	51	47	37	32	49
60	38	27	40	41	51	38	35	33	46	47	32	24	60	45	44	48	50	34	45	54	41	38	43	46	44	NA	42	30	36	31	40	53	51	42	33	35	33	50	30	35	33	39	35	40	42	36	39	37	41	40	NA	33	28	46	47	51	47	24	34	28	54	44	48	43	30	41	28	36	39	51	31	45	42	47	41	38	32	43	53	41	43	32	31	59	29	32	26	33	38	31	48	36	40	42	21	31	43	32	37	40
61	40	27	41	39	58	34	46	40	39	53	33	22	69	59	48	45	39	35	31	36	30	38	46	50	63	NA	41	38	42	29	48	41	44	49	35	44	41	37	38	41	28	44	43	33	44	44	40	51	43	40	NA	36	30	40	35	50	42	21	39	43	61	39	35	55	45	37	32	39	38	41	38	58	35	47	32	41	44	53	47	38	54	34	36	37	36	40	47	34	46	30	40	41	50	34	25	31	48	33	32	45
62	47	29	50	45	69	43	42	34	37	60	33	28	69	81	37	56	58	38	65	51	50	33	42	51	62	NA	48	42	36	29	49	33	35	43	40	35	39	40	39	33	29	48	45	37	57	46	38	54	37	49	NA	37	34	33	57	41	40	43	53	61	48	40	37	49	33	40	33	38	39	78	44	41	32	44	40	39	41	59	51	39	42	51	39	31	44	34	38	36	59	23	45	41	50	42	26	41	56	32	28	56
63	43	27	44	32	90	40	54	57	36	38	41	31	58	43	41	65	57	28	34	81	44	45	50	41	57	NA	51	36	28	30	51	34	36	38	30	32	48	48	43	43	36	50	69	48	47	51	42	84	49	42	NA	33	33	42	77	42	46	40	38	34	49	30	39	47	37	39	39	41	32	74	41	50	41	34	41	33	40	64	50	42	66	32	43	42	43	32	30	41	61	34	49	31	49	45	26	36	49	31	29	45
64	33	38	37	29	80	42	36	34	52	41	37	32	61	44	39	70	55	44	41	73	32	40	63	37	51	NA	58	31	46	31	47	40	45	41	34	29	39	47	35	37	28	46	49	44	39	88	41	85	30	36	NA	30	43	67	96	50	54	25	39	40	52	40	44	38	44	39	40	46	38	40	31	56	39	35	42	34	43	59	53	41	60	43	41	45	48	31	30	36	54	40	39	29	54	43	29	39	47	33	48	49
65	34	39	47	38	59	49	40	28	52	31	38	37	47	46	47	59	62	50	34	69	37	33	61	44	53	NA	45	32	34	37	40	40	55	47	31	28	59	51	34	40	45	43	42	41	32	41	34	58	33	71	NA	40	40	56	105	41	63	30	57	59	68	42	44	34	40	48	31	41	34	55	27	61	53	40	48	37	31	76	29	49	45	33	37	53	45	42	30	41	36	37	50	36	52	45	35	36	55	69	52	40
66	38	46	38	41	62	59	36	41	51	33	52	37	36	53	35	66	51	49	35	92	43	39	40	50	51	NA	51	43	47	33	42	37	48	52	36	31	50	33	41	44	40	53	40	60	34	48	37	60	30	59	NA	31	34	41	60	40	70	30	39	63	38	54	48	46	41	49	46	45	35	55	38	58	49	37	64	40	31	56	38	83	55	38	44	63	45	36	38	46	37	44	35	38	53	50	27	40	56	44	40	46
67	42	34	38	36	56	60	41	67	77	33	51	34	55	42	43	49	64	44	43	58	34	46	48	44	44	NA	52	40	55	31	48	42	55	78	41	33	52	46	56	50	39	51	50	47	35	48	39	45	79	47	NA	51	41	65	58	38	60	30	44	32	43	51	53	44	34	59	46	67	33	50	34	46	35	47	51	30	41	62	36	56	46	39	34	46	29	40	48	34	35	34	36	33	57	54	25	34	66	53	29	50
68	50	31	53	38	66	67	44	58	65	31	92	27	52	47	50	44	51	46	49	66	44	38	45	42	50	NA	42	41	53	28	34	51	45	50	45	33	56	42	41	52	42	41	50	47	32	75	57	50	54	67	NA	47	40	56	61	56	53	21	55	45	47	42	46	44	37	73	51	73	36	50	34	42	43	37	64	42	43	82	54	55	47	43	41	51	32	35	35	37	40	47	37	33	49	51	30	43	49	50	29	45
69	37	28	37	31	72	53	45	39	62	37	116	31	71	52	42	50	49	44	54	58	47	39	46	70	58	NA	49	42	47	33	42	55	46	89	32	32	52	52	48	49	33	43	38	37	57	64	50	57	43	57	NA	34	41	74	63	36	63	24	45	42	54	43	51	47	47	48	34	45	50	46	34	45	43	49	51	36	49	73	57	58	76	36	67	48	31	42	36	36	50	47	47	35	53	57	36	32	52	57	35	42
70	45	26	55	28	51	56	28	49	65	56	49	43	56	66	40	46	41	51	55	51	40	43	42	76	66	NA	45	61	63	37	42	51	73	51	57	33	65	42	42	53	32	47	50	41	42	69	45	60	48	64	NA	38	37	43	74	50	67	25	46	47	69	45	41	51	37	53	41	50	63	54	41	44	35	35	45	27	50	72	54	51	83	49	65	35	34	42	40	43	39	52	46	37	58	50	30	43	39	55	40	49
71	43	32	51	23	44	51	37	56	61	61	38	49	60	82	40	50	51	55	44	57	41	56	42	64	65	NA	66	48	47	43	42	43	81	76	38	45	55	51	38	43	31	51	66	43	65	50	44	57	37	49	NA	39	33	45	51	46	81	34	62	59	45	42	51	45	64	57	48	47	43	54	31	62	35	40	42	30	42	69	49	62	80	47	46	47	37	54	49	37	52	49	45	34	65	53	35	48	42	71	34	46
72	58	63	86	40	52	44	34	55	46	46	55	32	70	54	41	47	48	59	37	43	28	57	45	55	77	NA	50	38	48	33	45	68	52	64	39	46	46	40	38	48	49	54	52	30	65	63	41	53	36	61	NA	59	35	46	55	43	91	42	68	46	55	42	43	55	47	62	47	56	50	47	36	58	52	55	51	35	56	68	45	69	44	42	54	64	43	70	54	35	43	58	68	38	66	46	27	38	44	52	40	40
73	62	78	74	35	44	52	38	68	62	45	46	56	88	45	44	51	52	65	33	54	36	79	61	51	97	NA	56	36	46	32	41	51	44	105	54	87	50	37	62	56	58	47	54	29	55	51	55	51	59	44	NA	49	38	58	61	58	80	45	75	50	50	43	56	51	46	48	47	51	42	60	36	52	52	63	46	43	47	69	45	54	50	46	55	56	29	44	57	34	45	55	57	41	49	46	30	48	56	56	37	48
74	48	44	72	39	44	58	39	86	78	64	46	44	92	52	38	56	59	36	42	61	41	44	67	60	76	NA	46	42	45	36	46	50	49	62	40	68	46	54	39	75	34	49	40	45	42	59	41	64	61	67	NA	56	35	41	56	70	54	27	50	57	59	35	50	66	68	54	53	51	41	47	33	74	53	55	51	56	70	60	45	48	43	58	42	48	29	47	63	43	53	34	59	68	44	53	31	52	62	48	37	60
75	43	41	74	38	58	73	39	67	52	60	47	43	81	57	37	47	62	53	38	61	42	51	49	49	72	NA	63	40	49	39	56	74	56	64	50	50	49	65	58	86	48	97	44	41	56	64	75	51	41	47	NA	53	32	45	47	64	68	43	71	46	69	44	38	62	72	74	55	50	46	59	37	45	41	53	48	52	49	79	50	57	50	42	45	53	37	34	33	46	46	58	65	37	47	74	36	53	41	55	43	62
76	52	36	75	41	77	69	41	87	67	52	43	37	82	44	44	44	55	46	42	58	32	57	49	47	49	NA	52	44	41	36	66	40	60	55	40	60	58	53	65	54	46	136	42	44	54	58	59	57	41	62	NA	51	33	50	55	53	114	30	48	50	63	37	51	49	68	74	52	56	85	52	37	67	51	80	44	51	45	75	44	51	49	41	49	48	39	59	63	37	58	37	38	31	47	74	40	43	37	54	37	47
77	55	38	70	41	58	63	45	52	69	57	61	38	79	80	41	74	64	51	80	61	39	63	52	48	59	NA	50	43	51	36	62	68	53	64	40	54	45	50	69	68	34	76	44	42	56	65	62	49	55	44	NA	55	32	54	55	54	78	29	56	55	56	51	65	39	40	87	46	43	54	59	40	53	79	65	53	43	59	77	54	53	55	49	42	50	41	48	57	35	49	39	54	39	55	85	33	50	42	75	37	61
78	91	55	72	40	55	65	48	59	67	50	59	38	73	98	73	49	58	57	76	49	44	53	45	45	61	NA	65	42	68	41	54	86	65	67	51	39	55	50	88	51	38	55	44	45	64	104	46	57	54	59	NA	64	39	58	50	66	53	25	58	50	53	57	73	45	48	62	50	52	47	64	68	63	64	72	53	47	49	80	50	72	54	52	47	55	38	46	46	34	57	40	73	62	60	47	49	79	45	81	31	59
79	79	49	88	45	59	60	39	60	63	42	54	35	61	46	59	64	67	45	57	55	40	65	67	49	70	NA	56	52	55	51	58	65	88	56	53	49	40	47	71	69	50	55	51	37	59	95	46	61	52	52	NA	39	60	56	57	54	84	41	73	45	91	48	78	65	78	105	49	72	59	46	50	67	60	49	63	42	56	78	49	60	77	38	46	54	56	44	49	60	43	51	71	64	78	56	46	68	52	59	39	57
80	51	49	58	49	59	43	50	67	54	44	66	44	66	58	55	64	67	43	61	73	43	59	60	53	78	NA	70	53	57	52	76	67	88	58	53	51	41	47	69	69	51	87	56	37	51	88	55	75	65	55	NA	41	56	50	91	70	67	49	98	46	53	54	79	73	51	61	45	64	58	62	52	68	48	90	65	41	46	92	54	55	60	49	48	42	39	71	46	48	36	42	60	47	73	45	32	48	38	67	36	74
81	61	65	62	48	78	50	50	66	74	36	70	45	73	63	54	53	65	50	58	77	52	78	49	60	81	NA	65	41	41	41	46	52	63	63	40	42	46	49	97	47	51	64	56	49	65	62	60	55	46	44	NA	49	63	63	63	84	79	41	55	46	58	55	73	71	52	72	42	61	59	47	79	81	48	69	50	64	55	73	78	121	79	41	53	72	35	51	42	55	35	51	48	49	66	47	34	47	66	105	47	66
82	70	56	64	60	51	71	46	50	85	56	56	50	95	68	58	56	49	44	100	78	58	53	72	53	80	NA	67	41	69	41	61	72	68	86	42	44	60	44	70	46	48	62	59	39	60	52	54	55	49	49	NA	61	67	80	62	95	78	37	68	65	75	62	57	52	49	67	53	57	54	53	48	67	44	56	74	51	49	57	68	62	61	40	48	64	34	42	57	73	39	42	50	55	63	55	32	48	56	57	48	80
83	51	39	68	50	66	64	47	61	57	56	51	42	87	69	49	85	49	49	48	99	57	64	91	74	86	NA	64	39	60	52	58	57	65	78	47	58	46	77	46	63	87	56	71	42	50	78	63	75	57	54	NA	71	46	56	58	61	67	27	71	53	71	63	61	61	53	82	55	60	51	59	46	56	56	50	78	49	52	101	61	55	55	51	55	65	42	60	54	78	39	56	59	56	69	57	36	51	56	79	41	68
84	62	31	62	49	61	64	49	60	62	64	55	29	80	54	46	57	69	45	43	86	69	55	64	84	70	NA	68	47	57	51	90	78	49	66	43	58	57	59	53	51	70	56	116	46	45	54	55	73	56	67	NA	69	88	74	108	68	67	33	72	72	69	91	86	82	47	68	78	65	80	64	56	57	61	63	54	44	87	86	70	53	60	52	52	68	50	57	47	81	47	37	69	48	69	59	53	47	51	66	42	81
85	62	33	93	54	62	57	44	91	65	73	75	32	59	72	54	85	77	45	56	57	50	56	73	63	86	NA	47	58	57	49	100	76	73	41	65	73	55	83	73	60	69	54	63	54	79	70	55	69	53	54	NA	72	55	61	101	66	56	34	74	72	60	57	108	99	55	71	66	71	72	59	43	80	49	57	65	40	65	76	93	49	77	49	69	83	33	59	53	53	57	64	58	50	66	51	55	50	49	69	44	69
86	63	39	63	48	57	53	55	61	68	41	76	47	56	83	54	105	87	51	84	72	46	61	67	60	104	NA	82	64	58	49	65	57	71	60	66	70	58	76	46	49	82	102	63	53	47	57	58	57	56	60	NA	82	68	61	54	60	79	37	73	73	60	42	64	107	57	79	50	68	50	86	51	93	61	77	54	55	68	64	88	59	64	45	51	149	40	67	50	55	45	45	49	50	60	53	47	66	75	88	45	53
87	55	44	71	46	54	55	51	75	59	50	62	47	52	58	54	77	75	42	72	97	42	64	45	71	79	NA	67	59	68	45	72	52	70	68	63	73	53	69	52	50	52	92	72	54	70	63	71	54	54	58	NA	67	63	63	64	74	81	34	92	48	68	58	98	62	63	99	56	72	63	66	66	89	80	59	70	39	49	93	87	95	99	47	62	104	51	61	63	58	45	44	57	54	82	54	61	91	87	100	52	65
88	61	42	75	42	53	94	51	75	59	48	62	46	79	53	57	70	65	82	74	83	44	55	47	73	73	NA	78	73	68	48	57	87	67	72	85	91	69	70	54	66	52	67	89	56	57	69	56	59	78	65	NA	58	53	66	58	72	113	40	74	73	96	58	76	73	72	73	53	68	155	69	72	88	53	64	83	43	95	88	69	61	113	46	58	95	53	60	71	68	52	58	62	52	100	70	47	59	74	52	48	69
89	71	51	100	39	54	94	76	102	65	49	62	50	94	64	59	104	74	101	58	73	71	70	51	82	61	NA	62	54	60	49	69	91	70	69	71	90	51	54	46	65	53	64	66	68	66	71	69	73	87	73	NA	49	65	54	92	80	86	36	61	67	86	63	99	62	64	97	59	92	127	110	79	69	61	59	62	58	78	69	67	71	74	61	61	85	55	78	59	48	51	67	86	48	58	63	57	58	60	69	52	91
90	59	42	96	61	80	61	70	118	56	62	65	59	87	52	58	101	81	63	52	75	45	69	51	78	64	NA	72	67	52	52	62	96	66	66	76	74	71	66	62	75	56	52	67	74	76	72	75	50	68	105	NA	60	60	72	107	87	84	41	56	53	74	71	76	109	59	116	59	81	63	84	74	74	67	62	78	43	86	68	80	72	77	61	69	103	44	68	56	47	53	69	75	54	60	64	54	65	81	59	59	62
91	82	43	111	39	83	57	60	96	80	63	78	91	79	65	49	77	67	81	58	67	47	68	55	71	63	NA	81	47	57	59	64	93	127	96	49	50	48	57	42	56	59	79	55	61	72	57	102	60	70	80	NA	57	69	70	65	94	64	44	50	69	89	72	81	64	63	62	55	55	68	63	50	75	55	44	81	50	79	51	67	65	73	70	62	107	50	54	57	63	64	63	65	66	83	65	54	54	66	57	44	109
92	76	37	77	64	123	80	65	113	87	62	66	69	81	65	42	80	58	67	78	88	58	55	71	71	62	NA	72	56	82	66	82	66	89	76	41	60	51	67	44	52	78	78	73	61	70	65	91	59	80	65	NA	62	41	61	65	64	101	39	62	59	62	48	75	77	64	68	58	70	66	58	51	85	66	90	79	46	79	64	67	74	77	57	67	70	55	60	55	61	63	51	86	73	59	75	63	53	80	61	64	83
93	59	43	70	67	90	83	76	98	74	53	93	75	79	97	54	74	58	66	61	60	57	61	53	75	59	NA	103	50	69	65	79	55	67	111	49	59	93	86	53	54	64	83	71	70	73	76	65	59	57	56	NA	67	59	67	74	68	60	39	106	81	65	57	79	71	64	65	52	78	69	59	62	70	60	113	85	58	77	55	64	53	105	73	97	66	53	52	60	62	62	60	84	69	96	78	56	52	65	75	53	87
94	85	56	87	66	112	62	55	74	86	76	58	76	66	66	55	84	95	75	66	110	53	81	53	71	72	NA	92	71	76	74	70	60	69	100	51	79	77	90	51	65	118	79	97	59	67	65	114	89	111	68	NA	67	65	112	83	75	87	34	154	67	92	60	67	63	113	54	61	61	69	67	71	83	52	71	94	46	86	54	105	72	84	56	56	57	59	65	50	81	55	62	66	56	89	50	43	69	69	70	66	70
95	114	58	101	55	62	64	58	60	82	106	66	53	62	66	57	67	64	74	69	73	64	86	67	82	63	NA	75	52	79	75	83	61	64	78	59	90	65	70	64	68	65	68	75	53	70	59	69	102	85	63	NA	82	67	76	64	62	82	40	88	93	67	97	66	65	134	66	98	85	60	80	68	105	62	81	72	71	85	68	67	68	70	70	64	74	64	57	81	69	86	69	62	59	84	73	40	63	86	69	95	66
96	155	46	78	75	76	78	69	69	63	94	66	44	59	67	59	78	62	71	66	90	61	72	57	79	60	NA	69	83	71	50	102	70	55	65	63	71	64	92	68	90	55	81	59	58	86	68	62	94	67	72	NA	61	63	78	95	59	64	62	60	100	137	81	82	66	62	65	89	63	98	82	89	95	85	89	82	57	60	98	87	58	62	73	69	80	46	82	83	68	69	88	89	63	93	61	49	79	95	107	76	79
97	72	50	70	73	88	81	62	87	76	63	64	72	77	84	79	80	91	83	64	86	64	74	73	76	71	NA	80	75	61	67	91	81	62	111	75	52	51	80	81	80	72	63	60	76	70	72	67	75	74	90	NA	70	73	70	68	87	77	65	65	67	134	70	89	56	65	62	67	85	78	80	71	57	81	75	91	88	84	70	91	72	66	62	56	68	56	140	67	75	49	94	91	67	58	87	46	85	77	73	67	62
98	58	76	97	79	66	77	74	63	96	66	63	59	76	88	107	84	77	108	52	77	66	60	67	71	55	NA	81	53	54	56	93	73	77	96	112	63	59	76	73	71	62	74	81	73	70	79	79	79	106	56	NA	80	55	58	68	71	65	45	78	64	125	67	72	61	90	62	67	88	113	55	56	64	81	70	136	60	59	71	86	97	74	95	67	57	51	76	56	97	76	74	66	60	66	75	50	45	69	53	84	62
99	78	101	63	88	57	66	72	55	73	81	65	110	84	88	85	76	66	73	71	52	92	55	87	69	107	NA	78	57	64	52	63	96	62	81	84	60	52	80	60	71	68	79	82	81	65	82	70	54	124	55	NA	79	48	52	62	57	79	37	66	63	78	63	63	59	68	89	76	63	61	59	51	64	75	70	77	59	81	64	91	85	77	87	64	68	55	80	58	116	55	69	62	64	61	69	60	98	78	66	64	57
100	100	53	66	76	64	66	62	48	64	80	78	69	94	98	69	62	68	113	122	69	59	99	78	81	108	NA	65	54	76	55	74	59	64	79	61	66	75	84	95	89	57	79	77	59	73	71	69	98	96	73	NA	79	53	65	70	63	91	52	69	72	64	70	64	61	113	100	72	83	71	65	58	58	67	73	65	80	58	62	90	100	72	70	80	62	46	85	64	74	69	59	56	57	77	71	42	76	63	85	74	61
101	63	57	64	70	63	71	117	133	60	74	76	55	69	107	61	83	67	63	69	94	58	60	74	74	114	NA	58	49	92	73	64	64	56	53	59	71	61	60	69	69	69	84	84	69	96	76	66	81	82	64	NA	76	50	80	84	83	63	57	76	78	56	62	68	69	98	64	88	86	48	70	85	53	71	60	58	56	75	78	81	81	66	68	55	77	47	63	52	71	62	70	67	59	64	61	49	74	72	67	60	48
102	63	77	76	86	64	73	70	139	57	77	74	68	65	116	76	58	69	58	75	90	72	93	57	58	58	NA	70	57	90	75	65	93	58	56	80	126	85	71	60	69	61	96	93	65	86	60	70	83	99	74	NA	72	77	64	53	115	83	53	68	77	117	57	89	77	77	102	84	113	57	77	63	71	55	56	58	84	105	56	86	109	64	65	63	80	68	79	56	96	81	65	57	56	73	55	62	57	72	63	92	58
103	60	153	66	71	62	57	65	64	72	71	142	71	72	72	98	76	97	65	63	84	76	65	78	67	51	NA	68	69	75	93	62	67	84	56	86	73	129	67	85	70	71	53	67	66	67	55	58	49	72	86	NA	59	103	84	92	93	77	52	63	74	80	53	77	66	74	87	56	68	101	68	65	70	52	54	79	65	72	45	89	121	68	75	59	86	80	87	61	95	64	78	64	57	63	62	52	81	90	67	77	70
104	66	77	59	83	63	63	100	91	105	80	86	80	54	72	92	58	115	70	72	63	68	56	57	53	47	NA	82	110	71	105	55	68	59	78	86	75	102	66	67	73	64	55	72	67	84	53	77	60	68	66	NA	63	69	79	54	58	77	51	62	87	66	58	66	63	98	69	66	67	81	65	61	74	75	64	54	59	78	48	91	71	66	70	63	76	53	77	64	123	64	95	90	76	71	83	57	93	72	50	82	48
105	64	66	59	63	59	94	63	82	70	64	99	60	59	98	91	64	76	67	71	48	88	58	58	73	50	NA	84	130	61	81	53	71	62	55	139	73	114	48	73	76	71	75	60	68	80	51	79	65	73	52	NA	60	78	57	55	103	80	73	67	81	57	70	78	70	88	72	52	56	69	56	64	82	70	53	57	66	67	90	65	86	57	64	54	119	63	69	67	80	63	78	80	71	42	60	70	93	69	61	76	59
106	86	58	69	73	60	58	74	55	93	61	133	54	48	94	106	67	54	73	76	59	74	79	59	87	51	NA	85	95	78	75	81	59	64	56	70	72	86	69	82	56	59	67	60	69	71	77	69	65	76	66	NA	69	63	73	50	78	48	61	61	121	51	69	57	71	72	94	67	71	54	90	84	61	72	65	63	71	120	54	79	70	58	69	63	89	57	68	84	93	68	61	79	70	44	68	62	64	68	90	90	65
107	61	51	76	66	64	50	88	78	72	73	116	62	48	60	79	66	60	58	75	48	84	97	67	65	38	NA	96	68	66	80	70	64	60	88	80	62	127	58	108	72	69	61	58	79	66	64	67	78	59	66	NA	74	58	80	59	53	66	56	86	78	55	69	47	76	63	103	64	90	98	114	70	48	107	72	65	74	88	71	57	57	46	103	67	79	86	70	87	69	86	63	69	71	57	58	60	86	56	59	78	58
108	64	63	51	113	61	59	94	66	76	51	66	81	29	53	86	53	48	77	62	70	65	76	81	57	45	NA	50	73	77	74	72	57	52	76	56	97	82	62	75	66	56	56	61	69	75	55	60	84	58	67	NA	60	76	94	64	53	46	48	69	48	54	54	66	46	72	107	66	86	88	80	65	58	72	70	79	92	73	66	71	74	53	89	72	79	83	54	83	68	109	60	76	73	67	56	64	78	51	75	128	65
109	55	61	63	94	62	52	77	70	39	49	80	75	42	90	76	58	39	82	65	62	79	67	72	79	33	NA	56	63	122	91	57	49	70	65	60	88	77	66	70	57	69	62	74	90	72	62	84	57	63	52	NA	69	70	74	60	48	75	54	79	58	49	49	68	50	66	65	79	81	63	55	81	39	96	94	81	97	56	38	65	61	55	90	71	61	114	62	87	88	68	54	85	71	58	79	52	88	50	59	93	54
110	76	64	51	74	55	44	110	66	40	102	85	77	52	70	67	44	44	75	54	60	78	61	83	65	33	NA	58	95	117	72	55	56	71	60	59	141	60	52	64	62	101	88	76	76	105	47	49	43	64	60	NA	79	62	53	54	43	56	57	66	65	50	69	60	62	71	56	83	48	78	71	65	45	58	81	82	69	84	47	59	46	58	58	55	71	79	66	65	110	74	92	60	86	53	57	68	91	68	61	68	51
111	63	61	64	61	45	39	100	48	50	66	65	81	49	49	68	42	46	61	61	50	69	64	79	64	51	NA	58	107	83	62	63	57	54	61	70	67	80	59	71	66	89	52	57	92	66	38	78	44	87	82	NA	58	65	74	39	42	44	89	68	52	51	84	50	81	76	49	105	55	84	50	68	37	67	121	61	73	72	40	49	39	37	70	54	60	53	59	74	123	78	100	125	78	63	46	61	57	77	104	77	54
112	45	71	51	69	58	46	69	59	41	70	77	69	38	56	57	61	47	68	48	41	68	60	61	45	27	NA	61	83	75	63	56	70	53	48	90	92	93	62	65	56	84	55	60	76	60	86	64	45	86	68	NA	75	79	75	42	39	51	67	58	89	38	76	61	72	96	55	80	51	91	76	70	62	65	66	56	102	67	42	62	43	37	74	60	57	84	54	71	108	88	68	60	68	77	60	59	67	65	84	83	43
113	67	65	59	77	60	45	59	53	31	60	63	69	42	86	67	45	75	77	59	43	110	60	65	46	28	NA	52	76	71	59	48	72	62	47	81	86	112	122	80	51	75	47	51	76	67	49	49	56	104	54	NA	64	72	60	48	50	57	70	61	61	41	74	53	64	111	57	82	52	68	48	92	69	85	67	57	98	52	32	54	46	41	63	65	56	71	46	74	67	90	58	48	95	81	79	60	65	62	50	79	35
114	74	67	54	60	75	52	70	53	34	51	46	68	43	56	83	51	42	52	63	83	106	78	53	43	30	NA	55	110	77	73	60	50	45	57	86	88	82	61	66	57	80	57	45	65	134	46	59	53	71	49	NA	61	67	56	48	44	51	70	51	60	41	80	47	47	59	42	62	53	56	55	65	45	64	61	55	79	44	38	53	48	53	73	51	53	50	46	64	90	86	85	58	67	71	77	63	72	88	42	68	62
115	56	66	48	70	66	44	64	61	30	62	69	55	28	56	59	50	66	69	60	59	67	71	63	46	31	NA	56	70	70	66	51	77	34	63	94	62	66	62	63	58	90	44	44	62	78	53	69	60	41	49	NA	51	78	44	37	45	43	61	36	98	27	79	49	47	117	58	74	47	48	43	62	25	68	74	56	71	53	22	55	50	43	67	49	70	67	48	67	78	53	56	70	78	54	45	83	58	63	45	89	62
116	80	91	35	94	56	59	75	51	28	81	50	86	25	47	67	57	44	56	54	56	88	46	51	55	41	NA	71	69	50	87	48	71	29	43	75	58	77	57	86	63	60	45	61	68	76	44	111	42	51	50	NA	88	61	59	68	41	33	61	49	64	27	56	65	62	56	63	77	68	42	44	63	25	66	74	55	92	51	23	56	48	65	83	53	49	63	56	62	89	68	80	96	80	43	42	75	63	53	49	80	38
117	85	81	41	71	41	55	52	46	31	55	57	72	35	47	71	34	46	48	53	38	53	70	58	46	25	NA	51	55	61	85	40	61	33	32	65	54	60	48	65	69	77	40	65	77	89	38	107	64	51	57	NA	74	74	48	49	44	35	76	79	65	29	66	64	55	42	36	50	55	41	58	61	26	67	54	55	96	46	17	48	43	50	74	57	47	78	73	81	71	56	71	67	56	43	55	101	66	52	56	90	56
118	53	80	46	70	41	62	62	43	30	92	67	74	46	55	46	31	39	52	48	39	61	60	51	58	16	NA	51	68	64	52	70	57	36	35	74	73	63	49	87	63	67	44	52	82	52	54	65	53	54	72	NA	67	59	50	42	31	42	89	40	57	28	75	57	43	45	36	66	29	43	44	100	26	67	95	65	85	73	19	45	32	41	52	58	54	69	81	77	86	73	75	54	70	37	45	84	51	49	44	80	49
119	43	54	42	87	30	47	59	40	28	83	49	65	37	59	66	27	36	57	48	37	63	59	46	53	21	NA	37	85	52	71	38	57	40	46	92	53	49	43	58	63	59	40	48	86	46	52	66	42	46	61	NA	63	57	54	36	31	40	90	47	59	33	72	72	45	57	54	61	35	39	39	75	25	64	76	58	63	40	10	54	32	33	46	69	86	53	55	85	76	71	64	69	60	40	55	89	85	49	40	59	38
120	37	94	32	80	65	97	82	58	26	59	65	56	29	64	75	23	40	57	36	32	76	63	44	44	22	NA	29	94	46	66	40	60	36	40	153	44	102	51	49	52	56	44	42	71	51	38	57	35	44	60	NA	47	88	45	40	38	29	80	50	54	48	59	49	34	66	36	68	48	39	40	74	22	60	55	43	60	28	10	60	41	31	45	60	70	78	60	57	45	65	53	45	80	53	51	77	63	59	48	69	65
121	32	99	44	77	51	29	69	34	22	54	68	54	23	54	52	19	34	65	54	29	75	48	48	36	25	NA	27	51	60	59	39	35	44	45	65	58	64	74	67	67	74	47	45	78	78	40	45	26	61	39	NA	52	63	40	36	42	39	58	30	43	41	39	44	28	64	37	64	51	35	29	67	21	59	69	38	53	36	8	54	23	38	46	60	70	80	48	59	63	88	50	45	64	52	51	68	57	54	48	91	59
122	46	72	42	70	44	29	49	32	19	55	102	79	23	40	59	25	51	54	50	28	68	65	39	28	19	NA	30	60	74	73	49	60	47	60	64	53	55	57	85	79	68	50	42	58	66	22	55	30	42	63	NA	47	81	28	41	42	35	66	32	53	23	64	48	29	67	35	78	44	32	46	70	22	61	60	43	59	47	12	64	27	49	54	60	80	64	47	63	65	58	79	55	58	49	55	67	54	43	41	61	35
123	36	67	31	73	41	34	61	30	25	59	48	75	14	54	92	27	34	49	41	26	69	51	28	27	20	NA	32	51	61	61	47	40	28	51	57	41	40	45	80	67	93	36	27	58	52	20	35	20	47	34	NA	45	59	37	39	46	18	76	30	43	24	46	42	33	43	34	50	32	41	36	89	22	73	63	46	54	48	11	48	48	25	54	48	68	64	44	47	62	47	96	44	62	45	35	60	50	39	27	72	35
124	31	70	21	64	29	33	55	34	29	53	47	60	15	40	101	23	31	44	32	28	58	49	43	30	20	NA	26	57	55	72	47	74	25	48	55	62	41	42	53	62	74	31	42	56	54	17	37	22	36	40	NA	35	82	39	31	24	21	85	24	43	30	52	39	32	35	33	51	28	34	41	55	19	72	55	43	51	42	13	31	29	31	49	34	42	73	43	47	71	69	56	54	50	27	35	60	48	38	28	94	26
125	44	51	25	67	20	25	56	45	25	48	40	57	10	30	73	24	23	55	57	31	61	53	40	32	14	NA	28	50	36	55	46	50	26	39	85	56	37	50	47	64	47	29	45	55	40	21	34	23	44	37	NA	50	46	26	31	19	19	89	26	39	17	40	44	30	29	30	50	26	42	50	60	20	61	56	39	75	27	13	38	28	50	39	37	38	75	36	47	68	60	64	52	59	39	38	64	61	49	30	55	29
126	36	58	34	85	29	13	60	39	20	48	40	58	12	33	58	19	21	54	53	34	54	59	46	34	13	NA	26	59	43	47	41	45	19	41	58	52	36	28	51	92	47	18	47	73	37	20	22	24	36	25	NA	42	41	31	37	17	14	82	35	34	16	49	49	24	50	23	58	24	44	43	68	27	54	58	36	60	26	7	66	23	51	55	51	45	63	55	41	67	47	61	43	51	31	50	57	53	44	26	56	21
127	33	68	31	64	23	16	58	44	28	42	28	57	12	36	69	18	22	53	59	26	61	56	54	20	13	NA	32	47	34	42	33	36	24	41	55	58	39	29	51	51	54	16	34	78	35	20	30	28	52	28	NA	37	37	34	27	22	16	60	30	48	20	54	39	25	36	19	57	28	40	31	54	15	61	53	49	62	24	10	42	24	17	48	36	35	56	32	56	49	74	48	25	79	30	58	65	53	40	19	64	17
128	39	85	31	53	26	18	49	63	19	39	28	70	15	43	61	16	20	37	40	19	61	57	40	31	18	NA	26	50	53	57	51	22	26	39	45	55	39	25	52	42	57	17	30	70	27	14	44	40	36	39	NA	49	52	21	21	18	11	70	21	32	22	47	28	25	25	23	45	22	33	27	49	11	76	49	35	59	28	9	35	26	17	35	35	37	65	31	54	50	57	45	16	48	24	53	57	45	41	20	54	17
129	37	58	21	83	37	24	39	52	21	32	30	60	19	50	52	15	20	49	45	19	62	44	35	21	16	NA	21	54	33	41	54	20	35	28	32	43	33	24	45	43	55	12	27	41	37	12	32	31	26	40	NA	47	52	21	17	18	13	87	22	25	23	43	29	20	42	21	29	27	33	23	47	13	55	50	39	40	32	11	35	20	16	54	61	35	87	51	46	48	50	36	23	42	42	35	70	39	53	20	58	23
130	20	78	16	46	23	28	46	31	21	32	41	41	17	42	58	16	14	52	36	19	58	45	30	20	17	NA	15	39	31	52	33	21	22	30	31	37	48	22	47	39	57	14	18	66	47	13	31	33	33	23	NA	30	65	31	10	12	14	82	20	24	22	32	27	23	30	19	32	17	55	21	48	13	49	39	23	47	34	8	22	18	30	75	27	35	68	39	48	38	46	33	31	51	39	31	69	26	35	16	54	17
131	29	52	12	57	26	28	46	25	26	33	27	46	9	38	58	14	14	52	53	22	71	32	21	17	15	NA	14	40	30	40	52	28	29	22	39	37	28	32	47	41	44	16	16	48	44	19	22	19	39	16	NA	37	55	18	21	9	12	65	25	41	21	45	24	24	40	18	34	20	47	19	56	13	46	38	25	60	32	10	20	15	16	89	37	15	55	34	36	34	41	34	14	41	30	20	78	30	44	18	50	15
132	33	62	11	86	25	26	46	16	16	50	22	49	12	44	38	10	13	52	45	18	51	52	24	18	10	NA	16	46	32	35	36	40	29	23	36	34	26	27	53	35	30	10	18	73	44	18	36	15	41	14	NA	28	78	23	21	7	11	71	22	19	18	30	24	27	30	16	28	17	30	20	74	8	46	46	26	68	18	11	17	15	11	46	30	14	69	26	52	45	40	35	14	42	28	23	91	27	50	22	47	12
133	24	71	11	72	19	17	39	11	13	51	37	51	13	31	28	9	12	40	23	17	38	48	33	13	11	NA	13	55	36	36	26	16	16	19	53	57	19	21	41	41	42	10	18	68	35	17	26	15	44	12	NA	41	43	31	20	7	6	72	13	35	16	31	26	15	25	14	29	18	20	14	73	5	40	33	21	35	23	10	19	12	18	34	31	11	55	39	47	55	35	32	16	37	19	25	75	24	26	15	31	10
134	31	89	15	70	16	13	43	17	16	49	34	39	10	35	28	11	10	34	27	11	59	39	31	9	11	NA	15	54	48	47	29	17	21	17	50	33	32	28	40	32	36	10	25	37	26	19	15	17	34	11	NA	39	50	23	15	9	5	94	12	18	7	42	20	17	16	14	28	19	10	22	50	5	45	29	19	57	15	10	18	13	16	25	39	13	51	22	44	44	59	29	28	52	11	22	68	19	35	16	47	13
135	30	46	16	54	16	19	40	17	13	33	22	62	10	16	28	12	8	42	26	12	53	34	28	9	12	NA	14	47	48	37	31	13	19	22	49	44	23	19	31	28	60	10	27	49	27	17	16	17	23	10	NA	37	42	25	12	7	6	61	18	17	7	47	15	16	28	15	22	16	15	24	57	7	43	26	47	48	13	9	18	15	15	29	45	18	62	44	69	31	44	28	22	47	10	10	54	23	28	12	37	11
136	28	44	11	44	18	10	45	12	7	42	23	54	11	13	23	9	7	50	25	11	46	36	31	9	17	NA	11	31	24	37	28	11	13	20	50	45	22	20	27	24	41	17	32	40	45	9	14	19	30	9	NA	22	30	25	10	9	4	59	16	15	7	44	13	19	24	16	18	17	11	26	55	8	43	27	37	50	23	10	14	14	14	27	32	19	81	52	40	28	36	31	38	34	10	12	64	25	15	12	37	13
137	14	72	10	28	19	12	72	9	5	77	17	54	7	13	23	16	8	37	37	9	31	25	18	6	21	NA	11	43	23	34	30	14	14	24	47	44	18	17	25	23	24	13	24	38	35	11	14	20	27	7	NA	42	37	27	7	7	3	44	9	21	11	30	10	12	14	10	20	13	9	23	60	4	29	24	27	38	14	6	14	10	13	24	23	19	58	39	39	18	30	27	13	25	9	21	44	31	18	9	34	9
138	23	35	10	54	14	11	76	9	4	41	13	48	5	12	21	16	7	21	37	9	37	29	15	5	20	NA	6	44	22	31	28	18	12	23	29	37	16	20	26	23	48	8	28	30	36	11	12	18	22	7	NA	40	32	28	5	7	4	45	8	18	11	27	16	12	11	10	32	10	12	13	26	4	35	21	18	39	25	5	18	10	15	26	20	14	61	35	44	18	28	27	11	18	5	16	51	29	21	8	30	9
139	25	54	10	44	7	11	51	9	4	69	20	37	6	12	21	11	7	22	24	8	59	25	17	6	15	NA	9	48	27	21	26	18	14	18	34	27	14	17	19	29	46	6	18	22	34	13	10	13	22	13	NA	37	25	18	5	7	3	56	7	14	7	34	11	10	11	10	22	12	11	7	33	5	37	17	9	27	25	5	27	10	22	25	32	6	48	34	28	18	19	23	9	28	4	12	47	20	22	9	29	10
140	12	55	10	25	12	11	38	11	4	53	19	45	7	12	30	8	7	17	22	8	59	25	17	8	15	NA	9	33	24	26	20	19	11	13	38	32	15	16	24	31	21	7	17	26	18	9	11	6	19	15	NA	25	21	17	8	8	3	55	7	11	9	28	16	7	12	9	20	12	11	5	31	3	37	25	6	27	19	6	25	10	10	35	34	8	52	26	33	17	20	34	12	27	4	11	45	22	22	12	26	5
141	10	41	7	28	12	7	20	10	3	38	12	66	9	12	22	8	6	15	16	8	37	39	18	8	9	NA	9	26	16	25	12	19	10	18	24	32	9	16	30	23	19	8	23	28	21	10	6	7	18	10	NA	19	20	10	9	8	4	53	8	12	11	22	17	8	11	9	19	13	8	4	26	3	24	26	6	28	15	5	24	9	11	24	43	9	54	23	45	21	20	31	15	26	4	7	64	21	14	13	26	8
142	9	51	6	26	14	6	16	9	3	31	9	63	9	12	17	5	3	11	15	9	22	36	17	7	11	NA	9	25	13	22	12	22	7	18	39	22	9	11	28	11	22	4	12	33	17	13	8	6	14	9	NA	12	22	8	7	3	5	41	8	17	9	18	12	9	8	8	14	12	7	5	29	2	16	24	6	30	17	4	13	9	10	20	34	10	43	15	32	16	16	19	15	19	4	6	54	16	12	12	25	9
143	9	38	6	18	10	6	17	8	2	27	10	38	8	16	18	5	3	13	11	9	26	45	14	5	8	NA	8	33	11	20	12	18	8	11	28	22	9	11	33	10	32	4	13	23	13	12	8	5	12	8	NA	9	15	8	10	5	3	43	2	13	8	20	8	10	10	8	17	7	15	6	15	1	17	21	6	25	8	5	12	6	9	22	29	14	40	16	29	18	17	13	15	19	3	6	54	21	12	9	26	4
144	5	41	9	28	4	6	17	10	1	33	7	36	7	18	21	5	2	11	14	8	25	38	12	3	8	NA	6	24	10	25	11	9	3	11	18	23	9	11	33	12	25	5	14	25	20	11	6	8	8	8	NA	8	13	6	5	6	3	54	2	10	4	18	9	8	7	5	14	4	21	6	13	1	18	17	10	27	8	3	18	6	8	25	18	9	31	13	34	19	22	14	14	19	2	7	52	21	13	9	23	5
145	6	38	9	27	5	6	14	4	2	32	7	34	3	17	23	5	2	12	14	8	51	26	19	4	9	NA	5	18	13	18	15	13	3	10	19	18	8	9	26	10	27	5	21	22	16	9	5	9	8	6	NA	8	22	7	4	3	3	45	1	9	4	13	9	4	8	6	22	6	20	6	16	0	20	14	13	21	12	3	24	2	2	27	12	9	32	20	17	21	20	20	9	18	2	9	48	21	15	9	23	6
146	9	26	6	28	2	5	13	6	1	25	4	34	3	11	22	9	2	12	14	12	31	19	18	5	10	NA	4	16	14	13	14	13	5	8	15	17	6	11	16	10	38	7	26	19	15	9	5	10	8	5	NA	11	20	5	5	3	3	46	0	9	2	13	8	4	8	6	22	5	22	5	14	NA	20	14	8	24	8	3	25	2	2	21	11	11	47	20	27	15	19	11	7	13	2	12	39	18	17	9	14	3
147	11	27	4	15	1	7	15	4	2	26	3	46	3	11	17	5	2	11	11	14	29	16	12	5	9	NA	5	18	11	9	15	10	6	7	17	14	3	17	13	13	29	6	14	17	16	9	2	9	6	5	NA	11	19	5	4	3	3	68	NA	10	3	15	7	4	8	6	16	5	14	2	12	NA	16	17	14	22	10	3	14	2	2	25	8	15	45	21	26	13	19	13	5	15	1	12	51	8	14	8	26	3
148	9	28	3	13	1	7	14	5	2	24	3	24	3	11	16	5	2	7	13	15	24	25	11	5	8	NA	5	20	11	11	6	7	6	7	17	14	2	6	11	11	30	6	12	18	17	7	2	7	8	6	NA	8	19	5	4	3	4	34	NA	7	3	14	4	4	6	3	9	4	8	2	12	NA	12	9	15	19	10	4	13	2	2	14	17	9	54	24	25	26	27	12	4	14	1	9	66	8	14	3	19	2
149	9	26	2	12	1	4	11	3	2	20	3	39	3	14	21	5	2	7	8	14	20	30	11	4	4	NA	5	24	11	13	7	6	6	7	16	10	2	6	16	7	25	5	10	22	22	7	2	4	9	7	NA	8	8	5	4	2	5	31	NA	7	3	11	3	4	5	2	13	6	9	1	9	NA	8	10	5	12	12	6	13	2	1	13	14	8	43	26	22	38	18	11	4	11	1	9	32	10	8	2	12	2
150	8	25	1	15	1	4	13	2	3	19	2	16	3	11	20	3	2	6	17	14	26	33	13	2	3	NA	5	16	7	14	7	3	5	4	16	7	2	8	19	7	16	5	14	19	22	7	1	4	5	2	NA	7	8	3	3	2	5	27	NA	7	2	10	2	4	5	1	16	9	12	1	12	NA	10	9	5	12	8	8	10	2	1	12	13	10	42	25	9	22	14	13	4	14	0	10	31	13	8	1	12	1
151	6	20	1	14	1	4	13	2	2	14	2	17	3	12	17	1	2	6	14	12	23	22	13	1	3	NA	3	13	9	12	6	3	3	5	19	5	2	9	16	5	15	5	10	16	18	7	1	2	4	2	NA	7	9	2	4	1	5	30	NA	5	1	9	2	5	3	1	13	10	11	1	13	NA	12	7	5	9	15	8	8	2	1	9	16	13	24	13	12	17	15	9	4	19	NA	5	51	12	9	1	11	1
152	2	18	1	13	0	2	11	2	2	14	4	17	3	8	15	1	2	4	9	5	19	20	14	1	3	NA	2	7	7	7	7	2	2	4	19	5	1	12	18	3	17	6	7	17	4	5	1	2	4	1	NA	7	14	1	4	2	5	25	NA	5	1	9	2	4	4	1	14	14	9	1	12	NA	8	6	5	7	19	3	6	2	0	11	16	16	29	13	15	13	8	10	4	7	NA	6	45	14	7	1	8	1
153	3	16	1	9	NA	1	12	1	2	14	6	15	3	8	11	1	0	4	9	4	12	14	11	1	1	NA	2	7	12	7	10	3	0	4	11	4	1	7	26	3	14	5	7	18	5	4	0	4	3	1	NA	7	11	2	1	3	3	28	NA	4	0	7	2	6	3	0	12	8	7	1	10	NA	7	6	8	6	23	3	9	1	NA	10	17	19	28	12	16	6	9	10	1	10	NA	8	27	19	8	0	8	0
154	3	10	1	11	NA	0	7	1	1	9	7	14	1	4	10	0	NA	3	7	4	9	15	8	1	1	NA	2	9	7	5	10	3	NA	3	11	7	0	8	18	2	13	3	6	19	5	4	NA	3	3	1	NA	6	7	2	1	3	1	32	NA	3	NA	8	0	5	8	NA	10	6	6	0	10	NA	8	5	9	6	11	3	5	1	NA	10	11	20	27	14	14	6	6	7	1	8	NA	7	34	15	9	NA	9	NA
155	3	8	1	9	NA	NA	8	0	0	8	3	11	1	4	11	NA	NA	4	5	2	9	10	8	1	1	NA	0	7	5	7	8	1	NA	3	11	8	NA	10	9	2	9	3	5	18	5	5	NA	3	1	0	NA	6	9	2	1	1	1	32	NA	5	NA	5	NA	2	8	NA	7	5	7	NA	5	NA	5	4	8	6	10	2	3	1	NA	11	12	17	18	14	11	4	6	9	1	13	NA	7	31	11	7	NA	14	NA
156	3	17	0	7	NA	NA	8	NA	NA	9	3	16	1	5	15	NA	NA	3	5	2	9	7	4	0	0	NA	NA	8	6	11	9	1	NA	2	12	10	NA	7	9	1	6	1	6	8	3	5	NA	3	1	NA	NA	4	8	2	1	1	1	36	NA	6	NA	9	NA	2	9	NA	7	6	5	NA	6	NA	4	3	5	7	4	2	3	1	NA	12	9	18	16	11	9	4	6	8	1	16	NA	5	27	21	6	NA	15	NA
157	3	16	NA	5	NA	NA	10	NA	NA	9	3	12	1	5	25	NA	NA	5	5	3	10	8	4	NA	NA	NA	NA	7	5	11	7	1	NA	1	8	9	NA	7	11	2	8	1	6	6	2	2	NA	3	0	NA	NA	4	8	1	1	0	0	34	NA	5	NA	6	NA	2	7	NA	9	3	7	NA	8	NA	4	2	3	6	3	1	7	0	NA	14	9	9	13	9	9	4	5	7	0	19	NA	6	20	9	5	NA	17	NA
158	3	14	NA	2	NA	NA	9	NA	NA	7	3	9	1	4	20	NA	NA	2	4	3	9	8	4	NA	NA	NA	NA	7	7	9	3	0	NA	1	12	3	NA	4	7	2	8	1	6	6	3	2	NA	1	NA	NA	NA	4	7	1	0	NA	NA	23	NA	5	NA	6	NA	1	6	NA	6	4	7	NA	6	NA	3	1	3	6	3	1	8	NA	NA	14	7	4	16	6	11	3	4	5	NA	18	NA	5	17	14	5	NA	18	NA
159	1	14	NA	2	NA	NA	12	NA	NA	5	1	11	0	2	17	NA	NA	2	5	1	12	10	4	NA	NA	NA	NA	4	7	10	3	NA	NA	1	18	3	NA	4	8	2	9	1	5	3	2	3	NA	1	NA	NA	NA	4	6	1	NA	NA	NA	15	NA	4	NA	6	NA	1	3	NA	6	6	3	NA	4	NA	3	1	3	3	2	2	4	NA	NA	9	6	5	19	7	9	5	5	7	NA	17	NA	5	17	6	2	NA	13	NA
160	1	13	NA	2	NA	NA	5	NA	NA	5	1	7	NA	1	19	NA	NA	2	5	1	15	13	3	NA	NA	NA	NA	3	7	3	2	NA	NA	1	20	3	NA	3	9	2	11	0	4	3	2	3	NA	0	NA	NA	NA	4	7	0	NA	NA	NA	32	NA	5	NA	5	NA	1	2	NA	8	3	3	NA	4	NA	2	1	2	3	2	3	2	NA	NA	11	5	6	18	10	8	6	4	7	NA	11	NA	4	15	10	1	NA	13	NA
161	0	13	NA	1	NA	NA	6	NA	NA	4	1	8	NA	0	18	NA	NA	1	3	1	14	5	3	NA	NA	NA	NA	3	6	3	4	NA	NA	0	21	2	NA	1	8	2	11	NA	1	3	2	2	NA	NA	NA	NA	NA	5	6	NA	NA	NA	NA	19	NA	4	NA	4	NA	2	2	NA	7	2	3	NA	6	NA	4	1	2	2	1	4	1	NA	NA	11	4	7	24	12	8	8	3	4	NA	5	NA	4	12	13	1	NA	6	NA
162	NA	14	NA	1	NA	NA	8	NA	NA	3	1	7	NA	NA	19	NA	NA	1	2	1	13	6	1	NA	NA	NA	NA	2	6	2	1	NA	NA	NA	18	2	NA	0	8	0	13	NA	1	5	2	1	NA	NA	NA	NA	NA	3	4	NA	NA	NA	NA	17	NA	4	NA	3	NA	2	1	NA	6	3	1	NA	6	NA	4	0	1	2	2	4	1	NA	NA	4	2	6	28	13	7	9	3	3	NA	5	NA	2	12	14	1	NA	4	NA
163	NA	6	NA	1	NA	NA	6	NA	NA	3	1	7	NA	NA	12	NA	NA	1	1	1	6	6	2	NA	NA	NA	NA	2	6	2	1	NA	NA	NA	19	2	NA	NA	8	NA	9	NA	1	5	2	0	NA	NA	NA	NA	NA	3	4	NA	NA	NA	NA	18	NA	4	NA	2	NA	2	1	NA	6	4	1	NA	4	NA	5	NA	0	1	3	5	1	NA	NA	2	2	6	19	10	9	8	1	2	NA	4	NA	2	14	11	1	NA	3	NA
164	NA	8	NA	1	NA	NA	2	NA	NA	3	0	8	NA	NA	6	NA	NA	1	0	1	6	3	1	NA	NA	NA	NA	1	5	1	1	NA	NA	NA	20	1	NA	NA	4	NA	3	NA	0	4	0	NA	NA	NA	NA	NA	NA	3	3	NA	NA	NA	NA	9	NA	3	NA	1	NA	1	1	NA	4	4	1	NA	3	NA	4	NA	NA	1	4	5	2	NA	NA	1	1	1	20	5	9	3	1	1	NA	5	NA	2	19	10	1	NA	3	NA
165	NA	7	NA	1	NA	NA	1	NA	NA	1	NA	8	NA	NA	7	NA	NA	0	NA	0	5	2	1	NA	NA	NA	NA	1	4	1	1	NA	NA	NA	22	2	NA	NA	2	NA	3	NA	NA	4	NA	NA	NA	NA	NA	NA	NA	3	1	NA	NA	NA	NA	11	NA	2	NA	0	NA	1	1	NA	3	3	0	NA	2	NA	4	NA	NA	1	6	5	2	NA	NA	1	1	1	20	2	8	4	1	1	NA	4	NA	2	17	6	0	NA	1	NA
166	NA	10	NA	0	NA	NA	2	NA	NA	1	NA	10	NA	NA	4	NA	NA	NA	NA	NA	5	2	1	NA	NA	NA	NA	1	6	1	1	NA	NA	NA	13	2	NA	NA	2	NA	3	NA	NA	4	NA	NA	NA	NA	NA	NA	NA	1	1	NA	NA	NA	NA	11	NA	3	NA	NA	NA	1	1	NA	1	2	NA	NA	3	NA	3	NA	NA	2	6	3	2	NA	NA	1	1	1	21	2	4	3	0	0	NA	4	NA	1	13	4	NA	NA	1	NA
167	NA	8	NA	NA	NA	NA	3	NA	NA	1	NA	11	NA	NA	4	NA	NA	NA	NA	NA	6	2	0	NA	NA	NA	NA	0	4	1	0	NA	NA	NA	11	2	NA	NA	1	NA	2	NA	NA	5	NA	NA	NA	NA	NA	NA	NA	1	0	NA	NA	NA	NA	11	NA	3	NA	NA	NA	1	0	NA	0	2	NA	NA	5	NA	3	NA	NA	2	7	2	2	NA	NA	0	0	1	10	2	5	5	NA	NA	NA	3	NA	0	14	4	NA	NA	1	NA
168	NA	8	NA	NA	NA	NA	4	NA	NA	1	NA	13	NA	NA	3	NA	NA	NA	NA	NA	3	2	NA	NA	NA	NA	NA	NA	3	0	NA	NA	NA	NA	12	1	NA	NA	1	NA	2	NA	NA	7	NA	NA	NA	NA	NA	NA	NA	1	NA	NA	NA	NA	NA	8	NA	3	NA	NA	NA	0	NA	NA	NA	1	NA	NA	5	NA	5	NA	NA	2	4	2	2	NA	NA	NA	NA	0	11	1	6	6	NA	NA	NA	1	NA	NA	14	2	NA	NA	1	NA
169	NA	10	NA	NA	NA	NA	3	NA	NA	0	NA	14	NA	NA	6	NA	NA	NA	NA	NA	3	2	NA	NA	NA	NA	NA	NA	4	NA	NA	NA	NA	NA	14	1	NA	NA	1	NA	2	NA	NA	5	NA	NA	NA	NA	NA	NA	NA	0	NA	NA	NA	NA	NA	7	NA	2	NA	NA	NA	NA	NA	NA	NA	1	NA	NA	4	NA	7	NA	NA	1	4	2	0	NA	NA	NA	NA	NA	8	1	5	5	NA	NA	NA	1	NA	NA	13	1	NA	NA	0	NA
170	NA	6	NA	NA	NA	NA	3	NA	NA	NA	NA	14	NA	NA	6	NA	NA	NA	NA	NA	3	2	NA	NA	NA	NA	NA	NA	4	NA	NA	NA	NA	NA	10	1	NA	NA	1	NA	1	NA	NA	4	NA	NA	NA	NA	NA	NA	NA	NA	NA	NA	NA	NA	NA	6	NA	2	NA	NA	NA	NA	NA	NA	NA	0	NA	NA	5	NA	6	NA	NA	1	1	1	NA	NA	NA	NA	NA	NA	7	0	6	5	NA	NA	NA	1	NA	NA	8	1	NA	NA	NA	NA
171	NA	8	NA	NA	NA	NA	4	NA	NA	NA	NA	7	NA	NA	8	NA	NA	NA	NA	NA	1	1	NA	NA	NA	NA	NA	NA	2	NA	NA	NA	NA	NA	10	1	NA	NA	0	NA	0	NA	NA	4	NA	NA	NA	NA	NA	NA	NA	NA	NA	NA	NA	NA	NA	4	NA	2	NA	NA	NA	NA	NA	NA	NA	NA	NA	NA	4	NA	6	NA	NA	0	1	1	NA	NA	NA	NA	NA	NA	6	NA	7	5	NA	NA	NA	0	NA	NA	6	0	NA	NA	NA	NA
172	NA	7	NA	NA	NA	NA	3	NA	NA	NA	NA	7	NA	NA	10	NA	NA	NA	NA	NA	1	1	NA	NA	NA	NA	NA	NA	2	NA	NA	NA	NA	NA	12	0	NA	NA	NA	NA	NA	NA	NA	6	NA	NA	NA	NA	NA	NA	NA	NA	NA	NA	NA	NA	NA	4	NA	2	NA	NA	NA	NA	NA	NA	NA	NA	NA	NA	3	NA	3	NA	NA	NA	1	1	NA	NA	NA	NA	NA	NA	11	NA	6	4	NA	NA	NA	NA	NA	NA	9	NA	NA	NA	NA	NA
173	NA	7	NA	NA	NA	NA	1	NA	NA	NA	NA	7	NA	NA	12	NA	NA	NA	NA	NA	1	1	NA	NA	NA	NA	NA	NA	2	NA	NA	NA	NA	NA	17	NA	NA	NA	NA	NA	NA	NA	NA	9	NA	NA	NA	NA	NA	NA	NA	NA	NA	NA	NA	NA	NA	5	NA	3	NA	NA	NA	NA	NA	NA	NA	NA	NA	NA	2	NA	3	NA	NA	NA	0	1	NA	NA	NA	NA	NA	NA	6	NA	2	5	NA	NA	NA	NA	NA	NA	7	NA	NA	NA	NA	NA
174	NA	8	NA	NA	NA	NA	1	NA	NA	NA	NA	4	NA	NA	12	NA	NA	NA	NA	NA	1	0	NA	NA	NA	NA	NA	NA	1	NA	NA	NA	NA	NA	9	NA	NA	NA	NA	NA	NA	NA	NA	5	NA	NA	NA	NA	NA	NA	NA	NA	NA	NA	NA	NA	NA	4	NA	2	NA	NA	NA	NA	NA	NA	NA	NA	NA	NA	2	NA	3	NA	NA	NA	NA	1	NA	NA	NA	NA	NA	NA	4	NA	3	2	NA	NA	NA	NA	NA	NA	7	NA	NA	NA	NA	NA
175	NA	7	NA	NA	NA	NA	1	NA	NA	NA	NA	2	NA	NA	14	NA	NA	NA	NA	NA	0	NA	NA	NA	NA	NA	NA	NA	2	NA	NA	NA	NA	NA	8	NA	NA	NA	NA	NA	NA	NA	NA	4	NA	NA	NA	NA	NA	NA	NA	NA	NA	NA	NA	NA	NA	3	NA	2	NA	NA	NA	NA	NA	NA	NA	NA	NA	NA	2	NA	2	NA	NA	NA	NA	0	NA	NA	NA	NA	NA	NA	4	NA	3	1	NA	NA	NA	NA	NA	NA	6	NA	NA	NA	NA	NA
176	NA	2	NA	NA	NA	NA	1	NA	NA	NA	NA	3	NA	NA	14	NA	NA	NA	NA	NA	NA	NA	NA	NA	NA	NA	NA	NA	4	NA	NA	NA	NA	NA	9	NA	NA	NA	NA	NA	NA	NA	NA	4	NA	NA	NA	NA	NA	NA	NA	NA	NA	NA	NA	NA	NA	3	NA	2	NA	NA	NA	NA	NA	NA	NA	NA	NA	NA	2	NA	2	NA	NA	NA	NA	NA	NA	NA	NA	NA	NA	NA	4	NA	2	1	NA	NA	NA	NA	NA	NA	4	NA	NA	NA	NA	NA
177	NA	2	NA	NA	NA	NA	0	NA	NA	NA	NA	1	NA	NA	10	NA	NA	NA	NA	NA	NA	NA	NA	NA	NA	NA	NA	NA	5	NA	NA	NA	NA	NA	8	NA	NA	NA	NA	NA	NA	NA	NA	1	NA	NA	NA	NA	NA	NA	NA	NA	NA	NA	NA	NA	NA	3	NA	1	NA	NA	NA	NA	NA	NA	NA	NA	NA	NA	2	NA	1	NA	NA	NA	NA	NA	NA	NA	NA	NA	NA	NA	1	NA	3	1	NA	NA	NA	NA	NA	NA	3	NA	NA	NA	NA	NA
178	NA	1	NA	NA	NA	NA	NA	NA	NA	NA	NA	2	NA	NA	9	NA	NA	NA	NA	NA	NA	NA	NA	NA	NA	NA	NA	NA	5	NA	NA	NA	NA	NA	6	NA	NA	NA	NA	NA	NA	NA	NA	0	NA	NA	NA	NA	NA	NA	NA	NA	NA	NA	NA	NA	NA	3	NA	1	NA	NA	NA	NA	NA	NA	NA	NA	NA	NA	2	NA	1	NA	NA	NA	NA	NA	NA	NA	NA	NA	NA	NA	2	NA	3	1	NA	NA	NA	NA	NA	NA	3	NA	NA	NA	NA	NA
179	NA	0	NA	NA	NA	NA	NA	NA	NA	NA	NA	2	NA	NA	6	NA	NA	NA	NA	NA	NA	NA	NA	NA	NA	NA	NA	NA	2	NA	NA	NA	NA	NA	4	NA	NA	NA	NA	NA	NA	NA	NA	NA	NA	NA	NA	NA	NA	NA	NA	NA	NA	NA	NA	NA	NA	2	NA	0	NA	NA	NA	NA	NA	NA	NA	NA	NA	NA	2	NA	0	NA	NA	NA	NA	NA	NA	NA	NA	NA	NA	NA	3	NA	2	0	NA	NA	NA	NA	NA	NA	2	NA	NA	NA	NA	NA
180	NA	NA	NA	NA	NA	NA	NA	NA	NA	NA	NA	1	NA	NA	7	NA	NA	NA	NA	NA	NA	NA	NA	NA	NA	NA	NA	NA	2	NA	NA	NA	NA	NA	4	NA	NA	NA	NA	NA	NA	NA	NA	NA	NA	NA	NA	NA	NA	NA	NA	NA	NA	NA	NA	NA	NA	2	NA	NA	NA	NA	NA	NA	NA	NA	NA	NA	NA	NA	1	NA	NA	NA	NA	NA	NA	NA	NA	NA	NA	NA	NA	NA	3	NA	1	NA	NA	NA	NA	NA	NA	NA	1	NA	NA	NA	NA	NA
181	NA	NA	NA	NA	NA	NA	NA	NA	NA	NA	NA	1	NA	NA	5	NA	NA	NA	NA	NA	NA	NA	NA	NA	NA	NA	NA	NA	3	NA	NA	NA	NA	NA	3	NA	NA	NA	NA	NA	NA	NA	NA	NA	NA	NA	NA	NA	NA	NA	NA	NA	NA	NA	NA	NA	NA	1	NA	NA	NA	NA	NA	NA	NA	NA	NA	NA	NA	NA	1	NA	NA	NA	NA	NA	NA	NA	NA	NA	NA	NA	NA	NA	3	NA	0	NA	NA	NA	NA	NA	NA	NA	1	NA	NA	NA	NA	NA
182	NA	NA	NA	NA	NA	NA	NA	NA	NA	NA	NA	1	NA	NA	7	NA	NA	NA	NA	NA	NA	NA	NA	NA	NA	NA	NA	NA	4	NA	NA	NA	NA	NA	2	NA	NA	NA	NA	NA	NA	NA	NA	NA	NA	NA	NA	NA	NA	NA	NA	NA	NA	NA	NA	NA	NA	0	NA	NA	NA	NA	NA	NA	NA	NA	NA	NA	NA	NA	1	NA	NA	NA	NA	NA	NA	NA	NA	NA	NA	NA	NA	NA	2	NA	NA	NA	NA	NA	NA	NA	NA	NA	1	NA	NA	NA	NA	NA
183	NA	NA	NA	NA	NA	NA	NA	NA	NA	NA	NA	1	NA	NA	3	NA	NA	NA	NA	NA	NA	NA	NA	NA	NA	NA	NA	NA	3	NA	NA	NA	NA	NA	2	NA	NA	NA	NA	NA	NA	NA	NA	NA	NA	NA	NA	NA	NA	NA	NA	NA	NA	NA	NA	NA	NA	NA	NA	NA	NA	NA	NA	NA	NA	NA	NA	NA	NA	NA	1	NA	NA	NA	NA	NA	NA	NA	NA	NA	NA	NA	NA	NA	1	NA	NA	NA	NA	NA	NA	NA	NA	NA	0	NA	NA	NA	NA	NA
184	NA	NA	NA	NA	NA	NA	NA	NA	NA	NA	NA	0	NA	NA	3	NA	NA	NA	NA	NA	NA	NA	NA	NA	NA	NA	NA	NA	4	NA	NA	NA	NA	NA	2	NA	NA	NA	NA	NA	NA	NA	NA	NA	NA	NA	NA	NA	NA	NA	NA	NA	NA	NA	NA	NA	NA	NA	NA	NA	NA	NA	NA	NA	NA	NA	NA	NA	NA	NA	0	NA	NA	NA	NA	NA	NA	NA	NA	NA	NA	NA	NA	NA	1	NA	NA	NA	NA	NA	NA	NA	NA	NA	NA	NA	NA	NA	NA	NA
185	NA	NA	NA	NA	NA	NA	NA	NA	NA	NA	NA	NA	NA	NA	2	NA	NA	NA	NA	NA	NA	NA	NA	NA	NA	NA	NA	NA	4	NA	NA	NA	NA	NA	1	NA	NA	NA	NA	NA	NA	NA	NA	NA	NA	NA	NA	NA	NA	NA	NA	NA	NA	NA	NA	NA	NA	NA	NA	NA	NA	NA	NA	NA	NA	NA	NA	NA	NA	NA	NA	NA	NA	NA	NA	NA	NA	NA	NA	NA	NA	NA	NA	NA	1	NA	NA	NA	NA	NA	NA	NA	NA	NA	NA	NA	NA	NA	NA	NA
186	NA	NA	NA	NA	NA	NA	NA	NA	NA	NA	NA	NA	NA	NA	1	NA	NA	NA	NA	NA	NA	NA	NA	NA	NA	NA	NA	NA	4	NA	NA	NA	NA	NA	1	NA	NA	NA	NA	NA	NA	NA	NA	NA	NA	NA	NA	NA	NA	NA	NA	NA	NA	NA	NA	NA	NA	NA	NA	NA	NA	NA	NA	NA	NA	NA	NA	NA	NA	NA	NA	NA	NA	NA	NA	NA	NA	NA	NA	NA	NA	NA	NA	NA	1	NA	NA	NA	NA	NA	NA	NA	NA	NA	NA	NA	NA	NA	NA	NA
187	NA	NA	NA	NA	NA	NA	NA	NA	NA	NA	NA	NA	NA	NA	0	NA	NA	NA	NA	NA	NA	NA	NA	NA	NA	NA	NA	NA	4	NA	NA	NA	NA	NA	1	NA	NA	NA	NA	NA	NA	NA	NA	NA	NA	NA	NA	NA	NA	NA	NA	NA	NA	NA	NA	NA	NA	NA	NA	NA	NA	NA	NA	NA	NA	NA	NA	NA	NA	NA	NA	NA	NA	NA	NA	NA	NA	NA	NA	NA	NA	NA	NA	NA	0	NA	NA	NA	NA	NA	NA	NA	NA	NA	NA	NA	NA	NA	NA	NA
188	NA	NA	NA	NA	NA	NA	NA	NA	NA	NA	NA	NA	NA	NA	NA	NA	NA	NA	NA	NA	NA	NA	NA	NA	NA	NA	NA	NA	4	NA	NA	NA	NA	NA	1	NA	NA	NA	NA	NA	NA	NA	NA	NA	NA	NA	NA	NA	NA	NA	NA	NA	NA	NA	NA	NA	NA	NA	NA	NA	NA	NA	NA	NA	NA	NA	NA	NA	NA	NA	NA	NA	NA	NA	NA	NA	NA	NA	NA	NA	NA	NA	NA	NA	NA	NA	NA	NA	NA	NA	NA	NA	NA	NA	NA	NA	NA	NA	NA	NA
189	NA	NA	NA	NA	NA	NA	NA	NA	NA	NA	NA	NA	NA	NA	NA	NA	NA	NA	NA	NA	NA	NA	NA	NA	NA	NA	NA	NA	4	NA	NA	NA	NA	NA	0	NA	NA	NA	NA	NA	NA	NA	NA	NA	NA	NA	NA	NA	NA	NA	NA	NA	NA	NA	NA	NA	NA	NA	NA	NA	NA	NA	NA	NA	NA	NA	NA	NA	NA	NA	NA	NA	NA	NA	NA	NA	NA	NA	NA	NA	NA	NA	NA	NA	NA	NA	NA	NA	NA	NA	NA	NA	NA	NA	NA	NA	NA	NA	NA	NA
190	NA	NA	NA	NA	NA	NA	NA	NA	NA	NA	NA	NA	NA	NA	NA	NA	NA	NA	NA	NA	NA	NA	NA	NA	NA	NA	NA	NA	4	NA	NA	NA	NA	NA	NA	NA	NA	NA	NA	NA	NA	NA	NA	NA	NA	NA	NA	NA	NA	NA	NA	NA	NA	NA	NA	NA	NA	NA	NA	NA	NA	NA	NA	NA	NA	NA	NA	NA	NA	NA	NA	NA	NA	NA	NA	NA	NA	NA	NA	NA	NA	NA	NA	NA	NA	NA	NA	NA	NA	NA	NA	NA	NA	NA	NA	NA	NA	NA	NA	NA
191	NA	NA	NA	NA	NA	NA	NA	NA	NA	NA	NA	NA	NA	NA	NA	NA	NA	NA	NA	NA	NA	NA	NA	NA	NA	NA	NA	NA	1	NA	NA	NA	NA	NA	NA	NA	NA	NA	NA	NA	NA	NA	NA	NA	NA	NA	NA	NA	NA	NA	NA	NA	NA	NA	NA	NA	NA	NA	NA	NA	NA	NA	NA	NA	NA	NA	NA	NA	NA	NA	NA	NA	NA	NA	NA	NA	NA	NA	NA	NA	NA	NA	NA	NA	NA	NA	NA	NA	NA	NA	NA	NA	NA	NA	NA	NA	NA	NA	NA	NA
192	NA	NA	NA	NA	NA	NA	NA	NA	NA	NA	NA	NA	NA	NA	NA	NA	NA	NA	NA	NA	NA	NA	NA	NA	NA	NA	NA	NA	1	NA	NA	NA	NA	NA	NA	NA	NA	NA	NA	NA	NA	NA	NA	NA	NA	NA	NA	NA	NA	NA	NA	NA	NA	NA	NA	NA	NA	NA	NA	NA	NA	NA	NA	NA	NA	NA	NA	NA	NA	NA	NA	NA	NA	NA	NA	NA	NA	NA	NA	NA	NA	NA	NA	NA	NA	NA	NA	NA	NA	NA	NA	NA	NA	NA	NA	NA	NA	NA	NA	NA
193	NA	NA	NA	NA	NA	NA	NA	NA	NA	NA	NA	NA	NA	NA	NA	NA	NA	NA	NA	NA	NA	NA	NA	NA	NA	NA	NA	NA	1	NA	NA	NA	NA	NA	NA	NA	NA	NA	NA	NA	NA	NA	NA	NA	NA	NA	NA	NA	NA	NA	NA	NA	NA	NA	NA	NA	NA	NA	NA	NA	NA	NA	NA	NA	NA	NA	NA	NA	NA	NA	NA	NA	NA	NA	NA	NA	NA	NA	NA	NA	NA	NA	NA	NA	NA	NA	NA	NA	NA	NA	NA	NA	NA	NA	NA	NA	NA	NA	NA	NA
194	NA	NA	NA	NA	NA	NA	NA	NA	NA	NA	NA	NA	NA	NA	NA	NA	NA	NA	NA	NA	NA	NA	NA	NA	NA	NA	NA	NA	1	NA	NA	NA	NA	NA	NA	NA	NA	NA	NA	NA	NA	NA	NA	NA	NA	NA	NA	NA	NA	NA	NA	NA	NA	NA	NA	NA	NA	NA	NA	NA	NA	NA	NA	NA	NA	NA	NA	NA	NA	NA	NA	NA	NA	NA	NA	NA	NA	NA	NA	NA	NA	NA	NA	NA	NA	NA	NA	NA	NA	NA	NA	NA	NA	NA	NA	NA	NA	NA	NA	NA
195	NA	NA	NA	NA	NA	NA	NA	NA	NA	NA	NA	NA	NA	NA	NA	NA	NA	NA	NA	NA	NA	NA	NA	NA	NA	NA	NA	NA	1	NA	NA	NA	NA	NA	NA	NA	NA	NA	NA	NA	NA	NA	NA	NA	NA	NA	NA	NA	NA	NA	NA	NA	NA	NA	NA	NA	NA	NA	NA	NA	NA	NA	NA	NA	NA	NA	NA	NA	NA	NA	NA	NA	NA	NA	NA	NA	NA	NA	NA	NA	NA	NA	NA	NA	NA	NA	NA	NA	NA	NA	NA	NA	NA	NA	NA	NA	NA	NA	NA	NA
196	NA	NA	NA	NA	NA	NA	NA	NA	NA	NA	NA	NA	NA	NA	NA	NA	NA	NA	NA	NA	NA	NA	NA	NA	NA	NA	NA	NA	0	NA	NA	NA	NA	NA	NA	NA	NA	NA	NA	NA	NA	NA	NA	NA	NA	NA	NA	NA	NA	NA	NA	NA	NA	NA	NA	NA	NA	NA	NA	NA	NA	NA	NA	NA	NA	NA	NA	NA	NA	NA	NA	NA	NA	NA	NA	NA	NA	NA	NA	NA	NA	NA	NA	NA	NA	NA	NA	NA	NA	NA	NA	NA	NA	NA	NA	NA	NA	NA	NA	NA
