0	3	3	2	4	3	3	3	2	2	1	4	2	4	2	3	2	2	3	2	2	3	4	3	2	2	2	2	1	2	3	1	3	2	3	3	1	4	4	3	2	2	4	3	3	2	3	2	4	2	5	2	4	2	2	1	2	2	2	2	3	2	2	2	1	3	2	3	2	2	4	2	3	2	2	1	2	4	2	2	1	3	4	2	2	4	1	3	3	2	2	3	1	2	2	1	2	3	2	3	2
1	8	7	3	7	8	7	6	5	4	2	7	6	6	4	7	4	3	5	5	5	6	10	5	4	6	2	3	1	4	5	3	5	6	5	7	1	8	6	7	3	4	6	5	6	5	5	4	7	6	8	5	7	4	3	2	3	4	4	5	6	4	5	5	4	6	3	6	4	4	6	4	6	5	3	2	5	10	4	5	2	5	9	4	4	11	2	4	5	4	3	5	3	2	5	2	4	6	4	7	3
2	14	10	6	13	14	10	11	7	6	5	11	8	10	7	11	9	6	7	6	10	10	14	8	7	8	4	6	1	9	8	5	8	8	7	13	3	13	11	11	4	8	10	10	8	10	12	6	11	10	10	6	11	8	6	6	5	7	6	9	10	7	8	9	8	14	6	8	8	6	10	8	11	5	7	4	8	18	4	9	2	7	12	6	8	16	5	4	8	6	3	8	4	2	8	2	7	9	6	10	5
3	23	13	9	20	22	14	17	9	8	9	18	13	18	13	22	11	8	9	9	13	14	24	12	9	9	7	9	3	16	13	9	10	10	12	21	3	17	13	15	6	10	14	16	12	13	17	9	15	13	14	8	16	11	8	10	9	9	8	13	14	11	13	12	15	21	10	10	13	9	13	10	15	9	10	8	10	26	6	13	3	10	19	12	10	21	8	6	11	9	3	12	5	4	13	3	11	14	10	13	7
4	28	16	12	26	24	19	24	10	12	11	22	16	22	14	32	16	11	11	13	18	19	32	16	14	9	10	10	5	23	19	13	15	17	16	25	5	26	16	18	12	13	19	21	16	20	24	12	20	19	19	9	21	16	14	14	16	17	11	18	18	13	13	16	18	29	15	13	21	13	16	14	21	10	15	11	16	32	9	14	5	14	23	17	15	31	12	8	17	16	6	15	8	7	20	4	15	23	14	20	9
5	31	19	17	30	30	27	33	12	13	14	28	20	27	19	46	18	17	14	16	28	21	40	18	20	7	12	12	6	29	23	18	20	23	21	28	6	36	23	26	18	18	24	28	19	24	28	16	29	21	24	12	24	22	19	21	18	23	17	23	22	19	19	20	18	39	22	14	29	17	19	17	31	15	20	15	17	44	12	17	7	16	30	26	19	38	11	9	22	19	8	21	8	10	30	6	21	29	21	29	16
6	31	25	25	40	35	32	41	15	15	17	35	22	28	20	57	20	19	16	18	41	24	44	24	26	8	17	17	8	34	32	25	25	30	25	36	8	45	31	34	25	22	32	38	24	31	36	22	36	22	31	14	37	25	27	28	22	32	23	26	28	28	22	27	22	45	30	13	37	21	21	21	46	20	26	19	23	57	12	21	10	21	36	34	20	42	13	13	28	27	10	27	12	14	40	7	28	37	27	38	22
7	30	31	42	46	30	38	53	24	17	20	45	29	34	23	76	21	26	22	16	51	27	49	31	33	9	24	18	10	40	43	32	30	39	30	41	12	59	44	38	30	27	45	46	31	38	45	27	42	24	37	19	49	34	36	33	25	45	26	29	32	34	25	34	28	53	46	17	45	26	25	23	61	28	27	19	33	86	17	23	11	29	37	38	19	43	14	14	28	37	15	34	15	15	48	12	34	44	29	44	23
8	37	38	53	56	33	42	66	33	23	26	56	36	41	29	87	24	38	29	19	64	30	66	30	36	14	31	21	12	40	47	35	35	57	34	48	16	73	53	48	36	31	57	48	40	45	55	34	48	22	43	28	66	42	41	45	30	54	39	27	34	40	28	38	30	62	52	23	53	34	27	34	79	34	29	20	41	110	20	23	20	35	38	50	25	58	21	18	31	42	20	42	19	24	58	19	43	47	32	49	23
9	36	48	64	57	33	44	75	40	27	27	62	43	47	28	113	27	38	35	23	81	40	68	36	40	16	39	22	12	48	56	42	43	61	39	50	19	83	55	52	43	33	73	55	43	57	60	44	55	24	54	39	83	51	49	55	37	61	50	28	36	52	34	47	38	69	70	23	55	39	34	43	100	42	27	27	51	130	27	28	28	41	51	57	23	64	27	21	34	51	24	58	22	30	63	23	54	61	35	53	29
10	38	55	82	60	38	51	84	46	34	35	68	48	50	38	138	38	44	41	27	103	41	78	39	42	19	49	24	12	55	72	52	54	68	49	51	21	95	62	50	57	42	91	61	50	69	62	53	62	29	58	56	93	63	55	58	44	74	61	32	43	61	36	57	50	75	87	29	58	47	43	54	119	51	27	30	60	160	34	28	38	49	54	67	25	70	36	24	35	60	30	63	23	30	71	30	60	74	39	54	36
11	36	67	94	68	42	52	91	53	47	42	70	64	54	49	158	45	48	50	30	119	48	78	50	55	21	56	28	12	67	84	58	56	77	52	61	28	109	68	57	72	50	121	79	50	72	62	60	78	33	74	67	103	63	57	69	57	93	71	35	45	74	47	61	61	82	98	38	64	55	51	64	154	63	32	35	70	182	43	35	46	62	58	85	28	79	46	31	39	73	36	72	29	37	90	29	66	78	42	59	36
12	37	81	105	81	47	59	94	61	53	52	72	76	61	60	194	58	50	60	35	127	63	93	56	62	26	60	33	13	81	103	68	65	84	63	68	36	124	75	59	82	56	154	95	51	82	68	62	94	39	80	79	107	71	59	85	61	103	80	41	53	86	62	72	72	84	120	48	66	62	47	68	188	74	37	38	81	197	43	48	57	75	65	101	33	91	61	31	44	81	40	87	31	41	108	36	73	83	53	60	48
13	41	89	116	82	62	66	102	66	63	56	85	86	65	69	215	68	54	69	37	145	65	104	74	74	36	68	34	17	92	119	78	80	92	69	81	42	137	92	60	88	56	184	116	58	98	73	68	106	47	94	84	118	92	63	101	76	107	88	47	60	97	76	79	79	100	149	58	73	76	59	72	222	89	45	46	92	212	47	59	58	88	76	116	36	98	77	34	51	87	38	110	38	50	124	38	91	99	62	68	53
14	48	101	121	88	80	69	114	77	68	62	89	102	68	84	232	75	59	73	41	167	71	108	86	93	38	75	43	21	105	141	97	92	115	83	89	55	171	108	69	85	62	223	118	64	118	83	77	124	59	102	96	120	100	72	121	91	134	97	48	67	117	90	90	78	121	176	75	86	91	70	71	245	101	56	58	101	239	58	73	62	107	88	129	38	113	83	38	66	96	40	126	43	58	154	38	98	126	84	66	63
15	56	108	138	89	94	87	129	97	74	73	102	111	70	96	260	75	73	73	41	183	70	112	104	106	50	82	53	26	111	165	122	101	126	88	116	60	199	123	69	92	67	259	129	78	129	85	77	148	75	116	107	132	119	82	122	107	154	101	56	69	139	109	104	76	135	200	88	101	102	91	69	296	124	62	63	112	267	73	83	67	123	107	157	42	131	83	39	82	101	45	131	48	66	188	48	106	146	104	69	68
16	64	117	170	87	108	96	145	108	83	84	109	133	77	120	294	80	81	78	39	205	69	112	112	117	61	89	60	38	132	186	151	115	147	107	130	72	229	130	72	105	72	301	142	92	154	98	78	174	86	138	104	151	131	88	130	128	183	99	63	70	153	128	111	81	148	225	105	120	123	108	66	342	137	74	70	115	300	82	97	69	143	121	181	52	147	89	40	101	120	52	143	54	82	207	56	119	162	133	81	80
17	70	139	196	90	131	113	171	132	96	101	121	157	84	145	341	88	93	85	38	215	72	116	134	127	74	98	75	53	159	216	171	117	164	115	142	81	269	152	78	112	78	343	157	105	178	123	83	200	98	148	108	178	136	100	137	135	214	97	84	73	170	145	115	89	170	260	115	124	132	130	74	391	164	79	88	136	344	87	110	76	164	134	199	71	169	97	47	123	128	63	152	61	95	229	60	127	168	154	94	79
18	82	155	228	91	142	140	201	160	94	106	133	169	111	158	416	92	101	94	45	233	71	121	152	142	81	111	70	67	181	257	193	133	183	131	156	87	310	168	88	113	84	398	182	119	201	149	85	231	109	177	113	207	133	102	143	152	243	89	90	78	186	172	117	100	191	296	130	137	149	157	73	432	184	87	96	171	375	103	140	88	191	143	215	94	194	110	51	136	138	75	154	74	104	274	58	120	184	182	106	90
19	88	171	257	112	166	166	248	175	110	122	151	191	124	181	503	102	108	105	52	254	79	115	163	165	98	126	72	77	196	292	224	155	211	146	180	94	356	176	94	111	97	466	213	119	222	163	98	272	125	209	113	224	146	107	148	177	286	97	109	72	220	199	120	114	226	343	158	151	166	178	88	502	206	98	114	197	413	116	155	91	208	156	237	118	222	133	62	161	152	88	171	92	128	315	67	116	198	196	118	99
20	99	193	303	138	176	179	295	196	124	131	166	216	139	206	605	124	124	112	66	291	96	127	176	196	111	135	81	91	207	322	248	179	238	150	201	115	401	193	99	113	106	540	249	122	252	186	108	320	129	265	121	247	159	112	170	192	342	101	117	84	248	218	121	128	255	391	187	163	184	207	102	572	258	113	133	240	460	137	171	107	225	173	256	139	248	140	72	186	177	101	202	112	153	366	76	124	207	215	126	110
21	126	223	334	161	184	193	340	223	143	151	197	249	167	235	726	139	127	131	73	336	115	135	193	223	120	147	78	88	220	371	282	213	259	170	210	123	457	195	114	110	109	607	300	125	292	203	130	355	152	317	136	269	166	121	194	217	379	107	132	95	278	245	131	137	283	448	194	176	212	247	105	639	288	131	156	280	517	152	187	119	230	190	275	156	278	162	84	209	197	113	220	134	159	428	75	136	235	226	138	123
22	141	259	372	205	194	209	389	264	158	165	228	288	192	280	864	150	130	150	83	371	130	159	217	254	138	165	93	92	234	416	339	238	314	202	226	144	522	213	126	121	107	684	346	137	342	229	142	395	169	364	150	302	181	127	217	236	447	114	140	106	314	268	134	153	310	499	220	178	246	270	115	702	336	147	173	312	577	159	200	120	239	195	294	176	296	192	96	227	229	115	260	152	178	501	86	149	264	266	156	143
23	156	298	412	250	206	242	445	302	161	176	256	313	212	319	991	175	154	166	89	423	147	187	252	274	150	179	104	98	255	465	411	282	364	208	262	165	568	229	141	139	108	777	401	147	395	261	166	461	187	428	164	332	206	133	246	263	519	126	165	112	351	315	147	171	346	574	239	201	279	307	131	788	382	169	204	371	642	175	213	143	246	206	306	179	347	233	101	249	258	122	290	182	208	583	99	164	285	304	165	158
24	161	359	465	282	203	259	487	348	171	199	287	359	240	356	1176	198	182	192	98	483	171	212	282	293	170	195	112	105	306	528	489	313	404	215	287	195	626	253	154	159	113	856	462	146	459	283	189	543	196	460	194	375	248	148	293	289	601	160	166	125	402	364	165	192	369	655	254	223	310	334	145	879	425	183	240	414	739	193	229	161	279	208	347	206	400	270	101	269	290	134	325	220	227	687	117	178	305	348	192	182
25	166	399	523	328	206	296	534	406	186	218	319	396	266	406	1395	218	206	219	104	533	197	230	327	328	186	214	114	116	345	602	572	341	468	240	322	234	695	287	176	187	121	954	505	158	542	315	201	619	219	522	229	426	275	177	321	329	695	177	180	130	453	401	177	211	420	740	280	258	337	371	149	970	472	207	287	470	856	219	257	186	311	209	393	224	428	290	111	282	342	146	353	251	254	758	140	192	310	396	210	187
26	182	450	589	356	203	319	613	456	213	257	356	441	266	442	1637	234	224	252	112	612	224	261	377	371	203	229	129	127	407	657	677	369	544	246	390	269	750	327	201	205	129	1058	552	154	586	376	223	703	241	582	266	471	301	214	368	348	775	208	205	146	497	448	194	234	459	830	312	303	366	411	162	1098	530	224	350	521	972	243	268	200	324	238	443	255	485	330	106	319	376	161	383	285	285	888	160	228	324	455	224	202
27	201	500	643	393	227	355	671	540	243	283	372	499	285	464	1903	247	244	288	130	692	239	298	442	412	209	273	144	138	465	741	748	416	614	281	439	311	794	360	222	251	142	1206	622	167	675	427	240	784	264	624	296	542	339	245	391	393	878	237	226	164	531	503	222	264	509	959	355	361	399	441	188	1224	617	250	399	569	1124	274	294	234	361	256	494	268	556	361	111	346	423	185	417	333	324	971	190	257	356	490	243	213
28	222	532	717	428	252	400	787	626	290	313	383	579	308	540	2177	265	260	330	144	771	265	338	485	442	220	322	172	158	556	849	848	477	682	333	509	351	863	411	235	304	170	1340	702	172	742	484	268	882	306	690	322	594	369	297	451	434	985	259	241	202	585	566	243	292	570	1111	393	426	430	471	222	1349	691	278	442	635	1262	315	342	258	411	272	570	300	634	408	121	379	469	221	455	349	355	1117	214	286	393	534	254	245
29	240	580	822	463	283	442	903	712	342	367	416	650	333	597	2494	279	275	366	158	901	287	377	558	531	244	377	204	177	640	966	942	511	753	356	558	411	922	460	273	326	211	1493	760	185	833	547	307	981	343	746	357	674	408	343	517	499	1094	304	268	234	637	648	278	325	621	1233	463	473	479	526	253	1511	793	315	487	674	1408	364	389	288	477	290	640	333	706	448	125	396	520	265	518	398	394	1272	238	310	434	600	285	262
30	276	656	934	515	340	481	1024	803	411	396	462	733	369	687	2830	323	278	410	197	1048	333	423	658	606	263	449	243	203	748	1102	1024	571	854	397	644	452	993	514	303	358	246	1697	800	207	953	616	354	1110	382	810	402	771	466	366	587	569	1227	341	306	260	699	728	301	365	703	1389	526	512	535	571	284	1657	880	346	579	741	1551	406	424	325	552	313	699	389	813	494	132	442	580	314	582	429	440	1428	275	350	493	678	323	292
31	319	736	1052	573	388	532	1162	905	484	426	518	807	416	776	3267	367	302	468	235	1186	361	482	732	655	277	507	270	222	822	1294	1145	635	965	465	745	504	1085	603	324	396	283	1929	844	225	1083	694	425	1237	429	882	460	877	528	420	683	649	1387	381	351	299	774	842	328	402	766	1554	604	579	620	634	324	1843	1012	404	679	817	1736	459	469	372	624	350	759	445	899	563	141	498	657	358	644	481	483	1581	302	396	578	763	346	321
32	358	844	1166	618	427	585	1311	1025	545	453	583	914	473	831	3666	423	340	536	252	1422	396	556	813	730	321	582	304	238	944	1474	1244	683	1070	539	848	576	1180	677	367	436	306	2147	951	241	1227	778	491	1404	476	988	494	1004	595	469	743	741	1545	431	395	346	830	935	349	439	844	1805	699	639	724	694	365	2076	1131	453	731	890	1938	530	527	433	714	383	841	466	1000	614	153	551	740	414	718	551	525	1710	350	429	663	852	365	353
33	384	961	1283	699	492	662	1467	1146	626	500	661	1005	529	922	4137	501	367	588	295	1683	433	633	889	815	350	656	333	259	1038	1651	1331	753	1178	616	984	664	1315	764	407	479	363	2439	1089	251	1368	891	552	1591	539	1110	567	1144	666	565	859	836	1709	474	458	424	867	1089	377	496	946	2042	803	713	862	758	429	2345	1244	505	822	987	2195	597	557	496	822	433	924	528	1102	709	156	623	862	451	799	616	580	1894	411	477	743	974	394	393
34	415	1085	1437	796	538	746	1621	1254	715	546	751	1136	593	1028	4592	585	428	646	337	1914	492	682	954	884	404	748	358	271	1171	1844	1483	845	1262	700	1153	753	1442	825	455	515	400	2703	1251	272	1542	1008	633	1734	598	1265	635	1281	748	606	943	922	1884	528	498	468	959	1213	429	579	1025	2311	896	804	1004	846	478	2637	1426	563	916	1075	2431	672	621	550	919	476	1024	566	1178	823	177	679	970	511	896	683	639	2098	468	526	839	1069	439	431
35	453	1214	1593	920	600	829	1836	1420	813	591	864	1259	661	1147	5125	663	479	724	365	2136	541	772	1075	965	455	828	395	293	1290	2028	1638	955	1405	767	1282	837	1639	931	511	559	451	2966	1430	288	1715	1139	722	1940	681	1413	721	1460	848	663	1048	1046	2102	609	557	520	1041	1348	483	650	1126	2591	990	895	1113	953	506	2884	1555	651	1023	1187	2675	758	715	615	1051	535	1134	639	1275	938	194	758	1080	579	1005	747	709	2309	525	576	911	1169	475	486
36	506	1355	1789	1036	681	923	2061	1569	944	680	966	1355	729	1261	5693	733	528	819	411	2369	606	867	1239	1071	507	938	434	322	1430	2242	1818	1075	1542	836	1442	928	1833	1027	599	616	506	3290	1610	312	1875	1240	828	2179	760	1578	812	1653	982	722	1127	1177	2337	695	633	589	1156	1504	530	735	1259	2933	1093	1022	1254	1027	571	3098	1748	728	1139	1317	2917	876	795	672	1207	580	1269	694	1395	1064	217	836	1186	641	1117	848	787	2623	566	639	1030	1278	536	546
37	539	1510	2005	1147	737	1023	2352	1737	1096	756	1047	1536	791	1432	6334	848	570	927	465	2623	682	972	1395	1215	567	1066	477	332	1599	2499	1981	1199	1715	923	1629	1068	2051	1149	648	692	580	3616	1784	341	2120	1399	926	2417	859	1795	940	1835	1133	803	1261	1326	2573	789	703	664	1232	1710	581	841	1411	3299	1203	1143	1372	1127	644	3473	1988	821	1302	1518	3221	959	898	742	1425	654	1391	762	1541	1222	238	906	1290	721	1233	951	818	2949	649	728	1136	1348	580	599
38	623	1638	2259	1292	785	1143	2655	1950	1261	863	1182	1698	871	1612	7003	962	650	1091	510	2903	780	1105	1578	1381	647	1178	542	371	1795	2702	2183	1353	1912	1010	1811	1165	2315	1283	749	763	647	3962	2000	377	2391	1558	1068	2705	962	2017	1077	2079	1274	912	1382	1476	2842	900	792	746	1356	1895	651	949	1535	3721	1336	1285	1484	1275	727	3772	2181	913	1464	1710	3510	1119	1031	837	1658	738	1584	870	1692	1351	281	1028	1395	792	1363	1063	868	3285	728	804	1277	1440	639	662
39	689	1850	2519	1429	840	1283	2931	2176	1440	1004	1295	1928	1003	1812	7778	1044	736	1238	570	3218	891	1257	1777	1565	709	1277	625	411	2008	2939	2401	1521	2121	1138	1995	1258	2579	1441	850	890	727	4364	2281	442	2747	1747	1209	3045	1066	2237	1201	2334	1431	1043	1512	1658	3138	989	865	819	1514	2107	726	1060	1742	4151	1461	1435	1632	1408	779	4138	2396	1014	1589	1906	3902	1279	1132	902	1913	816	1786	972	1856	1518	326	1159	1568	882	1479	1205	939	3644	835	884	1412	1609	718	747
40	773	2075	2772	1603	924	1472	3255	2453	1607	1123	1443	2198	1112	2006	8548	1120	853	1422	609	3569	1024	1389	2034	1738	795	1397	694	434	2184	3234	2629	1729	2382	1269	2178	1349	2858	1612	976	993	784	4798	2547	494	3091	1952	1389	3402	1179	2488	1356	2589	1638	1152	1637	1839	3491	1116	951	881	1665	2381	805	1141	1939	4583	1590	1643	1766	1602	898	4558	2605	1144	1752	2124	4337	1430	1256	989	2156	934	2001	1062	2070	1700	370	1343	1708	986	1638	1351	1034	4077	982	991	1579	1789	809	814
41	873	2310	3099	1841	1034	1685	3655	2736	1821	1265	1600	2511	1252	2204	9505	1241	946	1624	710	3948	1133	1596	2320	1907	874	1527	786	483	2389	3573	2888	1934	2604	1381	2382	1472	3173	1839	1092	1115	876	5335	2884	551	3456	2174	1548	3848	1296	2731	1529	2924	1852	1282	1813	2061	3865	1222	1038	954	1853	2644	889	1262	2179	5023	1781	1838	1917	1789	999	5102	2927	1291	1936	2419	4740	1592	1391	1125	2416	1030	2250	1181	2298	1881	443	1543	1878	1108	1827	1511	1147	4526	1133	1107	1716	2054	892	891
42	962	2602	3440	2072	1149	1910	4016	3054	2052	1407	1794	2874	1411	2437	10476	1378	1045	1818	800	4360	1238	1842	2619	2100	962	1678	909	536	2660	3966	3176	2147	2916	1607	2645	1572	3496	2090	1215	1281	947	5903	3257	622	3879	2411	1771	4273	1446	3060	1734	3229	2119	1415	2057	2317	4305	1378	1071	1067	2061	2948	979	1384	2403	5525	1965	2089	2078	2031	1128	5693	3255	1442	2171	2653	5238	1788	1568	1261	2709	1147	2523	1306	2537	2097	524	1713	2069	1202	2063	1705	1286	5016	1253	1239	1887	2340	985	979
43	1057	2929	3752	2350	1308	2205	4463	3399	2268	1573	1994	3217	1539	2665	11492	1511	1203	2054	918	4889	1382	2064	2895	2300	1041	1881	1050	594	3024	4357	3544	2425	3242	1795	2863	1736	3920	2337	1387	1438	1061	6488	3670	692	4294	2694	2004	4726	1650	3393	1923	3525	2335	1599	2307	2568	4810	1522	1156	1167	2311	3255	1096	1511	2668	6128	2179	2319	2316	2333	1238	6404	3643	1642	2442	2884	5822	2029	1789	1418	3014	1259	2821	1495	2766	2345	590	1930	2231	1322	2378	1931	1417	5465	1409	1365	2089	2634	1114	1107
44	1188	3262	4173	2637	1468	2543	4885	3687	2507	1797	2247	3588	1703	2978	12560	1707	1372	2227	1022	5444	1568	2322	3314	2520	1182	2061	1200	658	3392	4823	3942	2688	3593	2034	3104	1899	4287	2614	1541	1595	1160	7100	4124	794	4768	2984	2255	5231	1845	3737	2125	3962	2618	1776	2526	2845	5240	1691	1252	1286	2544	3688	1242	1660	2925	6817	2397	2585	2554	2611	1370	7093	4122	1860	2719	3141	6410	2268	2031	1541	3327	1410	3170	1691	3093	2592	663	2189	2415	1471	2649	2161	1582	5930	1585	1494	2340	2960	1227	1243
45	1339	3573	4598	2960	1622	2909	5352	3966	2782	2006	2543	4041	1871	3259	13615	1882	1576	2460	1128	6048	1722	2648	3676	2806	1326	2222	1339	722	3758	5357	4357	3015	3940	2309	3451	2112	4757	2927	1743	1824	1293	7753	4598	864	5268	3288	2496	5758	2090	4122	2399	4383	2931	2010	2828	3207	5871	1880	1402	1378	2826	4097	1390	1871	3261	7481	2605	2859	2810	2928	1573	7907	4651	2071	3029	3382	7118	2501	2268	1674	3623	1551	3542	1882	3406	2925	764	2462	2588	1633	2957	2479	1739	6550	1778	1657	2643	3338	1379	1355
46	1487	4008	5111	3317	1839	3331	5887	4379	3138	2199	2854	4447	2064	3630	14748	2111	1800	2723	1269	6783	1917	3017	3987	3072	1494	2460	1445	796	4175	5972	4788	3353	4348	2585	3787	2364	5301	3304	1965	2088	1432	8462	5085	971	5814	3606	2749	6414	2355	4580	2652	4871	3251	2263	3182	3587	6481	2081	1604	1500	3171	4603	1510	2103	3577	8280	2911	3165	3082	3309	1748	8777	5214	2298	3378	3685	7824	2818	2576	1875	4067	1703	3928	2098	3806	3239	863	2740	2796	1818	3303	2730	1939	7167	2011	1845	2975	3727	1521	1511
47	1600	4444	5681	3722	2078	3794	6467	4794	3520	2444	3180	4917	2279	4058	15934	2398	2061	3004	1443	7517	2131	3369	4502	3371	1683	2678	1582	882	4612	6523	5276	3733	4833	2891	4148	2659	5875	3686	2186	2361	1566	9210	5656	1070	6474	3992	3129	7063	2603	5048	2998	5454	3631	2512	3575	4102	7166	2298	1842	1624	3535	5061	1680	2337	3930	9205	3211	3524	3431	3634	1950	9687	5776	2558	3700	3955	8580	3156	2948	2036	4464	1872	4316	2361	4236	3576	930	3046	3053	2063	3683	3019	2159	7840	2235	2026	3361	4134	1704	1664
48	1765	5030	6292	4164	2308	4339	7162	5330	3932	2727	3574	5380	2477	4469	17142	2677	2311	3388	1629	8282	2432	3801	4942	3732	1894	2947	1764	1011	5029	7171	5793	4185	5390	3246	4556	2893	6546	4111	2422	2643	1738	10097	6282	1194	7122	4425	3518	7734	2905	5493	3334	6064	4033	2830	3964	4624	7891	2569	2125	1801	3930	5650	1804	2636	4345	10107	3539	3943	3826	3956	2139	10686	6419	2849	4059	4319	9361	3518	3258	2223	4917	2111	4813	2613	4733	3959	1054	3458	3306	2289	4051	3338	2472	8609	2490	2227	3741	4621	1901	1850
49	1914	5587	7027	4686	2554	4855	7737	5885	4350	3019	3940	5946	2743	4935	18499	2956	2626	3757	1822	9178	2776	4191	5517	4154	2114	3236	1972	1136	5514	7772	6433	4629	5928	3621	4957	3193	7260	4568	2679	2979	1940	11011	6896	1342	7881	4900	3940	8489	3274	6056	3774	6739	4524	3158	4413	5203	8602	2891	2416	2038	4375	6326	1943	2956	4793	11003	3933	4468	4264	4338	2382	11616	7044	3187	4464	4779	10254	3929	3633	2498	5410	2351	5355	2877	5275	4393	1155	3916	3666	2504	4530	3667	2813	9412	2831	2460	4113	5144	2105	2033
50	2118	6213	7865	5199	2836	5485	8560	6509	4818	3355	4376	6531	3040	5435	19792	3256	2922	4187	2055	10173	3154	4692	6169	4663	2354	3571	2199	1261	6132	8506	7070	5065	6552	4041	5496	3427	8052	5124	2973	3323	2162	12018	7534	1496	8679	5366	4404	9436	3647	6619	4310	7414	4977	3527	4952	5844	9492	3240	2731	2308	4893	7073	2130	3328	5330	11976	4359	4974	4724	4728	2669	12803	7735	3531	4912	5272	11145	4366	4072	2804	5963	2608	5984	3175	5892	4891	1322	4368	4042	2805	4989	4041	3134	10300	3215	2725	4569	5708	2376	2234
51	2344	6898	8651	5714	3192	6179	9433	7205	5278	3661	4834	7267	3362	5952	20891	3588	3310	4757	2308	11205	3548	5266	6860	5175	2615	3854	2457	1390	6706	9257	7780	5666	7276	4506	6026	3753	8983	5696	3348	3690	2387	13178	8321	1670	9557	5902	4926	10433	4049	7279	4884	8152	5511	3992	5580	6518	10267	3626	3034	2565	5416	7761	2343	3711	5850	12897	4839	5585	5165	5180	2933	13945	8435	3940	5411	5820	12167	4823	4564	3084	6543	2894	6570	3523	6503	5413	1500	4869	4522	3130	5569	4422	3518	11245	3666	3030	5027	6369	2704	2465
52	2584	7704	9641	6259	3574	6876	10399	7965	5800	4095	5332	8033	3716	6585	22151	4023	3627	5331	2582	12350	3963	5920	7615	5669	2905	4192	2763	1524	7338	10050	8488	6134	7949	4991	6695	4061	9943	6294	3746	4150	2666	14285	9211	1819	10390	6481	5497	11516	4552	7975	5465	8974	6099	4438	6258	7363	11186	4035	3332	2913	5945	8466	2598	4100	6407	14017	5364	6239	5772	5710	3240	15156	9164	4454	5948	6436	13273	5324	5043	3434	7143	3210	7244	3897	7128	5969	1712	5438	5022	3538	6223	4945	3927	12211	4221	3388	5455	7112	3062	2759
53	2813	8583	10603	6920	3947	7634	11537	8755	6444	4607	5912	8821	4147	7243	23191	4391	4051	5953	2878	13377	4426	6692	8383	6261	3289	4536	3081	1668	8088	10971	9385	6701	8756	5555	7378	4466	10984	6965	4214	4572	2975	15525	10123	1954	11301	7176	6038	12710	5119	8734	6148	9928	6715	4948	6977	8164	12108	4524	3691	3325	6455	9270	2919	4497	7030	15184	5994	6920	6313	6280	3565	16427	10070	4971	6577	7074	14424	5934	5611	3865	7858	3621	7973	4273	7788	6538	1952	6027	5616	3948	6890	5453	4368	13247	4732	3811	6011	7817	3449	3115
54	3127	9489	11683	7556	4428	8392	12576	9526	7108	5100	6581	9725	4594	8012	24101	4842	4496	6633	3200	14602	4905	7385	9347	6908	3642	5007	3454	1850	8956	11953	10230	7360	9507	6167	8111	4931	12098	7668	4681	5122	3319	16703	11136	2161	12264	7906	6754	13871	5646	9646	6810	10851	7356	5443	7729	9020	13052	5004	4162	3738	7139	10023	3283	4978	7771	16436	6624	7730	7030	6941	3978	17715	10894	5474	7317	7754	15577	6500	6158	4287	8620	4052	8692	4711	8458	7129	2167	6769	6262	4405	7635	6044	4929	14304	5294	4265	6649	8624	3859	3521
55	3501	10480	12737	8443	4873	9238	13741	10387	7858	5625	7251	10711	5054	8797	24971	5339	5055	7440	3520	15896	5468	8157	10336	7549	4073	5596	3818	2064	9814	12958	11223	8172	10369	6789	8904	5465	13229	8419	5145	5738	3680	17940	12101	2417	13265	8854	7390	14986	6182	10695	7559	11892	8129	6038	8480	9872	14160	5551	4646	4260	7923	11007	3709	5472	8509	17688	7329	8587	7697	7645	4448	19057	11835	6039	8204	8492	16764	7189	6800	4764	9527	4489	9411	5289	9202	7759	2432	7510	7043	4936	8532	6717	5435	15381	5806	4767	7300	9410	4335	3901
56	3826	11578	13765	9217	5387	10207	14907	11309	8680	6266	8030	11636	5531	9639	25538	5888	5610	8251	3887	17079	6041	8943	11334	8241	4564	6347	4190	2293	10829	14078	12192	9004	11268	7541	9745	6077	14419	9225	5666	6481	4137	19166	13224	2689	14497	9721	8222	16265	6776	11737	8362	12930	9015	6667	9305	10828	15331	6231	5198	4826	8648	11896	4123	6015	9270	18937	8133	9502	8478	8440	4871	20180	12814	6706	9184	9316	17833	7922	7447	5338	10510	5021	10289	5938	10055	8507	2696	8365	7871	5491	9524	7484	6016	16480	6382	5387	7971	10268	4757	4347
57	4187	12697	14956	10065	6001	11170	16099	12199	9529	6899	8760	12720	6040	10636	25964	6519	6286	9164	4244	18435	6723	9799	12345	9132	5047	7086	4662	2521	11691	15149	13207	9908	12295	8293	10590	6785	15659	10134	6259	7265	4611	20337	14334	2957	15645	10771	9056	17494	7423	12831	9166	13980	9897	7281	10173	11883	16416	6780	5727	5421	9535	13011	4566	6648	10138	19983	9069	10464	9313	9192	5432	21237	13894	7384	10234	10236	18980	8737	8216	5965	11527	5509	11270	6581	11027	9321	3002	9169	8730	6120	10384	8280	6615	17710	7017	5987	8640	11109	5295	4886
58	4599	13686	16161	11113	6659	12168	17342	13258	10377	7634	9572	13966	6652	11537	26271	7235	7009	10090	4647	19616	7397	10715	13407	10153	5611	7854	5223	2792	12673	16287	14242	10872	13411	9177	11573	7540	16818	11103	6947	8023	5060	21576	15448	3258	16900	11945	9978	18767	8150	13986	10111	15094	10946	8047	11146	13014	17630	7443	6298	6085	10505	14209	5084	7320	11003	21045	10087	11513	10328	9996	6033	22240	15028	8117	11385	11199	20050	9553	8960	6633	12679	6062	12153	7312	11952	10203	3252	10015	9642	6805	11412	9221	7248	18994	7631	6687	9417	12143	5884	5501
59	5039	14870	17440	12156	7364	13382	18420	14369	11288	8341	10404	15122	7294	12662	26205	7988	7767	11105	5092	20752	8144	11726	14567	11304	6279	8694	5862	3085	13675	17331	15305	11947	14625	9997	12608	8260	18020	12174	7567	8877	5664	22638	16563	3617	18059	13142	10995	20024	8859	15131	11081	16200	11987	8891	12227	14116	18787	8194	6977	6738	11577	15557	5663	8144	11982	22215	11087	12564	11373	10876	6684	23035	16288	8904	12578	12244	21146	10478	9736	7411	13806	6671	13132	8093	12926	11074	3591	10859	10505	7489	12524	10268	7948	19991	8334	7416	10257	13122	6503	6071
60	5590	16014	18656	13242	8101	14484	19619	15531	12220	9215	11301	16244	8012	13719	25988	8684	8598	12250	5576	21885	8947	12698	15704	12472	6986	9585	6498	3419	14660	18525	16319	12857	15801	10959	13754	9097	19147	13268	8348	9830	6266	23542	17738	4047	19373	14339	11992	21128	9634	16442	12029	17222	13101	9784	13315	15215	19762	8975	7733	7534	12720	16762	6216	9075	13066	23160	12178	13704	12437	11717	7403	23927	17630	9800	13905	13274	22137	11520	10588	8173	15015	7303	14268	8878	14150	12029	3926	11728	11420	8305	13594	11353	8653	21116	9100	8085	11200	14196	7196	6681
61	6178	17259	19885	14410	8941	15595	20708	16691	13104	10176	12304	17532	8785	14829	25393	9477	9493	13425	6080	22881	9768	13829	16991	13762	7780	10550	7197	3789	15710	19584	17504	13999	16957	12032	14941	9975	20233	14554	9177	10787	6892	24307	18992	4457	20660	15668	13076	22209	10482	17823	13071	18313	14252	10771	14417	16339	20880	9788	8520	8312	13945	17947	6809	10020	14074	24094	13326	14851	13659	12763	8177	24611	18934	10767	15134	14364	23125	12453	11560	9047	16212	8003	15455	9849	15279	13156	4364	12671	12495	9177	14686	12476	9480	22126	10041	8895	12206	15403	7933	7404
62	6905	18644	20892	15549	9798	16678	21845	17804	14102	11132	13276	18808	9618	15902	24602	10371	10392	14734	6658	24002	10810	14975	18273	15060	8536	11477	7904	4193	16820	20523	18603	15091	18020	13160	16136	10891	21330	15699	10102	11809	7554	25063	20176	4948	21965	16960	14152	23222	11486	19136	14185	19452	15492	11887	15547	17488	21750	10762	9470	9114	15319	19038	7465	10976	15300	24976	14508	16179	14969	13907	9042	25156	20317	11798	16476	15647	23876	13626	12547	9992	17528	8798	16585	10831	16419	14225	4817	13743	13659	10048	15925	13579	10234	23109	10928	9646	13320	16448	8808	8144
63	7544	19893	21908	16795	10624	17826	22902	18871	15144	12224	14234	20130	10562	17082	23426	11284	11337	16300	7298	25048	11807	16192	19567	16237	9416	12469	8775	4646	18023	21543	19872	16232	19084	14285	17401	11934	22536	16900	11111	12783	8221	25544	21250	5488	23059	18353	15277	24146	12422	20435	15343	20551	16776	12933	16548	18741	23019	11704	10525	9991	16666	20081	8310	11964	16481	25611	15568	17354	16269	15091	9987	25494	21407	12899	17680	16871	24539	14773	13605	10959	18781	9665	17717	11883	17450	15367	5364	14798	14885	11004	17188	14854	11139	24018	11865	10527	14330	17580	9696	8975
64	8215	21172	22854	18133	11463	18879	23883	19984	16219	13482	15258	21382	11604	18190	22435	12247	12234	17724	7982	25716	13002	17314	21004	17461	10259	13497	9623	5157	19253	22628	21025	17370	20101	15508	18605	12931	23574	18149	12001	13909	9008	25755	22222	6116	23959	19585	16530	24802	13506	21550	16533	21667	18277	14109	17711	19872	23988	12737	11646	11067	17940	21071	9213	13044	17619	25973	16574	18579	17535	16327	11031	25729	22560	14061	18986	18122	25169	16038	14734	12125	19898	10635	18784	13048	18705	16578	5908	16018	16041	12064	18346	16203	12143	24829	12874	11527	15497	18779	10694	9849
65	8946	22465	23734	19390	12452	20019	24874	21193	17229	14760	16601	22465	12713	19305	21181	13268	13281	19038	8712	26470	14266	18391	22335	18715	11141	14599	10562	5752	20410	23602	22081	18469	21091	16709	19777	14041	24416	19246	12961	14988	9904	25848	23178	6823	24644	20734	17682	25517	14552	22664	17680	22539	19869	15306	18856	20933	24858	13923	12856	12090	19277	22118	10082	14050	18821	26337	17771	19919	18783	17620	12108	25665	23483	15134	20109	19421	25637	17149	15853	13256	20974	11715	19957	14150	19919	17987	6545	17133	17187	13195	19639	17449	13150	25363	13962	12478	16672	20040	11789	10876
66	9725	23456	24430	20481	13440	21084	25656	22184	18365	16082	17832	23592	13829	20609	19743	14331	14361	20266	9545	26849	15509	19679	23702	19898	12098	15661	11572	6473	21459	24506	23195	19578	21995	17948	21002	15285	25018	20343	14029	16137	10850	25600	24001	7557	25159	21785	18822	25964	15626	23664	19002	23579	21310	16380	19895	21970	25442	15044	14132	13241	20373	23028	11062	15142	19995	26231	18713	21155	20053	18809	13191	25241	24433	16383	21222	20639	25687	18356	17023	14494	22124	12809	21220	15361	21117	19304	7169	18447	18375	14289	20843	18526	14238	25639	14953	13538	18060	21277	12982	11828
67	10651	24201	24863	21757	14524	22161	26172	23172	19414	17450	19105	24321	14984	21841	18121	15505	15435	21635	10339	26756	16927	20975	24824	21050	13242	16857	12660	7151	22491	25239	24123	20691	23056	19101	22222	16640	25667	21334	15034	17326	11857	24970	24722	8302	25295	22842	19817	26158	16703	24477	20310	24468	22527	17637	20897	22824	25738	16222	15340	14273	21478	23761	12157	16335	21065	25833	19755	22397	21143	20041	14342	24719	25118	17564	22327	21824	25497	19505	18136	15708	23151	13964	22216	16651	22363	20512	7900	19592	19630	15562	22139	19786	15425	25814	16088	14721	19533	22312	14121	12940
68	11666	24963	25192	22828	15648	23114	26571	24027	20522	18761	20368	25043	16117	22946	16285	16658	16732	22967	11173	26456	18216	22084	25687	22236	14495	18002	13744	8023	23420	25658	24864	21664	23943	20281	23322	17872	26081	22349	16284	18469	12888	24284	25232	9181	25462	23654	21095	26093	17862	25084	21645	25159	23517	18769	21886	23568	25720	17547	16679	15432	22409	24541	13223	17489	22041	25117	20779	23412	22207	21308	15586	23877	25686	18705	23362	22671	25284	20664	19301	17018	23996	15144	23178	17872	23534	21767	8668	20763	20749	16803	23355	20965	16778	25629	17266	15886	20938	23358	15346	14130
69	12719	25431	25248	23892	16834	24044	26684	24728	21455	19995	21581	25466	17239	23907	14609	17855	17932	24180	12191	25979	19490	22953	26488	23128	15858	19151	14834	8955	24164	25885	25195	22608	24687	21364	24296	19124	26107	23218	17524	19507	13974	23481	25604	10140	25201	24484	22125	25685	18786	25456	22847	25630	24362	19685	22873	24199	25740	18761	17970	16497	23304	25250	14391	18697	22884	24179	21787	24395	23336	22399	16735	22671	26025	19750	24285	23513	24445	21788	20589	18080	24582	16279	24055	19065	24405	22964	9460	21830	21957	18329	24437	22140	18126	25387	18424	17208	22287	24153	16519	15337
70	13938	25709	25184	24638	18147	24865	26525	25150	22418	21278	22705	25715	18538	24813	12903	19181	19293	25160	13194	25092	20864	23959	27010	23888	17063	20323	16065	9885	24854	25868	25353	23392	25430	22398	25286	20390	25943	23998	18611	20641	15069	22462	25795	11008	24913	25197	23086	25069	19904	25509	23995	25802	25103	20701	23706	24646	25205	20048	19491	17699	24234	25807	15591	19837	23753	23011	22732	25238	24185	23343	17870	21485	26086	20870	25051	24348	23433	22989	21877	19320	25199	17600	24712	20207	25204	24021	10310	22884	22962	19567	25052	23296	19394	24731	19666	18472	23452	24851	17742	16532
71	15107	25803	24840	25331	19296	25465	25969	25245	23227	22403	23799	25774	19701	25594	11212	20477	20605	25940	14276	23871	22102	24522	27368	24719	18390	21451	17191	10861	25296	25439	25285	24095	25776	23425	25842	21524	25440	24505	19781	21816	16206	21192	25827	11983	24325	25805	23959	24263	20978	25526	24853	25590	25723	21676	24421	24868	24584	21397	20753	18795	24926	26045	16820	20982	24430	21622	23796	26148	25031	24416	19024	20083	25909	21979	25585	25118	22131	24113	23055	20535	25592	18896	25350	21267	25817	24715	11210	23848	24006	20738	25740	24461	20629	23726	20661	19653	24455	25426	18815	17640
72	16375	25764	24304	25868	20379	25768	25151	25074	23735	23482	24614	25555	20773	26052	9474	21603	21730	26607	15501	22587	23310	24859	27321	25407	19642	22477	18450	11938	25519	24800	25145	24661	25951	24271	26339	22576	24637	25010	20934	22850	17272	19762	25464	13075	23527	26225	24738	23268	22036	25247	25584	25159	26287	22613	25043	24906	23503	22542	21974	19911	25505	25888	17943	22257	24761	20156	24722	26739	25812	25208	20122	18494	25498	23215	26015	25647	20725	25122	24135	21689	25770	19988	25670	22611	26251	25213	12288	24701	24900	21865	25986	25311	21892	22692	21842	20793	25237	25715	19898	18885
73	17551	25565	23608	26204	21517	25910	24022	24627	24365	24553	25187	25196	21869	26258	7918	22778	22855	26937	16828	21100	24442	25187	27071	25697	20805	23282	19683	13028	25426	23948	24703	24981	25914	25007	26651	23631	23664	25305	22019	23859	18496	18003	24716	14198	22551	26358	25417	21915	22981	24784	26108	24551	26479	23551	25368	24708	22436	23644	23166	21070	25882	25653	19216	23270	25059	18501	25364	27043	26466	25769	21180	16794	24935	24154	26087	25902	19362	25942	25019	22577	25747	21108	25810	23707	26473	25557	13328	25483	25461	22961	26217	25858	23072	21318	22997	21754	25900	25703	21052	20122
74	18783	25009	22684	26368	22604	25806	22634	24178	24733	25413	25752	24670	22936	26162	6555	23722	23962	26991	18014	19311	25198	25154	26634	25988	21906	24076	20859	14178	25144	22787	23931	25214	25645	25552	26603	24609	22464	25447	22870	24678	19715	16212	23873	15335	21556	26137	25943	20537	23807	24285	26426	23523	26470	24348	25811	24434	21009	24759	24208	22150	25991	25010	20403	24214	25271	16723	25757	27052	26933	26073	22176	15075	23912	25091	25918	25986	17860	26510	25727	23506	25332	22145	25510	24450	26160	25610	14508	25964	26023	23669	26128	26135	24088	19704	24054	22887	26375	25619	22253	21281
75	19841	24283	21662	26228	23593	25278	21097	23563	24870	25995	25945	23813	23711	25854	5285	24585	24957	26822	19250	17595	25883	25095	25655	25834	23050	24854	22177	15244	24650	21433	23179	25114	25084	26001	26195	25432	21012	25474	23568	25338	20867	14327	22720	16477	20344	25681	26203	19051	24453	23600	26487	22418	26191	24953	25848	23739	19407	25634	25052	23225	25902	24085	21367	24892	25292	14898	25743	26695	27116	26001	23009	13425	22622	25707	25468	25641	16169	26803	26313	24226	24842	23256	25015	25263	25832	25592	15693	26304	26195	24448	25666	26256	25181	18093	24947	23875	26550	25178	23369	22415
76	21030	23220	20499	25908	24315	24841	19352	22519	24643	26342	25925	22819	24499	25243	4165	25227	25638	26367	20561	15803	26153	24805	24490	25569	24139	25604	23319	16453	23885	19996	22204	24900	24126	26220	25403	26074	19569	25193	24183	25786	21929	12527	21405	17595	18916	25042	26228	17445	25161	22603	26278	21117	25451	25540	25770	22894	17678	26269	25768	24112	25609	23002	22311	25465	24774	13119	25493	25989	26744	25640	23910	11681	21120	26235	24933	25064	14505	26876	26420	24921	23894	24130	24194	25845	25057	25293	16905	26440	26015	24950	25077	26099	25796	16286	25541	24863	26494	24388	24373	23207
77	21991	22002	19152	25446	25027	24231	17547	21521	24443	26550	25742	21651	25133	24422	3210	25743	26181	25574	21720	14058	26383	24336	23025	25002	25167	25975	24466	17690	22968	18295	20959	24448	22890	26084	24265	26561	17960	24770	24606	26040	23020	10786	19892	18793	17363	23786	25864	15736	25392	21337	25808	19747	24684	25818	25107	22083	16083	26691	26330	25057	24900	21579	23236	25787	24231	11461	24951	25100	26186	25003	24678	10124	19473	26200	24247	24449	12880	26522	26286	25409	22900	24749	23105	26191	24015	24777	18153	26129	25622	25619	24260	25800	26427	14427	26089	25528	26113	23548	25248	24131
78	22972	20693	17636	24497	25499	23276	15544	20344	24108	26425	25348	20335	25590	23375	2533	26000	26377	24771	23053	12327	26052	23766	21512	24235	26047	26166	25228	19006	21742	16728	19568	23756	21236	25777	22914	26768	16251	23861	24849	26176	23820	9232	18281	20044	15868	22616	25377	14002	25346	19957	25075	18210	23585	25916	24355	21082	14232	26952	26692	25633	24083	20193	24061	25915	23328	9745	24215	24012	25146	24170	25100	8723	17774	26011	23261	23437	11191	25987	26006	25717	21724	25354	21950	26260	22918	24153	19377	25491	24662	26124	23325	25283	26742	12719	26321	26171	25516	22394	25778	24805
79	23773	18993	16016	23181	25574	22011	13664	19043	23348	26077	24628	18872	25785	22084	1908	26036	26344	23643	24116	10556	25773	22834	19701	23097	26572	26001	26003	20258	20503	14953	18024	22820	19592	25224	21509	26621	14609	22792	24986	25933	24551	7802	16539	21346	14269	21251	24559	12233	25045	18350	24190	16822	22388	25823	23045	19810	12631	26916	26720	25980	22889	18510	24798	25741	22167	8271	23258	22453	23821	23052	25504	7453	16025	25518	22109	22104	9624	25260	25458	25843	20369	25770	20721	26111	21388	23186	20608	24504	23672	26411	22098	24542	26655	10998	26296	26459	24508	21116	26113	25242
80	24609	17337	14172	21678	25567	20553	11700	17634	22334	25285	23850	17258	26133	20675	1430	25805	26082	22098	25040	8991	25082	21703	17956	21799	26931	25599	26523	21557	19157	13132	16396	21746	17860	24438	19797	26110	12894	21330	24960	25274	25197	6453	14713	22508	12767	19623	23507	10566	24386	16544	22970	15180	20930	25452	21568	18619	11058	26611	26559	26335	21612	16712	25327	25454	20733	6948	22296	20784	22355	21858	25432	6224	14315	24654	20904	20629	8061	24078	24497	25794	18909	25912	19294	25607	19824	22059	21555	23177	22496	26408	20603	23385	26253	9467	26038	26470	23192	19683	26202	25522
81	25145	15660	12500	19972	25215	18841	9965	16180	21132	24401	22884	15576	25954	19015	1068	25286	25584	20597	25748	7603	24358	20389	15958	20480	27000	24930	26782	22702	17567	11443	14656	20423	15991	23430	17950	25494	11282	19778	24768	24500	25726	5218	13042	23452	11325	17835	22311	9010	23654	14639	21722	13566	19360	24785	20053	17328	9497	25813	26215	26360	20158	14865	25646	24761	19089	5744	20991	18916	20561	20618	25325	5157	12547	23661	19276	19077	6688	22537	23328	25415	17264	25773	17699	24827	18094	20773	22548	21708	21122	26314	18991	22060	25585	8011	25365	26305	21742	18082	26061	25695
82	25588	13982	10771	18088	24701	16859	8225	14693	19887	23227	21632	13773	25427	17252	783	24521	24576	18813	26221	6249	23427	18882	13873	18878	26741	23950	26567	23879	15808	9787	12866	18941	14166	22152	16124	24331	9712	18114	24193	23425	25996	4222	11310	24374	9829	16135	20869	7547	22727	12822	20062	12078	17646	23873	18214	15864	8144	24832	25522	26140	18524	13199	25671	23848	17437	4586	19604	17045	18726	19080	24957	4216	10876	22483	17551	17339	5476	20870	21949	24877	15600	25481	15917	23828	16298	19195	23476	20118	19730	25700	17333	20657	24739	6671	24500	25625	20200	16431	25723	25564
83	25790	12316	9182	16134	23932	14887	6761	13043	18305	21859	20048	11968	24631	15310	588	23505	23435	17133	26363	5078	22457	17328	11902	17238	26185	22574	26361	24830	14137	8267	11107	17305	12367	20570	14289	22988	8268	16346	23507	22179	25947	3403	9692	25190	8503	14433	19246	6219	21518	11186	18240	10542	16003	22581	16329	14495	6888	23582	24501	25461	16797	11494	25493	22801	15809	3656	18067	15051	16724	17592	24374	3451	9359	21138	15748	15487	4338	19107	20354	24015	13787	24902	14256	22688	14386	17574	24326	18429	18105	24726	15732	18923	23738	5443	23483	24794	18351	14631	25188	25305
84	25630	10743	7747	14184	22770	12985	5481	11518	16577	20373	18386	10150	23483	13432	442	22298	22182	15289	26360	4137	21101	15638	9962	15644	25304	21083	25660	25602	12407	6918	9396	15522	10626	18825	12537	21228	6962	14663	22625	20625	25670	2666	8224	25804	7264	12794	17342	5024	20274	9628	16425	9083	14242	20880	14573	13031	5697	21985	23217	24567	15068	9844	25086	21587	14225	2842	16399	13188	14806	16076	23522	2790	7940	19688	13920	13695	3419	17067	18660	23000	12180	24246	12648	21379	12584	15755	25025	16737	16410	23540	14063	17116	22370	4364	22199	23603	16670	12826	24303	24766
85	25088	9160	6398	12095	21496	11275	4444	9995	15012	18815	16601	8570	21991	11704	305	20766	20809	13403	26122	3359	19745	13938	8203	13904	24160	19324	24840	26232	10659	5617	7920	13744	8934	16935	10858	19541	5818	12925	21707	18916	25109	2081	6916	26102	6081	11075	15470	3949	18957	8129	14500	7646	12566	19111	12749	11588	4678	20271	21676	23327	13257	8280	24429	20055	12693	2171	14825	11416	12898	14453	22586	2242	6721	18076	12117	11983	2657	15101	16918	21622	10458	23075	10967	19853	10858	13992	25503	15141	14778	22198	12362	15421	20919	3476	20719	22262	14784	11177	23079	23959
86	24375	7669	5341	10392	20308	9599	3598	8439	13343	17142	14514	7081	20337	10043	187	19149	19123	11684	25459	2653	18206	12261	6610	12204	22807	17527	23698	26619	9114	4520	6541	11998	7456	14986	9252	17638	4712	11256	20504	17172	24287	1571	5648	26186	4951	9477	13554	3119	17400	6827	12684	6379	10925	17232	11107	10092	3785	18309	19998	21626	11457	6890	23368	18637	11108	1620	13261	9712	11072	12870	21210	1837	5611	16403	10362	10359	2082	13263	15025	20083	8966	21833	9500	18119	9149	12380	25853	13299	13287	20516	10611	13638	19186	2722	18984	20730	13124	9470	21679	22893
87	23327	6312	4402	8865	18851	8193	2834	7134	11695	15356	12513	5744	18404	8422	130	17426	17348	10156	24577	2107	16497	10611	5182	10539	21154	15651	22225	26776	7674	3583	5325	10322	6062	12943	7915	15837	3741	9710	19059	15280	23094	1210	4567	26016	4008	8061	11669	2384	15791	5692	10798	5272	9285	15201	9546	8659	2973	16500	18206	19863	9813	5640	22231	16959	9710	1197	11652	8214	9352	11351	19654	1428	4633	14687	8803	8847	1601	11386	13238	18390	7424	20369	8172	16315	7559	10773	26059	11663	11705	18715	9029	11894	17406	2092	17287	19000	11548	8073	19991	21708
88	22283	5083	3601	7355	17291	6932	2165	5961	10259	13591	10530	4631	16484	7050	86	15702	15508	8640	23561	1600	14687	9202	4022	8956	19425	13827	20557	26552	6310	2773	4355	8857	4902	11059	6637	13979	2951	8293	17495	13431	21750	952	3552	25535	3192	6627	9902	1826	14272	4620	9195	4252	7774	13327	8212	7311	2309	14557	16468	17990	8229	4452	20749	15220	8238	897	10150	6840	7848	9770	17997	1080	3775	13095	7399	7429	1196	9666	11553	16515	6107	18745	6958	14506	6211	9208	26012	10073	10268	16782	7621	10229	15460	1538	15367	17113	9973	6675	18336	20235
89	20881	4041	2932	6138	15717	5763	1627	4966	8894	11918	8791	3698	14599	5795	58	13875	13646	7284	22143	1195	12757	7758	3005	7525	17513	11877	18816	26068	5118	2079	3588	7481	3974	9358	5525	12026	2312	6946	15908	11708	20112	732	2813	24840	2408	5407	8294	1414	12638	3788	7676	3431	6448	11639	6891	6110	1802	12581	14552	16186	6792	3491	19166	13401	6990	664	8740	5590	6454	8334	16405	802	3088	11542	6182	6138	893	8222	10047	14607	4986	17073	5848	12743	4919	7825	25429	8663	8844	14787	6330	8764	13643	1187	13428	15220	8479	5482	16578	18679
90	19541	3206	2309	5017	14191	4690	1156	4039	7549	10251	7153	2922	12756	4681	42	12161	11882	6096	20619	894	11117	6557	2293	6235	15675	10189	16866	25448	4087	1521	2909	6235	3171	7697	4473	10265	1713	5753	14031	10111	18376	545	2211	23904	1774	4360	6787	1030	11087	3080	6411	2746	5279	10042	5766	4969	1394	10702	12830	14397	5561	2658	17582	11513	5790	491	7432	4601	5315	7019	14841	589	2462	10205	5091	5049	662	6832	8514	12737	3925	15324	4726	11009	3823	6631	24587	7374	7531	12772	5143	7544	11835	885	11578	13405	7161	4440	14917	16949
91	18116	2549	1834	4033	12468	3792	844	3190	6426	8728	5702	2290	11074	3749	29	10410	10158	5021	18900	631	9403	5467	1720	5045	13818	8627	15026	24333	3241	1098	2368	5172	2450	6226	3636	8688	1285	4609	12039	8645	16530	414	1680	22682	1296	3449	5480	720	9575	2502	5280	2239	4198	8489	4712	3927	1082	8985	11015	12688	4411	2011	15960	9706	4755	364	6235	3715	4334	5853	13313	449	1986	8804	4072	4014	499	5655	7104	10911	3089	13561	3819	9347	2969	5576	23394	6098	6524	10761	4108	6319	9978	605	9908	11585	5929	3560	13091	15249
92	16611	1974	1380	3163	10864	3036	539	2479	5417	7226	4507	1774	9477	2907	22	8799	8711	4095	17049	444	8002	4472	1267	4088	11922	7234	13136	23279	2496	780	1908	4151	1843	4949	2895	7284	913	3630	10197	7302	14799	308	1263	21433	939	2682	4339	472	8142	1941	4339	1823	3341	7172	3782	3066	845	7502	9356	10942	3460	1468	14362	8105	3776	264	5120	2973	3406	4701	11672	337	1540	7536	3279	3143	347	4623	5940	9187	2453	11704	3035	7808	2292	4578	22117	4986	5393	9057	3228	5274	8422	417	8246	9982	4877	2827	11395	13494
93	15078	1525	1025	2447	9339	2450	353	1929	4437	5914	3589	1351	8126	2230	17	7248	7396	3263	15237	315	6569	3677	924	3273	10181	6011	11282	21951	1904	541	1541	3274	1394	3860	2207	6041	634	2841	8493	6063	13063	215	974	19814	624	2093	3429	325	6815	1505	3502	1439	2633	5902	2923	2331	636	6075	7844	9367	2674	1070	12626	6700	3037	203	4203	2278	2663	3769	10079	235	1180	6411	2580	2430	232	3676	4774	7649	1891	9950	2298	6514	1678	3692	20571	4015	4433	7442	2518	4381	7005	308	6772	8397	3898	2266	9874	11817
94	13379	1164	742	1884	7893	1871	218	1470	3637	4876	2828	1053	6770	1700	13	5920	6238	2510	13423	211	5378	2939	675	2565	8568	4935	9630	20475	1384	362	1217	2606	975	3015	1695	4885	435	2131	6999	5035	11406	146	717	18197	434	1603	2690	206	5767	1162	2806	1120	2043	4786	2273	1731	482	4869	6484	7884	2072	757	10989	5485	2437	161	3325	1708	2077	3023	8658	146	888	5309	2000	1857	156	2902	3821	6260	1447	8250	1740	5295	1215	2941	18782	3223	3635	5981	1974	3589	5712	208	5418	6957	3041	1772	8396	10118
95	11629	907	477	1417	6516	1434	128	1092	2967	3932	2189	778	5602	1253	7	4772	5243	1859	11590	130	4318	2332	524	1949	7077	3979	8035	18785	1010	219	927	2046	703	2346	1291	3927	295	1584	5711	4149	9820	90	530	16434	290	1224	2041	144	4773	910	2204	837	1540	3764	1807	1251	361	3841	5275	6582	1592	525	9499	4466	1896	118	2570	1276	1564	2346	7263	104	637	4243	1541	1403	81	2232	3017	5103	1106	6826	1289	4328	885	2254	17178	2478	2944	4678	1463	2842	4562	129	4247	5652	2324	1409	7021	8589
96	9954	664	341	1017	5275	1079	87	814	2399	3147	1636	592	4579	917	3	3842	4424	1371	9854	87	3370	1807	389	1469	5748	3169	6698	17048	700	138	722	1609	476	1763	982	3139	183	1173	4596	3336	8258	58	399	14557	186	915	1518	81	3807	703	1729	643	1142	2908	1406	907	260	2959	4201	5519	1165	362	7964	3599	1519	72	1955	954	1181	1788	5982	65	440	3307	1135	1052	51	1684	2327	4093	841	5468	968	3509	631	1741	15386	1885	2330	3602	1103	2285	3605	82	3395	4553	1718	1118	5675	7132
97	8335	484	257	727	4241	831	52	586	1878	2488	1226	452	3683	665	3	3037	3635	969	8264	58	2542	1387	276	1071	4586	2444	5507	15095	475	91	532	1228	293	1318	715	2441	115	844	3618	2687	6927	28	295	12783	118	649	1135	50	3094	544	1376	484	839	2262	1057	617	190	2267	3318	4556	835	240	6639	2935	1184	42	1475	726	917	1335	4827	39	322	2542	854	785	27	1255	1768	3198	637	4274	717	2826	459	1315	13497	1435	1805	2724	815	1755	2831	51	2580	3599	1272	868	4565	5781
98	6941	357	192	516	3329	657	27	410	1478	1900	907	337	2958	490	1	2409	2946	657	6822	38	1912	1092	204	782	3524	1855	4444	13132	320	56	400	925	187	994	538	1856	71	591	2913	2135	5753	17	232	11096	68	454	793	32	2436	422	1073	353	611	1681	780	399	128	1718	2586	3748	569	160	5402	2292	903	28	1048	514	668	979	3881	23	213	1924	632	595	17	902	1322	2550	460	3290	544	2204	322	960	11883	1107	1397	2034	612	1306	2215	30	1994	2783	947	666	3627	4660
99	5701	261	155	350	2577	511	14	282	1151	1461	641	260	2328	337	0	1872	2379	450	5618	19	1434	809	148	575	2706	1391	3558	11156	220	42	312	692	118	707	378	1369	50	418	2300	1702	4565	8	195	9458	40	315	518	13	1899	324	803	261	436	1219	587	257	102	1305	2018	3001	389	96	4414	1793	706	17	750	377	460	716	3031	14	159	1439	466	452	11	656	953	2067	316	2508	431	1717	244	701	10385	859	1042	1502	426	957	1685	18	1513	2095	686	507	2866	3636
100	4565	186	112	238	1998	396	6	180	874	1058	445	204	1799	244	NA	1464	1926	277	4491	10	1050	594	109	418	2014	1047	2839	9294	138	30	250	521	88	473	271	1008	41	308	1837	1314	3643	6	150	7951	21	238	359	8	1429	246	604	175	285	845	411	156	67	955	1531	2339	256	64	3537	1333	545	12	538	271	325	535	2373	9	116	1037	305	332	9	486	650	1640	236	1898	340	1349	178	497	9036	641	780	1104	315	654	1252	14	1162	1591	497	368	2209	2785
101	3688	118	85	170	1489	329	6	113	692	767	288	163	1338	178	NA	1188	1522	191	3616	7	796	406	91	282	1480	726	2235	7612	91	27	187	387	63	308	196	742	37	216	1427	1030	2835	3	136	6525	14	175	240	4	1045	173	419	119	199	611	279	81	45	688	1133	1842	159	42	2884	996	413	4	377	196	229	383	1816	4	82	795	216	238	4	352	447	1278	157	1449	270	1030	124	349	7683	508	575	767	216	486	914	9	860	1192	339	279	1698	2067
102	2933	68	65	121	1144	276	4	76	542	507	193	131	985	127	NA	951	1208	129	2878	4	595	294	69	186	1111	510	1736	6123	47	23	160	260	42	199	141	516	33	159	1111	798	2205	1	123	5264	10	123	160	3	797	119	278	84	135	430	158	51	27	494	850	1439	94	23	2339	733	322	3	254	153	155	279	1399	2	60	593	137	170	1	247	289	1004	117	1078	212	817	88	252	6375	389	403	543	147	320	655	7	616	865	225	217	1326	1501
103	2267	39	44	73	864	220	2	54	427	323	124	96	710	83	NA	768	947	90	2231	2	431	195	57	125	807	353	1361	4842	32	19	131	192	33	134	104	351	28	111	835	596	1707	0	112	4216	7	70	109	0	575	73	192	52	84	280	98	31	20	347	613	1107	55	14	1850	538	258	4	167	109	97	203	1084	0	41	424	91	114	0	182	173	755	86	813	168	681	64	167	5203	292	276	371	96	221	449	5	427	629	160	157	1042	1102
104	1731	20	35	38	665	173	1	37	307	217	77	70	510	61	NA	629	747	65	1747	1	315	125	49	85	606	243	1013	3739	22	12	106	140	22	92	72	260	20	85	645	416	1286	NA	92	3304	3	44	67	NA	445	46	125	34	52	197	52	16	9	245	457	897	32	6	1457	395	187	3	128	81	59	149	828	NA	26	306	57	79	NA	133	98	587	62	626	126	510	52	116	4320	220	169	246	57	144	295	1	313	472	118	127	831	790
105	1340	13	24	27	487	125	0	24	216	140	53	51	366	48	NA	500	582	42	1373	1	230	91	48	53	420	153	768	2869	15	10	81	103	16	55	54	192	15	67	520	308	947	NA	84	2554	3	26	38	NA	327	23	81	25	39	144	30	12	6	172	330	692	19	1	1160	291	129	2	96	56	28	103	647	NA	15	205	31	53	NA	101	55	429	39	471	89	432	47	81	3446	163	97	170	39	91	192	1	212	326	86	98	622	572
106	1014	9	13	14	386	85	NA	17	166	89	30	37	268	44	NA	410	446	35	1058	1	166	51	43	29	308	92	580	2159	14	9	51	72	10	33	43	142	11	52	402	209	695	NA	68	1929	3	15	24	NA	241	15	61	13	28	115	15	7	1	132	246	567	15	1	919	193	86	2	69	36	15	77	524	NA	9	138	10	41	NA	74	35	329	23	359	71	359	38	44	2717	113	44	102	19	66	127	0	130	233	60	63	479	405
107	728	4	8	8	310	53	NA	11	126	46	17	21	191	39	NA	333	347	22	822	0	121	21	34	15	224	47	441	1604	10	4	30	42	7	23	34	108	6	33	314	146	480	NA	49	1444	2	10	17	NA	181	6	41	6	22	85	11	4	0	96	183	448	9	0	694	107	57	2	49	21	7	52	408	NA	5	83	7	27	NA	61	23	247	16	271	57	293	33	26	2110	74	22	64	10	40	68	NA	80	172	44	48	379	273
108	563	2	1	7	242	29	NA	8	93	28	8	13	120	27	NA	265	281	15	567	NA	98	9	27	12	140	26	331	1148	7	2	22	23	4	14	29	77	3	27	260	93	337	NA	39	1085	2	5	15	NA	140	4	25	6	15	67	8	3	NA	64	132	356	4	NA	513	64	26	2	33	11	4	42	317	NA	2	56	2	24	NA	39	14	188	9	203	36	233	27	16	1649	54	7	32	8	23	39	NA	58	123	36	30	290	183
109	421	1	1	4	194	16	NA	7	64	23	4	8	83	23	NA	196	220	9	421	NA	85	4	21	6	90	13	259	812	2	1	17	10	2	12	24	60	2	17	219	56	229	NA	26	802	1	3	9	NA	104	3	18	3	10	50	6	2	NA	43	82	279	3	NA	381	30	13	1	18	5	0	41	248	NA	2	37	0	16	NA	28	10	141	9	157	32	180	19	9	1251	40	3	16	5	14	25	NA	42	84	28	19	215	130
110	297	1	0	3	149	7	NA	6	42	17	3	5	48	20	NA	149	171	5	275	NA	73	2	12	4	63	10	197	584	0	1	11	1	2	6	20	37	2	11	180	35	157	NA	19	565	1	1	8	NA	73	1	9	2	9	30	7	2	NA	29	58	218	2	NA	276	23	7	0	12	3	NA	40	192	NA	0	17	NA	14	NA	22	6	105	5	116	23	144	16	6	953	19	2	3	4	11	11	NA	29	56	17	11	144	82
111	205	1	NA	2	103	2	NA	4	26	13	3	2	25	17	NA	108	131	5	186	NA	69	0	8	3	44	8	139	373	NA	1	9	0	0	6	15	26	2	13	152	18	111	NA	8	410	1	1	6	NA	41	1	6	1	7	19	7	1	NA	22	37	161	1	NA	207	16	7	NA	7	1	NA	45	139	NA	NA	13	NA	9	NA	10	4	84	2	85	14	120	11	2	722	12	2	3	3	6	7	NA	20	33	11	7	91	56
112	140	1	NA	0	82	0	NA	2	13	16	1	1	14	11	NA	70	96	3	128	NA	62	NA	4	3	34	8	108	244	NA	1	6	NA	NA	6	14	18	0	14	129	11	65	NA	3	276	1	1	5	NA	30	0	2	1	2	14	4	0	NA	13	21	112	1	NA	148	10	5	NA	1	0	NA	38	92	NA	NA	6	NA	7	NA	6	3	63	0	67	7	99	9	1	548	10	1	3	3	5	3	NA	17	18	5	2	52	28
113	82	1	NA	NA	62	NA	NA	1	7	16	0	0	9	9	NA	43	78	2	79	NA	54	NA	1	1	21	6	81	170	NA	1	5	NA	NA	4	11	13	NA	14	105	5	41	NA	0	197	0	0	4	NA	20	NA	2	1	0	5	3	NA	NA	8	12	82	0	NA	108	6	7	NA	0	NA	NA	33	65	NA	NA	3	NA	3	NA	5	2	42	NA	41	3	93	7	0	412	7	0	2	3	2	0	NA	12	8	4	1	34	23
114	56	0	NA	NA	50	NA	NA	0	3	14	NA	NA	8	7	NA	18	56	1	56	NA	44	NA	0	0	19	4	57	129	NA	0	4	NA	NA	4	9	8	NA	13	85	2	25	NA	NA	136	NA	NA	3	NA	11	NA	1	0	NA	1	2	NA	NA	6	7	64	NA	NA	76	4	6	NA	NA	NA	NA	30	46	NA	NA	3	NA	1	NA	5	2	29	NA	23	2	85	3	NA	303	3	NA	0	2	2	NA	NA	11	3	5	0	18	16
115	32	NA	NA	NA	34	NA	NA	NA	2	10	NA	NA	4	7	NA	13	38	0	40	NA	35	NA	NA	NA	18	1	32	96	NA	NA	3	NA	NA	3	9	5	NA	10	61	2	16	NA	NA	86	NA	NA	1	NA	5	NA	1	NA	NA	0	2	NA	NA	4	4	49	NA	NA	63	4	4	NA	NA	NA	NA	21	32	NA	NA	1	NA	0	NA	5	1	14	NA	12	1	91	2	NA	223	3	NA	NA	0	1	NA	NA	8	1	4	NA	11	10
116	15	NA	NA	NA	22	NA	NA	NA	1	6	NA	NA	1	7	NA	7	23	NA	22	NA	31	NA	NA	NA	16	0	21	67	NA	NA	2	NA	NA	3	5	2	NA	10	42	1	10	NA	NA	47	NA	NA	0	NA	3	NA	1	NA	NA	NA	1	NA	NA	2	4	29	NA	NA	55	2	3	NA	NA	NA	NA	14	19	NA	NA	1	NA	NA	NA	3	1	10	NA	4	0	88	1	NA	162	2	NA	NA	NA	0	NA	NA	5	1	3	NA	3	7
117	8	NA	NA	NA	12	NA	NA	NA	0	3	NA	NA	1	5	NA	6	12	NA	13	NA	20	NA	NA	NA	13	NA	11	43	NA	NA	1	NA	NA	1	2	2	NA	7	30	1	12	NA	NA	26	NA	NA	NA	NA	2	NA	1	NA	NA	NA	0	NA	NA	1	4	19	NA	NA	35	2	2	NA	NA	NA	NA	8	18	NA	NA	1	NA	NA	NA	3	0	2	NA	2	NA	77	0	NA	116	2	NA	NA	NA	NA	NA	NA	1	1	3	NA	0	4
118	4	NA	NA	NA	11	NA	NA	NA	NA	1	NA	NA	0	5	NA	5	6	NA	9	NA	11	NA	NA	NA	10	NA	8	33	NA	NA	1	NA	NA	1	3	1	NA	6	23	1	9	NA	NA	15	NA	NA	NA	NA	0	NA	0	NA	NA	NA	NA	NA	NA	1	4	11	NA	NA	26	0	0	NA	NA	NA	NA	3	13	NA	NA	0	NA	NA	NA	2	NA	0	NA	0	NA	62	NA	NA	75	0	NA	NA	NA	NA	NA	NA	1	0	2	NA	NA	3
119	3	NA	NA	NA	7	NA	NA	NA	NA	0	NA	NA	NA	6	NA	1	1	NA	3	NA	8	NA	NA	NA	8	NA	4	22	NA	NA	1	NA	NA	0	2	0	NA	5	13	0	8	NA	NA	7	NA	NA	NA	NA	NA	NA	NA	NA	NA	NA	NA	NA	NA	1	4	8	NA	NA	22	NA	NA	NA	NA	NA	NA	2	7	NA	NA	NA	NA	NA	NA	1	NA	NA	NA	NA	NA	46	NA	NA	49	NA	NA	NA	NA	NA	NA	NA	1	NA	1	NA	NA	2
120	1	NA	NA	NA	2	NA	NA	NA	NA	NA	NA	NA	NA	6	NA	0	0	NA	2	NA	4	NA	NA	NA	5	NA	4	17	NA	NA	0	NA	NA	NA	2	NA	NA	4	12	NA	7	NA	NA	5	NA	NA	NA	NA	NA	NA	NA	NA	NA	NA	NA	NA	NA	0	3	5	NA	NA	17	NA	NA	NA	NA	NA	NA	1	6	NA	NA	NA	NA	NA	NA	1	NA	NA	NA	NA	NA	32	NA	NA	30	NA	NA	NA	NA	NA	NA	NA	0	NA	1	NA	NA	1
121	1	NA	NA	NA	1	NA	NA	NA	NA	NA	NA	NA	NA	4	NA	NA	NA	NA	0	NA	2	NA	NA	NA	5	NA	4	10	NA	NA	NA	NA	NA	NA	2	NA	NA	3	7	NA	4	NA	NA	3	NA	NA	NA	NA	NA	NA	NA	NA	NA	NA	NA	NA	NA	NA	2	3	NA	NA	15	NA	NA	NA	NA	NA	NA	0	3	NA	NA	NA	NA	NA	NA	0	NA	NA	NA	NA	NA	24	NA	NA	25	NA	NA	NA	NA	NA	NA	NA	NA	NA	1	NA	NA	0
122	1	NA	NA	NA	0	NA	NA	NA	NA	NA	NA	NA	NA	3	NA	NA	NA	NA	NA	NA	1	NA	NA	NA	4	NA	4	7	NA	NA	NA	NA	NA	NA	1	NA	NA	1	2	NA	3	NA	NA	2	NA	NA	NA	NA	NA	NA	NA	NA	NA	NA	NA	NA	NA	NA	2	0	NA	NA	10	NA	NA	NA	NA	NA	NA	NA	1	NA	NA	NA	NA	NA	NA	NA	NA	NA	NA	NA	NA	12	NA	NA	14	NA	NA	NA	NA	NA	NA	NA	NA	NA	0	NA	NA	NA
123	0	NA	NA	NA	NA	NA	NA	NA	NA	NA	NA	NA	NA	2	NA	NA	NA	NA	NA	NA	0	NA	NA	NA	2	NA	4	3	NA	NA	NA	NA	NA	NA	1	NA	NA	1	0	NA	2	NA	NA	0	NA	NA	NA	NA	NA	NA	NA	NA	NA	NA	NA	NA	NA	NA	2	NA	NA	NA	10	NA	NA	NA	NA	NA	NA	NA	0	NA	NA	NA	NA	NA	NA	NA	NA	NA	NA	NA	NA	4	NA	NA	7	NA	NA	NA	NA	NA	NA	NA	NA	NA	NA	NA	NA	NA
124	NA	NA	NA	NA	NA	NA	NA	NA	NA	NA	NA	NA	NA	0	NA	NA	NA	NA	NA	NA	NA	NA	NA	NA	2	NA	4	3	NA	NA	NA	NA	NA	NA	0	NA	NA	1	NA	NA	1	NA	NA	NA	NA	NA	NA	NA	NA	NA	NA	NA	NA	NA	NA	NA	NA	NA	1	NA	NA	NA	9	NA	NA	NA	NA	NA	NA	NA	NA	NA	NA	NA	NA	NA	NA	NA	NA	NA	NA	NA	NA	1	NA	NA	6	NA	NA	NA	NA	NA	NA	NA	NA	NA	NA	NA	NA	NA
125	NA	NA	NA	NA	NA	NA	NA	NA	NA	NA	NA	NA	NA	NA	NA	NA	NA	NA	NA	NA	NA	NA	NA	NA	0	NA	3	3	NA	NA	NA	NA	NA	NA	NA	NA	NA	1	NA	NA	0	NA	NA	NA	NA	NA	NA	NA	NA	NA	NA	NA	NA	NA	NA	NA	NA	NA	0	NA	NA	NA	7	NA	NA	NA	NA	NA	NA	NA	NA	NA	NA	NA	NA	NA	NA	NA	NA	NA	NA	NA	NA	0	NA	NA	5	NA	NA	NA	NA	NA	NA	NA	NA	NA	NA	NA	NA	NA
126	NA	NA	NA	NA	NA	NA	NA	NA	NA	NA	NA	NA	NA	NA	NA	NA	NA	NA	NA	NA	NA	NA	NA	NA	NA	NA	2	0	NA	NA	NA	NA	NA	NA	NA	NA	NA	1	NA	NA	NA	NA	NA	NA	NA	NA	NA	NA	NA	NA	NA	NA	NA	NA	NA	NA	NA	NA	NA	NA	NA	NA	4	NA	NA	NA	NA	NA	NA	NA	NA	NA	NA	NA	NA	NA	NA	NA	NA	NA	NA	NA	NA	NA	NA	NA	3	NA	NA	NA	NA	NA	NA	NA	NA	NA	NA	NA	NA	NA
127	NA	NA	NA	NA	NA	NA	NA	NA	NA	NA	NA	NA	NA	NA	NA	NA	NA	NA	NA	NA	NA	NA	NA	NA	NA	NA	2	NA	NA	NA	NA	NA	NA	NA	NA	NA	NA	0	NA	NA	NA	NA	NA	NA	NA	NA	NA	NA	NA	NA	NA	NA	NA	NA	NA	NA	NA	NA	NA	NA	NA	NA	4	NA	NA	NA	NA	NA	NA	NA	NA	NA	NA	NA	NA	NA	NA	NA	NA	NA	NA	NA	NA	NA	NA	NA	1	NA	NA	NA	NA	NA	NA	NA	NA	NA	NA	NA	NA	NA
128	NA	NA	NA	NA	NA	NA	NA	NA	NA	NA	NA	NA	NA	NA	NA	NA	NA	NA	NA	NA	NA	NA	NA	NA	NA	NA	1	NA	NA	NA	NA	NA	NA	NA	NA	NA	NA	NA	NA	NA	NA	NA	NA	NA	NA	NA	NA	NA	NA	NA	NA	NA	NA	NA	NA	NA	NA	NA	NA	NA	NA	NA	3	NA	NA	NA	NA	NA	NA	NA	NA	NA	NA	NA	NA	NA	NA	NA	NA	NA	NA	NA	NA	NA	NA	NA	1	NA	NA	NA	NA	NA	NA	NA	NA	NA	NA	NA	NA	NA
129	NA	NA	NA	NA	NA	NA	NA	NA	NA	NA	NA	NA	NA	NA	NA	NA	NA	NA	NA	NA	NA	NA	NA	NA	NA	NA	1	NA	NA	NA	NA	NA	NA	NA	NA	NA	NA	NA	NA	NA	NA	NA	NA	NA	NA	NA	NA	NA	NA	NA	NA	NA	NA	NA	NA	NA	NA	NA	NA	NA	NA	NA	3	NA	NA	NA	NA	NA	NA	NA	NA	NA	NA	NA	NA	NA	NA	NA	NA	NA	NA	NA	NA	NA	NA	NA	1	NA	NA	NA	NA	NA	NA	NA	NA	NA	NA	NA	NA	NA
130	NA	NA	NA	NA	NA	NA	NA	NA	NA	NA	NA	NA	NA	NA	NA	NA	NA	NA	NA	NA	NA	NA	NA	NA	NA	NA	0	NA	NA	NA	NA	NA	NA	NA	NA	NA	NA	NA	NA	NA	NA	NA	NA	NA	NA	NA	NA	NA	NA	NA	NA	NA	NA	NA	NA	NA	NA	NA	NA	NA	NA	NA	0	NA	NA	NA	NA	NA	NA	NA	NA	NA	NA	NA	NA	NA	NA	NA	NA	NA	NA	NA	NA	NA	NA	NA	1	NA	NA	NA	NA	NA	NA	NA	NA	NA	NA	NA	NA	NA
131	NA	NA	NA	NA	NA	NA	NA	NA	NA	NA	NA	NA	NA	NA	NA	NA	NA	NA	NA	NA	NA	NA	NA	NA	NA	NA	NA	NA	NA	NA	NA	NA	NA	NA	NA	NA	NA	NA	NA	NA	NA	NA	NA	NA	NA	NA	NA	NA	NA	NA	NA	NA	NA	NA	NA	NA	NA	NA	NA	NA	NA	NA	NA	NA	NA	NA	NA	NA	NA	NA	NA	NA	NA	NA	NA	NA	NA	NA	NA	NA	NA	NA	NA	NA	NA	NA	1	NA	NA	NA	NA	NA	NA	NA	NA	NA	NA	NA	NA	NA
132	NA	NA	NA	NA	NA	NA	NA	NA	NA	NA	NA	NA	NA	NA	NA	NA	NA	NA	NA	NA	NA	NA	NA	NA	NA	NA	NA	NA	NA	NA	NA	NA	NA	NA	NA	NA	NA	NA	NA	NA	NA	NA	NA	NA	NA	NA	NA	NA	NA	NA	NA	NA	NA	NA	NA	NA	NA	NA	NA	NA	NA	NA	NA	NA	NA	NA	NA	NA	NA	NA	NA	NA	NA	NA	NA	NA	NA	NA	NA	NA	NA	NA	NA	NA	NA	NA	1	NA	NA	NA	NA	NA	NA	NA	NA	NA	NA	NA	NA	NA
133	NA	NA	NA	NA	NA	NA	NA	NA	NA	NA	NA	NA	NA	NA	NA	NA	NA	NA	NA	NA	NA	NA	NA	NA	NA	NA	NA	NA	NA	NA	NA	NA	NA	NA	NA	NA	NA	NA	NA	NA	NA	NA	NA	NA	NA	NA	NA	NA	NA	NA	NA	NA	NA	NA	NA	NA	NA	NA	NA	NA	NA	NA	NA	NA	NA	NA	NA	NA	NA	NA	NA	NA	NA	NA	NA	NA	NA	NA	NA	NA	NA	NA	NA	NA	NA	NA	0	NA	NA	NA	NA	NA	NA	NA	NA	NA	NA	NA	NA	NA
