NA	NA
NA	NA
NA	NA
1.43163265306122	0.683036983310664
NA	NA
NA	NA
NA	NA
NA	NA
1.12244897959184	0.997884058772454
NA	NA
NA	NA
1.19017857142857	0.695819621554466
1	0.518187725171601
NA	NA
1.23214285714286	1.0747138784974
NA	NA
1.34598214285714	0.711114256777415
NA	NA
1.16517857142857	0.919603641591727
NA	NA
1.18783068783069	0.696305895223394
1.28571428571429	1.03978401298096
NA	NA
1	0.778101649446104
NA	NA
1.33333333333333	0.623535320808931
NA	NA
1.58458049886621	0.892573483117508
NA	NA
1.46938775510204	0.592826748394437
1.0952380952381	0.801371179414238
1.14285714285714	0.919584101991178
NA	NA
1.4672619047619	0.702647533868377
NA	NA
NA	NA
1.19583333333333	0.762813817805446
NA	NA
NA	NA
1.07142857142857	0.50787450018337
1.30238095238095	0.583791989615837
1.56064306064306	0.560259956031671
NA	NA
1.26122448979592	1.11395812770968
NA	NA
1.51530612244898	0.846529984261231
NA	NA
1	0.936304793679209
1.45634920634921	0.872276021276539
1.07291666666667	0.670284084525549
1	0.988826464946088
1.42708333333333	0.738116839161639
1.16666666666667	0.547722557505166
NA	NA
1.30833333333333	0.348352129818674
1.14285714285714	0.784860045489189
NA	NA
NA	NA
NA	NA
NA	NA
1.49501133786848	0.739413642208172
NA	NA
NA	NA
1.32857142857143	0.609774873888222
1.25714285714286	0.651554916736732
1	0.577350269189626
1	1.02740233382816
NA	NA
1.23809523809524	0.618219837271312
NA	NA
NA	NA
NA	NA
NA	NA
1.31904761904762	1.06050427258419
NA	NA
1.16666666666667	0.901020878969308
NA	NA
1.37959183673469	0.72569962222049
NA	NA
1.33988095238095	0.614063860692109
NA	NA
NA	NA
1.05555555555556	0.641016987121073
NA	NA
1.37925170068027	0.61084417116555
1.19047619047619	0.641385735244916
1.30753968253968	1.038972706915
NA	NA
NA	NA
NA	NA
1.29464285714286	0.457080406023335
NA	NA
1.59574829931973	1.12069482023722
NA	NA
NA	NA
1	0.623609564462324
1.11904761904762	0.833690399692645
NA	NA
1.51020408163265	1.31166723160481
1.0952380952381	0.828398084403499
