0	2	2	3	2	1	2	2	3	4	2	1	4	4	3	2	2	1	4	3	1	3	2	3	3	3	1	2	4	2	1	1	2	2	4	3	2	2	2	3	4	2	3	2	3	2	4	1	3	2	3	3	3	2	4	3	2	2	2	4	2	1	2	3	2	1	2	3	2	3	3	2	2	1	2	2	2	3	2	2	3	2	4	2	4	3	2	2	2	3	3	2	1	3	1	1	2	4	1	5	4
5	18	33	16	15	25	10	22	11	34	12	15	22	7	19	9	13	19	9	13	21	15	23	11	17	15	5	16	38	21	9	10	26	19	19	29	15	11	25	24	11	9	30	21	4	20	7	4	23	16	6	9	19	30	31	17	9	9	14	33	29	10	13	10	9	12	10	28	14	22	26	21	12	10	12	16	24	11	19	22	35	14	28	18	18	31	18	25	26	13	21	17	14	19	16	13	16	26	15	11	34
10	38	73	22	14	41	37	39	41	30	27	22	25	23	11	17	9	19	20	22	49	24	19	20	14	39	18	23	57	29	10	25	24	23	32	14	27	29	32	32	29	15	29	13	10	41	15	46	28	29	30	13	24	36	58	32	8	28	28	45	24	47	20	24	41	52	7	16	15	14	23	21	20	21	20	14	19	13	79	36	23	49	42	40	20	52	15	43	22	71	10	22	12	16	30	31	22	17	23	27	30
15	24	23	36	20	50	19	30	27	29	29	31	39	30	40	57	17	18	28	55	24	28	38	23	28	21	63	64	17	33	28	47	48	34	20	13	39	25	22	64	28	21	26	40	47	38	28	20	34	32	30	66	15	37	39	22	11	11	40	34	24	22	22	63	27	36	17	37	28	25	70	32	30	41	32	28	15	22	32	28	25	58	42	27	42	36	23	38	68	19	59	35	31	35	29	20	37	33	19	41	36
20	49	67	34	49	40	27	34	25	48	32	42	35	25	22	21	32	15	32	36	50	39	28	34	35	57	28	22	107	46	27	47	84	44	29	37	24	29	43	62	34	25	39	26	33	47	37	43	28	21	31	33	22	46	48	40	41	22	25	33	39	56	31	45	28	36	38	27	25	66	29	39	24	47	32	22	38	36	40	41	34	58	47	38	33	54	40	35	32	61	45	28	30	25	21	32	49	49	13	36	20
25	63	28	41	24	55	50	37	50	23	50	60	47	52	41	28	36	27	71	40	40	31	46	36	29	29	32	48	65	54	25	61	39	34	45	54	53	39	47	55	51	18	71	31	31	67	63	54	38	60	44	33	52	55	45	62	35	40	77	52	60	43	51	33	41	46	34	40	43	32	34	32	51	44	59	21	34	32	70	34	57	48	44	40	25	69	38	50	49	57	37	31	50	25	31	37	30	107	25	42	22
30	69	33	38	31	43	73	34	42	48	60	45	40	70	36	31	41	42	51	40	46	55	43	55	45	42	37	40	92	68	39	43	52	33	48	42	36	57	51	61	54	23	48	35	40	46	48	55	42	46	95	78	80	49	35	73	35	26	60	45	45	66	60	41	49	36	50	45	88	34	70	55	47	49	47	70	52	78	49	61	54	68	71	61	94	98	39	39	72	66	70	27	54	42	39	32	33	51	41	52	38
35	47	60	51	42	61	55	72	89	50	87	76	52	55	66	47	40	38	52	75	65	57	49	46	93	49	43	60	63	84	46	59	62	70	45	77	56	56	48	81	47	74	66	48	46	73	49	57	82	61	44	66	54	44	75	77	33	41	89	68	51	61	60	57	109	72	54	28	62	56	49	40	68	71	50	92	53	85	54	52	61	109	74	60	64	60	47	70	60	57	53	42	49	55	49	49	42	79	50	61	73
40	47	53	88	77	90	75	82	73	92	98	81	76	74	62	63	54	88	52	60	44	61	55	54	77	53	99	66	113	99	77	46	50	53	49	85	54	60	81	83	63	50	60	62	65	79	71	46	82	76	44	71	37	48	64	76	43	64	54	84	97	58	58	35	73	91	91	46	46	63	51	51	57	62	67	52	68	76	64	43	74	56	71	81	56	52	59	99	82	86	98	50	53	51	50	45	40	69	64	72	47
45	75	74	125	56	103	80	103	93	72	99	102	86	82	89	57	59	55	83	62	60	89	85	61	81	65	82	63	58	131	69	67	85	51	104	70	64	69	54	131	68	68	55	59	67	117	94	57	77	55	62	87	74	75	83	117	62	58	85	91	113	52	77	50	116	80	59	56	75	89	49	101	70	60	108	79	63	78	67	113	64	100	74	86	96	61	80	128	79	61	78	69	104	70	56	59	90	71	97	82	63
50	110	105	98	70	116	79	70	97	73	114	149	93	94	65	65	115	79	120	56	101	74	63	103	157	100	70	114	133	142	62	142	96	57	63	95	76	92	98	125	77	62	127	97	78	139	100	97	91	82	78	65	88	111	68	118	154	61	112	108	82	81	90	95	112	82	76	94	67	76	73	128	49	77	91	75	71	81	92	79	108	86	108	83	61	87	74	108	95	121	86	87	126	79	92	99	71	90	75	78	55
55	88	122	112	118	115	102	92	94	123	208	114	187	135	109	76	79	69	116	81	89	117	92	112	83	101	114	84	120	219	67	121	172	98	80	114	121	80	176	246	129	78	129	103	66	126	117	81	112	94	93	131	93	103	107	140	75	70	129	104	103	113	155	82	111	179	127	84	85	83	106	133	76	134	141	86	125	139	84	70	98	136	129	144	113	123	104	137	127	156	159	96	67	75	86	98	77	108	68	201	79
60	173	114	180	92	156	125	161	169	80	298	203	153	156	109	91	109	71	113	102	120	123	86	120	125	130	80	106	328	192	111	150	109	116	114	226	106	116	130	250	119	82	154	196	86	150	178	104	127	138	142	133	117	182	118	178	92	69	93	154	163	102	130	125	150	174	117	115	122	117	82	131	104	232	132	97	101	139	134	149	181	130	165	122	170	132	84	224	153	189	177	121	113	102	136	102	192	157	116	169	92
65	297	220	251	175	258	156	119	230	155	182	265	164	192	161	83	118	97	248	118	128	171	140	111	139	111	164	117	247	350	117	193	143	110	128	240	187	213	192	212	228	114	215	149	183	418	255	121	174	149	123	157	103	190	164	151	99	125	139	234	285	133	260	149	370	241	179	92	173	162	139	199	144	189	196	91	136	152	95	95	211	204	175	194	139	155	155	169	214	298	84	165	113	135	116	134	116	169	146	207	128
70	260	163	322	141	339	244	181	191	167	164	282	258	218	241	123	160	172	241	193	213	210	135	162	215	174	249	162	402	524	113	192	308	156	215	264	180	158	193	278	406	172	196	146	147	273	242	200	253	170	178	204	359	270	264	296	220	96	210	250	310	252	237	252	245	356	296	169	309	198	178	174	169	271	241	133	164	246	207	135	238	183	168	226	211	280	162	220	320	244	276	350	151	163	220	108	162	233	161	214	186
75	237	242	254	189	276	234	214	500	177	229	301	233	395	221	173	194	226	368	308	263	222	216	198	234	178	174	186	391	180	221	283	274	222	332	300	169	338	304	170	330	159	227	192	207	324	259	207	261	234	247	163	250	307	189	525	164	211	234	243	374	238	218	202	376	203	256	215	231	305	218	354	282	250	361	219	323	325	264	158	203	194	414	311	211	338	320	269	272	230	198	236	176	231	358	164	188	315	309	296	362
80	226	531	245	213	199	205	220	298	181	135	193	259	574	214	263	299	235	234	409	242	237	255	231	373	263	273	243	195	149	228	222	201	371	391	197	233	257	232	105	165	347	207	197	355	141	333	252	208	209	257	320	372	231	268	287	206	229	410	205	224	190	239	307	344	162	246	188	273	249	192	357	302	220	240	213	272	201	321	307	167	305	309	289	196	251	216	179	168	182	304	205	476	199	249	147	230	254	227	202	321
85	203	399	222	283	151	267	256	212	254	96	96	218	214	195	421	196	266	164	236	253	241	285	235	152	310	145	227	143	115	280	109	198	249	302	178	237	195	267	53	147	171	232	219	227	157	403	272	153	246	502	174	468	212	239	146	412	258	278	166	135	173	287	205	114	149	255	317	323	247	230	236	224	201	301	388	274	185	258	407	206	203	116	158	142	254	181	156	117	109	259	364	268	209	249	421	481	171	232	209	251
90	96	179	130	228	98	171	195	88	150	38	79	171	98	451	479	199	225	77	199	95	130	169	245	85	401	170	200	109	63	221	87	124	169	195	74	150	112	292	13	118	294	146	232	324	98	152	173	99	126	189	127	269	115	98	79	226	336	127	54	131	139	97	210	92	127	136	403	173	150	170	101	128	146	166	327	242	60	165	196	94	117	130	120	144	86	226	87	133	72	216	133	206	220	112	204	197	77	192	98	211
95	80	70	71	144	24	94	187	56	106	10	35	80	56	79	179	125	171	38	116	82	115	136	94	60	186	149	125	46	22	173	48	126	203	130	69	83	89	166	1	44	163	76	123	176	54	62	127	58	116	116	82	69	51	77	39	244	256	77	39	89	80	84	148	42	44	128	363	72	138	114	42	133	46	112	163	86	51	118	162	20	83	60	112	82	60	179	54	64	66	126	182	235	112	94	154	296	98	153	39	136
100	32	31	39	85	3	46	71	33	77	4	5	68	19	40	225	118	74	26	75	38	29	82	70	14	108	65	61	7	6	63	24	41	73	44	6	42	26	56	NA	55	155	49	79	77	8	16	62	26	37	100	34	79	16	39	23	68	214	45	4	6	61	43	58	3	7	119	118	80	56	48	23	74	36	36	103	68	5	43	104	5	41	32	24	26	32	98	27	12	4	66	53	90	81	26	112	71	23	62	6	108
105	2	6	23	57	3	17	48	13	11	1	1	9	6	38	65	46	29	7	21	38	4	17	60	1	54	44	35	1	2	71	2	7	30	49	2	9	5	29	NA	36	69	34	63	77	1	8	13	5	8	45	12	81	6	4	1	45	97	10	1	1	3	4	17	1	1	59	95	21	12	21	8	51	5	14	100	34	3	16	87	2	4	4	9	2	5	35	6	5	1	16	31	92	47	2	72	33	5	16	2	49
110	NA	1	1	8	0	2	14	3	11	NA	NA	2	1	3	49	37	6	2	6	8	1	3	7	NA	32	6	7	NA	NA	7	NA	1	5	21	4	5	3	16	NA	8	36	5	6	43	NA	1	6	NA	3	9	1	15	1	NA	NA	14	54	3	NA	NA	1	0	3	NA	NA	8	36	1	1	16	4	11	1	2	31	4	1	3	19	3	1	0	2	NA	0	8	0	3	NA	3	2	19	32	NA	26	8	1	3	2	10
115	NA	NA	NA	1	NA	1	1	NA	3	NA	NA	NA	NA	0	18	2	1	NA	3	1	NA	1	1	NA	6	NA	3	NA	NA	1	NA	NA	1	6	5	1	NA	6	NA	2	23	1	NA	5	NA	2	1	NA	NA	NA	NA	1	NA	NA	NA	3	31	NA	NA	NA	NA	NA	1	NA	NA	2	6	NA	NA	1	NA	2	NA	1	4	1	NA	NA	2	NA	NA	NA	0	NA	NA	2	NA	1	NA	0	NA	7	4	NA	3	3	NA	2	NA	2
120	NA	NA	NA	NA	NA	NA	2	NA	3	NA	NA	NA	NA	NA	3	NA	NA	NA	NA	NA	NA	NA	NA	NA	1	NA	NA	NA	NA	NA	NA	NA	NA	1	NA	NA	NA	1	NA	NA	4	NA	NA	1	NA	NA	NA	NA	NA	NA	NA	NA	NA	NA	NA	NA	5	NA	NA	NA	NA	NA	NA	NA	NA	NA	2	NA	NA	NA	NA	1	NA	NA	1	NA	NA	NA	NA	NA	NA	NA	NA	NA	NA	1	NA	NA	NA	NA	NA	1	1	NA	NA	2	NA	NA	NA	1
125	NA	NA	NA	NA	NA	NA	NA	NA	1	NA	NA	NA	NA	NA	NA	NA	NA	NA	NA	NA	NA	NA	NA	NA	NA	NA	NA	NA	NA	NA	NA	NA	NA	NA	NA	NA	NA	NA	NA	NA	0	NA	NA	NA	NA	NA	NA	NA	NA	NA	NA	NA	NA	NA	NA	NA	1	NA	NA	NA	NA	NA	NA	NA	NA	NA	0	NA	NA	NA	NA	NA	NA	NA	NA	NA	NA	NA	NA	NA	NA	NA	NA	NA	NA	NA	NA	NA	NA	NA	NA	NA	NA	NA	NA	NA	NA	NA	NA	NA
