0	1	1	1	1	1	1	1	1	1	1	1	1	1	1	1	1	1	1	1	1	1	1	1	1	1	1	1	1	1	1	1	1	1	1	1	1	1	1	1	1	1	1	1	1	1	1	1	1	1	1	1	1	1	1	1	1	1	1	1	1	1	1	1	1	1	1	1	1	1	1	1	1	1	1	1	1	1	1	1	1	1	1	1	1	1	1	1	1	1	1	1	1	1	1	1	1	1	1	1	1
5	1	2	1	1	2	1	1	2	1	2	1	2	2	1	4	3	1	4	1	2	1	1	1	2	2	3	3	3	2	1	3	3	2	2	3	2	2	1	1	3	2	2	1	1	1	1	3	2	1	3	1	1	4	2	2	2	2	2	1	1	4	2	1	2	3	4	2	3	4	3	1	1	2	3	1	1	1	3	3	1	2	1	3	1	2	1	2	2	1	1	3	7	4	1	2	1	2	1	1	3
10	3	5	4	7	9	2	8	1	9	4	6	1	5	3	8	6	7	4	5	4	0	4	8	4	2	9	6	4	4	5	3	5	7	8	2	5	5	8	6	8	4	4	4	6	3	3	5	3	2	12	5	5	5	2	10	3	8	6	4	4	7	3	1	3	8	5	4	3	4	3	7	6	6	5	2	8	4	2	3	8	7	2	4	9	4	4	4	7	6	4	2	5	5	7	3	3	5	3	2	6
15	4	10	8	12	20	4	9	3	18	7	10	4	9	12	11	11	19	3	7	10	NA	9	14	11	13	11	6	9	13	13	3	10	8	12	5	17	9	7	8	6	7	9	8	11	5	5	10	7	4	17	6	7	12	3	15	7	16	15	15	13	11	6	3	4	17	5	7	5	7	12	7	13	6	3	4	13	9	7	6	7	6	9	8	11	7	5	5	8	10	8	9	6	8	9	2	3	9	6	2	9
20	6	12	14	17	27	4	15	5	34	13	12	7	12	12	14	10	32	6	14	15	NA	10	19	21	28	8	11	11	16	21	9	13	17	29	4	21	25	12	12	9	9	13	14	12	19	7	5	11	6	20	16	24	24	6	28	15	14	18	29	17	18	8	6	12	25	8	14	15	11	25	9	11	14	5	14	26	11	13	19	9	11	11	21	11	17	8	10	15	14	19	21	8	9	12	7	7	11	11	4	24
25	8	20	16	22	55	9	17	7	62	29	27	15	17	14	25	17	49	9	15	24	NA	16	36	23	30	17	17	12	34	26	16	28	36	44	10	28	60	14	9	9	13	27	18	21	16	15	10	21	8	37	22	29	59	19	47	17	33	36	42	35	32	12	10	14	57	7	15	16	19	23	13	19	14	12	18	33	13	13	27	7	15	22	31	16	26	12	15	18	19	32	26	11	22	23	11	7	24	8	6	39
30	13	28	24	30	58	17	23	7	102	34	25	21	30	13	37	26	61	15	17	43	NA	18	53	25	42	16	27	20	49	49	24	34	41	59	17	55	96	32	15	12	26	46	24	51	29	15	16	20	16	56	29	53	69	25	57	29	36	49	66	42	51	11	13	21	72	10	19	22	21	36	26	36	18	37	29	51	31	28	29	12	23	26	55	28	32	14	25	37	30	45	41	22	33	19	21	9	43	12	11	47
35	27	52	27	50	68	30	32	8	133	45	39	28	39	21	53	49	76	19	63	67	NA	14	97	50	86	47	31	42	84	60	33	70	66	89	20	78	130	41	22	23	38	75	35	68	33	32	11	34	24	76	45	85	125	35	85	32	69	69	83	62	65	12	16	33	98	26	43	42	29	50	50	50	18	53	43	80	36	45	31	14	17	60	71	35	62	17	43	32	43	80	72	29	51	21	41	20	67	25	13	69
40	26	44	34	66	101	26	54	24	167	81	50	50	75	28	85	75	131	42	62	101	NA	24	150	71	104	60	49	40	93	90	48	97	80	126	32	135	179	58	38	21	52	136	51	112	42	46	16	28	28	129	61	112	166	54	135	46	97	81	106	75	101	11	23	35	178	50	53	74	38	64	69	41	26	104	57	148	56	72	58	28	41	97	115	36	70	24	61	47	76	128	79	53	68	28	45	31	85	30	19	109
45	59	82	51	94	155	55	82	38	264	109	91	69	109	43	119	87	208	66	86	121	NA	39	196	119	167	79	74	73	182	128	64	133	106	180	62	188	255	77	51	48	92	194	87	174	60	74	21	25	41	170	92	181	272	68	202	70	134	131	138	101	144	11	24	65	267	66	81	97	60	96	105	69	34	178	90	205	88	105	65	40	69	146	182	60	76	34	102	75	70	187	125	78	114	53	78	51	136	39	25	137
50	77	96	77	124	245	61	99	58	331	123	114	132	176	40	136	150	268	89	140	158	NA	51	302	177	237	109	107	96	241	220	112	202	158	252	74	253	382	109	87	71	148	313	136	277	91	98	40	24	68	286	141	321	402	106	309	87	176	213	175	139	242	10	36	79	372	103	104	154	72	149	173	93	55	262	123	300	115	121	132	57	105	220	239	110	108	55	129	107	120	256	178	140	171	59	112	74	179	48	40	194
55	130	156	108	180	361	99	155	92	567	169	177	198	209	53	202	225	365	138	197	254	NA	66	415	250	329	148	194	174	368	315	156	285	262	349	109	337	543	168	135	88	213	448	204	394	155	138	53	45	89	325	194	445	561	150	424	118	236	337	227	186	354	16	49	107	501	149	151	224	98	241	240	129	89	385	191	408	189	172	187	100	156	322	360	138	176	89	186	152	186	360	256	221	221	88	149	86	303	66	59	274
60	211	201	165	229	495	133	209	146	702	237	274	315	319	77	325	334	517	176	269	330	NA	78	590	373	487	214	276	263	559	471	194	441	346	544	161	511	817	198	189	119	305	668	329	565	235	174	73	69	118	469	311	604	859	218	596	158	324	454	339	279	422	37	62	177	710	223	185	306	155	410	341	190	148	594	267	599	290	237	294	123	210	493	509	190	228	152	268	197	255	519	353	359	287	142	261	140	390	120	56	382
65	294	307	197	354	725	180	320	213	1038	376	390	433	465	94	457	478	690	273	394	487	NA	87	802	568	685	279	422	360	781	691	282	618	550	722	211	659	1128	281	234	159	445	932	483	783	359	254	102	120	188	661	433	940	1067	338	808	258	445	631	465	391	627	37	98	246	934	354	302	450	245	581	502	255	226	786	356	879	432	344	441	190	305	708	720	265	378	189	378	300	381	726	522	525	434	195	383	185	548	152	80	514
70	456	449	293	521	916	238	461	340	1385	529	577	632	597	157	676	660	987	355	578	688	NA	127	1130	761	995	438	579	518	1152	1021	408	877	768	1038	340	1012	1493	395	405	250	650	1260	716	1118	506	352	151	157	290	919	611	1287	1509	532	1209	419	628	873	655	609	900	64	158	353	1288	473	435	633	316	787	696	434	343	1109	524	1172	641	533	610	294	425	957	928	357	537	288	531	467	508	992	647	675	546	292	508	276	759	251	118	671
75	680	640	437	714	1326	339	682	456	1816	725	858	985	854	235	934	963	1406	502	782	982	NA	186	1490	1094	1291	595	855	700	1554	1290	578	1189	1129	1384	475	1346	1963	573	605	331	932	1688	973	1435	731	519	202	248	423	1250	840	1687	1982	691	1615	556	843	1166	1001	797	1272	76	221	513	1628	675	590	902	456	1132	878	622	473	1522	668	1543	851	753	874	436	623	1353	1246	574	765	369	640	626	699	1459	904	958	739	426	803	395	1007	395	178	930
80	875	941	526	981	1784	473	986	694	2320	1016	1096	1355	1146	359	1345	1324	1750	731	1062	1298	NA	262	1954	1390	1616	810	1153	960	2011	1704	822	1499	1551	1733	689	1737	2422	770	908	463	1214	2147	1290	1932	983	685	296	350	628	1753	1192	2104	2308	1013	2120	769	1208	1672	1339	1081	1632	110	296	704	2129	1018	841	1253	586	1449	1242	910	690	1911	893	1963	1140	1054	1235	591	893	1695	1705	751	1031	623	937	886	1015	1807	1267	1275	1071	576	1029	576	1417	532	259	1316
85	1178	1378	730	1273	2271	651	1355	939	2776	1386	1463	1804	1582	482	1765	1669	2209	985	1461	1766	NA	345	2328	1900	1963	1134	1565	1264	2459	2213	1205	2046	1951	2229	1038	2178	2706	1044	1192	694	1649	2550	1834	2302	1354	967	403	522	869	2245	1570	2557	2713	1459	2561	1100	1616	2118	1781	1480	2083	153	410	974	2512	1390	1106	1693	865	1744	1610	1331	948	2325	1277	2267	1624	1451	1672	885	1200	2141	2226	1000	1408	878	1204	1213	1491	2280	1656	1640	1386	770	1497	770	1754	750	349	1819
90	1566	1836	1106	1739	2645	912	1700	1290	2998	1799	1912	2258	2014	668	2244	2150	2634	1346	1874	2228	NA	502	2733	2276	2418	1482	1935	1666	2793	2702	1574	2408	2335	2642	1368	2564	2947	1369	1671	945	2058	2811	2269	2781	1788	1279	556	679	1192	2602	2023	2711	3121	1965	2832	1480	2138	2442	2211	1875	2581	217	590	1325	2783	1891	1512	2171	1130	2236	2080	1727	1293	2641	1661	2611	2051	1882	2056	1285	1622	2618	2716	1333	1821	1210	1625	1661	2020	2732	2084	2213	1806	1055	1942	1076	2244	1096	498	2224
95	1979	2387	1491	2249	2956	1221	2161	1647	3112	2137	2273	2676	2433	1010	2813	2628	2812	1778	2371	2721	NA	631	2929	2660	2686	1987	2353	2172	2938	3080	2133	2673	2775	2877	1816	2915	2986	1865	2100	1208	2420	2881	2725	3054	2301	1629	778	915	1569	2776	2447	2847	2904	2438	2961	1883	2537	2849	2632	2402	2773	305	815	1674	2965	2344	1969	2529	1536	2597	2501	2323	1664	2834	2124	2950	2413	2314	2595	1625	2061	2898	2996	1783	2266	1614	1970	2036	2444	3005	2573	2575	2232	1452	2539	1443	2615	1430	735	2613
100	2540	2701	1907	2589	2955	1667	2538	2171	2719	2693	2688	2901	2905	1306	2942	2883	2799	2176	2811	2876	NA	939	2849	2808	2848	2370	2761	2495	2808	3106	2598	2814	3039	2900	2365	3004	2611	2322	2558	1563	2746	2731	2962	2873	2728	2068	1129	1238	2023	2893	2799	2765	2542	2888	2763	2264	2788	2891	2873	2870	2803	436	1196	2242	2674	2868	2496	2819	1900	2724	2728	2688	2220	2847	2543	2801	2763	2690	2823	2142	2577	2869	3128	2328	2708	2089	2343	2457	2777	2994	2839	2840	2711	1876	2974	1859	2917	1938	1030	2915
105	2805	3047	2387	2911	2650	2091	2825	2686	2053	2877	2974	2994	2974	1789	2946	2945	2609	2545	3055	3017	NA	1230	2543	2896	2723	2855	2963	2871	2513	2803	2901	2595	2859	2537	2649	2717	1985	2627	2808	2042	2963	2317	2925	2507	2991	2476	1386	1635	2445	2771	2922	2348	1929	3100	2363	2750	2955	2781	3013	3002	2649	609	1549	2681	2231	3174	2827	2985	2284	2848	2903	2912	2612	2530	2856	2396	2925	2937	3014	2638	2893	2650	2641	2832	2887	2501	2783	2867	2951	2644	2985	2879	2967	2329	3259	2295	2882	2340	1396	3063
110	3004	3024	2759	2915	2157	2463	2833	2958	1440	2916	2968	2647	2727	2231	2556	2735	2147	2816	2906	2678	NA	1718	1976	2620	2325	2995	2885	2906	1924	2120	3019	2346	2565	2037	2868	2128	1347	2961	2976	2414	2788	1756	2727	1925	2996	2653	1790	2122	2871	2202	2860	1869	1351	2944	1806	2982	2875	2378	2688	2888	2315	866	1979	2947	1752	3047	2974	2662	2687	2603	2801	2958	2933	2163	2916	1968	2811	2862	2833	2987	2894	2137	2158	3120	2901	2791	2873	2914	2869	2087	2734	2703	2940	2772	3023	2709	2618	2766	1743	2732
115	2728	2688	2945	2541	1553	2928	2615	2878	837	2608	2629	2257	2383	2592	2168	2216	1614	3080	2495	2156	NA	2081	1418	2109	1819	2933	2523	2834	1447	1492	2918	1919	1989	1555	2801	1591	862	2913	2838	2761	2288	1189	2232	1409	2745	2797	2228	2661	2806	1669	2520	1257	801	2570	1208	2868	2422	1804	2207	2588	1786	1201	2371	3018	1145	2703	2838	2266	2901	2125	2277	2748	2913	1492	2802	1425	2404	2633	2333	3028	2758	1727	1543	3051	2724	2999	2768	2745	2577	1381	2191	2281	2638	2940	2498	2926	2205	2996	2218	2216
120	2428	2079	3006	2201	1060	3096	2331	2616	449	2208	2025	1625	1866	2904	1566	1670	1080	2756	2025	1598	NA	2493	899	1501	1275	2542	1972	2279	884	963	2404	1382	1341	1017	2605	1016	465	2534	2392	2932	1792	718	1580	930	2072	2669	2599	2923	2664	1092	1899	794	484	1981	750	2650	1878	1271	1546	1919	1301	1655	2768	2824	744	2000	2436	1738	2791	1521	1833	2189	2678	992	2369	920	1825	2087	1746	2827	2411	1192	1001	2640	2117	2788	2302	2336	2025	917	1691	1681	2096	2870	1942	2846	1547	2933	2696	1632
125	1907	1540	2527	1684	691	2749	1769	2203	188	1610	1371	1115	1288	3040	1021	1063	683	2162	1448	1032	NA	2880	488	931	791	1839	1337	1554	510	616	1771	934	842	631	2185	578	245	2137	1768	2817	1271	467	969	542	1521	2274	2864	2918	2353	732	1204	437	267	1332	426	1987	1156	732	1020	1371	823	2095	2930	2263	426	1409	1913	1252	2447	1057	1233	1548	2144	559	1781	529	1358	1483	1222	2396	1830	784	553	2036	1511	2465	1806	1785	1453	544	1120	1190	1433	2579	1183	2557	1027	2576	2918	1016
130	1388	956	2069	1076	351	2301	1133	1692	69	1071	895	660	758	2639	570	664	372	1562	827	594	NA	2934	276	540	445	1274	836	1113	265	391	1171	564	423	376	1617	303	117	1424	1234	2371	822	215	578	275	987	1758	2956	2816	1853	415	746	218	129	843	227	1423	645	388	591	796	459	2376	2908	1622	236	898	1267	816	1992	615	819	1090	1550	310	1111	285	821	964	780	1743	1188	427	306	1404	1034	1809	1311	1190	869	297	625	715	907	2044	694	2085	562	2085	2975	539
135	792	535	1418	641	160	1760	713	1156	40	670	499	333	420	2117	272	357	183	1014	479	294	NA	2745	126	279	236	745	430	651	123	200	744	295	247	212	1082	136	39	830	771	1820	513	95	310	125	577	1233	2570	2260	1346	200	439	87	68	515	104	894	350	160	334	441	240	2675	2518	1016	117	481	760	495	1402	323	484	677	1127	159	651	149	550	543	411	1045	681	209	187	811	557	1245	739	731	398	152	324	333	533	1415	434	1470	275	1443	2645	256
140	453	279	819	348	83	1131	382	665	19	300	264	181	241	1573	132	152	67	551	222	164	NA	2384	60	162	110	381	227	341	65	96	385	157	128	83	652	70	22	446	435	1253	247	56	160	52	258	753	2152	1685	943	118	248	40	41	273	58	551	179	95	179	193	118	2893	1892	545	52	259	442	250	848	168	280	400	725	70	314	71	304	297	209	658	374	100	94	468	273	752	409	416	184	65	177	178	266	872	208	936	126	861	2070	112
145	215	150	409	165	47	641	207	384	6	149	145	79	120	1050	61	55	36	278	105	60	NA	1676	30	66	57	183	109	174	34	37	191	75	67	43	365	34	2	253	213	723	135	30	85	27	138	403	1457	1125	565	49	104	18	19	166	17	291	80	50	96	81	38	2757	1275	314	26	101	212	115	489	71	106	217	424	27	164	33	155	143	93	350	216	44	37	259	138	397	221	223	108	42	97	77	125	450	96	553	55	518	1517	39
150	100	71	168	91	18	344	111	192	4	58	66	23	65	565	28	25	22	124	57	28	NA	1135	14	35	30	98	52	98	17	9	77	37	41	29	141	6	NA	106	89	404	78	12	38	7	65	212	978	647	308	36	42	6	3	84	11	169	47	25	49	36	14	2378	815	158	19	68	135	43	268	46	50	94	220	15	65	11	62	69	46	198	114	21	19	141	80	243	112	120	59	13	44	51	66	241	35	316	26	330	931	18
155	40	38	91	38	7	164	58	94	1	20	36	13	32	292	17	8	11	71	26	16	NA	669	2	18	18	63	37	46	4	2	32	23	26	23	84	2	NA	54	28	217	36	7	22	2	32	101	573	343	182	14	18	2	NA	45	6	82	28	13	22	13	8	1757	419	88	11	32	67	21	107	21	29	46	115	11	32	6	26	29	20	95	60	15	11	64	40	107	44	56	34	6	18	28	29	109	11	160	15	170	526	4
160	16	14	50	13	2	85	23	45	1	12	15	7	8	125	12	10	16	50	24	1	NA	349	NA	19	4	32	22	25	4	NA	17	8	10	9	47	NA	NA	18	15	98	15	8	13	5	21	54	326	164	97	3	12	NA	NA	26	3	49	8	5	14	6	3	1277	238	33	9	12	34	8	51	9	18	24	56	6	16	NA	16	23	16	31	30	1	7	23	14	40	32	20	24	4	5	9	14	55	10	75	11	84	275	1
165	15	3	20	4	2	31	11	28	1	8	8	5	4	63	3	8	4	30	10	NA	NA	177	NA	9	3	18	10	13	1	NA	10	6	2	2	18	NA	NA	13	5	44	13	1	5	3	9	20	126	87	37	NA	3	NA	NA	10	0	22	3	NA	6	3	2	798	148	17	7	6	11	5	34	7	7	10	23	3	6	NA	3	12	5	10	12	1	14	11	3	28	5	8	15	2	2	5	8	22	6	37	5	46	124	2
170	11	2	7	NA	3	12	8	29	NA	6	7	1	3	39	2	8	NA	16	2	NA	NA	97	NA	2	4	6	2	7	NA	NA	7	2	1	NA	7	NA	NA	7	3	15	13	NA	4	NA	2	4	68	34	25	NA	1	NA	NA	4	NA	11	NA	NA	4	1	NA	431	55	1	1	3	16	4	22	1	3	11	12	0	5	NA	NA	7	5	2	6	NA	3	5	5	21	2	2	7	NA	2	7	1	10	1	20	7	25	74	0
175	6	3	1	NA	3	5	2	9	NA	5	7	NA	NA	31	1	4	NA	6	1	NA	NA	44	NA	NA	NA	2	NA	1	NA	NA	5	NA	0	NA	1	NA	NA	4	5	5	8	NA	1	NA	NA	1	23	21	12	NA	2	NA	NA	NA	NA	7	NA	NA	1	0	NA	265	30	NA	NA	NA	5	3	14	NA	3	0	4	NA	3	NA	NA	1	3	NA	NA	NA	1	2	NA	12	NA	1	2	NA	3	3	NA	1	NA	14	6	13	29	NA
180	1	2	NA	NA	2	2	0	4	NA	2	3	NA	NA	6	NA	2	NA	8	1	NA	NA	12	NA	NA	NA	2	NA	NA	NA	NA	3	NA	NA	NA	NA	NA	NA	5	6	3	2	NA	3	NA	NA	NA	7	15	11	NA	NA	NA	NA	NA	NA	6	NA	NA	NA	NA	NA	125	11	NA	NA	NA	1	NA	6	NA	NA	NA	5	NA	1	NA	NA	0	6	NA	NA	NA	1	1	NA	6	NA	NA	0	NA	2	1	NA	NA	NA	3	3	5	15	NA
185	1	NA	NA	NA	NA	0	NA	NA	NA	1	2	NA	NA	4	NA	2	NA	4	NA	NA	NA	3	NA	NA	NA	NA	NA	NA	NA	NA	1	NA	NA	NA	NA	NA	NA	4	0	1	1	NA	3	NA	NA	NA	0	4	10	NA	NA	NA	NA	NA	NA	3	NA	NA	NA	NA	NA	58	10	NA	NA	NA	1	NA	4	NA	NA	NA	1	NA	NA	NA	NA	NA	2	NA	NA	NA	0	1	NA	4	NA	NA	NA	NA	1	NA	NA	NA	NA	4	NA	3	5	NA
190	NA	NA	NA	NA	NA	NA	NA	NA	NA	NA	2	NA	NA	1	NA	NA	NA	NA	NA	NA	NA	3	NA	NA	NA	NA	NA	NA	NA	NA	0	NA	NA	NA	NA	NA	NA	1	NA	NA	NA	NA	5	NA	NA	NA	NA	0	3	NA	NA	NA	NA	NA	NA	1	NA	NA	NA	NA	NA	25	2	NA	NA	NA	2	NA	8	NA	NA	NA	NA	NA	NA	NA	NA	NA	1	NA	NA	NA	NA	NA	NA	NA	NA	NA	NA	NA	NA	NA	NA	NA	NA	7	NA	1	4	NA
195	NA	NA	NA	NA	NA	NA	NA	NA	NA	NA	2	NA	NA	1	NA	NA	NA	NA	NA	NA	NA	1	NA	NA	NA	NA	NA	NA	NA	NA	NA	NA	NA	NA	NA	NA	NA	1	NA	NA	NA	NA	0	NA	NA	NA	NA	NA	3	NA	NA	NA	NA	NA	NA	0	NA	NA	NA	NA	NA	11	2	NA	NA	NA	NA	NA	3	NA	NA	NA	NA	NA	NA	NA	NA	NA	0	NA	NA	NA	NA	NA	NA	NA	NA	NA	NA	NA	NA	NA	NA	NA	NA	4	NA	2	3	NA
200	NA	NA	NA	NA	NA	NA	NA	NA	NA	NA	3	NA	NA	NA	NA	NA	NA	NA	NA	NA	NA	NA	NA	NA	NA	NA	NA	NA	NA	NA	NA	NA	NA	NA	NA	NA	NA	NA	NA	NA	NA	NA	NA	NA	NA	NA	NA	NA	1	NA	NA	NA	NA	NA	NA	NA	NA	NA	NA	NA	NA	2	2	NA	NA	NA	NA	NA	0	NA	NA	NA	NA	NA	NA	NA	NA	NA	NA	NA	NA	NA	NA	NA	NA	NA	NA	NA	NA	NA	NA	NA	NA	NA	NA	6	NA	2	NA	NA
205	NA	NA	NA	NA	NA	NA	NA	NA	NA	NA	1	NA	NA	NA	NA	NA	NA	NA	NA	NA	NA	NA	NA	NA	NA	NA	NA	NA	NA	NA	NA	NA	NA	NA	NA	NA	NA	NA	NA	NA	NA	NA	NA	NA	NA	NA	NA	NA	NA	NA	NA	NA	NA	NA	NA	NA	NA	NA	NA	NA	NA	2	0	NA	NA	NA	NA	NA	NA	NA	NA	NA	NA	NA	NA	NA	NA	NA	NA	NA	NA	NA	NA	NA	NA	NA	NA	NA	NA	NA	NA	NA	NA	NA	NA	5	NA	3	NA	NA
210	NA	NA	NA	NA	NA	NA	NA	NA	NA	NA	NA	NA	NA	NA	NA	NA	NA	NA	NA	NA	NA	NA	NA	NA	NA	NA	NA	NA	NA	NA	NA	NA	NA	NA	NA	NA	NA	NA	NA	NA	NA	NA	NA	NA	NA	NA	NA	NA	NA	NA	NA	NA	NA	NA	NA	NA	NA	NA	NA	NA	NA	NA	NA	NA	NA	NA	NA	NA	NA	NA	NA	NA	NA	NA	NA	NA	NA	NA	NA	NA	NA	NA	NA	NA	NA	NA	NA	NA	NA	NA	NA	NA	NA	NA	NA	5	NA	1	NA	NA
215	NA	NA	NA	NA	NA	NA	NA	NA	NA	NA	NA	NA	NA	NA	NA	NA	NA	NA	NA	NA	NA	NA	NA	NA	NA	NA	NA	NA	NA	NA	NA	NA	NA	NA	NA	NA	NA	NA	NA	NA	NA	NA	NA	NA	NA	NA	NA	NA	NA	NA	NA	NA	NA	NA	NA	NA	NA	NA	NA	NA	NA	NA	NA	NA	NA	NA	NA	NA	NA	NA	NA	NA	NA	NA	NA	NA	NA	NA	NA	NA	NA	NA	NA	NA	NA	NA	NA	NA	NA	NA	NA	NA	NA	NA	NA	5	NA	3	NA	NA
220	NA	NA	NA	NA	NA	NA	NA	NA	NA	NA	NA	NA	NA	NA	NA	NA	NA	NA	NA	NA	NA	NA	NA	NA	NA	NA	NA	NA	NA	NA	NA	NA	NA	NA	NA	NA	NA	NA	NA	NA	NA	NA	NA	NA	NA	NA	NA	NA	NA	NA	NA	NA	NA	NA	NA	NA	NA	NA	NA	NA	NA	NA	NA	NA	NA	NA	NA	NA	NA	NA	NA	NA	NA	NA	NA	NA	NA	NA	NA	NA	NA	NA	NA	NA	NA	NA	NA	NA	NA	NA	NA	NA	NA	NA	NA	6	NA	1	NA	NA
225	NA	NA	NA	NA	NA	NA	NA	NA	NA	NA	NA	NA	NA	NA	NA	NA	NA	NA	NA	NA	NA	NA	NA	NA	NA	NA	NA	NA	NA	NA	NA	NA	NA	NA	NA	NA	NA	NA	NA	NA	NA	NA	NA	NA	NA	NA	NA	NA	NA	NA	NA	NA	NA	NA	NA	NA	NA	NA	NA	NA	NA	NA	NA	NA	NA	NA	NA	NA	NA	NA	NA	NA	NA	NA	NA	NA	NA	NA	NA	NA	NA	NA	NA	NA	NA	NA	NA	NA	NA	NA	NA	NA	NA	NA	NA	2	NA	NA	NA	NA
230	NA	NA	NA	NA	NA	NA	NA	NA	NA	NA	NA	NA	NA	NA	NA	NA	NA	NA	NA	NA	NA	NA	NA	NA	NA	NA	NA	NA	NA	NA	NA	NA	NA	NA	NA	NA	NA	NA	NA	NA	NA	NA	NA	NA	NA	NA	NA	NA	NA	NA	NA	NA	NA	NA	NA	NA	NA	NA	NA	NA	NA	NA	NA	NA	NA	NA	NA	NA	NA	NA	NA	NA	NA	NA	NA	NA	NA	NA	NA	NA	NA	NA	NA	NA	NA	NA	NA	NA	NA	NA	NA	NA	NA	NA	NA	0	NA	NA	NA	NA
