0	1	1	1	1	1	1	1	1	1	1	1	1	1	1	1	1	1	1	1	1	1	1	1	1	1	1	1	1	1	1	1	1	1	1	1	1	1	1	1	1	1	1	1	1	1	1	1	1	1	1	1	1	1	1	1	1	1	1	1	1	1	1	1	1	1	1	1	1	1	1	1	1	1	1	1	1	1	1	1	1	1	1	1	1	1	1	1	1	1	1	1	1	1	1	1	1	1	1	1	1
5	1	1	1	2	1	1	2	1	1	1	1	3	3	1	2	1	2	1	1	3	1	1	2	1	1	1	1	1	1	3	3	1	1	1	1	2	1	1	1	1	1	1	2	2	1	2	1	3	1	1	2	1	1	1	1	1	1	1	2	3	1	1	1	1	1	2	1	1	1	1	1	1	4	3	1	1	1	3	1	1	1	3	1	1	1	1	1	1	2	2	1	1	1	3	1	3	1	1	1	1
10	3	6	9	4	3	4	1	2	3	6	4	6	4	6	3	3	4	3	3	3	6	3	4	3	1	3	2	4	3	4	4	2	5	4	1	4	9	2	1	3	3	4	8	3	3	2	2	3	5	3	4	3	6	3	2	1	6	1	7	1	4	4	2	6	1	4	1	3	2	2	3	5	8	8	3	1	5	9	3	3	3	7	6	5	1	4	5	1	5	12	2	1	6	2	4	8	8	2	1	1
15	13	11	3	7	3	7	5	10	15	13	4	23	11	7	6	12	16	12	4	8	6	15	11	7	4	11	8	2	7	3	7	5	10	16	5	6	11	4	10	7	10	13	9	16	8	7	7	7	17	8	6	6	15	7	9	4	5	2	15	11	5	12	6	16	12	15	9	10	6	3	4	7	22	21	13	16	18	21	8	8	3	22	8	18	4	11	16	10	10	30	10	13	7	4	8	18	9	6	9	9
20	20	30	15	14	14	19	17	30	10	40	10	43	22	26	15	19	23	23	14	11	14	35	32	14	13	6	24	10	23	19	12	15	14	30	21	13	27	7	21	17	30	20	26	14	13	29	11	22	21	18	16	14	39	20	8	14	7	17	30	31	13	26	15	23	14	38	20	15	15	15	15	10	47	40	49	22	23	47	24	21	10	58	16	38	19	19	40	10	14	83	26	18	12	17	14	31	13	9	11	14
25	44	62	21	32	14	49	23	56	17	66	19	102	48	35	31	43	68	59	31	30	20	71	48	35	24	25	44	22	54	23	32	12	32	52	29	30	68	17	54	43	57	41	48	38	21	54	28	46	62	49	25	20	76	48	22	48	16	34	63	78	41	37	23	49	20	67	60	28	29	36	33	21	84	81	88	63	57	73	48	50	27	101	15	76	43	45	61	20	51	174	51	41	47	41	17	63	30	24	37	44
30	64	133	39	66	49	77	44	98	42	154	52	186	98	57	45	93	135	128	59	59	52	144	81	96	60	47	84	43	89	51	66	38	97	109	71	61	150	31	134	82	110	74	109	71	72	126	61	99	98	81	45	38	132	86	30	110	30	56	175	168	63	76	63	119	39	139	134	46	57	75	50	61	186	183	199	109	119	136	126	91	57	223	49	182	82	74	127	40	98	286	102	73	87	72	44	125	76	40	55	91
35	200	285	94	191	106	164	94	230	97	306	97	331	208	95	104	168	263	274	111	141	88	305	223	195	97	76	178	111	187	117	146	66	211	227	163	140	311	64	255	183	216	159	281	184	127	288	114	203	207	166	72	96	302	171	92	215	52	111	266	376	165	207	98	190	114	296	245	87	123	177	96	123	406	379	356	209	237	322	241	204	107	421	87	362	187	184	231	80	257	523	202	180	160	149	99	284	170	83	104	163
40	377	530	167	356	197	359	160	404	196	601	238	650	421	188	209	361	541	529	226	288	185	516	431	347	171	176	357	211	338	177	320	129	480	461	310	216	571	134	504	354	428	313	507	342	284	544	285	420	405	305	168	152	582	359	183	378	108	229	553	641	336	365	238	372	250	562	530	182	303	300	212	258	631	733	605	432	429	541	421	406	238	706	211	710	369	371	486	173	497	941	400	333	308	319	211	508	345	164	214	377
45	675	912	322	618	429	628	386	745	418	914	457	1007	755	365	388	692	901	864	501	489	420	965	700	713	377	332	662	414	662	384	598	227	788	788	618	470	978	301	740	681	773	611	886	598	558	962	547	696	665	614	372	325	978	541	342	725	224	470	934	1092	601	744	447	698	495	955	844	331	509	635	385	528	1059	1181	1048	717	779	949	759	751	465	1161	409	1103	620	638	758	313	810	1433	718	651	574	572	419	872	609	362	402	676
50	1049	1399	681	1106	746	1050	726	1093	745	1394	810	1552	1234	716	697	1141	1424	1325	798	895	714	1402	1145	1103	586	613	1135	777	1087	671	979	511	1239	1260	1015	835	1424	591	1232	990	1158	1031	1282	980	1047	1357	897	1209	1178	969	650	558	1457	956	596	1129	440	778	1392	1553	1006	1094	755	1163	811	1440	1386	663	883	932	768	874	1662	1639	1526	1107	1251	1376	1235	1229	784	1682	712	1572	1160	1094	1246	575	1261	1821	1221	998	946	1016	678	1350	1034	682	730	1126
55	1515	1865	1082	1531	1198	1606	1171	1584	1204	1901	1250	1983	1678	1088	1043	1602	1824	1740	1360	1320	1143	1726	1601	1634	1003	983	1534	1273	1442	1078	1563	874	1697	1695	1458	1283	1911	994	1679	1498	1660	1540	1818	1454	1496	1849	1451	1605	1543	1455	1135	961	1926	1404	1040	1570	824	1250	1809	1881	1522	1528	1221	1631	1312	1804	1722	1028	1453	1441	1166	1370	1962	2141	1926	1501	1715	1781	1617	1556	1230	2028	1211	2017	1619	1430	1637	1008	1752	2150	1665	1442	1421	1393	1134	1770	1466	1049	1077	1589
60	2011	2066	1522	1851	1689	1842	1578	2004	1703	2092	1763	2099	1937	1575	1565	2045	2121	2162	1738	1736	1520	2242	2006	2008	1405	1360	1949	1737	2023	1537	1881	1340	2103	2087	1996	1709	2085	1461	2050	1863	2087	1910	2178	1909	2056	2130	1762	2143	2038	1887	1566	1410	2107	1800	1462	2072	1169	1750	2115	2069	1973	1985	1591	1933	1708	2086	2086	1387	1830	1885	1609	1829	1984	2017	2004	2059	2024	2062	2020	2020	1752	1955	1616	2083	2043	2038	2113	1377	2165	1487	2064	1873	1796	1841	1625	1955	1960	1569	1586	2030
65	2074	1614	1976	2004	2044	1994	2097	1948	2038	1455	2000	1233	2002	1955	2012	2049	1657	1714	2059	2063	1988	1515	1946	1962	1944	1791	1995	2161	1992	2012	2081	1833	1855	1769	2059	2211	1447	1826	1859	2037	1922	2026	1712	1976	2101	1542	2135	1817	1995	2105	2039	1854	1344	2094	1929	1945	1750	2020	1478	1270	2057	1931	2025	2038	2111	1561	1621	1914	2066	2134	2165	2115	1233	889	1259	1938	1806	1514	1925	2027	2058	980	1967	1027	1988	2057	1819	1934	1738	485	1951	1944	2141	2044	2105	1618	2192	2036	1932	1990
70	1099	603	1992	1328	1921	1301	1958	1017	1931	421	1860	353	790	2074	2123	996	580	643	1775	1674	2157	508	980	1015	2100	2026	1127	1819	1175	2036	1310	2185	755	797	1302	1619	416	2106	896	1129	830	1339	549	1413	1374	511	1528	968	1111	1356	2009	2064	402	1427	2099	977	2153	1826	544	354	1272	1180	1721	1059	1720	514	609	2010	1578	1521	1942	1633	327	194	299	992	853	492	854	1024	1895	211	1960	236	1062	1211	818	2049	659	62	894	1367	1447	1399	1989	616	1336	2068	1934	1154
75	301	81	1196	386	930	370	1097	231	881	56	887	21	126	1039	1184	234	74	110	591	701	1106	71	227	256	1276	1420	330	861	307	1073	361	1628	150	148	345	747	44	1429	149	293	166	365	61	443	324	88	541	216	237	387	1170	1450	61	446	1236	236	1761	818	96	26	356	267	880	219	728	66	91	1303	540	380	905	602	38	17	25	251	142	56	222	216	739	6	923	12	277	303	193	1395	143	1	221	419	497	414	1011	96	339	1180	994	230
80	56	11	364	25	196	27	188	18	165	5	124	NA	11	227	237	35	13	15	124	124	280	6	26	32	326	448	43	146	20	226	33	639	17	17	39	126	0	403	16	28	6	66	0	47	38	7	51	38	27	41	297	476	7	74	358	26	855	166	10	0	70	38	201	19	140	1	2	397	100	45	216	121	1	NA	4	19	6	1	27	18	148	1	217	NA	35	49	21	390	11	NA	19	55	81	34	197	8	27	306	211	35
85	7	NA	68	NA	17	0	11	1	16	NA	7	NA	NA	13	17	NA	1	2	10	11	20	1	4	1	34	55	3	17	0	22	0	74	3	0	0	16	NA	35	1	NA	NA	2	NA	2	3	0	9	7	0	5	25	70	NA	2	45	0	163	17	NA	NA	12	7	13	0	16	NA	NA	34	6	4	12	23	NA	NA	1	2	NA	NA	0	0	21	NA	26	NA	7	6	1	53	NA	NA	1	2	1	0	17	NA	3	12	15	1
90	NA	NA	2	NA	1	NA	0	NA	NA	NA	NA	NA	NA	NA	1	NA	NA	NA	NA	NA	3	NA	NA	NA	1	10	NA	0	NA	2	NA	1	NA	NA	NA	NA	NA	0	NA	NA	NA	NA	NA	NA	NA	NA	NA	NA	NA	1	3	3	NA	NA	7	NA	19	3	NA	NA	0	2	1	NA	0	NA	NA	0	0	NA	1	0	NA	NA	NA	NA	NA	NA	NA	NA	NA	NA	2	NA	NA	NA	NA	11	NA	NA	NA	NA	NA	NA	NA	NA	NA	NA	1	NA
95	NA	NA	NA	NA	NA	NA	NA	NA	NA	NA	NA	NA	NA	NA	NA	NA	NA	NA	NA	NA	1	NA	NA	NA	NA	NA	NA	NA	NA	NA	NA	NA	NA	NA	NA	NA	NA	NA	NA	NA	NA	NA	NA	NA	NA	NA	NA	NA	NA	NA	NA	NA	NA	NA	1	NA	NA	NA	NA	NA	NA	NA	NA	NA	NA	NA	NA	NA	NA	NA	NA	NA	NA	NA	NA	NA	NA	NA	NA	NA	NA	NA	NA	NA	NA	NA	NA	0	NA	NA	NA	NA	NA	NA	NA	NA	NA	NA	NA	NA
