0	2	1	2	3	3	4	2	1	3	2	2	1	1	3	2	2	2	2	1	2	4	2	3	1	2	2	1	2	1	2	1	2	2	4	1	2	2	2	2	3	1	3	1	2	2	3	3	3	1	2	2	1	2	1	2	3	2	1	2	3	2	3	2	1	1	1	3	2	3	2	2	2	3	4	2	2	2	1	2	1	3	2	2	2	3	2	3	3	3	3	1	3	3	4	2	1	2	2	2	1
5	17	8	4	21	25	24	40	9	28	5	10	9	1	25	16	18	9	25	15	12	28	25	24	16	19	17	14	28	6	11	3	11	21	14	8	6	12	15	10	19	8	10	4	23	10	14	21	24	NA	19	20	19	18	14	20	23	8	21	19	19	21	14	13	6	21	13	11	19	8	10	20	20	10	27	7	14	11	9	12	7	16	11	11	12	21	17	17	8	15	16	6	28	10	21	11	8	18	17	9	11
10	33	47	8	37	45	44	83	30	67	19	35	23	9	61	46	32	42	53	34	24	58	84	53	29	33	56	29	38	14	19	0	31	37	36	25	16	41	27	26	61	16	20	9	33	24	46	45	28	NA	26	41	44	32	34	53	41	12	33	38	31	35	44	28	13	30	30	12	43	16	27	38	68	20	43	28	40	30	32	27	30	41	18	19	28	56	44	30	21	38	43	35	41	35	36	32	38	19	30	23	32
15	46	88	13	50	82	82	177	53	98	46	76	53	21	90	79	64	37	108	50	38	88	124	115	37	60	80	45	43	45	30	NA	62	76	79	34	13	110	48	54	73	25	56	23	67	64	56	59	70	NA	43	55	84	54	28	60	92	27	81	65	70	92	91	58	40	48	67	36	61	43	57	80	107	66	62	31	74	53	60	53	53	73	44	36	59	118	66	67	62	60	68	87	48	61	72	72	34	30	42	41	56
20	79	143	23	93	203	114	255	69	159	67	118	91	27	164	143	104	48	173	82	69	149	180	171	67	114	100	96	72	74	60	NA	95	121	136	63	20	183	78	93	147	42	104	55	120	89	140	70	135	NA	73	110	127	88	55	84	189	38	126	159	119	167	164	97	69	86	99	67	117	77	99	152	185	128	80	59	126	69	78	124	76	139	72	60	87	217	112	75	98	87	87	178	68	119	128	148	90	36	67	127	67
25	114	250	41	117	360	232	456	108	227	119	149	154	44	263	215	174	60	272	154	120	229	271	285	158	179	146	121	142	107	66	NA	132	210	192	124	27	345	87	165	211	87	163	63	191	139	160	135	218	NA	135	166	177	140	95	133	340	86	231	287	193	269	276	180	131	88	143	112	163	111	193	233	309	176	147	56	206	88	129	221	100	212	126	94	131	318	196	128	162	138	144	223	136	209	222	239	133	53	93	284	84
30	122	357	75	161	534	319	714	175	318	174	266	333	51	400	356	263	110	438	188	191	305	433	376	285	302	214	172	293	120	84	NA	191	324	288	167	48	518	151	225	345	171	294	78	266	232	188	234	306	NA	185	226	276	261	105	170	491	130	346	500	309	390	395	303	188	196	219	238	244	202	291	371	463	243	260	78	318	112	229	364	150	359	220	151	200	523	285	234	193	241	231	350	242	351	434	397	270	88	165	490	105
35	169	527	100	202	930	391	1154	207	511	218	416	647	119	527	561	420	195	581	296	345	405	719	609	525	411	292	238	544	187	145	NA	309	473	443	237	118	902	290	330	566	289	498	134	374	302	332	405	390	NA	310	418	374	403	120	163	793	211	561	853	506	518	643	500	281	328	436	397	331	305	457	609	636	404	507	121	451	153	327	635	278	548	310	233	338	730	379	393	300	361	377	464	390	465	751	528	464	147	293	857	162
40	244	858	141	332	1361	607	1710	353	699	316	598	1087	194	720	903	781	288	841	544	508	529	1082	1078	869	686	452	336	944	328	210	NA	503	820	793	357	198	1516	538	628	848	556	700	198	569	440	425	671	550	NA	507	717	570	707	169	276	1191	311	906	1265	790	773	985	732	433	540	827	665	538	469	778	953	986	669	812	246	692	222	562	857	412	791	506	485	586	1144	525	571	479	524	535	712	532	688	1116	840	738	265	437	1187	192
45	264	1404	240	553	1853	882	2769	578	1053	543	955	1851	248	1094	1422	1198	395	1371	810	834	775	1578	1735	1603	1006	728	491	1474	568	326	NA	716	1303	1168	586	365	2399	799	1041	1383	872	1074	254	795	647	629	1109	928	NA	865	1198	828	1043	258	381	1815	400	1450	1975	1237	1282	1536	1205	780	828	1316	1053	740	696	1253	1542	1498	1023	1379	361	1016	291	991	1304	657	1328	716	801	895	1867	786	876	756	710	832	1116	826	950	1773	1243	1225	462	705	1938	261
50	422	2062	460	964	2661	1368	4372	893	1710	826	1539	2670	343	1855	2242	2066	546	2150	1275	1477	1229	2484	2559	2629	1470	1171	769	2213	863	500	NA	1118	2055	1806	911	600	3550	1165	1647	2158	1384	1490	355	1215	959	887	1895	1415	NA	1481	1781	1277	1570	365	642	2889	556	2247	3199	1890	1786	2322	1874	1241	1407	2157	1731	1006	1038	1942	2655	2230	1614	2274	610	1626	389	1631	2049	944	2199	1077	1211	1480	3025	1279	1432	1262	1249	1342	1750	1292	1540	2854	2012	1797	844	1087	3049	380
55	686	3158	723	1358	4103	1994	6740	1385	2666	1126	2483	3886	461	2927	3473	3230	831	3590	2049	2336	1861	3807	4074	4298	2281	1891	1317	3649	1412	795	NA	1932	3198	2722	1508	874	5592	1744	2586	3273	2165	2425	447	1902	1622	1315	2865	1939	NA	2589	2723	2015	2571	570	947	4523	954	3538	4961	2985	2776	3402	2745	1929	2339	3347	2779	1619	1688	3135	4373	3439	2513	3450	930	2483	590	2434	3111	1439	3452	1683	1836	2267	4669	1975	2214	1972	1945	2137	2715	2008	2330	4338	3081	2644	1415	1721	4779	563
60	1069	4622	1041	2055	6368	3128	9805	2118	3968	1838	3836	5848	705	4287	5316	5115	1378	5413	3109	3729	2744	5987	6203	6641	3635	2832	2035	5493	2159	1160	NA	3096	4921	4298	2430	1330	8547	2875	3869	5188	3190	3713	665	3017	2640	2077	4558	2907	NA	4248	4232	3196	3967	819	1415	6897	1440	5304	7296	4736	4334	5131	4074	2910	3755	5312	4527	2531	2771	4815	6607	5240	4091	5112	1500	3955	858	3599	4787	2300	5200	2670	3155	3793	7027	2931	3396	3101	3117	3219	4220	3190	3776	6736	4559	4235	2243	2790	7271	923
65	1687	6971	1689	3077	9691	4822	13311	3125	6000	2799	5885	8829	1051	6630	8244	7893	2297	7950	4808	5690	4307	9000	8738	9872	5595	4202	3075	8291	3300	1716	NA	4682	7079	6602	3976	2004	11995	4275	5746	7913	4779	5795	995	4565	3787	3057	6468	4586	NA	6666	6578	5138	6126	1277	2153	10243	2084	7984	10997	7308	6750	7967	6175	4578	5957	8019	6825	3935	4490	7584	9853	7247	6209	7880	2331	6351	1476	5378	7502	3506	8289	3903	4839	5877	10085	4510	4982	4758	4839	4878	6245	4807	5809	9975	6836	6317	3516	4147	10465	1339
70	2577	10271	2596	4371	13708	6972	17505	4665	8731	4155	8768	12194	1662	9693	11962	11360	3619	11585	7244	8455	6669	12770	12220	13894	8125	6243	4138	11488	5354	2508	NA	7209	10028	9605	6221	3065	16177	6196	8537	11308	6945	8738	1538	6563	5782	4713	9144	7099	NA	9722	9732	7665	9412	2110	3280	13696	3030	11694	14701	10472	9844	11720	9171	6853	8685	11765	9555	5891	6833	10942	13444	10571	9236	11176	3370	9023	2367	8002	10939	5044	12159	6056	7407	8316	13912	6772	7591	6975	7246	7221	9030	6538	8764	13882	9894	9281	5548	6256	14484	1931
75	3926	14440	3811	6703	17905	9945	20812	6977	12600	6193	12436	15869	2558	13340	16385	15715	5701	15814	10533	12189	10054	16281	16087	18106	11371	9030	6319	15537	7660	3738	NA	10417	13471	13753	8880	4927	19789	8830	12371	15692	10298	12390	2282	9703	8119	7244	12460	10196	NA	13701	13667	10987	13130	3317	5130	17585	4657	15570	18367	14504	13707	16188	12926	9732	12145	16167	13204	8891	9990	14714	17540	14889	13178	15323	5010	12750	3521	11512	14714	7551	15991	9083	10594	12110	18313	10348	10923	9612	10512	10004	12176	9525	12458	17711	14005	13137	8610	9282	18899	2846
80	5869	18595	5411	9819	20863	13901	21356	10231	17061	8944	16648	19529	3830	17058	19773	19236	8939	19473	14578	16126	14034	19656	19887	21014	14930	12865	9436	19454	11091	5766	NA	14538	16929	18248	12587	7316	21537	12813	16386	19490	14147	16871	3508	13563	11583	10694	16379	14194	NA	18137	17612	14988	17472	4886	8069	20318	6855	19213	21138	18276	17981	19830	17083	13119	15836	19918	17454	12435	13837	18745	20865	19174	17242	19297	7319	16991	5205	14891	18628	10736	19462	12586	14183	16281	21897	14361	14608	12876	14428	13867	16553	13572	16307	20926	18675	17430	12156	12555	22090	4272
85	8611	21383	7554	13659	21111	18269	18428	13948	20593	12641	20553	21341	6013	20222	21403	21411	12790	21869	18753	19975	18712	21405	21429	22065	17993	16642	12905	21678	15070	8591	NA	18706	19958	21112	16701	10241	20303	16828	20078	21840	18690	20670	5459	18043	15497	14882	19742	18392	NA	21036	20990	18969	20090	7462	11451	20434	9784	21469	20872	21314	21300	22004	20634	17481	19474	21313	21056	16822	17773	21958	21712	20973	20537	21440	10724	20600	7794	18304	21264	15177	20877	16079	17942	20516	22106	18251	18329	16436	17769	17665	20542	17496	19521	21344	21894	20722	16165	16742	21862	6214
90	12493	21249	11015	17369	17956	21294	13133	17422	21415	16821	22041	19488	8987	21416	19791	20339	17056	20667	21441	21925	22002	20199	19782	18682	20407	19962	16734	21018	19015	12206	NA	21387	20665	22257	20204	14319	15444	20417	21151	20699	22006	21673	8509	21584	19335	18935	21499	21167	NA	21698	21985	21033	20861	10634	14967	18207	13427	20803	16962	20984	21597	20639	21356	20836	21359	19679	22213	20270	20421	21688	18838	20459	21187	20760	14739	21684	11305	20364	21128	18601	19486	19090	20411	22573	18126	21430	20670	19959	20489	20037	21731	20723	21279	18334	21540	21722	19670	20187	17451	9042
95	16680	17484	15008	20613	12833	21756	7918	19942	19191	19953	20164	14982	12776	18572	15594	15959	20379	16277	21234	20713	21696	15221	15030	12761	19898	21367	19858	16521	21331	16586	NA	20911	18358	18853	21322	18789	9465	21179	19554	16060	22037	19702	12227	22283	20844	21799	19990	21347	NA	18324	18988	20478	18817	14551	18673	13735	16804	16686	11716	17428	18136	15946	18925	21479	20368	15386	18820	21411	21159	16803	13882	16733	19435	16817	18808	19709	15399	19832	17153	21164	15881	20809	20659	20685	11990	21453	20123	21352	20699	20789	19637	21158	20336	12961	17675	19150	21007	21373	11459	12692
100	20297	11745	19222	20885	7704	18122	3820	20609	14546	20868	15048	9676	16861	13254	10032	10943	21969	10259	17895	15675	18383	9306	9111	7383	16162	19168	20804	10428	21045	19575	NA	17621	13279	12816	19446	21774	4969	18706	15480	10348	17700	14775	16317	18449	19508	21206	14290	17518	NA	13333	13094	16931	14081	18595	21561	7857	19224	10654	6670	12176	12758	9988	14352	18599	16091	10473	13041	19783	18117	11294	8137	11668	14431	10877	20869	14057	20429	16490	11319	21278	10861	19229	18074	15053	6359	17980	16974	19217	18036	17820	14536	18008	15117	7512	12391	13877	20003	19457	6241	17152
105	21338	6663	21031	18176	4028	11971	1380	18206	8829	18996	8572	5248	20511	8019	5296	6168	19684	5027	11992	9438	12138	3967	4563	3645	11327	14131	18940	4983	16977	20990	NA	12082	7870	6876	14833	21052	2142	14226	9717	5155	11644	8903	20195	12247	15186	17248	8434	12054	NA	8098	7337	11578	9033	21429	20763	3285	20549	5230	3069	6752	7256	4764	8779	13348	9841	5812	7614	14685	13028	6176	3518	6225	8486	5534	19750	8319	22707	10841	6241	16787	5853	14854	12762	8966	2876	12341	11895	13599	12353	12889	8385	12914	9410	3407	6606	7830	15939	14374	2588	20597
110	19734	2940	19896	12791	1587	6280	497	12676	4287	14696	3976	2169	21463	3687	2224	2720	14222	2022	6147	4499	6378	1409	1714	1408	6442	8839	14306	1716	11157	19363	NA	6727	3786	2960	9188	17480	802	8966	4816	2211	6091	4268	21306	6374	10042	11272	4057	6625	NA	3806	3434	6246	4472	20788	16436	1043	18601	1910	1085	2884	3247	1769	3826	7421	4699	2716	3417	8803	7717	2572	1188	2653	3865	2246	16823	4017	21613	6089	2713	10842	2477	9202	7126	4107	1079	6474	6713	7961	6801	7690	3953	7553	4421	1388	2841	3569	10338	8434	914	21243
115	14798	1032	16513	7525	452	2819	130	7046	1457	9044	1503	664	19560	1422	789	1009	8814	552	2567	1799	2675	435	565	532	2764	4306	8470	517	5801	14948	NA	2883	1288	1103	4411	11882	260	4288	1816	818	2547	1657	20019	2903	5715	5885	1530	3064	NA	1330	1174	2634	1736	16954	10944	414	13549	540	367	1200	1066	584	1246	3390	1877	1045	1235	4110	3787	792	306	901	1436	778	11846	1415	16098	2928	1016	5623	775	4915	3163	1717	332	2895	2901	3769	3199	3410	1333	3533	1635	440	879	1342	5204	3932	266	19258
120	8790	286	11231	3618	100	902	31	3406	353	4041	519	167	14353	490	192	355	4499	111	712	653	895	138	203	110	937	1598	3967	128	2284	9350	NA	1016	334	436	1739	6424	63	1628	554	301	814	468	15555	1112	2418	2418	494	1056	NA	352	273	895	503	11771	5634	199	8042	142	101	339	342	160	423	1129	620	236	316	1599	1479	184	83	240	435	223	6459	368	9683	1190	358	2583	195	2105	1086	511	58	1044	1025	1315	1278	1274	411	1302	527	126	208	402	2057	1515	76	14033
125	3980	60	5800	1429	13	211	10	1538	67	1466	147	55	8262	120	32	90	1890	11	139	194	278	47	46	39	302	403	1446	24	602	4981	NA	208	81	139	544	2559	10	541	111	160	244	87	9678	387	888	761	134	288	NA	58	76	260	133	6119	2229	82	3763	24	19	54	75	26	91	377	136	45	90	434	398	42	13	34	78	85	2914	80	4264	368	104	1051	37	684	282	91	10	305	319	386	401	322	110	388	133	41	46	65	694	527	35	8103
130	1583	7	2287	482	3	64	4	642	12	519	16	11	4069	12	6	19	700	3	26	48	83	10	13	3	111	71	436	4	137	2179	NA	49	19	25	118	813	NA	139	20	81	53	29	4803	93	255	190	30	69	NA	4	12	76	37	2802	620	35	1314	3	2	4	13	2	13	120	32	9	22	101	76	6	2	4	14	34	1051	16	1579	107	31	373	11	185	93	14	1	70	44	114	84	85	28	166	37	5	16	1	149	157	14	3484
135	520	NA	717	128	1	10	1	249	5	159	5	1	1692	4	NA	3	261	0	14	18	21	2	4	1	28	2	149	NA	27	681	NA	14	0	0	40	169	NA	34	3	39	11	1	1755	29	82	34	5	10	NA	2	2	7	9	1005	105	7	426	NA	NA	1	3	2	10	52	8	1	5	12	15	1	2	NA	3	11	347	6	431	34	5	83	6	50	38	3	1	11	7	30	12	19	8	66	8	NA	2	NA	40	41	3	1240
140	133	NA	150	23	NA	1	NA	72	NA	47	1	NA	571	NA	NA	NA	62	NA	7	3	2	0	1	NA	4	NA	16	NA	5	134	NA	1	NA	NA	18	23	NA	7	NA	8	0	NA	472	8	21	9	5	0	NA	1	NA	NA	4	280	14	4	148	NA	NA	NA	2	NA	0	9	9	NA	1	1	0	NA	0	NA	1	1	92	0	105	15	NA	8	2	15	7	NA	NA	1	NA	3	4	4	1	25	7	NA	NA	NA	10	9	0	411
145	25	NA	19	6	NA	NA	NA	22	NA	3	NA	NA	125	NA	NA	NA	10	NA	3	1	NA	NA	NA	NA	NA	NA	7	NA	3	16	NA	NA	NA	NA	3	2	NA	0	NA	1	NA	NA	109	NA	5	3	1	NA	NA	NA	NA	NA	NA	83	6	0	32	NA	NA	NA	NA	NA	NA	1	1	NA	NA	NA	NA	NA	NA	NA	NA	NA	35	NA	31	4	NA	1	1	4	0	NA	NA	1	NA	NA	2	NA	NA	18	3	NA	NA	NA	1	4	NA	143
150	3	NA	5	6	NA	NA	NA	1	NA	NA	NA	NA	29	NA	NA	NA	2	NA	NA	NA	NA	NA	NA	NA	NA	NA	2	NA	1	2	NA	NA	NA	NA	NA	NA	NA	NA	NA	NA	NA	NA	13	NA	NA	2	NA	NA	NA	NA	NA	NA	NA	33	1	NA	0	NA	NA	NA	NA	NA	NA	NA	NA	NA	NA	NA	NA	NA	NA	NA	NA	NA	7	NA	11	NA	NA	NA	NA	1	NA	NA	NA	NA	NA	NA	1	NA	NA	19	NA	NA	NA	NA	NA	2	NA	31
155	NA	NA	NA	4	NA	NA	NA	1	NA	NA	NA	NA	5	NA	NA	NA	NA	NA	NA	NA	NA	NA	NA	NA	NA	NA	NA	NA	NA	NA	NA	NA	NA	NA	NA	NA	NA	NA	NA	NA	NA	NA	3	NA	NA	NA	NA	NA	NA	NA	NA	NA	NA	9	NA	NA	NA	NA	NA	NA	NA	NA	NA	NA	NA	NA	NA	NA	NA	NA	NA	NA	NA	NA	1	NA	3	NA	NA	NA	NA	NA	NA	NA	NA	NA	NA	NA	NA	NA	NA	10	NA	NA	NA	NA	NA	NA	NA	1
160	NA	NA	NA	NA	NA	NA	NA	NA	NA	NA	NA	NA	0	NA	NA	NA	NA	NA	NA	NA	NA	NA	NA	NA	NA	NA	NA	NA	NA	NA	NA	NA	NA	NA	NA	NA	NA	NA	NA	NA	NA	NA	NA	NA	NA	NA	NA	NA	NA	NA	NA	NA	NA	1	NA	NA	NA	NA	NA	NA	NA	NA	NA	NA	NA	NA	NA	NA	NA	NA	NA	NA	NA	NA	0	NA	1	NA	NA	NA	NA	NA	NA	NA	NA	NA	NA	NA	NA	NA	NA	2	NA	NA	NA	NA	NA	NA	NA	NA
165	NA	NA	NA	NA	NA	NA	NA	NA	NA	NA	NA	NA	NA	NA	NA	NA	NA	NA	NA	NA	NA	NA	NA	NA	NA	NA	NA	NA	NA	NA	NA	NA	NA	NA	NA	NA	NA	NA	NA	NA	NA	NA	NA	NA	NA	NA	NA	NA	NA	NA	NA	NA	NA	NA	NA	NA	NA	NA	NA	NA	NA	NA	NA	NA	NA	NA	NA	NA	NA	NA	NA	NA	NA	NA	NA	NA	NA	NA	NA	NA	NA	NA	NA	NA	NA	NA	NA	NA	NA	NA	NA	5	NA	NA	NA	NA	NA	NA	NA	NA
170	NA	NA	NA	NA	NA	NA	NA	NA	NA	NA	NA	NA	NA	NA	NA	NA	NA	NA	NA	NA	NA	NA	NA	NA	NA	NA	NA	NA	NA	NA	NA	NA	NA	NA	NA	NA	NA	NA	NA	NA	NA	NA	NA	NA	NA	NA	NA	NA	NA	NA	NA	NA	NA	NA	NA	NA	NA	NA	NA	NA	NA	NA	NA	NA	NA	NA	NA	NA	NA	NA	NA	NA	NA	NA	NA	NA	NA	NA	NA	NA	NA	NA	NA	NA	NA	NA	NA	NA	NA	NA	NA	1	NA	NA	NA	NA	NA	NA	NA	NA
