0	1	1	1	1	1	1	1	1	1	1	1	1	1	1	1	1	1	1	1	1	1	1	1	1	1	1	1	1	1	1	1	1	1	1	1	1	1	1	1	1	1	1	1	1	1	1	1	1	1	1	1	1	1	1	1	1	1	1	1	1	1	1	1	1	1	1	1	1	1	1	1	1	1	1	1	1	1	1	1	1	1	1	1	1	1	1	1	1	1	1	1	1	1	1	1	1	1	1	1	1
5	1	2	2	1	1	1	1	1	3	3	1	1	3	3	1	2	1	2	2	2	1	1	1	2	2	3	2	2	1	2	2	2	2	1	1	3	1	1	1	2	3	1	1	2	3	1	2	1	2	2	2	1	1	1	1	3	1	1	1	2	1	1	2	1	3	2	1	1	1	2	2	2	1	2	1	1	3	NA	0	1	1	1	2	2	4	1	3	4	1	1	1	1	1	3	1	1	1	4	1	3
10	9	3	2	6	2	2	2	3	4	6	4	5	6	7	4	6	4	2	2	2	3	3	4	4	3	5	3	3	3	4	4	7	5	3	2	5	4	2	3	2	4	2	5	4	3	5	3	3	5	3	4	1	4	3	1	7	4	5	2	3	4	5	2	3	4	3	4	3	6	8	8	2	1	6	3	8	5	NA	NA	3	1	4	5	5	3	4	5	4	5	3	7	2	5	3	4	1	9	5	3	5
15	15	7	7	6	5	6	3	6	8	6	7	9	5	6	11	3	7	13	6	3	5	11	5	5	7	9	7	7	4	7	6	9	7	12	6	7	6	8	5	8	3	5	18	6	5	6	6	5	7	6	3	3	5	3	1	3	8	12	4	5	11	5	7	2	6	5	5	7	6	11	3	5	2	2	11	11	9	NA	NA	5	9	4	7	9	8	4	5	3	11	5	10	3	7	9	4	2	10	9	8	17
20	16	12	14	5	9	7	7	9	10	16	10	18	7	15	5	8	6	17	8	6	6	11	10	11	20	12	5	19	4	14	10	11	11	9	9	12	10	12	9	13	17	11	24	15	11	6	22	7	8	10	10	4	7	3	2	4	7	17	9	14	11	6	4	5	12	8	11	9	13	17	7	15	5	4	17	13	10	NA	NA	12	13	5	14	10	8	9	7	7	13	10	17	6	10	10	10	2	12	13	15	21
25	30	11	24	13	15	17	16	13	14	19	16	27	9	20	8	16	6	22	17	6	13	19	13	9	23	17	13	20	4	17	16	11	8	27	14	20	23	15	13	17	15	9	37	19	20	9	34	11	18	19	15	4	17	4	5	6	15	20	13	12	19	10	8	10	20	11	13	13	10	16	4	22	6	7	30	19	10	NA	NA	18	15	12	13	14	7	19	13	8	15	8	20	5	12	13	9	6	13	33	16	27
30	35	21	36	13	20	19	13	19	17	30	24	30	19	27	20	20	5	30	24	12	24	24	25	7	25	22	19	24	10	23	21	17	11	27	15	24	37	21	28	30	22	14	60	28	21	11	41	18	13	18	16	7	34	3	4	11	22	41	19	25	35	21	16	20	25	16	17	23	19	18	16	28	16	7	43	35	16	NA	NA	20	24	16	20	26	11	19	23	15	31	7	29	3	21	15	12	10	16	43	28	40
35	71	26	44	21	29	23	20	27	27	46	43	52	24	45	24	27	11	52	22	25	24	42	23	13	35	21	34	36	12	30	39	23	14	45	26	33	54	34	43	42	31	23	91	30	27	8	68	27	20	30	26	9	47	8	10	14	22	54	39	30	44	25	18	32	27	19	19	32	21	30	18	46	25	13	69	48	16	NA	NA	32	35	14	33	36	18	54	48	21	37	8	47	20	23	25	13	21	23	72	35	46
40	99	39	73	28	36	32	30	38	39	65	56	67	32	47	32	35	13	69	26	32	43	69	28	22	33	31	37	53	8	39	53	42	22	70	33	55	91	50	58	52	47	40	129	37	39	13	83	35	32	47	39	10	64	15	5	20	34	79	54	34	50	35	25	44	35	31	34	46	25	34	21	55	44	25	91	69	23	NA	NA	32	42	39	24	36	23	57	49	31	72	15	67	16	30	31	14	34	26	96	61	74
45	137	55	91	30	54	45	51	52	53	76	104	91	50	69	45	57	22	95	51	50	36	74	44	28	49	42	60	89	25	57	68	44	36	111	43	80	131	50	77	73	56	66	144	41	54	20	123	35	45	67	50	11	96	19	16	36	54	98	73	61	91	48	30	64	57	57	31	63	46	52	30	88	42	36	128	95	31	NA	NA	37	74	43	36	48	39	95	85	49	89	27	72	31	46	47	22	44	43	124	72	105
50	193	75	125	39	82	59	78	78	75	126	168	120	59	93	54	70	33	130	66	81	58	119	61	35	73	70	87	126	15	101	81	60	32	131	43	118	201	70	125	137	87	80	228	51	70	29	143	45	60	81	88	25	155	33	21	42	85	128	106	87	111	81	40	88	81	91	54	79	67	69	55	122	73	45	187	130	30	NA	NA	72	84	68	49	62	48	130	122	53	122	30	101	50	58	60	20	76	57	190	77	136
55	276	103	174	42	117	85	120	100	115	177	200	172	97	114	86	84	42	174	101	108	74	160	85	51	102	106	119	170	29	118	105	85	36	190	67	148	270	81	160	184	122	110	307	75	102	41	205	66	85	108	113	36	219	39	33	53	129	192	169	130	141	130	45	129	104	133	72	127	76	115	63	156	94	82	274	165	52	NA	NA	110	110	97	70	96	51	184	171	74	158	46	158	67	77	88	30	119	77	241	119	214
60	390	152	253	50	164	126	152	131	168	275	324	281	152	194	122	115	50	237	136	146	118	216	125	54	151	148	187	220	48	176	165	118	57	263	90	198	384	95	244	267	171	143	372	95	167	51	287	85	129	155	154	66	293	63	45	78	179	243	274	190	207	191	70	152	155	166	85	172	115	152	97	234	122	132	394	241	73	NA	NA	135	149	134	97	135	73	252	252	96	224	64	211	101	102	134	34	159	92	386	145	260
65	521	215	360	75	196	153	246	197	230	369	499	363	224	297	179	166	94	349	189	225	137	289	156	97	208	176	248	305	84	214	192	166	93	354	121	323	510	130	294	314	236	204	549	137	229	68	366	109	195	210	203	77	430	99	61	127	234	366	388	299	263	279	107	229	184	254	137	224	170	250	137	330	179	143	524	334	103	NA	NA	174	251	205	135	173	109	349	378	148	305	80	301	122	179	194	46	216	122	503	205	419
70	730	291	477	92	279	220	328	313	308	494	652	501	295	412	250	223	108	476	286	306	208	447	218	120	317	226	330	416	121	343	246	232	120	490	177	396	688	186	410	417	333	313	729	195	342	116	543	174	266	279	286	99	604	137	86	161	308	491	495	400	379	400	133	303	253	334	144	325	210	360	188	430	259	249	733	474	138	NA	NA	239	334	286	171	252	137	509	507	190	432	100	400	157	241	261	85	301	166	718	274	545
75	1013	399	682	145	404	266	501	422	429	667	884	691	384	550	336	340	158	657	379	413	251	617	294	191	419	358	463	550	160	453	366	316	160	631	241	566	911	283	526	604	472	446	903	255	455	160	743	241	355	398	388	139	812	215	113	205	391	668	682	561	527	556	200	401	363	473	211	476	270	463	255	611	350	328	944	602	210	NA	NA	343	466	407	252	354	182	657	706	288	563	133	557	174	348	345	100	424	200	937	369	720
80	1387	547	886	195	536	365	682	570	593	927	1219	928	548	767	427	430	209	897	528	571	364	819	400	278	575	457	576	742	212	624	514	405	247	900	325	760	1236	354	695	770	605	622	1206	331	645	195	1073	328	510	526	448	195	1122	247	150	297	535	887	896	759	715	718	300	561	504	652	308	629	393	628	363	866	514	456	1234	795	306	NA	NA	436	619	541	345	430	254	887	949	390	719	179	731	236	443	461	143	601	308	1173	526	984
85	1834	729	1177	292	683	532	888	838	813	1250	1522	1236	785	1088	579	608	341	1157	696	772	519	1015	557	365	841	597	840	994	311	774	709	535	360	1140	478	1062	1647	487	919	1034	804	880	1548	417	853	289	1399	460	686	775	644	261	1513	330	217	407	788	1189	1188	1010	933	1058	374	762	652	877	424	847	526	832	518	1141	677	613	1506	1110	398	NA	NA	626	840	791	394	583	322	1164	1196	569	1000	242	1047	291	613	643	193	833	396	1513	715	1300
90	2209	977	1526	395	947	651	1168	1077	1097	1631	1943	1595	999	1355	802	828	445	1545	858	991	682	1386	777	483	1020	833	1089	1303	467	1035	1025	721	513	1442	646	1345	2039	658	1166	1355	1081	1113	1919	598	1158	381	1749	647	927	1024	805	393	1940	438	304	509	1032	1592	1523	1330	1170	1339	521	1004	813	1179	580	1176	697	1055	658	1453	941	830	1923	1402	563	NA	NA	819	1093	998	572	778	463	1530	1531	757	1293	320	1394	412	865	859	245	1100	538	1984	970	1598
95	2615	1297	1860	533	1272	885	1545	1379	1446	2121	2458	1985	1306	1701	1041	1077	610	1917	1180	1255	899	1773	1055	667	1340	1039	1464	1680	626	1338	1351	952	715	1916	854	1709	2467	919	1507	1731	1393	1560	2410	770	1523	572	2224	857	1186	1348	1094	511	2358	609	453	694	1336	1969	1922	1739	1557	1627	644	1304	1088	1546	804	1507	913	1418	893	1849	1173	1112	2310	1876	783	NA	NA	1038	1424	1278	782	1058	602	2029	1887	954	1635	430	1833	555	1190	1161	342	1395	722	2396	1304	2046
100	2951	1624	2262	783	1668	1072	1931	1771	1886	2532	2793	2403	1742	2140	1392	1337	841	2473	1509	1624	1219	2249	1392	873	1789	1434	1724	2055	879	1745	1711	1228	996	2435	1173	2174	2823	1167	1877	2218	1767	1944	2757	1099	1958	714	2670	1232	1618	1765	1417	702	2769	810	613	894	1732	2360	2307	2166	1985	2019	857	1651	1378	1924	1057	1888	1235	1756	1121	2417	1548	1483	2723	2253	1086	NA	NA	1343	1812	1682	1068	1376	770	2423	2342	1276	2081	577	2243	679	1517	1531	437	1802	1018	2756	1673	2339
105	3085	1999	2719	1080	2065	1454	2386	2180	2299	2993	3079	2814	2133	2566	1752	1807	1122	2796	1961	2040	1577	2710	1769	1157	2185	1724	2129	2590	1209	2057	2090	1603	1304	2821	1459	2623	3069	1544	2253	2627	2064	2441	3079	1376	2369	969	3067	1624	2069	2193	1754	912	3064	1025	823	1245	2199	2711	2750	2638	2399	2431	1140	2053	1800	2386	1323	2313	1560	2177	1480	2732	1876	1811	3003	2489	1413	NA	NA	1810	2249	2152	1372	1829	1093	2895	2729	1706	2422	816	2722	1021	1916	1933	552	2168	1267	3074	2136	2729
110	3060	2336	3026	1356	2429	1857	2754	2641	2847	3235	3104	3088	2673	2837	2204	2253	1420	3134	2309	2425	1920	3064	2190	1557	2681	2292	2527	2980	1600	2408	2526	2050	1661	3107	1885	3014	3172	1920	2706	2970	2504	2909	3201	1787	2803	1248	3242	2037	2573	2675	2167	1219	3190	1352	1070	1596	2564	3039	3186	3018	2816	2900	1444	2539	2165	2787	1666	2659	1970	2572	1922	3028	2217	2274	3226	2926	1753	NA	NA	2133	2669	2641	1819	2206	1343	3211	3008	2157	2823	1060	3010	1280	2393	2349	750	2655	1746	3092	2469	3059
115	2924	2696	3114	1753	2843	2257	3181	3061	3106	3283	3117	3131	2948	3172	2685	2603	1827	3262	2640	2775	2310	3316	2655	2004	3032	2665	2887	3255	2007	2836	2930	2413	2135	3221	2314	3199	2986	2227	2938	3349	2848	3199	3038	2264	3132	1593	3232	2555	2827	2990	2579	1521	3076	1748	1463	2085	2860	3188	3273	3292	3036	3161	1816	2917	2552	3120	2079	2915	2424	2910	2343	3080	2643	2735	3156	3044	2133	NA	NA	2522	2941	3013	2204	2710	1733	3326	2976	2569	3062	1414	3304	1685	2795	2781	939	2962	2184	3078	2906	3078
120	2509	2909	2998	2211	3106	2582	3268	3161	3211	3035	2752	3076	3205	3203	3029	2979	2227	3064	2967	3182	2768	3272	2985	2401	3149	2984	3075	3279	2382	2955	3168	2798	2428	3108	2704	3199	2684	2668	3118	3245	3088	3360	2757	2705	3274	1953	3019	2913	3132	3163	2855	2010	2830	2243	1914	2454	3088	3041	3209	3286	3096	3218	2290	3160	2948	3202	2494	3115	2828	3075	2728	3134	2934	3029	2789	3110	2580	NA	NA	2926	3222	3288	2541	3074	2079	3137	2963	2882	3025	1803	3224	2162	3156	3042	1272	3085	2590	2783	3134	2991
125	1998	2987	2811	2762	3165	2961	3089	3132	3105	2616	2303	2746	3126	2868	3130	3064	2534	2820	3116	3144	3028	2955	3119	2791	3179	3125	3131	3048	2798	3098	3252	3055	2898	2760	3029	3014	2059	3025	2981	2940	3098	3184	2248	3152	3172	2383	2523	3219	3226	3207	3062	2354	2312	2772	2382	2884	3107	2824	2887	3017	3065	3008	2626	3176	3114	3068	2846	3058	3123	3154	2994	2755	3152	3239	2274	2860	2933	NA	NA	3126	3139	3286	2809	3224	2532	2777	2672	3156	2965	2175	2996	2690	3242	3280	1633	3070	2892	2212	3162	2701
130	1528	3003	2265	3059	3050	3154	2866	2859	2838	2103	1720	2273	2954	2520	3136	3041	2874	2180	3001	3047	3137	2484	3180	3036	2971	3113	2951	2623	3147	3001	3016	3244	2968	2198	3160	2519	1592	3118	2692	2437	2898	2753	1761	3383	2777	2838	1957	3249	3138	3013	3074	2808	1818	2981	2800	3146	2850	2239	2273	2535	2688	2669	3020	3076	3018	2783	3172	2778	3187	2819	3169	2408	3114	3154	1691	2432	3157	NA	NA	3040	2880	3000	3075	3190	2880	2227	2312	3144	2639	2680	2486	2946	3086	3196	2092	2795	3280	1638	2885	2170
135	1087	2653	1737	3284	2668	3042	2236	2477	2398	1544	1273	1677	2499	1983	2937	2841	2979	1742	2761	2627	2994	1864	2940	3058	2497	2804	2557	2011	3343	2647	2490	3154	3158	1644	3093	1930	1107	3105	2312	1883	2530	2085	1205	3304	2251	3066	1333	3147	2801	2515	2879	3103	1331	3074	3189	3356	2558	1707	1725	1898	2172	2102	3267	2565	2832	2196	3212	2358	3100	2401	3129	1804	2789	2803	1186	1932	3181	NA	NA	2920	2465	2472	3126	2881	2998	1602	1762	3020	2111	3034	1909	3221	2660	2886	2579	2487	3146	1146	2615	1625
140	762	2220	1300	3247	2089	2835	1606	1877	1811	1066	802	1143	1933	1485	2496	2495	3005	1165	2387	2076	2772	1263	2527	3039	1999	2403	1949	1434	3246	2023	2045	2789	2951	1209	2833	1363	736	2725	1866	1352	2043	1605	739	2996	1692	3198	834	2686	2197	1924	2469	3129	862	3116	3302	3122	2013	1220	1096	1419	1664	1453	3184	1981	2412	1684	2938	1806	2711	1852	2818	1236	2390	2382	679	1406	2961	NA	NA	2493	1879	1955	2733	2331	3112	1094	1254	2609	1531	3088	1281	3278	2199	2350	2979	1862	2969	728	2048	1072
145	449	1670	781	2869	1486	2286	1098	1396	1262	625	504	712	1477	1025	1907	1904	2832	666	1744	1497	2267	757	1933	2643	1364	1903	1396	966	2931	1498	1497	2096	2626	789	2244	862	448	2216	1228	929	1487	1070	394	2392	1159	3047	538	2130	1624	1356	1999	3096	545	2819	3131	2787	1409	794	717	905	1216	974	2968	1430	1862	1177	2601	1290	2235	1410	2258	779	1836	1804	391	893	2468	NA	NA	1988	1283	1333	2522	1827	2980	586	843	2089	962	3146	810	2971	1652	1725	3057	1420	2525	427	1563	676
150	260	1109	498	2502	991	1702	704	932	775	361	248	422	938	644	1413	1435	2475	436	1295	1045	1745	432	1368	2205	877	1333	863	537	2304	1031	970	1550	2063	462	1787	496	218	1693	818	525	1034	687	185	1746	754	2671	283	1595	1028	865	1418	2773	351	2317	2772	2174	947	424	395	517	803	636	2307	995	1467	748	2063	853	1629	911	1703	479	1299	1288	197	573	1903	NA	NA	1439	837	914	1977	1309	2521	357	595	1422	595	2978	495	2448	1145	1114	3295	917	1929	255	995	360
155	130	717	292	1897	671	1226	414	582	441	217	127	232	588	381	854	947	1909	212	828	702	1142	236	888	1787	507	941	526	273	1728	679	569	966	1582	259	1205	276	129	1264	488	278	666	397	90	1212	416	2189	147	1113	612	564	927	2269	176	1846	2298	1540	615	209	246	303	479	371	1710	593	951	463	1555	506	1024	624	1246	248	787	786	106	315	1330	NA	NA	931	503	516	1406	854	1954	183	336	988	321	2429	260	1836	800	651	2970	544	1420	121	614	189
160	76	402	149	1278	345	738	188	329	222	102	57	114	361	225	526	571	1434	111	476	470	717	117	557	1253	262	620	286	145	1149	405	300	580	1070	149	823	133	76	862	297	128	362	213	23	738	232	1656	73	703	374	323	567	1694	74	1306	1677	1002	340	108	140	183	246	247	1188	326	588	266	1008	298	634	367	743	127	430	478	64	155	857	NA	NA	571	306	295	957	523	1406	96	182	587	186	1847	145	1328	443	338	2565	347	916	64	384	75
165	28	201	83	783	181	428	87	188	101	49	29	59	201	114	260	323	952	44	275	249	377	71	347	868	136	362	164	67	739	226	170	338	688	74	503	53	39	515	141	75	224	107	11	389	113	1102	26	422	201	140	321	1088	37	978	1045	552	173	59	65	67	124	135	748	166	339	141	572	179	355	178	442	52	230	282	30	78	542	NA	NA	312	169	175	561	283	986	52	68	343	111	1361	66	910	288	188	2023	188	560	36	200	32
170	15	117	37	476	106	210	31	102	62	23	12	33	93	54	111	160	610	28	112	134	195	35	175	511	65	165	78	32	408	113	86	182	443	56	280	22	15	291	71	37	119	52	4	203	63	656	11	242	96	48	173	638	17	579	692	299	98	15	33	36	50	63	455	91	179	67	372	97	195	114	229	16	114	170	19	44	327	NA	NA	162	76	73	302	152	592	27	30	177	50	921	32	545	142	86	1393	91	315	20	126	24
175	12	53	16	296	53	101	6	45	25	5	3	14	40	26	55	65	342	16	58	67	101	24	91	272	28	67	34	13	226	46	25	82	254	25	120	9	7	170	38	18	69	32	1	97	36	361	3	119	32	37	94	382	5	350	395	162	54	9	8	18	17	30	267	49	101	35	199	52	99	66	135	5	54	111	14	22	150	NA	NA	95	38	51	174	81	379	12	19	74	45	502	12	349	85	42	851	45	189	8	65	9
180	3	13	9	165	30	40	NA	18	9	2	1	10	18	11	30	30	169	2	26	28	51	11	40	116	18	32	17	7	102	24	7	37	139	13	65	3	2	83	24	6	19	17	NA	41	9	206	2	53	12	7	37	212	2	183	215	88	23	1	4	4	4	18	145	18	57	14	97	19	38	23	73	3	25	52	9	10	99	NA	NA	46	19	18	100	42	189	4	6	36	28	275	4	192	39	28	510	21	89	6	29	4
185	0	2	2	72	11	24	NA	6	4	NA	1	5	8	7	6	12	86	1	15	12	27	3	15	60	12	13	10	4	44	14	0	13	72	6	43	1	4	43	13	2	9	8	NA	28	3	103	NA	25	5	1	21	102	NA	77	102	34	11	0	4	1	NA	9	66	9	26	3	41	13	8	7	33	2	21	25	4	4	54	NA	NA	18	5	10	59	12	128	3	2	14	5	119	3	98	12	14	250	7	32	3	10	2
190	NA	NA	1	29	6	13	NA	2	3	NA	NA	2	3	2	1	3	39	NA	7	5	11	3	11	28	9	3	2	0	18	3	NA	4	32	1	15	NA	NA	19	6	NA	3	2	NA	18	1	48	NA	18	1	NA	8	51	NA	32	55	23	2	NA	0	1	NA	4	24	4	20	2	22	5	2	1	13	NA	10	16	1	5	24	NA	NA	13	2	5	29	2	58	3	1	6	2	60	1	44	7	9	137	2	18	5	4	0
195	NA	NA	0	12	NA	3	NA	1	3	NA	NA	NA	1	1	0	1	21	NA	2	3	5	1	2	11	3	1	NA	NA	6	1	NA	1	13	NA	8	NA	NA	6	3	NA	1	2	NA	6	NA	25	NA	10	0	NA	2	19	NA	19	21	10	2	NA	NA	NA	NA	NA	3	1	11	NA	3	4	0	0	6	NA	7	12	NA	3	9	NA	NA	6	NA	1	16	NA	15	1	NA	4	1	22	NA	29	3	3	79	NA	5	2	6	NA
200	NA	NA	NA	5	NA	6	NA	NA	1	NA	NA	NA	NA	NA	NA	NA	8	NA	NA	1	1	0	1	3	NA	NA	NA	NA	1	NA	NA	3	8	NA	5	NA	NA	3	NA	NA	NA	NA	NA	2	NA	15	NA	9	NA	NA	1	8	NA	4	16	8	1	NA	NA	NA	NA	NA	NA	NA	8	NA	NA	NA	NA	NA	4	NA	4	10	NA	1	3	NA	NA	3	NA	NA	2	NA	4	1	NA	6	3	7	NA	19	3	0	44	NA	2	5	2	NA
205	NA	NA	NA	2	NA	NA	NA	NA	NA	NA	NA	NA	NA	NA	NA	NA	3	NA	NA	NA	NA	NA	NA	3	NA	NA	NA	NA	1	NA	NA	1	1	NA	NA	NA	NA	2	NA	NA	NA	NA	NA	NA	NA	5	NA	5	NA	NA	0	0	NA	2	8	7	NA	NA	NA	NA	NA	NA	NA	NA	2	NA	NA	NA	NA	NA	1	NA	2	2	NA	0	NA	NA	NA	1	NA	NA	1	NA	1	NA	NA	3	2	3	NA	16	4	NA	13	NA	1	1	NA	NA
210	NA	NA	NA	NA	NA	NA	NA	NA	NA	NA	NA	NA	NA	NA	NA	NA	4	NA	NA	NA	NA	NA	NA	2	NA	NA	NA	NA	NA	NA	NA	NA	NA	NA	NA	NA	NA	1	NA	NA	NA	NA	NA	NA	NA	1	NA	2	NA	NA	NA	NA	NA	NA	5	2	NA	NA	NA	NA	NA	NA	NA	NA	2	NA	NA	NA	NA	NA	NA	NA	NA	1	NA	NA	NA	NA	NA	NA	NA	NA	1	NA	NA	NA	NA	1	NA	0	NA	6	1	NA	12	NA	1	NA	NA	NA
215	NA	NA	NA	NA	NA	NA	NA	NA	NA	NA	NA	NA	NA	NA	NA	NA	2	NA	NA	NA	NA	NA	NA	0	NA	NA	NA	NA	NA	NA	NA	NA	NA	NA	NA	NA	NA	NA	NA	NA	NA	NA	NA	NA	NA	NA	NA	NA	NA	NA	NA	NA	NA	NA	4	2	NA	NA	NA	NA	NA	NA	NA	NA	NA	NA	NA	NA	NA	NA	NA	NA	NA	NA	NA	NA	NA	NA	NA	NA	NA	NA	0	NA	NA	NA	NA	NA	NA	NA	NA	3	NA	NA	5	NA	2	NA	NA	NA
220	NA	NA	NA	NA	NA	NA	NA	NA	NA	NA	NA	NA	NA	NA	NA	NA	NA	NA	NA	NA	NA	NA	NA	NA	NA	NA	NA	NA	NA	NA	NA	NA	NA	NA	NA	NA	NA	NA	NA	NA	NA	NA	NA	NA	NA	NA	NA	NA	NA	NA	NA	NA	NA	NA	2	1	NA	NA	NA	NA	NA	NA	NA	NA	NA	NA	NA	NA	NA	NA	NA	NA	NA	NA	NA	NA	NA	NA	NA	NA	NA	NA	NA	NA	NA	NA	NA	NA	NA	NA	NA	NA	NA	NA	NA	NA	1	NA	NA	NA
225	NA	NA	NA	NA	NA	NA	NA	NA	NA	NA	NA	NA	NA	NA	NA	NA	NA	NA	NA	NA	NA	NA	NA	NA	NA	NA	NA	NA	NA	NA	NA	NA	NA	NA	NA	NA	NA	NA	NA	NA	NA	NA	NA	NA	NA	NA	NA	NA	NA	NA	NA	NA	NA	NA	NA	NA	NA	NA	NA	NA	NA	NA	NA	NA	NA	NA	NA	NA	NA	NA	NA	NA	NA	NA	NA	NA	NA	NA	NA	NA	NA	NA	NA	NA	NA	NA	NA	NA	NA	NA	NA	NA	NA	NA	NA	NA	1	NA	NA	NA
