0	1	2	3	1	1	1	2	2	1	1	1	1	1	2	1	2	2	2	2	1	1	3	1	1	1	2	1	1	2	1	3	2	1	2	1	2	2	2	2	1	1	1	1	2	1	1	1	1	2	1	1	1	2	2	1	1	1	2	1	1	1	2	1	1	1	2	1	1	2	1	2	3	2	1	2	2	1	1	2	1	2	2	1	1	3	1	1	1	1	1	1	1	2	1	1	2	2	1	3	1
5	5	11	11	9	1	3	4	8	5	8	2	1	4	5	2	5	5	9	2	1	11	10	9	8	5	9	8	8	4	5	6	13	7	5	1	10	2	4	8	4	7	2	NA	15	10	2	2	9	8	9	4	3	9	5	2	NA	1	4	7	7	6	12	6	3	2	4	6	6	5	7	11	10	7	5	2	6	5	3	12	5	2	5	12	5	7	4	10	1	4	5	3	2	7	3	3	3	4	11	4	4
10	12	14	6	17	2	3	15	14	11	12	3	NA	6	5	1	11	12	23	3	NA	8	9	5	5	8	7	13	11	10	6	6	17	3	9	NA	16	3	3	19	13	9	6	NA	17	7	5	7	14	13	20	14	7	23	8	1	NA	4	7	14	16	12	12	7	8	4	7	7	12	12	15	6	22	9	11	8	15	12	15	10	8	1	6	19	12	11	12	24	NA	6	14	13	3	10	6	4	1	10	11	0	3
15	24	14	2	16	4	9	21	20	19	10	5	NA	13	18	0	12	18	30	6	NA	17	10	6	12	17	16	10	17	9	12	6	17	3	6	NA	19	1	2	21	13	11	9	NA	12	10	11	6	16	27	18	15	13	23	10	NA	NA	6	6	22	24	12	14	18	14	11	16	12	13	8	18	6	37	18	7	18	15	16	17	13	10	NA	5	22	14	20	18	35	NA	19	22	26	2	13	14	3	9	13	11	NA	2
20	50	14	11	16	3	10	30	24	20	14	8	NA	27	20	NA	13	23	39	12	NA	25	18	9	16	16	34	11	16	12	14	7	20	8	7	NA	31	5	6	28	17	16	22	NA	12	14	18	11	20	26	18	15	14	38	26	NA	NA	11	5	40	33	20	17	26	31	18	25	28	17	11	26	8	36	28	12	27	22	26	25	11	18	NA	4	37	28	24	17	55	NA	23	32	28	4	14	26	4	8	13	15	NA	3
25	77	17	9	29	11	15	20	31	27	19	15	NA	31	26	NA	17	24	56	22	NA	32	20	19	20	30	46	13	27	13	21	9	29	17	8	NA	21	8	15	26	24	22	31	NA	19	16	10	5	13	36	27	20	27	40	27	NA	NA	19	8	52	51	19	20	27	38	24	22	37	33	20	28	10	40	37	13	24	34	31	27	12	27	NA	2	38	30	30	21	72	NA	23	38	36	6	20	23	3	5	9	24	NA	4
30	94	25	6	41	9	11	7	36	34	25	20	NA	17	38	NA	19	15	61	15	NA	35	19	8	4	42	61	21	24	15	22	16	47	24	7	NA	20	13	24	24	32	26	45	NA	22	18	15	7	27	49	20	20	19	56	29	NA	NA	28	13	59	62	15	24	21	38	16	25	47	31	32	27	11	58	47	12	23	23	35	29	13	31	NA	4	52	28	28	34	73	NA	15	54	41	8	20	35	4	16	14	34	NA	5
35	107	27	8	37	16	7	5	38	24	34	19	NA	12	33	NA	30	20	93	10	NA	27	24	11	3	57	74	20	18	32	19	20	76	35	20	NA	18	12	18	36	37	25	48	NA	39	30	20	10	33	48	24	27	21	76	42	NA	NA	36	28	49	88	26	22	34	40	17	40	64	35	53	34	14	71	58	23	31	29	31	33	24	26	NA	7	58	29	36	56	82	NA	18	65	54	10	36	39	7	21	14	38	NA	8
40	118	34	6	55	17	9	6	54	36	24	30	NA	16	38	NA	35	22	128	15	NA	48	20	9	8	68	67	15	18	31	15	31	98	43	27	NA	23	13	14	40	55	27	58	NA	45	28	21	14	56	56	42	32	32	110	46	NA	NA	35	42	57	112	23	30	28	45	15	36	79	45	61	31	24	87	84	24	27	37	40	21	23	23	NA	16	83	23	44	59	117	NA	32	63	62	8	43	48	9	16	19	36	NA	9
45	156	43	11	60	18	10	1	42	58	36	33	NA	11	58	NA	35	29	160	13	NA	66	14	13	18	76	63	20	20	35	24	36	114	62	37	NA	26	15	10	38	65	39	75	NA	62	45	20	11	72	67	45	47	29	103	49	NA	NA	35	43	80	129	17	33	48	47	23	61	67	46	63	44	24	88	131	20	28	41	44	17	37	31	NA	21	115	25	48	37	146	NA	35	83	76	6	41	67	8	30	29	69	NA	18
50	166	64	16	60	21	4	NA	44	61	57	39	NA	14	80	NA	40	42	178	23	NA	56	21	18	24	91	91	31	30	64	32	54	116	78	45	NA	46	17	7	36	91	53	86	NA	63	58	24	15	66	65	76	51	36	114	54	NA	NA	57	41	77	115	28	49	44	73	21	79	84	61	81	63	34	110	127	35	31	46	56	9	34	28	NA	33	138	37	49	47	191	NA	27	97	78	11	41	76	6	50	26	58	NA	33
55	195	75	20	73	28	2	NA	44	81	104	45	NA	19	95	NA	47	38	197	10	NA	56	18	28	33	125	105	44	24	63	41	60	179	94	37	NA	36	24	5	57	81	58	125	NA	55	77	36	17	83	90	85	49	45	151	50	NA	NA	55	53	103	131	38	71	60	67	18	124	100	78	117	82	49	131	132	31	37	53	79	10	39	34	NA	23	160	30	55	66	210	NA	30	108	106	20	58	95	5	51	39	65	NA	17
60	243	87	20	55	39	4	NA	59	77	138	62	NA	24	86	NA	44	42	257	21	NA	86	18	26	57	143	136	55	36	68	62	59	203	93	33	NA	49	33	8	83	103	62	149	NA	71	94	53	18	84	99	100	85	34	185	40	NA	NA	83	44	142	153	60	63	89	80	28	144	107	112	116	111	68	173	143	43	51	55	90	8	60	41	NA	15	188	41	68	59	227	NA	38	113	120	15	55	96	3	56	39	79	NA	31
65	236	114	18	74	63	4	NA	58	68	157	81	NA	47	92	NA	64	45	324	23	NA	122	26	36	75	175	155	62	47	81	73	70	243	68	59	NA	46	43	9	95	117	86	172	NA	98	99	46	21	85	113	122	106	44	215	47	NA	NA	111	42	178	212	55	66	128	90	38	171	144	158	123	128	97	196	209	81	53	53	112	13	71	43	NA	16	181	68	57	53	269	NA	48	112	130	19	65	104	5	59	43	87	NA	32
70	215	157	33	108	55	8	NA	75	77	199	137	NA	44	110	NA	76	35	452	19	NA	132	38	38	93	198	193	67	41	110	85	102	300	116	60	NA	71	56	3	80	150	84	190	NA	115	83	39	26	82	127	134	135	44	246	47	NA	NA	140	49	195	243	58	74	154	117	33	224	163	136	138	131	142	231	250	77	72	84	156	14	89	67	NA	19	179	71	67	54	290	NA	65	127	163	24	83	116	2	81	47	117	NA	36
75	275	183	35	121	80	10	NA	80	83	218	162	NA	50	151	NA	73	23	453	21	NA	181	51	39	106	232	213	74	54	126	113	96	352	128	63	NA	64	69	1	72	187	80	218	NA	141	114	68	27	100	156	170	166	57	294	67	NA	NA	134	62	200	287	63	78	180	137	44	256	165	143	185	142	180	272	278	86	78	99	169	13	121	72	NA	13	211	84	85	82	354	NA	62	187	233	25	80	141	NA	90	83	149	NA	44
80	356	200	33	139	75	16	NA	114	99	274	193	NA	59	165	NA	82	31	474	26	NA	206	57	65	154	228	253	99	75	133	115	89	452	122	88	NA	73	75	6	100	211	117	275	NA	154	114	78	27	118	188	216	194	74	343	73	NA	NA	170	94	230	301	87	78	201	117	44	299	206	190	209	159	203	322	320	127	87	121	204	5	91	114	NA	8	252	84	106	79	448	NA	81	252	274	33	90	168	NA	107	77	193	NA	46
85	442	256	41	130	80	19	NA	146	101	342	219	NA	69	181	NA	109	24	605	42	NA	199	65	80	175	307	264	130	93	138	130	110	474	115	95	NA	77	84	10	118	268	136	306	NA	219	139	84	19	153	233	291	243	94	398	70	NA	NA	204	102	286	390	87	104	271	129	47	381	246	240	231	193	216	328	352	147	110	140	234	4	116	145	NA	8	320	88	99	88	528	NA	106	283	317	44	117	186	NA	140	78	258	NA	55
90	478	324	36	181	96	13	NA	191	126	364	233	NA	86	190	NA	106	27	704	50	NA	215	67	94	223	339	303	153	100	164	154	132	611	125	128	NA	91	85	16	128	299	181	438	NA	279	180	117	37	181	236	335	264	129	418	80	NA	NA	218	104	324	440	117	119	312	143	54	467	328	251	269	210	233	414	368	172	140	163	335	5	163	189	NA	17	343	105	109	91	594	NA	115	354	362	54	151	184	NA	148	73	285	NA	67
95	554	370	36	243	127	14	NA	219	161	476	300	NA	86	250	NA	133	33	795	70	NA	265	95	108	259	390	379	195	123	212	227	139	668	172	162	NA	114	106	6	132	380	224	503	NA	288	218	126	39	211	292	414	294	176	453	115	NA	NA	255	127	427	576	137	144	343	164	83	516	370	270	315	275	291	444	467	192	146	208	422	7	162	207	NA	24	413	117	122	92	661	NA	97	472	384	72	175	258	NA	201	105	351	NA	67
100	610	368	30	298	158	13	NA	255	165	511	393	NA	65	322	NA	177	38	976	86	NA	296	94	135	289	455	402	230	155	229	243	150	796	197	186	NA	145	125	10	174	421	228	599	NA	339	266	153	54	198	357	473	385	208	521	135	NA	NA	247	155	468	656	177	139	379	170	108	588	456	353	421	338	383	518	500	207	169	266	481	4	192	230	NA	21	450	158	142	102	787	NA	142	544	424	62	201	340	NA	240	156	417	NA	92
105	698	386	22	379	182	18	NA	313	219	612	460	NA	80	388	NA	221	36	1166	89	NA	342	105	151	341	549	450	267	144	255	312	189	986	233	174	NA	166	156	8	159	465	253	676	NA	410	306	175	71	229	390	542	415	238	620	175	NA	NA	309	184	523	748	204	154	441	195	114	739	539	456	515	445	421	593	574	227	210	271	579	13	226	298	NA	22	568	166	132	117	942	NA	165	635	558	62	242	409	NA	343	208	526	NA	114
110	757	489	32	433	221	27	NA	390	248	707	511	NA	78	456	NA	309	30	1331	110	NA	327	141	151	382	665	511	284	187	305	354	204	1258	288	205	NA	183	157	7	184	567	285	756	NA	466	360	202	70	300	492	626	496	326	666	212	NA	NA	352	179	559	839	237	192	522	267	130	847	627	530	596	574	467	742	640	299	246	300	743	9	259	331	NA	26	673	140	167	181	1087	NA	190	716	653	57	280	480	NA	353	231	600	NA	142
115	884	628	31	508	262	32	NA	442	264	755	556	NA	133	574	NA	333	36	1612	107	NA	323	149	181	450	780	571	337	224	382	408	210	1416	319	240	NA	204	242	8	205	690	299	862	NA	506	415	281	105	366	607	777	651	425	727	242	NA	NA	434	227	751	977	239	232	595	370	131	875	679	584	695	672	560	867	767	372	295	342	866	10	331	325	NA	47	820	184	186	204	1244	NA	221	860	803	62	289	546	NA	418	276	757	NA	155
120	1048	745	25	606	345	46	NA	543	301	898	614	NA	177	665	NA	450	49	1867	129	NA	379	159	211	513	865	709	400	253	443	419	225	1649	410	303	NA	252	278	7	232	827	362	1131	NA	563	494	336	142	404	692	908	749	439	795	244	NA	NA	551	237	866	1135	256	295	691	420	136	987	718	603	821	763	651	978	909	444	269	356	1011	16	389	398	NA	69	949	245	228	265	1493	NA	301	986	895	105	340	611	NA	451	367	851	NA	172
125	1356	817	33	696	379	47	NA	576	403	1014	695	NA	255	748	NA	623	83	2170	178	NA	440	205	267	586	998	800	420	357	533	453	267	2022	465	374	NA	268	274	6	294	1060	425	1328	NA	648	629	429	161	509	768	1061	967	519	938	276	NA	NA	607	243	991	1361	349	358	824	540	181	1073	837	792	985	986	733	1011	1089	541	308	390	1210	27	440	447	NA	81	1118	302	287	334	1837	NA	348	1199	1036	121	424	713	NA	493	450	985	NA	178
130	1586	972	48	851	451	53	NA	682	461	1152	766	NA	297	849	NA	692	89	2463	203	NA	486	281	287	763	1098	875	484	390	654	599	322	2506	563	446	NA	336	338	13	387	1200	487	1493	NA	728	798	532	177	649	822	1270	1171	628	1089	299	NA	NA	690	271	1139	1569	435	437	971	641	202	1294	1050	968	1143	1170	906	1083	1199	667	375	447	1450	25	572	528	NA	83	1296	331	352	435	2088	NA	436	1378	1147	136	514	809	NA	599	507	1107	NA	221
135	1834	1137	83	951	492	61	NA	836	491	1375	881	NA	348	932	NA	700	114	2827	279	NA	532	276	346	774	1265	1057	581	529	776	694	399	2754	631	565	NA	384	404	18	453	1521	569	1778	NA	913	928	669	194	768	925	1485	1424	667	1318	344	NA	NA	761	308	1340	1748	473	537	1150	734	225	1549	1176	1122	1301	1355	1131	1210	1429	783	435	589	1704	27	684	709	NA	87	1519	401	399	488	2404	NA	554	1552	1369	150	681	942	NA	671	537	1275	NA	212
140	2110	1214	93	1098	536	59	NA	949	518	1612	924	NA	425	1103	NA	792	127	3254	343	NA	610	285	392	820	1428	1208	695	607	893	789	399	3217	763	677	NA	414	483	12	534	1905	672	1989	NA	1022	1118	760	225	987	1111	1654	1711	764	1558	437	NA	NA	928	354	1604	1958	566	658	1314	876	257	1836	1318	1305	1536	1538	1310	1419	1578	911	529	689	2026	23	733	836	NA	117	1770	391	408	504	2772	NA	630	1797	1614	153	821	1087	NA	799	539	1501	NA	246
145	2360	1323	139	1383	608	80	NA	1082	596	1801	1132	NA	473	1314	NA	979	167	3584	437	NA	716	353	496	1028	1735	1377	805	672	1058	945	482	3536	868	740	NA	478	602	10	657	2072	759	2296	NA	1123	1331	927	264	1044	1298	1802	2019	817	1823	515	NA	NA	1052	411	1857	2245	633	810	1416	1073	253	2122	1563	1505	1769	1775	1618	1727	1777	1035	641	793	2351	26	816	930	NA	149	2053	460	495	637	3108	NA	786	2138	1840	166	917	1343	NA	911	629	1677	NA	327
150	2541	1534	184	1559	686	119	NA	1291	668	2059	1306	NA	534	1494	NA	1172	188	4043	505	NA	769	395	526	1224	1862	1569	921	784	1267	1126	590	3843	989	900	NA	546	664	7	765	2313	870	2464	NA	1320	1467	993	359	1231	1582	2077	2275	1019	2022	632	NA	NA	1237	461	2274	2614	702	1012	1628	1235	338	2380	1813	1710	1898	2042	1827	1941	2061	1076	801	901	2750	43	946	1027	NA	121	2360	542	608	713	3441	NA	906	2471	1961	192	1192	1517	NA	1140	680	1932	NA	368
155	2865	1751	198	1840	728	168	NA	1560	757	2332	1534	NA	612	1740	NA	1362	240	4334	555	NA	891	489	614	1425	2166	1865	1069	924	1508	1321	645	4308	1230	984	NA	619	779	9	873	2597	991	2760	NA	1591	1781	1071	464	1473	1839	2255	2621	1141	2463	741	NA	NA	1479	503	2598	3028	801	1135	1954	1399	397	2760	2144	2010	2225	2485	2153	2203	2279	1196	865	1059	3095	61	1142	1099	NA	140	2618	666	667	795	3717	NA	1131	2814	2292	223	1388	1738	NA	1368	715	2153	NA	490
160	3150	2092	206	2148	860	224	NA	1837	867	2749	1751	NA	675	2115	NA	1491	267	4826	644	NA	1054	513	710	1702	2453	2187	1181	1111	1679	1547	790	4810	1422	1199	NA	687	952	13	1030	3044	1144	3187	NA	1817	1974	1245	528	1717	2205	2547	3204	1367	2903	848	NA	NA	1691	622	2996	3558	934	1291	2291	1610	486	3083	2517	2304	2552	2836	2505	2579	2615	1495	1055	1239	3584	58	1372	1320	NA	170	2883	768	793	910	4164	NA	1377	3126	2514	259	1583	2084	NA	1661	860	2561	NA	594
165	3297	2328	252	2396	1087	240	NA	2202	1036	3118	1935	NA	769	2407	NA	1712	290	5242	740	NA	1221	574	828	1899	2743	2470	1436	1183	1976	1752	868	5266	1772	1373	NA	872	1108	15	1300	3471	1330	3467	NA	2108	2252	1524	608	1952	2668	2892	3580	1591	3361	925	NA	NA	1944	690	3288	3987	1064	1510	2556	1747	663	3402	2735	2552	2876	3244	2848	2951	3054	1731	1113	1489	3860	71	1565	1573	NA	217	3259	849	948	1111	4505	NA	1637	3563	2890	307	1829	2513	NA	1920	1112	2885	NA	750
170	3649	2728	339	2669	1244	300	NA	2495	1162	3581	2262	NA	873	2746	NA	1894	392	5571	843	NA	1431	682	951	2166	3193	2831	1712	1404	2260	2139	1111	5535	2126	1528	NA	990	1221	29	1509	3894	1542	3902	NA	2553	2531	1853	727	2194	3172	3332	4027	1854	3735	983	NA	NA	2297	815	3672	4478	1298	1734	2874	2060	728	3749	3028	2834	3377	3514	3197	3348	3417	1956	1217	1796	4234	77	1715	1772	NA	280	3662	919	1130	1345	4885	NA	1891	3992	3367	344	2061	2840	NA	2123	1307	3215	NA	987
175	4043	3085	378	3107	1478	378	NA	3058	1375	3932	2641	NA	987	2984	NA	2145	453	5924	901	NA	1504	761	1153	2352	3523	3079	2046	1523	2593	2509	1247	5801	2424	1817	NA	1123	1397	27	1719	4188	1721	4257	NA	2756	2962	2019	941	2427	3473	3786	4665	2147	4091	1106	NA	NA	2696	968	4086	4918	1510	2033	3328	2418	833	4008	3422	3296	3795	3854	3651	3824	3764	2235	1386	1989	4627	102	1819	2005	NA	350	4256	1038	1353	1541	5541	NA	2134	4618	3869	383	2385	3237	NA	2374	1499	3675	NA	1050
180	4471	3541	399	3465	1700	410	NA	3470	1607	4308	2918	NA	1197	3268	NA	2424	528	6366	1082	NA	1604	915	1358	2747	3909	3371	2381	1735	2873	2729	1439	6347	2715	2101	NA	1296	1530	29	1983	4513	2051	4666	NA	3187	3287	2310	1021	2812	3758	4191	5162	2437	4570	1350	NA	NA	2945	1057	4283	5389	1864	2386	3652	2896	943	4482	3667	3778	4208	4145	3925	4193	4147	2606	1666	2240	5162	92	2010	2314	NA	396	4730	1318	1538	1668	5860	NA	2429	5066	4202	466	2771	3641	NA	2660	1696	4107	NA	1216
185	4836	3958	448	3768	1936	506	NA	3788	1780	4653	3281	NA	1529	3658	NA	2827	581	6492	1338	NA	1901	1029	1562	3112	4475	3682	2639	1985	3270	3088	1767	6620	3086	2502	NA	1502	1724	38	2252	4996	2318	5067	NA	3529	3912	2600	1193	3185	4077	4762	5642	2855	4980	1595	NA	NA	3435	1225	4505	5898	2223	2691	4141	3395	1018	4937	4057	4079	4684	4595	4532	4559	4602	2916	1802	2420	5624	91	2235	2589	NA	502	5034	1593	1737	1864	6191	NA	2759	5399	4507	573	3102	4210	NA	3071	1966	4463	NA	1458
190	5136	4231	553	4215	2376	640	NA	4158	2010	4938	3768	NA	1666	4091	NA	3116	655	6742	1510	NA	2191	1194	1805	3597	4786	4048	2946	2304	3783	3446	1956	6556	3553	2800	NA	1779	2016	67	2691	5415	2768	5321	NA	3875	4389	2811	1505	3368	4500	5129	5881	3415	5306	1874	NA	NA	3946	1392	4742	6158	2393	3144	4519	3669	1252	5155	4456	4351	5069	5079	4960	4885	5187	3243	2173	2745	5747	111	2631	2981	NA	586	5517	1812	2039	2087	6579	NA	3237	5874	4989	683	3452	4617	NA	3475	2156	4946	NA	1633
195	5635	4836	601	4615	2618	767	NA	4498	2280	5453	4118	NA	1922	4311	NA	3456	779	6638	1743	NA	2550	1332	2128	3982	5238	4478	3243	2690	4380	3889	2127	6636	4165	3069	NA	2109	2192	78	3074	5710	3184	5655	NA	4189	4612	3125	1774	3962	5135	5377	6009	3904	5885	2180	NA	NA	4393	1678	5145	6397	2769	3618	4918	4011	1466	5660	4861	4720	5556	5463	5504	5326	5676	3680	2347	3082	6167	146	2993	3294	NA	670	5922	2164	2435	2397	6736	NA	3608	6038	5293	774	3829	5135	NA	3809	2332	5335	NA	1878
200	5904	5397	653	5120	2899	833	NA	4888	2511	5904	4287	NA	2162	4782	NA	3937	859	6617	2020	NA	3023	1675	2515	4292	5546	5072	3632	2838	4580	4451	2385	6634	4697	3461	NA	2342	2338	80	3501	5854	3531	5771	NA	4403	5154	3554	2073	4422	5430	6148	6197	4334	6334	2472	NA	NA	4897	1880	5472	6654	3221	4097	5408	4690	1575	5778	5411	5101	5738	5999	5816	5733	6204	4107	2802	3442	6373	188	3357	3668	NA	782	6136	2485	2711	2830	6719	NA	3887	6454	5511	876	4215	5797	NA	4278	2703	5481	NA	2290
205	6132	5920	689	5376	3282	1026	NA	5244	2930	6235	4580	NA	2537	5133	NA	4296	1017	6428	2400	NA	3627	1961	2930	4614	5788	5595	4128	3197	5164	4906	2536	6347	5175	3994	NA	2603	2720	100	4038	6368	4025	5996	NA	4824	5373	3956	2450	4969	5857	6615	6461	4712	6727	2724	NA	NA	5433	2083	5794	6694	3535	4566	5894	5095	1813	6216	5791	5319	6059	6311	6238	6074	6568	4475	3111	3631	6745	206	3577	4095	NA	840	6297	2666	3101	3344	6567	NA	4400	6597	5829	1001	4655	6037	NA	4698	3167	5754	NA	2582
210	6029	6399	790	5920	3640	1141	NA	5649	3410	6339	5110	NA	2954	5571	NA	4744	1196	6261	2607	NA	4001	2220	3484	5053	6009	5929	4535	3514	5475	5529	2953	6033	5620	4448	NA	3089	2992	104	4393	6702	4449	6146	NA	5371	5641	4487	2775	5432	6278	6844	6687	5210	6985	3051	NA	NA	5892	2433	6035	6605	3916	5050	6204	5386	2140	6401	5959	5591	6353	6770	6592	6237	6640	4783	3362	3901	6823	235	3983	4604	NA	991	6312	2888	3414	3781	6452	NA	4801	6630	5969	1141	5090	6249	NA	5250	3423	5963	NA	2902
215	5966	6619	993	6160	4270	1292	NA	6034	3695	6237	5483	NA	3397	5946	NA	5127	1482	5834	3033	NA	4498	2508	4004	5242	6059	6110	5008	3939	5879	5871	3245	5528	6092	4870	NA	3540	3445	127	5014	6806	4709	6113	NA	5773	6114	4932	3030	5743	6704	6984	6868	5630	6927	3336	NA	NA	6143	2703	6294	6298	4428	5494	6455	5666	2503	6467	6103	5804	6535	6914	6467	6369	6762	5102	3753	4288	6790	324	4371	5230	NA	1074	6221	3125	3733	4195	6105	NA	5104	6614	6085	1353	5661	6600	NA	5728	3762	6265	NA	3162
220	6115	6652	1198	6349	4723	1392	NA	6466	4045	6275	5761	NA	3821	6221	NA	5483	1677	5192	3545	NA	5183	2937	4440	5345	6415	6421	5274	4581	5979	6220	3621	5071	6285	5379	NA	4040	3895	146	5675	6982	5076	6178	NA	6167	6414	5443	3591	6045	6855	7076	6747	6121	6763	3676	NA	NA	6527	2943	6436	6076	4967	6058	6788	5978	2841	6410	6230	6205	6535	6899	6295	6368	6838	5625	4148	4948	6611	357	4887	5591	NA	1173	6397	3595	4268	4536	5802	NA	5446	6284	6167	1696	6162	6976	NA	6056	4180	6383	NA	3625
225	6153	6628	1394	6412	5151	1699	NA	6527	4535	6294	5855	NA	4343	6352	NA	5791	1956	4444	3874	NA	5492	3225	5059	5677	6314	6638	5570	4804	6204	6437	4001	4594	6690	5748	NA	4554	4316	140	6011	6589	5699	5912	NA	6211	6729	5683	3898	6462	6899	7174	6450	6262	6661	4214	NA	NA	6647	3429	6483	5808	5475	6549	6677	6197	3171	6349	6166	6337	6587	6763	6356	6538	6702	5901	4691	5341	6220	427	5389	5909	NA	1376	6157	4000	4776	4823	5231	NA	6012	5977	6302	1878	6752	7177	NA	6194	4739	6508	NA	3972
230	5973	6632	1652	6362	5648	2023	NA	6518	5045	6132	5723	NA	4754	6350	NA	6155	2149	3917	4266	NA	5972	3659	5384	5837	6184	6633	6039	5238	6487	6526	4438	4003	7045	6079	NA	5002	4782	181	6647	6082	6141	5893	NA	6322	6774	5846	4483	6603	6636	6838	5934	6370	6150	4575	NA	NA	6806	3866	6246	5281	6010	6912	6674	6498	3672	6280	6123	6062	6579	6566	6244	6346	6292	6261	5063	5792	5820	475	5697	6187	NA	1593	5901	4338	5235	5146	4615	NA	6446	5806	6223	2115	6949	6941	NA	6297	5094	6488	NA	4443
235	5715	6575	1826	6415	6157	2242	NA	6690	5623	5884	5655	NA	5233	6167	NA	6477	2396	3411	4908	NA	6456	4167	5796	5860	6036	6463	6234	5640	6572	6580	5052	3510	7135	6297	NA	5331	5212	217	6935	5677	6371	5496	NA	6639	6432	6226	5052	6531	6434	6518	5454	6489	5870	4938	NA	NA	6892	4155	6026	4724	6521	6902	6425	6483	4214	6024	6020	6184	6313	6282	6214	5949	5904	6515	5447	5997	5301	495	5975	6355	NA	1782	5624	4761	5717	5449	4021	NA	6564	5512	5882	2378	7203	6796	NA	6336	5382	6380	NA	4849
240	5295	6366	2089	6375	6601	2517	NA	6504	5827	5262	5602	NA	5599	6059	NA	6566	2795	2926	5193	NA	6771	4571	6000	5900	5957	6331	6446	6195	6526	6580	5348	2943	6901	6429	NA	5650	5784	233	6918	5103	6808	4923	NA	6657	6393	6419	5457	6399	6020	6074	5024	6393	5419	5227	NA	NA	6381	4433	5494	4276	6837	6867	6260	6478	4726	5517	5886	5909	5928	5810	6043	5529	5512	6625	5729	6531	4681	633	6465	6638	NA	1927	5177	5234	5990	5889	3455	NA	6802	4990	5756	2796	7320	6657	NA	6478	5653	5936	NA	5406
245	4966	6049	2375	5816	6775	2871	NA	6396	6143	4665	5513	NA	5917	5943	NA	6586	3053	2656	5526	NA	7164	4917	6452	5823	5657	6140	6625	6468	6447	6537	5683	2459	6498	6358	NA	5871	6206	276	6963	4716	6946	4598	NA	6427	5859	6510	5738	6338	5591	5396	4534	6256	4780	5569	NA	NA	6087	4889	5145	3837	7061	6774	5819	6208	5143	4993	5421	5726	5424	5455	5551	5128	5229	6250	6187	6728	4162	763	6414	6671	NA	2103	4574	5602	6315	6399	2903	NA	6719	4239	5262	3049	7160	6130	NA	6385	5876	5597	NA	5875
250	4525	5443	2791	5402	6673	3268	NA	6188	6365	4260	5584	NA	6276	5856	NA	6537	3356	2277	5888	NA	7057	5419	6832	5760	5361	5633	6692	6608	6035	6298	5875	2154	6583	6588	NA	5998	6332	319	6936	4272	6880	4018	NA	6339	5588	6571	6043	6210	5220	4621	4000	6255	4313	5927	NA	NA	5813	5359	4541	3439	7111	6697	5232	6041	5505	4364	5081	5260	4773	4780	5074	4603	4840	6037	6393	6791	3575	907	6482	6576	NA	2342	4144	5825	6755	6569	2385	NA	6546	3569	4918	3306	6798	5433	NA	6049	6124	5027	NA	6035
255	3895	4931	3062	4970	6696	3479	NA	5709	6719	3742	5339	NA	6604	5389	NA	6469	3799	1875	6117	NA	6986	5791	7106	5610	4717	5042	6623	6515	5776	5989	6178	1833	6145	6689	NA	6080	6618	383	6734	3803	6783	3522	NA	5720	5427	6436	6221	5779	4675	4022	3446	6027	3765	6108	NA	NA	5466	5706	3996	2924	6924	6363	4696	5701	5916	3879	4802	4858	4043	4420	4572	4149	4284	5896	6656	6777	3127	1003	6265	6453	NA	2501	3752	6110	6889	6808	2029	NA	6461	3113	4432	3883	6214	4598	NA	5724	6419	4608	NA	6437
260	3247	4385	3512	4398	6560	3986	NA	5179	6507	3289	5063	NA	6824	4988	NA	6049	4368	1373	6179	NA	6895	6241	6907	5500	4245	4642	6531	6569	5331	5458	6388	1615	5515	6408	NA	5971	6681	459	6612	3129	6401	3052	NA	5172	4731	6383	6265	5359	4202	3460	2962	5755	3238	6193	NA	NA	5038	6067	3418	2438	6565	6007	4209	5477	6342	3237	4353	4326	3557	3718	4041	3663	3642	5586	6757	6551	2694	1102	6035	6136	NA	2818	3186	6278	6861	6654	1672	NA	6075	2725	4049	4363	5636	3979	NA	5312	6642	4031	NA	6587
265	2689	3860	3869	3961	6302	4359	NA	4643	6360	3040	4686	NA	7072	4565	NA	5609	4854	1147	6478	NA	6360	6378	6718	5158	3617	4100	5858	6419	4822	5138	6374	1433	4871	6216	NA	5981	6823	512	6318	2741	5980	2660	NA	4739	4246	6066	6355	4816	3746	2825	2650	5292	2696	6402	NA	NA	4530	6076	3116	2055	6488	5432	3790	4976	6666	2623	3799	3846	3287	3184	3467	3083	3140	5186	6686	6181	2158	1281	6030	5661	NA	3060	2685	6270	6610	6541	1380	NA	5714	2311	3587	4952	5087	3454	NA	5002	6663	3562	NA	6740
270	2225	3259	4307	3614	5847	4638	NA	4054	6207	2558	4313	NA	6933	4172	NA	5124	5065	958	6636	NA	5984	6528	6625	4831	3077	3571	5283	6231	4522	4664	6535	1118	4417	5849	NA	5939	6604	558	5992	2325	5418	2207	NA	4192	3679	5598	6459	4254	3159	2323	2297	4859	2265	6166	NA	NA	4067	6189	2784	1699	6219	5154	3176	4507	6724	2132	3393	3429	2731	2648	2940	2529	2507	4606	6405	5766	1778	1427	5757	5216	NA	3528	2353	6280	6341	6126	1149	NA	5190	1916	3174	5160	4318	2957	NA	4389	6420	3036	NA	6627
275	1778	2813	4893	3156	5465	5134	NA	3361	6100	2252	3737	NA	6651	3648	NA	4635	5357	791	6549	NA	5739	6753	6180	4332	2466	2938	4679	5783	3888	4000	6155	836	3863	5156	NA	5961	6413	667	5441	1966	4864	1862	NA	3893	3142	5108	6585	3789	2716	1902	1855	4292	1971	5990	NA	NA	3489	6273	2283	1526	5764	4572	2641	3993	6615	1741	2794	3015	2223	2014	2489	2097	2111	4224	5808	5300	1398	1633	5344	4663	NA	3899	2113	6242	5957	5815	968	NA	4752	1571	2652	5524	3779	2455	NA	4061	6064	2516	NA	6650
280	1375	2343	5198	2633	4984	5646	NA	2804	5566	1949	3486	NA	6254	3197	NA	4173	5563	702	6379	NA	5073	6678	5513	4024	2057	2456	4150	5323	3335	3409	5889	610	3377	4520	NA	5675	5968	873	4764	1521	4284	1506	NA	3219	2571	4657	6360	3286	2307	1629	1552	3775	1681	5555	NA	NA	3004	6225	1944	1214	5073	3955	2261	3660	6609	1419	2303	2528	1775	1693	2132	1623	1675	3681	5335	4543	1198	1733	4871	4237	NA	4266	1781	6232	5406	5451	795	NA	4196	1294	2159	5779	3188	2100	NA	3631	5672	2028	NA	6385
285	1034	1991	5614	2162	4504	6120	NA	2349	5115	1617	3126	NA	5872	2676	NA	3503	6053	576	6124	NA	4383	6704	5012	3676	1743	2085	3736	4936	2890	2888	5671	516	2795	3820	NA	5353	5422	1033	4165	1265	3875	1225	NA	2695	2135	3937	5959	2891	1902	1251	1358	3407	1297	5442	NA	NA	2616	6181	1683	1009	4441	3316	1798	2959	6384	1178	1847	2281	1527	1390	1805	1356	1361	3414	5065	3943	966	1950	4369	3590	NA	4835	1549	5658	4872	4991	724	NA	3516	1134	1726	6004	2688	1767	NA	3224	5161	1687	NA	6111
290	921	1509	5991	1663	4057	6351	NA	1968	4555	1351	2788	NA	5390	2155	NA	3028	6457	421	5641	NA	3673	6380	4423	3293	1397	1754	3150	4342	2417	2447	5336	423	2218	3270	NA	5001	4646	1173	3266	1047	3296	1055	NA	2269	1820	3254	5527	2466	1559	1037	1154	2823	1021	5042	NA	NA	2209	6047	1432	840	3732	2668	1530	2400	6026	982	1572	1919	1240	1115	1476	1142	1107	3126	4603	3372	837	2221	3672	3213	NA	5196	1290	5251	4326	4459	574	NA	3000	960	1427	6184	2344	1350	NA	2730	4583	1345	NA	5668
295	726	1325	6207	1470	3672	6541	NA	1607	4068	1072	2425	NA	4828	1704	NA	2479	6537	320	5041	NA	3136	5773	3947	2729	1071	1409	2789	3794	1851	2108	4716	331	1794	2818	NA	4529	4217	1465	2696	793	2736	898	NA	1949	1552	2781	4967	2072	1295	822	927	2392	787	4606	NA	NA	1907	5677	1211	678	3108	2262	1225	1904	5697	832	1212	1646	1027	882	1181	937	787	2649	4054	2840	746	2527	3203	2700	NA	5485	1013	4777	3867	3977	453	NA	2539	824	1237	6167	1956	1141	NA	2307	4088	1126	NA	5340
300	619	1058	6188	1287	3132	6770	NA	1245	3639	881	2146	NA	4072	1348	NA	2053	6616	223	4469	NA	2557	5054	3348	2302	872	1128	2405	3203	1602	1831	4155	277	1490	2302	NA	4109	3770	1704	2253	623	2227	730	NA	1552	1293	2261	4528	1677	994	627	708	1953	566	4243	NA	NA	1532	4937	1030	496	2508	1987	973	1597	5163	624	995	1337	882	710	835	761	616	2192	3393	2398	627	2896	2647	2282	NA	5673	872	4160	3478	3540	408	NA	2186	640	1001	6117	1632	862	NA	2006	3557	901	NA	4628
305	495	836	6339	1085	2562	6718	NA	975	3040	759	1742	NA	3422	1082	NA	1602	6627	196	3932	NA	2035	4671	2849	1864	692	897	2171	2817	1331	1523	3668	193	1244	1806	NA	3622	3236	1915	1844	467	1789	584	NA	1215	1020	1774	3771	1353	764	495	526	1641	435	3704	NA	NA	1176	4416	742	457	2091	1668	796	1340	4610	470	807	1065	716	567	656	655	493	1837	2876	2008	527	3273	2191	1912	NA	5747	623	3684	2875	3051	313	NA	1857	486	777	6151	1227	684	NA	1554	3013	769	NA	4082
310	417	682	6605	940	2094	6559	NA	744	2584	646	1337	NA	2905	873	NA	1325	6234	175	3459	NA	1558	4018	2486	1427	599	626	1682	2290	1018	1232	3293	168	999	1479	NA	3085	2854	2183	1428	385	1482	443	NA	861	889	1481	3305	1072	605	391	429	1387	348	3191	NA	NA	958	3914	559	425	1608	1389	610	1015	4014	371	788	871	558	449	546	590	440	1587	2503	1664	385	3535	1762	1563	NA	5984	530	3121	2408	2503	270	NA	1538	397	625	5889	881	511	NA	1313	2536	613	NA	3428
315	361	558	6666	779	1713	6306	NA	572	2232	498	1145	NA	2495	677	NA	1017	5974	146	2850	NA	1164	3610	2159	1174	484	471	1355	1858	775	973	2951	141	773	1233	NA	2676	2450	2504	1110	307	1249	366	NA	670	712	1285	3013	815	488	301	335	1150	326	2784	NA	NA	752	3418	424	305	1368	1077	555	892	3519	272	631	652	496	324	469	507	348	1336	2170	1430	296	3876	1459	1209	NA	6115	427	2747	1961	2144	223	NA	1297	330	476	5752	698	438	NA	1076	2118	457	NA	2745
320	301	427	6649	676	1401	6119	NA	441	1881	383	970	NA	2161	527	NA	809	5560	112	2278	NA	862	3079	1676	944	385	346	1030	1508	616	760	2381	117	567	991	NA	2201	2011	2764	848	288	956	294	NA	541	539	996	2558	733	393	199	240	922	290	2336	NA	NA	547	2906	318	270	1124	887	426	763	3167	232	508	519	398	287	329	406	273	1102	1769	1116	229	4285	1133	956	NA	6128	306	2442	1616	1747	187	NA	1079	273	353	5519	529	367	NA	838	1674	331	NA	2273
325	255	376	6133	510	1168	5559	NA	347	1563	298	787	NA	1673	429	NA	620	5023	87	2072	NA	755	2644	1385	747	275	312	743	1303	535	664	2028	107	413	807	NA	1928	1522	3034	710	266	774	247	NA	395	479	794	2043	587	318	149	164	715	204	1942	NA	NA	409	2450	241	274	861	663	361	655	2662	170	436	446	331	212	231	309	205	913	1475	896	196	4709	926	665	NA	6055	207	2028	1323	1396	154	NA	871	224	278	4879	441	313	NA	735	1341	266	NA	1861
330	207	258	5605	355	858	5082	NA	239	1168	228	616	NA	1388	316	NA	521	4632	73	1732	NA	594	2285	1166	602	196	253	621	1023	442	477	1578	94	292	689	NA	1628	1254	3277	606	203	624	197	NA	339	358	670	1686	500	259	92	135	538	149	1700	NA	NA	300	2003	164	204	758	512	286	509	2192	163	327	345	292	124	213	265	186	688	1227	681	142	5175	750	515	NA	5764	162	1685	1080	1123	130	NA	643	166	196	4431	325	228	NA	581	1141	219	NA	1457
335	150	188	5228	324	653	4595	NA	242	991	199	487	NA	1182	232	NA	395	4279	55	1485	NA	466	1954	921	398	136	205	476	763	291	418	1188	68	226	637	NA	1404	1056	3657	432	180	483	139	NA	250	277	552	1380	437	202	78	113	395	113	1341	NA	NA	248	1617	110	208	586	363	246	351	1862	110	255	308	248	84	149	193	124	539	921	547	122	5504	664	435	NA	5377	99	1434	912	853	87	NA	511	139	151	3894	303	170	NA	453	900	198	NA	1137
340	128	153	4607	260	516	4123	NA	171	800	165	361	NA	896	198	NA	314	3732	51	1311	NA	346	1575	672	280	115	210	349	640	221	336	990	69	191	497	NA	1130	866	4059	307	158	410	124	NA	178	259	389	1116	363	148	59	76	361	70	1151	NA	NA	201	1315	93	164	550	263	239	342	1543	85	137	213	223	56	115	148	69	447	699	399	108	5823	537	310	NA	4867	60	1191	654	692	57	NA	381	122	151	3364	220	157	NA	346	740	155	NA	895
345	104	104	4084	184	427	3525	NA	91	620	107	324	NA	734	148	NA	235	3033	39	1048	NA	285	1196	540	189	90	177	300	543	157	267	749	68	163	401	NA	907	684	4598	236	158	387	104	NA	130	221	310	826	307	108	57	47	303	55	994	NA	NA	163	1114	80	117	422	193	188	310	1315	56	108	173	177	52	121	100	58	293	473	306	67	6039	393	258	NA	4532	41	961	491	548	61	NA	291	98	136	3042	165	131	NA	329	567	122	NA	725
350	84	75	3485	160	325	2917	NA	54	528	78	225	NA	580	115	NA	190	2488	24	925	NA	225	918	441	170	82	162	214	430	127	210	540	56	150	316	NA	755	563	5025	220	139	305	94	NA	72	202	245	715	234	90	49	30	278	57	795	NA	NA	135	959	91	75	359	135	138	255	1053	29	90	131	132	43	96	65	52	236	303	261	35	6183	286	189	NA	4132	28	739	418	389	66	NA	200	68	91	2532	116	114	NA	248	418	81	NA	515
355	78	83	2961	138	286	2330	NA	64	446	85	186	NA	451	79	NA	164	2036	11	758	NA	183	728	353	139	69	169	184	334	102	189	413	46	128	262	NA	554	476	5530	148	101	224	84	NA	49	168	154	569	152	73	27	22	219	35	604	NA	NA	130	785	73	46	242	123	101	216	898	20	78	111	105	35	99	71	41	207	205	242	33	5988	229	139	NA	3845	17	631	405	301	45	NA	124	46	82	2100	84	92	NA	189	359	36	NA	411
360	61	65	2354	137	194	1894	NA	54	371	85	155	NA	299	63	NA	129	1664	6	643	NA	180	592	271	97	66	138	162	271	60	165	350	45	100	213	NA	475	368	5979	120	57	153	54	NA	55	141	127	449	118	55	18	21	184	27	494	NA	NA	104	700	44	27	205	116	77	186	703	14	50	68	88	36	65	42	36	180	162	188	35	6009	215	82	NA	3352	8	534	367	218	47	NA	87	41	72	1819	90	80	NA	139	313	43	NA	318
365	40	48	1786	100	160	1445	NA	35	269	79	129	NA	222	52	NA	124	1272	8	535	NA	135	522	197	49	55	105	160	226	31	125	273	20	59	164	NA	345	245	6264	103	53	152	33	NA	42	97	90	380	95	49	16	22	147	27	390	NA	NA	74	579	54	23	183	113	60	167	518	6	35	60	60	30	53	53	32	153	122	159	26	6031	170	80	NA	3021	8	368	304	126	36	NA	59	32	50	1510	65	55	NA	88	243	43	NA	252
370	35	49	1528	82	163	1205	NA	36	219	59	104	NA	177	56	NA	111	1040	5	392	NA	111	440	167	26	50	88	138	210	9	96	207	4	53	153	NA	253	186	6331	87	54	146	33	NA	24	75	70	347	73	27	14	21	110	19	342	NA	NA	56	544	36	22	144	104	61	107	446	NA	24	34	57	24	34	39	27	154	118	133	14	5888	131	52	NA	2616	5	296	204	117	16	NA	53	30	27	1238	40	46	NA	63	194	16	NA	217
375	37	32	1278	50	171	1039	NA	31	158	56	55	NA	117	46	NA	88	766	4	293	NA	98	306	150	10	48	86	115	186	2	106	199	5	39	119	NA	190	139	6501	48	34	118	21	NA	12	74	60	284	64	23	13	9	57	13	223	NA	NA	36	445	21	22	134	81	50	99	337	NA	18	27	38	27	12	31	28	100	74	120	17	5730	124	33	NA	2201	9	227	134	72	9	NA	34	23	15	1015	29	38	NA	73	141	5	NA	165
380	38	18	1009	63	137	773	NA	22	121	50	55	NA	98	52	NA	62	645	7	201	NA	63	241	149	17	43	57	99	157	NA	72	169	2	26	93	NA	157	137	6444	36	22	104	23	NA	10	52	35	232	30	16	18	9	29	12	191	NA	NA	21	394	26	31	133	64	58	87	256	NA	12	38	28	19	14	26	14	95	67	104	12	5250	91	38	NA	1730	4	167	118	51	6	NA	44	17	13	900	32	22	NA	52	100	1	NA	138
385	36	14	824	39	128	565	NA	12	100	32	43	NA	89	46	NA	48	565	2	138	NA	71	184	172	15	36	64	60	105	NA	56	138	NA	12	78	NA	137	105	6205	44	10	98	23	NA	5	35	17	176	16	10	9	7	21	20	157	NA	NA	13	328	15	19	111	28	58	82	197	NA	6	41	21	24	7	18	2	77	53	103	9	4855	78	34	NA	1335	2	101	113	44	2	NA	50	19	3	735	19	9	NA	51	98	NA	NA	156
390	23	11	726	22	78	449	NA	8	80	27	35	NA	84	33	NA	50	447	NA	117	NA	65	142	156	9	29	51	48	100	NA	53	102	NA	4	64	NA	98	85	6025	27	9	69	13	NA	8	34	5	149	11	9	4	1	21	21	147	NA	NA	15	281	13	6	66	33	62	65	149	NA	9	35	18	12	9	12	2	84	45	86	2	4402	62	21	NA	1109	4	99	99	29	2	NA	36	10	4	624	18	9	NA	38	61	NA	NA	107
395	11	15	574	23	76	445	NA	2	70	20	23	NA	79	22	NA	49	389	NA	68	NA	50	107	162	9	22	47	34	85	NA	36	74	NA	7	45	NA	69	94	5820	13	8	76	13	NA	2	21	4	162	8	9	5	NA	15	18	120	NA	NA	9	204	21	4	67	14	64	40	114	NA	6	39	7	17	22	12	3	50	51	81	NA	3903	82	20	NA	916	1	88	84	23	NA	NA	26	12	2	493	16	2	NA	23	36	NA	NA	78
400	11	6	488	43	50	359	NA	0	53	9	16	NA	64	11	NA	40	337	NA	50	NA	45	66	157	2	22	48	40	96	NA	34	50	NA	14	29	NA	43	74	5564	8	10	66	11	NA	NA	6	2	124	7	12	5	NA	15	18	122	NA	NA	14	166	15	1	66	9	58	40	95	NA	7	32	4	3	20	12	1	30	39	57	NA	3419	92	15	NA	765	NA	84	76	22	NA	NA	13	23	NA	412	20	3	NA	11	17	NA	NA	52
405	8	3	421	36	41	296	NA	NA	42	7	7	NA	54	3	NA	30	227	NA	35	NA	38	52	144	5	15	37	23	76	NA	33	66	NA	11	15	NA	32	51	5213	8	12	51	5	NA	NA	2	0	92	7	12	3	NA	9	20	117	NA	NA	10	135	14	1	43	7	45	29	98	NA	2	27	4	1	12	16	NA	29	24	58	NA	2838	59	2	NA	607	NA	72	51	20	NA	NA	7	10	NA	350	16	NA	NA	15	9	NA	NA	50
410	8	8	336	26	54	228	NA	NA	35	2	7	NA	34	2	NA	15	177	NA	33	NA	40	46	146	4	20	16	18	68	NA	24	50	NA	8	12	NA	23	36	4727	NA	14	48	11	NA	NA	NA	NA	83	7	5	7	NA	7	10	60	NA	NA	8	124	7	NA	29	7	45	19	87	NA	3	19	5	NA	9	15	NA	28	31	29	NA	2423	55	NA	NA	460	NA	63	55	29	NA	NA	2	6	NA	262	10	NA	NA	20	13	NA	NA	38
415	8	8	250	27	47	119	NA	NA	25	NA	8	NA	29	1	NA	25	147	NA	31	NA	44	34	124	2	8	6	16	45	NA	15	38	NA	2	5	NA	17	25	4240	NA	5	28	14	NA	NA	NA	NA	64	1	10	10	NA	7	4	23	NA	NA	6	103	10	NA	27	1	34	30	56	NA	NA	11	5	NA	7	8	NA	20	42	36	NA	2086	52	NA	NA	425	NA	54	45	21	NA	NA	3	5	NA	220	13	NA	NA	17	13	NA	NA	41
420	3	3	167	26	40	111	NA	NA	21	NA	9	NA	29	NA	NA	18	99	NA	34	NA	33	30	106	4	7	3	13	38	NA	7	34	NA	3	3	NA	18	9	3619	NA	8	30	12	NA	NA	NA	NA	58	1	12	4	NA	4	1	12	NA	NA	6	77	10	NA	14	NA	27	27	62	NA	NA	13	7	NA	3	10	NA	17	30	23	NA	1802	27	NA	NA	397	NA	42	34	23	NA	NA	NA	4	NA	179	10	NA	NA	8	14	NA	NA	39
425	3	1	107	20	24	80	NA	NA	24	NA	6	NA	24	NA	NA	15	55	NA	27	NA	23	26	94	1	9	2	8	19	NA	7	34	NA	1	NA	NA	15	3	3025	NA	3	31	7	NA	NA	NA	NA	54	NA	9	5	NA	4	NA	11	NA	NA	3	61	8	NA	7	NA	25	27	73	NA	NA	10	1	NA	0	18	NA	19	27	24	NA	1445	13	NA	NA	321	NA	35	13	19	NA	NA	NA	3	NA	114	8	NA	NA	2	20	NA	NA	43
430	7	NA	65	23	13	57	NA	NA	18	NA	1	NA	23	NA	NA	13	41	NA	31	NA	9	22	103	NA	5	0	8	19	NA	9	38	NA	NA	NA	NA	13	2	2530	NA	1	16	2	NA	NA	NA	NA	41	NA	5	6	NA	2	NA	6	NA	NA	5	35	8	NA	17	NA	15	23	67	NA	NA	8	2	NA	NA	15	NA	12	9	20	NA	1136	8	NA	NA	216	NA	25	5	13	NA	NA	NA	2	NA	83	6	NA	NA	NA	23	NA	NA	38
435	3	NA	26	11	7	38	NA	NA	15	NA	NA	NA	18	NA	NA	19	24	NA	27	NA	1	9	89	NA	1	NA	9	4	NA	1	34	NA	NA	NA	NA	7	4	1980	NA	NA	10	1	NA	NA	NA	NA	35	NA	6	8	NA	NA	NA	7	NA	NA	11	23	8	NA	11	NA	3	29	44	NA	NA	1	4	NA	NA	13	NA	7	11	24	NA	823	2	NA	NA	158	NA	17	5	4	NA	NA	NA	0	NA	70	3	NA	NA	NA	20	NA	NA	29
440	NA	NA	27	4	8	20	NA	NA	12	NA	NA	NA	15	NA	NA	17	18	NA	20	NA	1	11	77	NA	3	NA	7	0	NA	NA	25	NA	NA	NA	NA	4	6	1639	NA	NA	14	3	NA	NA	NA	NA	19	NA	6	1	NA	NA	NA	8	NA	NA	12	13	4	NA	3	NA	2	23	30	NA	NA	4	0	NA	NA	2	NA	1	9	20	NA	611	1	NA	NA	147	NA	10	6	5	NA	NA	NA	NA	NA	59	1	NA	NA	NA	11	NA	NA	28
445	NA	NA	33	2	1	12	NA	NA	7	NA	NA	NA	19	NA	NA	19	10	NA	8	NA	4	6	69	NA	3	NA	3	NA	NA	NA	22	NA	NA	NA	NA	2	3	1478	NA	NA	8	3	NA	NA	NA	NA	15	NA	2	NA	NA	NA	NA	12	NA	NA	6	3	4	NA	NA	NA	NA	13	26	NA	NA	1	NA	NA	NA	NA	NA	NA	9	23	NA	486	1	NA	NA	77	NA	14	8	6	NA	NA	NA	NA	NA	54	NA	NA	NA	NA	10	NA	NA	19
450	NA	NA	32	NA	NA	12	NA	NA	7	NA	NA	NA	23	NA	NA	7	9	NA	4	NA	3	3	73	NA	2	NA	4	NA	NA	NA	16	NA	NA	NA	NA	5	5	1130	NA	NA	2	NA	NA	NA	NA	NA	8	NA	NA	NA	NA	NA	NA	12	NA	NA	14	4	7	NA	NA	NA	NA	10	20	NA	NA	NA	NA	NA	NA	NA	NA	NA	13	14	NA	355	NA	NA	NA	48	NA	12	0	5	NA	NA	NA	NA	NA	48	NA	NA	NA	NA	6	NA	NA	13
455	NA	NA	24	NA	NA	3	NA	NA	6	NA	NA	NA	25	NA	NA	4	10	NA	5	NA	2	NA	51	NA	3	NA	3	NA	NA	NA	15	NA	NA	NA	NA	1	5	876	NA	NA	1	NA	NA	NA	NA	NA	6	NA	NA	NA	NA	NA	NA	13	NA	NA	17	5	2	NA	NA	NA	NA	12	16	NA	NA	NA	NA	NA	NA	NA	NA	NA	8	9	NA	284	NA	NA	NA	44	NA	10	NA	3	NA	NA	NA	NA	NA	47	NA	NA	NA	NA	8	NA	NA	12
460	NA	NA	17	NA	NA	2	NA	NA	3	NA	NA	NA	33	NA	NA	6	3	NA	4	NA	5	NA	46	NA	2	NA	2	NA	NA	NA	13	NA	NA	NA	NA	1	5	722	NA	NA	3	NA	NA	NA	NA	NA	2	NA	NA	NA	NA	NA	NA	5	NA	NA	15	3	NA	NA	NA	NA	NA	4	15	NA	NA	NA	NA	NA	NA	NA	NA	NA	7	11	NA	208	NA	NA	NA	32	NA	5	NA	0	NA	NA	NA	NA	NA	43	NA	NA	NA	NA	9	NA	NA	18
465	NA	NA	21	NA	NA	NA	NA	NA	6	NA	NA	NA	17	NA	NA	4	2	NA	2	NA	3	NA	44	NA	1	NA	NA	NA	NA	NA	13	NA	NA	NA	NA	3	1	546	NA	NA	0	NA	NA	NA	NA	NA	0	NA	NA	NA	NA	NA	NA	3	NA	NA	9	9	NA	NA	NA	NA	NA	1	6	NA	NA	NA	NA	NA	NA	NA	NA	NA	4	2	NA	133	NA	NA	NA	27	NA	1	NA	NA	NA	NA	NA	NA	NA	46	NA	NA	NA	NA	12	NA	NA	15
470	NA	NA	10	NA	NA	NA	NA	NA	3	NA	NA	NA	13	NA	NA	NA	4	NA	NA	NA	NA	NA	38	NA	2	NA	NA	NA	NA	NA	9	NA	NA	NA	NA	NA	NA	424	NA	NA	NA	NA	NA	NA	NA	NA	NA	NA	NA	NA	NA	NA	NA	6	NA	NA	6	6	NA	NA	NA	NA	NA	NA	9	NA	NA	NA	NA	NA	NA	NA	NA	NA	0	3	NA	118	NA	NA	NA	23	NA	NA	NA	NA	NA	NA	NA	NA	NA	22	NA	NA	NA	NA	1	NA	NA	12
475	NA	NA	2	NA	NA	NA	NA	NA	1	NA	NA	NA	20	NA	NA	NA	1	NA	NA	NA	NA	NA	24	NA	NA	NA	NA	NA	NA	NA	9	NA	NA	NA	NA	NA	NA	380	NA	NA	NA	NA	NA	NA	NA	NA	NA	NA	NA	NA	NA	NA	NA	12	NA	NA	6	8	NA	NA	NA	NA	NA	NA	4	NA	NA	NA	NA	NA	NA	NA	NA	NA	NA	3	NA	92	NA	NA	NA	16	NA	NA	NA	NA	NA	NA	NA	NA	NA	17	NA	NA	NA	NA	NA	NA	NA	13
480	NA	NA	NA	NA	NA	NA	NA	NA	NA	NA	NA	NA	10	NA	NA	NA	4	NA	NA	NA	NA	NA	14	NA	NA	NA	NA	NA	NA	NA	5	NA	NA	NA	NA	NA	NA	266	NA	NA	NA	NA	NA	NA	NA	NA	NA	NA	NA	NA	NA	NA	NA	7	NA	NA	3	2	NA	NA	NA	NA	NA	NA	2	NA	NA	NA	NA	NA	NA	NA	NA	NA	NA	3	NA	81	NA	NA	NA	22	NA	NA	NA	NA	NA	NA	NA	NA	NA	17	NA	NA	NA	NA	NA	NA	NA	11
485	NA	NA	NA	NA	NA	NA	NA	NA	NA	NA	NA	NA	2	NA	NA	NA	6	NA	NA	NA	NA	NA	7	NA	NA	NA	NA	NA	NA	NA	5	NA	NA	NA	NA	NA	NA	242	NA	NA	NA	NA	NA	NA	NA	NA	NA	NA	NA	NA	NA	NA	NA	6	NA	NA	1	NA	NA	NA	NA	NA	NA	NA	0	NA	NA	NA	NA	NA	NA	NA	NA	NA	NA	2	NA	80	NA	NA	NA	20	NA	NA	NA	NA	NA	NA	NA	NA	NA	17	NA	NA	NA	NA	NA	NA	NA	9
490	NA	NA	NA	NA	NA	NA	NA	NA	NA	NA	NA	NA	NA	NA	NA	NA	4	NA	NA	NA	NA	NA	8	NA	NA	NA	NA	NA	NA	NA	3	NA	NA	NA	NA	NA	NA	201	NA	NA	NA	NA	NA	NA	NA	NA	NA	NA	NA	NA	NA	NA	NA	2	NA	NA	NA	NA	NA	NA	NA	NA	NA	NA	NA	NA	NA	NA	NA	NA	NA	NA	NA	NA	NA	1	NA	64	NA	NA	NA	17	NA	NA	NA	NA	NA	NA	NA	NA	NA	6	NA	NA	NA	NA	NA	NA	NA	6
495	NA	NA	NA	NA	NA	NA	NA	NA	NA	NA	NA	NA	NA	NA	NA	NA	2	NA	NA	NA	NA	NA	6	NA	NA	NA	NA	NA	NA	NA	2	NA	NA	NA	NA	NA	NA	167	NA	NA	NA	NA	NA	NA	NA	NA	NA	NA	NA	NA	NA	NA	NA	4	NA	NA	NA	NA	NA	NA	NA	NA	NA	NA	NA	NA	NA	NA	NA	NA	NA	NA	NA	NA	NA	NA	NA	60	NA	NA	NA	11	NA	NA	NA	NA	NA	NA	NA	NA	NA	9	NA	NA	NA	NA	NA	NA	NA	4
500	NA	NA	NA	NA	NA	NA	NA	NA	NA	NA	NA	NA	NA	NA	NA	NA	1	NA	NA	NA	NA	NA	2	NA	NA	NA	NA	NA	NA	NA	NA	NA	NA	NA	NA	NA	NA	157	NA	NA	NA	NA	NA	NA	NA	NA	NA	NA	NA	NA	NA	NA	NA	4	NA	NA	NA	NA	NA	NA	NA	NA	NA	NA	NA	NA	NA	NA	NA	NA	NA	NA	NA	NA	NA	NA	NA	40	NA	NA	NA	10	NA	NA	NA	NA	NA	NA	NA	NA	NA	6	NA	NA	NA	NA	NA	NA	NA	1
505	NA	NA	NA	NA	NA	NA	NA	NA	NA	NA	NA	NA	NA	NA	NA	NA	NA	NA	NA	NA	NA	NA	1	NA	NA	NA	NA	NA	NA	NA	NA	NA	NA	NA	NA	NA	NA	124	NA	NA	NA	NA	NA	NA	NA	NA	NA	NA	NA	NA	NA	NA	NA	2	NA	NA	NA	NA	NA	NA	NA	NA	NA	NA	NA	NA	NA	NA	NA	NA	NA	NA	NA	NA	NA	NA	NA	30	NA	NA	NA	6	NA	NA	NA	NA	NA	NA	NA	NA	NA	7	NA	NA	NA	NA	NA	NA	NA	NA
510	NA	NA	NA	NA	NA	NA	NA	NA	NA	NA	NA	NA	NA	NA	NA	NA	NA	NA	NA	NA	NA	NA	NA	NA	NA	NA	NA	NA	NA	NA	NA	NA	NA	NA	NA	NA	NA	91	NA	NA	NA	NA	NA	NA	NA	NA	NA	NA	NA	NA	NA	NA	NA	NA	NA	NA	NA	NA	NA	NA	NA	NA	NA	NA	NA	NA	NA	NA	NA	NA	NA	NA	NA	NA	NA	NA	NA	23	NA	NA	NA	8	NA	NA	NA	NA	NA	NA	NA	NA	NA	6	NA	NA	NA	NA	NA	NA	NA	NA
515	NA	NA	NA	NA	NA	NA	NA	NA	NA	NA	NA	NA	NA	NA	NA	NA	NA	NA	NA	NA	NA	NA	NA	NA	NA	NA	NA	NA	NA	NA	NA	NA	NA	NA	NA	NA	NA	56	NA	NA	NA	NA	NA	NA	NA	NA	NA	NA	NA	NA	NA	NA	NA	NA	NA	NA	NA	NA	NA	NA	NA	NA	NA	NA	NA	NA	NA	NA	NA	NA	NA	NA	NA	NA	NA	NA	NA	15	NA	NA	NA	15	NA	NA	NA	NA	NA	NA	NA	NA	NA	5	NA	NA	NA	NA	NA	NA	NA	NA
520	NA	NA	NA	NA	NA	NA	NA	NA	NA	NA	NA	NA	NA	NA	NA	NA	NA	NA	NA	NA	NA	NA	NA	NA	NA	NA	NA	NA	NA	NA	NA	NA	NA	NA	NA	NA	NA	37	NA	NA	NA	NA	NA	NA	NA	NA	NA	NA	NA	NA	NA	NA	NA	NA	NA	NA	NA	NA	NA	NA	NA	NA	NA	NA	NA	NA	NA	NA	NA	NA	NA	NA	NA	NA	NA	NA	NA	12	NA	NA	NA	14	NA	NA	NA	NA	NA	NA	NA	NA	NA	6	NA	NA	NA	NA	NA	NA	NA	NA
525	NA	NA	NA	NA	NA	NA	NA	NA	NA	NA	NA	NA	NA	NA	NA	NA	NA	NA	NA	NA	NA	NA	NA	NA	NA	NA	NA	NA	NA	NA	NA	NA	NA	NA	NA	NA	NA	34	NA	NA	NA	NA	NA	NA	NA	NA	NA	NA	NA	NA	NA	NA	NA	NA	NA	NA	NA	NA	NA	NA	NA	NA	NA	NA	NA	NA	NA	NA	NA	NA	NA	NA	NA	NA	NA	NA	NA	8	NA	NA	NA	6	NA	NA	NA	NA	NA	NA	NA	NA	NA	3	NA	NA	NA	NA	NA	NA	NA	NA
530	NA	NA	NA	NA	NA	NA	NA	NA	NA	NA	NA	NA	NA	NA	NA	NA	NA	NA	NA	NA	NA	NA	NA	NA	NA	NA	NA	NA	NA	NA	NA	NA	NA	NA	NA	NA	NA	48	NA	NA	NA	NA	NA	NA	NA	NA	NA	NA	NA	NA	NA	NA	NA	NA	NA	NA	NA	NA	NA	NA	NA	NA	NA	NA	NA	NA	NA	NA	NA	NA	NA	NA	NA	NA	NA	NA	NA	9	NA	NA	NA	1	NA	NA	NA	NA	NA	NA	NA	NA	NA	NA	NA	NA	NA	NA	NA	NA	NA	NA
535	NA	NA	NA	NA	NA	NA	NA	NA	NA	NA	NA	NA	NA	NA	NA	NA	NA	NA	NA	NA	NA	NA	NA	NA	NA	NA	NA	NA	NA	NA	NA	NA	NA	NA	NA	NA	NA	39	NA	NA	NA	NA	NA	NA	NA	NA	NA	NA	NA	NA	NA	NA	NA	NA	NA	NA	NA	NA	NA	NA	NA	NA	NA	NA	NA	NA	NA	NA	NA	NA	NA	NA	NA	NA	NA	NA	NA	15	NA	NA	NA	NA	NA	NA	NA	NA	NA	NA	NA	NA	NA	NA	NA	NA	NA	NA	NA	NA	NA	NA
540	NA	NA	NA	NA	NA	NA	NA	NA	NA	NA	NA	NA	NA	NA	NA	NA	NA	NA	NA	NA	NA	NA	NA	NA	NA	NA	NA	NA	NA	NA	NA	NA	NA	NA	NA	NA	NA	18	NA	NA	NA	NA	NA	NA	NA	NA	NA	NA	NA	NA	NA	NA	NA	NA	NA	NA	NA	NA	NA	NA	NA	NA	NA	NA	NA	NA	NA	NA	NA	NA	NA	NA	NA	NA	NA	NA	NA	11	NA	NA	NA	NA	NA	NA	NA	NA	NA	NA	NA	NA	NA	NA	NA	NA	NA	NA	NA	NA	NA	NA
545	NA	NA	NA	NA	NA	NA	NA	NA	NA	NA	NA	NA	NA	NA	NA	NA	NA	NA	NA	NA	NA	NA	NA	NA	NA	NA	NA	NA	NA	NA	NA	NA	NA	NA	NA	NA	NA	12	NA	NA	NA	NA	NA	NA	NA	NA	NA	NA	NA	NA	NA	NA	NA	NA	NA	NA	NA	NA	NA	NA	NA	NA	NA	NA	NA	NA	NA	NA	NA	NA	NA	NA	NA	NA	NA	NA	NA	1	NA	NA	NA	NA	NA	NA	NA	NA	NA	NA	NA	NA	NA	NA	NA	NA	NA	NA	NA	NA	NA	NA
550	NA	NA	NA	NA	NA	NA	NA	NA	NA	NA	NA	NA	NA	NA	NA	NA	NA	NA	NA	NA	NA	NA	NA	NA	NA	NA	NA	NA	NA	NA	NA	NA	NA	NA	NA	NA	NA	9	NA	NA	NA	NA	NA	NA	NA	NA	NA	NA	NA	NA	NA	NA	NA	NA	NA	NA	NA	NA	NA	NA	NA	NA	NA	NA	NA	NA	NA	NA	NA	NA	NA	NA	NA	NA	NA	NA	NA	NA	NA	NA	NA	NA	NA	NA	NA	NA	NA	NA	NA	NA	NA	NA	NA	NA	NA	NA	NA	NA	NA	NA
555	NA	NA	NA	NA	NA	NA	NA	NA	NA	NA	NA	NA	NA	NA	NA	NA	NA	NA	NA	NA	NA	NA	NA	NA	NA	NA	NA	NA	NA	NA	NA	NA	NA	NA	NA	NA	NA	15	NA	NA	NA	NA	NA	NA	NA	NA	NA	NA	NA	NA	NA	NA	NA	NA	NA	NA	NA	NA	NA	NA	NA	NA	NA	NA	NA	NA	NA	NA	NA	NA	NA	NA	NA	NA	NA	NA	NA	NA	NA	NA	NA	NA	NA	NA	NA	NA	NA	NA	NA	NA	NA	NA	NA	NA	NA	NA	NA	NA	NA	NA
560	NA	NA	NA	NA	NA	NA	NA	NA	NA	NA	NA	NA	NA	NA	NA	NA	NA	NA	NA	NA	NA	NA	NA	NA	NA	NA	NA	NA	NA	NA	NA	NA	NA	NA	NA	NA	NA	13	NA	NA	NA	NA	NA	NA	NA	NA	NA	NA	NA	NA	NA	NA	NA	NA	NA	NA	NA	NA	NA	NA	NA	NA	NA	NA	NA	NA	NA	NA	NA	NA	NA	NA	NA	NA	NA	NA	NA	NA	NA	NA	NA	NA	NA	NA	NA	NA	NA	NA	NA	NA	NA	NA	NA	NA	NA	NA	NA	NA	NA	NA
565	NA	NA	NA	NA	NA	NA	NA	NA	NA	NA	NA	NA	NA	NA	NA	NA	NA	NA	NA	NA	NA	NA	NA	NA	NA	NA	NA	NA	NA	NA	NA	NA	NA	NA	NA	NA	NA	6	NA	NA	NA	NA	NA	NA	NA	NA	NA	NA	NA	NA	NA	NA	NA	NA	NA	NA	NA	NA	NA	NA	NA	NA	NA	NA	NA	NA	NA	NA	NA	NA	NA	NA	NA	NA	NA	NA	NA	NA	NA	NA	NA	NA	NA	NA	NA	NA	NA	NA	NA	NA	NA	NA	NA	NA	NA	NA	NA	NA	NA	NA
570	NA	NA	NA	NA	NA	NA	NA	NA	NA	NA	NA	NA	NA	NA	NA	NA	NA	NA	NA	NA	NA	NA	NA	NA	NA	NA	NA	NA	NA	NA	NA	NA	NA	NA	NA	NA	NA	1	NA	NA	NA	NA	NA	NA	NA	NA	NA	NA	NA	NA	NA	NA	NA	NA	NA	NA	NA	NA	NA	NA	NA	NA	NA	NA	NA	NA	NA	NA	NA	NA	NA	NA	NA	NA	NA	NA	NA	NA	NA	NA	NA	NA	NA	NA	NA	NA	NA	NA	NA	NA	NA	NA	NA	NA	NA	NA	NA	NA	NA	NA
