1.79166666666667	1.23743686707646
1	0
1.92857142857143	0.686358824066646
2.125	0.530330085889911
NA	NA
0.916666666666667	0.58925565098879
1.74166666666667	0.601040764008565
2.36666666666667	0.707106781186548
NA	NA
2.04583333333333	0.736569563735987
1.33333333333333	1.4142135623731
1.96666666666667	0.565685424949238
1	NA
1.83333333333333	1.41421356237309
1.25	0.353553390593274
1.21666666666667	1.30416001063264
1.43571428571429	0.707106781186547
NA	NA
NA	NA
2.11666666666667	0.707106781186548
1.95	0.763762615825973
1.06666666666667	0.707106781186547
1.32142857142857	0.488240396533569
1.35238095238095	0
1.22222222222222	0.346944333244355
1.16666666666667	0.471404520791032
1	NA
1.70555555555556	0.529762350632949
1.08333333333333	1.06066017177982
NA	NA
1.44583333333333	0.11195857368787
2.45833333333333	0.707106781186548
1.91666666666667	0.353553390593274
1.53968253968254	1.10383102544214
1.1	0.565685424949238
2.25694444444444	1.07878317939619
1.9875	0.850857410694256
1.91666666666667	1.06066017177982
1	0.707106781186548
1	0.707106781186548
1.25	1.06066017177982
2.19583333333333	0.276950155964731
1.58333333333333	0.707106781186547
NA	NA
1.5	0.707106781186548
1.75	0.707106781186548
NA	NA
1	0.763762615825973
NA	NA
1.95	1.15470053837925
1.41666666666667	0.58925565098879
NA	NA
1.58333333333333	1.4142135623731
NA	NA
2.29497354497355	0.798017089867231
1.66666666666667	0.763762615825973
NA	NA
1.25	0.353553390593274
1.22222222222222	0.585314097380708
NA	NA
1	NA
1.99761904761905	0.474771695939539
NA	NA
NA	NA
1.875	0.530330085889911
NA	NA
3.4	0.656599153958937
1.55396825396825	1.18805786116733
1.25	0.353553390593274
2.54761904761905	0.404061017820884
1.83333333333333	0.707106781186548
1.41666666666667	1.01036297108185
1.5	0.957427107756338
1.58333333333333	0.707106781186547
2.22222222222222	0.763762615825973
1.5	1.17851130197758
1.5	0.707106781186548
2.19642857142857	0.0757614408414159
1.93333333333333	0.0942809041582065
1.6125	0.312305495024058
1.16666666666667	0.471404520791032
1.5	0.707106781186548
2.23333333333333	0.58925565098879
NA	NA
1.375	0.648181216087669
1.33333333333333	0.707106781186548
1.625	0.176776695296637
2.23333333333333	1.06066017177982
1.4875	0.408333333333333
2.14166666666667	0.200346921336188
1.63928571428571	0.847435105777074
1.78333333333333	0.707106781186548
1.08333333333333	1.06066017177982
1	NA
1.41111111111111	1.04434101142689
2.17619047619048	0.929340340988034
1	0.707106781186548
1.98571428571429	0.695970545353753
1.28333333333333	0.353553390593274
1	0.707106781186548
