1.33333333333333	1.06066017177982
2.16666666666667	0.707106781186547
1.68125	1.20010367993461
2.28333333333333	0.471404520791032
2.04910714285714	0.808215197552951
2.2	0.989949493661166
1.75	0.353553390593274
1.62619047619048	1.53206469257085
1.50833333333333	0.459619407771256
1.41666666666667	0.58925565098879
0.583333333333333	0.353553390593274
2.04960317460317	2.18024590865852
NA	NA
2.23333333333333	1.64991582276861
2.17857142857143	1.41421356237309
1.91666666666667	1.29636243217534
1.83333333333333	0.707106781186547
1.25	0.353553390593274
2.36666666666667	2.12132034355964
1	0
NA	NA
2.20059523809524	0.941967247794937
2.81277056277056	1.31778991039311
1.64047619047619	0.735402152927643
1.41666666666667	0.824957911384306
1.90606060606061	1.23122943675252
1.92222222222222	1.38777733297742
2.16666666666667	0.707106781186548
2.61931818181818	1.65366563145672
1.83333333333333	1.76776695296637
3.07301587301587	0.314269680527355
2.47738095238095	0.530330085889911
1.29166666666667	0.294627825494395
1.33333333333333	1.4142135623731
2.46969696969697	1.22136625841313
1.33333333333333	0.707106781186548
2.45892857142857	1.78039385977327
2.66666666666667	1.25208160010973
1.82777777777778	0.661875142080214
1.77542087542088	0.973914090451187
2.62575757575758	0.950500991575614
2.52142857142857	0.814452781524707
1.78333333333333	1.4142135623731
2.40059523809524	0.517703179083008
2.75641025641026	0.55868611716669
1.66666666666667	0.707106781186548
1.78333333333333	1.64991582276861
1	0.707106781186548
1	NA
1.61964285714286	0.870055677578261
2.55213675213675	1.78647179700142
NA	NA
1.08333333333333	1.06066017177982
1.66666666666667	0.942809041582063
1.625	0.883883476483184
1.86666666666667	0.0471404520791032
1.70833333333333	0.53033008588991
1.32460317460317	0.235702260395516
1.98333333333333	1.13137084989848
0.619047619047619	0
1.86666666666667	1.4142135623731
2.29166666666667	0.707106781186548
1	0.707106781186548
2.32619047619048	0.90913729009699
1.86666666666667	0.707106781186548
2.13333333333333	1.76776695296637
1	0
1.75	1.06066017177982
1.77222222222222	0.41943524640393
1.66666666666667	0.942809041582063
1	NA
2.01944444444444	1.08440118310795
NA	NA
2.33095238095238	0.286209887623126
0.333333333333333	0
3.01666666666667	0.707106781186548
0.722222222222222	0.481125224324688
1.25	1
2.5	0.824957911384306
1.825	0.459619407771256
NA	NA
1.54166666666667	0
1	NA
2.19642857142857	1.13642161262124
2.30952380952381	1.41421356237309
0.833333333333333	0.353553390593274
1.64924242424242	0.824957911384305
2.70416666666667	1.14904851942814
1.25	1.06066017177982
2.27222222222222	0.840671395410673
0.7	0.471404520791032
2.03333333333333	1.13137084989848
1.66666666666667	0.707106781186548
1.5	0.942809041582063
2.37261904761905	1.49721017963259
1.625	0.294627825494395
1.33333333333333	0.353553390593274
1.5	0.471404520791032
2.87222222222222	0.919238815542512
1.79166666666667	1.1195857368787
