1	0
1.83333333333333	1.4142135623731
1.58333333333333	0.707106781186547
1.32222222222222	0.625629312801948
1.33333333333333	0.707106781186548
1.77083333333333	1.67937860531805
1.66666666666667	0.707106781186548
1.83333333333333	0.707106781186547
1	0.5
2.90396825396825	0.864241621450225
0.841666666666667	0.624610990048117
1.33333333333333	0.707106781186548
1.66666666666667	0.5
1	0.707106781186548
1	NA
1.66666666666667	0.577350269189626
1.22222222222222	0.346944333244355
1.47777777777778	1.38777733297742
2	0.707106781186548
1.95	1.4142135623731
1.58333333333333	0.707106781186547
0.833333333333333	0.353553390593274
0.833333333333333	0
1	0.707106781186548
2.11111111111111	0.41943524640393
0.783333333333333	0
1.16666666666667	1.17851130197758
1.25	1.06066017177982
1.33333333333333	0.707106781186548
1.35	1.01324561023804
1.66666666666667	1.41421356237309
1	NA
1	0.707106781186548
2.66071428571429	0.883883476483184
NA	NA
NA	NA
2.33333333333333	0.942809041582063
1.58333333333333	0.707106781186547
2.22777777777778	1.53206469257085
1.64166666666667	0.907453702522736
1.66666666666667	1.15470053837925
2.17857142857143	1
0.866666666666667	0
1.58333333333333	0.707106781186547
1.29166666666667	0
2.6984126984127	0.628539361054709
1.25	0.353553390593274
1.74444444444444	0.966283448944306
1.41666666666667	0.629152869605896
1.90833333333333	0.954594154601839
1	NA
1	0.707106781186548
2.33333333333333	0.707106781186548
0.767857142857143	0.530330085889911
NA	NA
NA	NA
NA	NA
1.31666666666667	0.353553390593274
1.5	0.838870492807861
1.25	0.353553390593274
1	0.763762615825973
1	0.707106781186548
1	0.707106781186548
1.66666666666667	1.25830573921179
1	0.707106781186548
1	NA
1.85555555555556	0.250739646586594
1.22222222222222	0.962250448649376
NA	NA
1	0.707106781186548
1.41269841269841	1.24553245481358
NA	NA
1.9363455988456	1.02824688993776
0.416666666666667	0.353553390593274
1.66666666666667	0.235702260395516
1.75	1.06066017177982
1.66666666666667	0.707106781186548
NA	NA
1.89583333333333	1.79722973551581
1.47619047619048	1.15470053837925
NA	NA
2	NA
1.625	0.883883476483184
2.4797619047619	0.42931483143469
1.95238095238095	1.29636243217534
1.33333333333333	1.4142135623731
1.33333333333333	1.06066017177982
1.975	0.271057599454843
2.16666666666667	1.53206469257085
0.891666666666667	0.271057599454843
1.5	0.707106781186548
NA	NA
1.58333333333333	0.707106781186547
1.92619047619048	1.30983113276937
1.18452380952381	1.37689263682153
1.58333333333333	0.707106781186547
2.24007936507936	0.103821233745644
1.49166666666667	1.59099025766973
1	NA
1	0.707106781186548
