1.64166666666667	0.200346921336188
1.75	0.707106781186548
1	NA
2	0.707106781186547
1	0
NA	NA
2.06666666666667	0.707106781186548
0.625	0.412478955692153
1.68333333333333	0.259272486435067
1.66666666666667	1
1.79166666666667	0.530330085889911
2.05740740740741	0.716501560079745
2.55	0.707106781186548
1	NA
1.5	0.471404520791032
1.25	0.353553390593274
1.66666666666667	0.707106781186548
1.66666666666667	0.235702260395516
1	NA
1.57797619047619	1.14819253108326
1.61666666666667	1.06066017177982
NA	NA
1.66666666666667	0.235702260395516
1.25	0.824957911384305
1.38888888888889	0.891056385130302
1.25	1.06066017177982
1	0
2.47619047619048	0.505076272276106
1.75	1.06066017177982
1.41666666666667	1.06066017177982
1	NA
1.25	0.353553390593274
NA	NA
2.5	0.707106781186548
2.10238095238095	1.06066017177982
1.41666666666667	0.58925565098879
1.28333333333333	0.471404520791032
2.11666666666667	0.824957911384305
2.27142857142857	0.808122035641769
1.33359788359788	0.80187537387448
1	0
2.62321428571429	0.441941738241592
2.54761904761905	1.31319830791787
1.8547619047619	1.20881587831415
1.16666666666667	0.471404520791032
1.95591630591631	0.975558590600833
1.92857142857143	1.07222192849502
1.875	0.648181216087669
2.05185185185185	0.502012411106887
NA	NA
1.53333333333333	1.41421356237309
1.33333333333333	1.64991582276861
0.616666666666667	0.306412938514171
NA	NA
0.583333333333333	0.353553390593274
1.41488095238095	0.500867303340471
2.03333333333333	0.424264068711928
1.725	0.153206469257085
2.41488095238095	0.618718433538229
1	0.707106781186548
1.93333333333333	0.565685424949238
1.79166666666667	1.1195857368787
2.05555555555556	0.962250448649376
2.41746031746032	1.26757039010761
1.41666666666667	0.58925565098879
1.9	0.824957911384305
1.83333333333333	0.353553390593274
1.58333333333333	1.4142135623731
2.51190476190476	1.4142135623731
2.45833333333333	0.707106781186548
1.66666666666667	0.235702260395516
1	NA
1	0
1.41666666666667	0.58925565098879
2.41190476190476	1.4142135623731
1.58333333333333	0.707106781186547
1.96825396825397	0.523989867944256
1	0.707106781186548
1.16666666666667	1.17851130197758
1	0
NA	NA
1.33333333333333	0.235702260395516
1.74166666666667	1.00346621489936
1.81111111111111	0.838870492807861
1.61666666666667	0.306412938514171
1.86666666666667	1.4142135623731
1	NA
2.11904761904762	0.763762615825973
1.5	0
NA	NA
1.75	0.707106781186548
1	0.707106781186548
1.25	1.06066017177982
1.33333333333333	0.707106781186548
1.5	0.707106781186548
1.75	1.06066017177982
1.625	0.294627825494395
1.33333333333333	1.4142135623731
1.85	1.05830052442584
1	0.707106781186548
