2.00707070707071	1.02666718344391
2.075	1.66170093578839
1.25	0.353553390593274
1.33333333333333	0.707106781186548
2.15119047619048	1.74419672692682
1	0.707106781186548
0.416666666666667	0.235702260395516
1.25	1.06066017177982
1	0.707106781186548
NA	NA
1.66666666666667	0.235702260395516
1.5	0
1.41666666666667	0.117851130197758
1.33333333333333	0.235702260395516
2.18333333333333	0.966379267621615
2	1.4142135623731
1	NA
1.33333333333333	0.707106781186548
1	0.707106781186548
0.472222222222222	0.192450089729875
1.25	0.353553390593274
1.625	1.82669251806525
2.29285714285714	0.707106781186548
1.58392857142857	1.29552063838821
1	0.707106781186548
1.33333333333333	1.04083299973307
1.08333333333333	0.707106781186548
NA	NA
1.58333333333333	0.707106781186547
1.5	1.4142135623731
NA	NA
2.1	1.27279220613579
1.95	1.34350288425444
1.70833333333333	1.59099025766973
1.38888888888889	1.04194440741728
1.9	1.06066017177982
1.33333333333333	1.4142135623731
2.33333333333333	0.707106781186547
1.66785714285714	1.59099025766973
NA	NA
1	0
1.65	1
0.896825396825397	0.282842712474619
1.24166666666667	0.412478955692153
1.33333333333333	0.881917103688197
NA	NA
2.01785714285714	1.06066017177982
2.08333333333333	0.866025403784438
1.95	0.707106781186548
1	0.707106781186548
1	0.799305253885453
1.66666666666667	0.942809041582063
NA	NA
NA	NA
2.09155844155844	1.02851895445316
NA	NA
1.66666666666667	0.707106781186548
NA	NA
NA	NA
NA	NA
2.7952380952381	0.707106781186547
1.5	0
1.1875	0.550147286676065
NA	NA
1.58333333333333	1.06066017177982
1.83333333333333	0.942809041582063
1.5	0.25
1.33333333333333	1.06066017177982
1.78333333333333	0.707106781186548
1	0.707106781186548
1	0
1.83333333333333	0.707106781186547
1	0.707106781186548
1.95555555555556	1.1097213530799
1.19166666666667	1.1195857368787
1.45833333333333	0.883883476483184
1.22222222222222	0.917928424547684
2	1.4142135623731
1.54166666666667	0.766032346285426
1.33333333333333	0.707106781186548
1	0.763762615825973
1.625	0.294627825494395
NA	NA
1.25	1.06066017177982
2	0.707106781186548
1.25	0.353553390593274
1	0.707106781186548
2.26313131313131	1.73205080756888
NA	NA
2.51746031746032	1.43694635070862
1.16666666666667	0
1.5	1.64991582276861
1.58333333333333	0.707106781186547
NA	NA
1.33333333333333	0.707106781186548
2.33809523809524	0.606091526731326
1.64285714285714	0.530330085889911
1.5	0.707106781186548
1.83333333333333	0.353553390593274
1	NA
