2.25	1.06066017177982
1.25	0.353553390593274
1	NA
1	NA
1.52261904761905	0.826446600435337
0.366666666666667	0.0471404520791032
1.68333333333333	0.966379267621615
0.75	0.353553390593274
1.66666666666667	0.471404520791032
1.33333333333333	0.707106781186548
2.23333333333333	0.824957911384305
1.25	0.353553390593274
1.5	1.4142135623731
1.99166666666667	0.247487373415292
1.58333333333333	0.353553390593274
1.79166666666667	0.883883476483184
1.25	1.06066017177982
1.6547619047619	0.808122035641768
1.95833333333333	0.53033008588991
1.125	0.176776695296637
NA	NA
0.725	0.553900311929462
2	NA
1.83333333333333	2.12132034355964
2.34871794871795	0.779630553615937
1.9	0.942809041582063
2.37391774891775	0.353553390593274
1.54166666666667	0.0589255650988789
1.58333333333333	0.58925565098879
1.33333333333333	0.707106781186548
1.91666666666667	1.29636243217534
2	0.288675134594813
2.1547619047619	0.218866384652979
0.958333333333333	0.176776695296637
1.71666666666667	0.55075705472861
1.51111111111111	1.08440118310795
2.05555555555556	1.35486093313969
2.3125	1.73830417041693
1.975	1.02530483272049
2.60634920634921	1.25707872210942
1.65	0.763762615825973
0.970238095238095	0.766032346285426
1.41666666666667	0.117851130197758
1.93571428571429	1.76776695296637
1.64047619047619	0.932835144007606
1.5	0.471404520791032
1	0.707106781186548
1.39166666666667	1.61456048370928
2.03333333333333	0.424264068711928
1	NA
1.33333333333333	0.707106781186548
2.91439393939394	1.41421356237309
1.99166666666667	1.40242844935332
1.75	0.707106781186548
1.66666666666667	0.471404520791032
1.5	0.707106781186548
1.77301587301587	1.49381440663875
1.5	1.17851130197758
1.97619047619048	0.0336717514850736
1.25	0.353553390593274
2.16666666666667	0.589255650988789
1.43015873015873	0
1.65833333333333	1.82669251806525
NA	NA
2.825	1.4142135623731
2.3875	0.913346259032624
1.16666666666667	0.471404520791032
1.40079365079365	0.157134840263677
1.98333333333333	0.683536555146996
1.83888888888889	0.838870492807861
2.58035714285714	0.618718433538229
1.58333333333333	0.824957911384305
1.5	0.707106781186548
1.33333333333333	0.707106781186548
1.33333333333333	1.0137937550497
1.83333333333333	1.4613540144522
1.13333333333333	0.494974746830583
2.59642857142857	2.04555890271823
1.80952380952381	0.763762615825973
1.52222222222222	1.09751402589536
2.76190476190476	0.471404520791031
1.66666666666667	0.471404520791032
1.13888888888889	1.26197963240006
1.42857142857143	1.24542700925191
1.83611111111111	0.799305253885453
1.64634920634921	0.884072410045169
1.81666666666667	1.17851130197758
1.98333333333333	0.0235702260395517
2.9	1.4142135623731
1.75833333333333	1.66170093578839
1.75	0.353553390593274
1	0.707106781186548
1.95714285714286	1.39542498342037
1.75	0.707106781186548
1.66666666666667	0.707106781186548
1.51666666666667	1.15494107593803
2.33095238095238	0.468037345642524
1.39166666666667	1.09601551083915
2.25892857142857	0.105224223390856
2.41666666666667	0.58925565098879
