2.68483245149912	1.92129087020031
2.13171460892049	2.11820295940601
0.972222222222222	0.432120810725112
2.63690476190476	2.88735268984507
2.07936507936508	0.471404520791032
1.92056530214425	0.999639852842486
2.27933177933178	0.965283083069543
1.01746031746032	0.675679813133812
1.61904761904762	1.64991582276861
2.38095238095238	0.763762615825973
1.03571428571429	0.710780087884666
3.54715219421102	1.70537517815579
1.44500466853408	0.80023144800137
2.76547619047619	1.57898615538945
2.8525641025641	1.79496336762739
1.52046035805627	0.50727225606861
2.55555555555556	0.962250448649377
0.708333333333333	0.412478955692153
1.79444444444444	0.392837100659193
3.22195767195767	1.28179722079053
2.4728648544438	1.85713049581902
2.96463305001634	1.78684546117948
2.85899526198439	2.04983485107134
1.40595238095238	1.08900949167832
2.48333333333333	0.235702260395516
3.17051282051282	1.19664224508493
3.2715367965368	0.707106781186548
3.53787878787879	1.06066017177982
2.74080086580087	1.67222711896888
1.7503663003663	1.71389215059025
3.20623885918004	1.88561808316413
2.35238095238095	0
2.29583333333333	1.73830417041693
1.32760572760573	0.23094010767585
3.3265639589169	1.18087411175793
2.91111111111111	1
2.898001998002	0.877128293576547
3.4943115364168	0.965138729409007
1.76666666666667	0.801387685344754
2.86854044648162	1.38777733297742
2.15800865800866	1.75233361662451
3.09126984126984	1.90918830920368
3.13993930905696	2.1688023662159
2.84523809523809	0.471404520791032
2.84756763704132	1.02572520119457
2.73582027168234	1.86002768771736
3.06541353383459	1.25251363148081
1	0.707106781186548
2.40965909090909	2.16279457061534
3.54787878787879	1.25001333326222
1.6260336155073	0.614513731378266
3.32142857142857	0.90913729009699
2.07335219483557	1.56559317553847
2.50573593073593	1.03804579546407
2.30598290598291	1.97989898732233
1.22222222222222	0.707106781186548
3.23611111111111	1.00173460668094
2.53690476190476	2.41594816905404
2.73412698412698	0.392837100659193
2.06199095022624	0.890843628025621
0.583333333333333	0.353553390593274
0.935064935064935	0
2.6547619047619	1.34350288425444
2.49261559696342	1.16761865920913
1.39484126984127	0.883883476483184
1.76666666666667	0.176776695296637
2.42142857142857	0.854400374531753
2.125	0.577350269189626
1.76082251082251	1.29636243217534
1.34722222222222	0.942809041582063
2.7	1.4142135623731
3.0546783625731	2.0347900064553
1.9549062049062	0.175502733234095
3.00514069264069	2.35702260395516
2.82159090909091	0.676572624726219
1.75482456140351	1.13149360483291
2.08333333333333	0.117851130197758
2.04285714285714	1.59099025766973
1.44273504273504	0.154717381182698
2.71666666666667	1.06066017177982
1.44126984126984	0.567727764703132
2.90522875816993	1.47019776951316
1.81190476190476	0
2.96746031746032	0.157134840263677
2.97954545454545	1.53720073871668
2.50386904761905	1.17303964236125
1.77736006683375	0.842710477907611
3.17929292929293	0.537829881117017
2.99846232199173	1.82092656864304
2.01309523809524	0.75
2.40064102564103	1.54948474766121
2.60138888888889	1.7717954902469
3.28571428571429	0.858629662869379
2.69444444444444	1.80705066303229
3.4952380952381	1.4142135623731
2.33333333333333	1.4142135623731
2.68531533825651	1.39919531998282
1.77666666666667	2.0238199579563
2.60634920634921	0.54997194092287
2.50530303030303	1.44337567297406
