NA	NA
NA	NA
1.33333333333333	0.707106781186548
1.5	0.707106781186548
0.816666666666667	0.235702260395516
1	0.707106781186548
1.64166666666667	0.200346921336188
1.5	0.471404520791032
1.38333333333333	1.39064333633354
1.4625	0.592135964116351
1	0
1.41666666666667	0.58925565098879
NA	NA
NA	NA
1.25	0.353553390593274
1.33333333333333	0.707106781186548
NA	NA
NA	NA
1	0
1.22222222222222	0.346944333244355
1	0.707106781186548
NA	NA
1	NA
1	NA
1	NA
1.66666666666667	0.707106781186548
1	0
1	NA
1	0.707106781186548
1	NA
1	NA
1	0.707106781186548
1.5	1.64991582276861
1.5	0.707106781186548
1	0.707106781186548
1	0
NA	NA
NA	NA
NA	NA
1	NA
1.76666666666667	0.0942809041582063
1	NA
1	0.707106781186548
1.38888888888889	0.891056385130302
2	NA
NA	NA
0.583333333333333	0.353553390593274
NA	NA
1	0
1	NA
NA	NA
1	0.707106781186548
1.12619047619048	0
1	0.707106781186548
1.86666666666667	0.707106781186548
NA	NA
1	NA
NA	NA
1.5	0.707106781186548
1	NA
NA	NA
2	0.707106781186548
1.38888888888889	0.891056385130302
NA	NA
NA	NA
1	NA
1	NA
NA	NA
1.29166666666667	1.1195857368787
2.01666666666667	1.15494107593803
NA	NA
NA	NA
1	0.707106781186548
1.5	0.471404520791032
NA	NA
1.16	1.10513950853878
1.90079365079365	0.783282974692373
1	0.707106781186548
NA	NA
1	0
1.90833333333333	0.247487373415291
1	0
NA	NA
NA	NA
NA	NA
1.625	0.294627825494395
1	0.707106781186548
1	NA
1	NA
1.58333333333333	1.4142135623731
NA	NA
1	NA
NA	NA
NA	NA
1.75	0.707106781186548
NA	NA
NA	NA
1	0.707106781186548
NA	NA
NA	NA
