2	NA
NA	NA
NA	NA
1.875	0.530330085889911
1.25	0.353553390593274
2.03333333333333	0.424264068711928
1.38888888888889	0.458964212273842
1.45833333333333	0.883883476483184
1	0.5
2.16886446886447	1.68351573965135
NA	NA
1.22222222222222	0.822147143719374
NA	NA
1.44444444444444	0.254587538608658
1.83333333333333	1.06066017177982
NA	NA
1.33333333333333	1.4142135623731
1.33333333333333	0.707106781186548
1.875	0.530330085889911
1.99166666666667	0.247487373415292
NA	NA
1.25	0.763762615825973
1.33333333333333	0.707106781186548
0.916666666666667	1.15470053837925
1.33333333333333	0.707106781186548
1	0.707106781186548
2.225	1.02530483272049
2.16666666666667	0.589255650988789
NA	NA
1	0
1.73333333333333	1.53206469257085
1.80952380952381	1.29636243217534
0.925	0.506759859850359
1.68055555555556	1.17062819476142
1.08333333333333	1.06066017177982
1.64444444444444	1.38777733297742
1.33333333333333	1.06066017177982
1.83333333333333	1.41421356237309
NA	NA
NA	NA
2.43154761904762	0.795495128834866
NA	NA
1.88888888888889	1.26197963240006
1.66666666666667	0.707106781186548
1.66666666666667	0.707106781186548
1.41666666666667	0.117851130197758
1.68333333333333	0.353553390593274
1.3	1.03319891598859
NA	NA
1.25	0.353553390593274
1.58333333333333	0.58925565098879
1	NA
1	0.707106781186548
1.68333333333333	0.919238815542512
2	1.7925772879665
2.51190476190476	0.250212494725996
1.25	0.824957911384305
NA	NA
2.30079365079365	1.45349727243901
1.91666666666667	1.29636243217534
1.41666666666667	1.64991582276861
1.875	0.0589255650988789
1.25	1.06066017177982
1.25	0.353553390593274
1	0.707106781186548
1.5	1.64991582276861
1.66666666666667	0.942809041582063
NA	NA
1.66666666666667	0.707106781186548
NA	NA
NA	NA
1.33333333333333	0.707106781186548
1.66666666666667	0.707106781186548
1	NA
1.89166666666667	1.26100709311601
1	0
1.41666666666667	0.58925565098879
2.11666666666667	0.707106781186548
2.25952380952381	0.707106781186548
NA	NA
2.37896825396825	1.16666666666667
1	0
NA	NA
NA	NA
1.58333333333333	0.6557438524302
1.58333333333333	0.707106781186547
1.96785714285714	1.88561808316413
1.45833333333333	0.883883476483184
1.68333333333333	0.259272486435067
1.54166666666667	0.648181216087669
2.44166666666667	0.854400374531753
1.5	0.471404520791032
1.58333333333333	0.824957911384305
1	0.707106781186548
1	0
1.41666666666667	1.06066017177982
1.46666666666667	1.16761865920913
1.66666666666667	0.707106781186548
1	0.707106781186548
1.28333333333333	0.235702260395516
