3.19126984126984	1.29518265520939
2.04969336219336	0.990317193253604
3.70238095238095	0.707106781186547
2.36060606060606	2.63129432514267
1.07484817813765	0.388694021115804
1.65	1.76776695296637
2.51767676767677	0.707106781186548
1.08333333333333	1.06066017177982
1.60515873015873	0.648181216087668
2.01911663216011	0.421213585925411
3.43065476190476	1.01646599795566
1.72115384615385	1.10248335025293
2.53571428571429	1.06066017177982
2.7273440285205	1.15381226759269
1.98133116883117	0
2.55	1.06066017177982
2.7724358974359	1.85388893272627
3.66666666666667	0.707106781186548
2.41904761904762	2.07076070240415
2.38014069264069	1.57527187541754
2.57857142857143	1.76776695296637
2.77440395861448	0
2.94542589763178	1.3873825341698
3.24723479135244	1.89296944860009
3.28095238095238	1.64991582276861
2.16666666666667	1.89296944860009
3.02380952380952	0.0336717514850739
2.61333333333333	1.50756886704684
2.24255952380952	1.39194109070751
3.94663742690059	0.00310134553152003
2.73658008658009	1.13720574857875
3.23241758241758	0.924678098474716
3.08968253968254	1.31035759891605
2.46111111111111	0.0549971940922868
3.0474358974359	1.38701714771207
1.64444444444444	1.18356805183873
2.91071428571429	1.23743686707646
2.35714285714286	0.353553390593274
2.65220214568041	1.37281029690979
3.49005602240896	1.53483766034021
2.38609307359307	0.707106781186548
2.02222222222222	1.34412301024373
2.45	0
1.06038961038961	0.529599099896866
2.63888888888889	0.353553390593274
2.5530303030303	1.84694343954289
2.58333333333333	0.982768199187038
2.17380952380952	1.53206469257085
2.08333333333333	0.353553390593274
2	2.00346921336188
1.85148555148555	1.4537432533099
3.00833333333333	1.83847763108502
1.33333333333333	1.4142135623731
1.15	0.235702260395516
3.0986050986051	1.27861114710326
1.72261904761905	1.06907810965109
2.27792207792208	0.87734337916159
1.5201690821256	0.821272808549692
3.27615198810851	3.09658114563094
1.41666666666667	0.117851130197758
1.56894841269841	0.272881485993618
1.41666666666667	0.58925565098879
3.17857142857143	1.24922198009623
3.57857142857143	0.171725932573876
2.13447001989201	1.49190656516682
1.5	1.4142135623731
4.2275641025641	0.707106781186548
1.88012820512821	0.361324723144647
1.5719696969697	1.17851130197758
1.59821428571429	0.795495128834866
2.72916666666667	0.0294627825494394
1.55068226120858	0.353553390593274
0.803571428571429	0.530330085889911
2.81466588966589	1.46994687035039
2.86036324786325	0.150335736598422
2.33333333333333	1.48136573621926
2.23780663780664	2.0992944140918
2.33434343434343	2.59982575762359
3.15942028985507	1.25259654703373
2.31296154825567	0.942809041582063
3.71315476190476	2.12308811051261
2.53434682964095	1.13074346492922
3.00833333333333	0.648181216087668
2.29166666666667	0.530330085889911
2.59848484848485	1.06066017177982
2.36825396825397	1.40092561993583
1.80980392156863	1.14523568874527
2.65689865689866	1.16983275682819
2.52380952380952	1.82014427177299
2.28095238095238	1.11116779900743
1.865541002541	1.19873316297764
2.23095238095238	2.03040661454994
2.3125	0.972271824131503
2	1.4142135623731
3.59365079365079	0.707106781186548
1.2	1.27279220613579
2.57936507936508	1.36003757006485
3.38598484848485	1.01232079324182
2.5719696969697	1.4142135623731
2	0.707106781186548
