1.33888888888889	1.26197963240006
1.38888888888889	0.26787918780536
NA	NA
1.25	1.06066017177982
1.78333333333333	0.400693842672377
1	0.707106781186548
NA	NA
1	0
1.25	1.06066017177982
2.18809523809524	1
2	0.353553390593274
2	NA
1.58333333333333	0.707106781186547
1.25	1.06066017177982
1	NA
1	0.707106781186548
1	0
1.25	0.353553390593274
1.55555555555556	1.45614915800902
1	0.5
1	0
1.13888888888889	0.917928424547684
1.58333333333333	0.824957911384305
1	0.707106781186548
1.58333333333333	0.707106781186547
1	0
NA	NA
NA	NA
1	NA
1.33333333333333	1.4142135623731
1.70714285714286	0.895947034391751
1	0.707106781186548
1.5	0.471404520791032
0.933333333333333	0.141421356237309
1.5	0.707106781186548
2.16666666666667	0.707106781186547
1	NA
NA	NA
1.45	0.763762615825973
1.625	0.294627825494395
1	0
1.83333333333333	0.353553390593274
1.80833333333333	0.388908729652601
0.708333333333333	0.176776695296637
1.55555555555556	0.917928424547683
1.58333333333333	0.707106781186547
1.95952380952381	1.06066017177982
0.775	0.294627825494395
NA	NA
1.39166666666667	0.978164380641391
1	0
1	0.707106781186548
2.53571428571429	0.707106781186548
0.483333333333333	0.117851130197758
NA	NA
2.78095238095238	1.4142135623731
2.1547619047619	1.2795265564328
1.5	0.471404520791032
1	0
NA	NA
1.5	1.12583302491977
NA	NA
NA	NA
1	0.707106781186548
1.25	0.353553390593274
NA	NA
0.4	0.4
1.86666666666667	0.707106781186548
2	0.353553390593274
1.95	2.12132034355964
1.33333333333333	1.4142135623731
1.25	0.353553390593274
1	NA
NA	NA
1	0
1	NA
NA	NA
1.41666666666667	1.06066017177982
1.75	1.4142135623731
2.06904761904762	0.858629662869379
1	0.707106781186548
1.25	1.06066017177982
1.66666666666667	1.41421356237309
1	0.5
1.96785714285714	1.36875669786825
1.5	0.707106781186548
NA	NA
1.33333333333333	0.707106781186548
0.875	0.766032346285426
1.25	0.824957911384305
1.70833333333333	1.23743686707646
1	0
1	0
NA	NA
0.875	0.530330085889911
1.25	0.763762615825973
1	0.707106781186548
2	1.17851130197758
1.5	0.707106781186548
1.41666666666667	0.58925565098879
