1.4375	0.791666666666667
1.72222222222222	0.63098981620003
1.25277777777778	0.978105216638177
1.44444444444444	1.27598908621827
2.16998556998557	1.18159285654121
1.47222222222222	0.473853391923111
1.52777777777778	0.554860676539949
1.05555555555556	0.63098981620003
1	0.5
1.52777777777778	1.08759844169177
1.33333333333333	0.763762615825973
1.66666666666667	0.721687836487032
1.64285714285714	0.615143365845896
1.78333333333333	0.608276253029822
1.77777777777778	1.00461896222362
2.13703703703704	0.933487641565078
2.22200854700855	1.23562682119028
1.41666666666667	0.80363756341608
NA	NA
1.85555555555556	0.367549442378291
1.72916666666667	0.537376170059808
2.45606060606061	0.763762615825973
1.13333333333333	0.975106831754005
1.43888888888889	1.1874731965786
1.7	1.25830573921179
2.01666666666667	1.10437891041878
1.51785714285714	1.08211928310013
1.625	0.820738150149675
NA	NA
1.5625	0.562628586125808
1.54571428571429	0.801354201531017
1.86875	1.48862002651225
1.5	0.629152869605896
1.64338624338624	1.60816807067726
1	0
1.58333333333333	0.793725393319377
1.41666666666667	0.520416499866533
1.76111111111111	0.787635937708768
2.11666666666667	1.23322071557906
1.5	0.707106781186547
1.48181216931217	1.10175941020532
1.31515151515151	0.951071520463649
2.26031746031746	1.58361138506151
1.61111111111111	0.419435246403931
2.56754356754357	1.54189431835536
1.94285714285714	0.961114715629014
NA	NA
1.25	1
1.66666666666667	1.88561808316413
2.28690476190476	0.970931683144253
1.48333333333333	0.432370725702428
1.65	1.42857142857143
2.1787037037037	0.666714890231174
2.16388888888889	1.28509979436676
1.75595238095238	0.935868762239693
NA	NA
1.90555555555556	0.693888666488711
1.81666666666667	0.932886797943769
1.87777777777778	0.830049083778472
1.71666666666667	0.539289656245448
1.61666666666667	1.04083299973307
1.33333333333333	1.15108644332213
1.83888888888889	0.917928424547684
2.26428571428571	1.0154922401456
1	0.5
2.35865384615385	0.925204962232715
1.65	0.941777279639111
1.28	0.733655232380987
1.71	0.908570305479989
2.08452380952381	0.954703269782467
1	0.763762615825973
1.59761904761905	0.611906305970506
NA	NA
1.3625	1.44820290935582
2.6025641025641	0.959677686688305
1.16666666666667	0.726483157256779
1.31723484848485	1.08779795833057
1.5	0.629152869605896
1.27777777777778	0.751541625470482
1.05	0.973503124459975
1.27777777777778	0.693888666488711
1.79444444444444	0.838870492807861
1.41666666666667	0.117851130197758
NA	NA
1.86287878787879	1.40113098748016
1.53333333333333	0.75
2.01666666666667	1.06340647606328
NA	NA
NA	NA
1.96746031746032	1.18984110043874
NA	NA
1.87294796706561	1.20699579958392
2.31377387318564	1.12031352002492
1	0.707106781186548
1.91666666666667	1.15470053837925
1	0.707106781186548
2.46002747252747	1.46656899036835
2.06349206349206	0.962639197854343
2.10833333333333	0.613901457890434
1	0
