1.89484126984127	0.478133436942343
1.16666666666667	0.288675134594813
1.35555555555556	0.515410659715288
1.5	0.62449979983984
NA	NA
1.5	0.707106781186548
NA	NA
NA	NA
1.85396825396825	1.11432980512416
NA	NA
NA	NA
1.44444444444444	1.27293769304329
1.77777777777778	1.00461896222362
1.76666666666667	0.617341972581738
1.27777777777778	0.965852147261873
NA	NA
1	0.707106781186548
1.11111111111111	1.07151675122144
1.87916666666667	0.65684193420534
1.22222222222222	0.917928424547684
NA	NA
1.425	0.596983156285744
NA	NA
1.65	0.763762615825973
1.27777777777778	0.63098981620003
NA	NA
1.25	1.06066017177982
NA	NA
1.22222222222222	0.917928424547684
2.35833333333333	0.901849950564579
1.5	0.629152869605896
NA	NA
1.67666666666667	0.60559887714559
NA	NA
1	0.5
1.54444444444444	0.467063323488527
NA	NA
1.16666666666667	0.577350269189626
1.16666666666667	0.577350269189626
1.72777777777778	0.630989816200031
1.38888888888889	0.673575314054563
NA	NA
1.97037037037037	0.70844407267986
1.27777777777778	0.693888666488711
1.67222222222222	0.917928424547684
1.44444444444444	0.254587538608658
1	0.707106781186548
NA	NA
1	0.707106781186548
1.89444444444444	1.07151675122144
1.45	0.763762615825973
1.33333333333333	0.577350269189626
1.5	0.726483157256779
1	0
NA	NA
NA	NA
1.83333333333333	0.707106781186548
1.76507936507936	0.917928424547684
1.33333333333333	0.235702260395516
1.46666666666667	0.523874454850057
1	0
1.83333333333333	0.381881307912987
1.63333333333333	0.975106831754005
1	0.5
2.22738095238095	1.40867845869808
1.93518518518519	0.305976141515895
1.44444444444444	0.0962250448649377
1.22222222222222	0.346944333244355
1.27777777777778	1.08759844169177
NA	NA
1	0.5
1.91666666666667	1.53206469257085
1.38888888888889	0.834721066739818
1	0.763762615825973
1.44444444444444	0.673575314054563
1	0.707106781186548
1	0
NA	NA
1.16666666666667	0.577350269189626
1.25	0.645497224367903
1.43333333333333	0.313876597596123
1.5	0.749814791946799
1.78888888888889	1.4276372607032
1.38888888888889	1.00461896222362
1.88333333333333	0.539289656245448
1.66666666666667	0.707106781186548
1	0
1.27777777777778	0.254587538608658
1.25	0.799305253885453
NA	NA
NA	NA
NA	NA
1	0.866025403784439
1	0
0.958333333333333	0.946484724300046
1.73928571428571	1.14731274315779
1.16666666666667	0.288675134594813
1.36111111111111	0.838870492807861
1.52222222222222	0.367549442378291
1	0.763762615825973
