1.8	0.778888096369862
2.05887445887446	0.736938131484761
1.16666666666667	0.577350269189626
1.44444444444444	0.509175077217316
NA	NA
1.71111111111111	0.793258633271179
1.63888888888889	1.25966632854072
1.66666666666667	1.17851130197758
NA	NA
2.03571428571429	0.763762615825973
1	0.707106781186548
1.5	1.08972473588517
0.722222222222222	0.315494908100015
1.41666666666667	0.80363756341608
NA	NA
1.84232804232804	0.94766203052305
1.16666666666667	0.763762615825973
1.41111111111111	0.906968903873001
1.36111111111111	0.63098981620003
1.73492063492063	0.692878961092132
NA	NA
1.5	0.687184270936277
1	0.707106781186548
1.08333333333333	1.33680104616844
1.27777777777778	0.509175077217316
1.33333333333333	0.763762615825973
1.16666666666667	0.680413817439772
1.76666666666667	0.55075705472861
1.58333333333333	0.661437827766148
1	0
NA	NA
NA	NA
0.805555555555555	0.167774098561572
1.38888888888889	0.458964212273842
1.42857142857143	1.44317928197064
1	0.763762615825973
1.63492063492063	1.12968935321595
2.43333333333333	0.0942809041582063
NA	NA
1.33333333333333	0.763762615825973
1.41666666666667	1.23322071557906
1.27777777777778	0.914137926216907
1.25	1.73205080756888
1.54444444444444	1.26384920572623
1.73333333333333	0.251661147842358
1.33333333333333	0.440958551844098
2.54761904761905	1.11116779900743
1	0.707106781186548
1.7781746031746	1.08379133001439
1.55	1.01159939369957
1.1875	0.800390529679106
2.13690476190476	1.12036080497906
1.75555555555556	0.655178799458025
1.75	0.577350269189626
NA	NA
1.61111111111111	0.502309481111809
1.25	0.763762615825973
1	0.707106781186548
1	0
1	0.707106781186548
1.53333333333333	0.873212459828649
1.42777777777778	0.526079137829338
NA	NA
1.54444444444444	1.53481208887217
1.76111111111111	1.05847549351431
1	0.707106781186548
NA	NA
1.5	1.4142135623731
1.5	0.707106781186548
1.45634920634921	0.436165089023459
1.41666666666667	0.916666666666667
1.3125	0.698460608926675
1.36111111111111	0.63098981620003
1	0.5
1.53888888888889	0.567972351961425
NA	NA
NA	NA
1.45	1
NA	NA
1.38730158730159	1.1898101311336
1	0.824115687671741
1	0.5
1.73071428571429	1.04866979232422
1	0.5
1.5	1
NA	NA
1.63051948051948	0.904915154588845
NA	NA
1.52222222222222	0.931148235801925
1.84571428571429	0.976217188949263
1.32142857142857	0.873358518616963
1.25	0.967049732529401
1.83333333333333	0.381881307912987
NA	NA
NA	NA
NA	NA
1.4375	0.613788327610676
1.96031746031746	1.10887494651758
1.45809523809524	0.736142963414739
NA	NA
