0.987301587301587	0.38490017945975
3.11516563146998	1.60398340187628
1.84103519668737	0.273712832281875
2.49747474747475	1.42403485485076
2.86666666666667	2.78223531235827
3.37301587301587	2.15012065372755
2.42434210526316	1.50054333803657
1.68888888888889	1.96553639837408
1.71309523809524	0.652086887727303
1.5	0.520416499866533
2.1455733808675	1.66129709810936
1.61952380952381	0.331788084977947
2.78589743589744	0.677271120219007
2.60563325563326	1.58487783245552
1.83888888888889	0.693888666488711
2.10340909090909	1.11892708390676
2.60478927203065	1.95002374154588
1.71975357975358	1.13486381195019
2.36227106227106	1.3144166514666
3.05713012477718	1.3242451475845
1.96099744245524	0.876392074736671
2.77301587301587	0.693757937313722
1.61366396761134	1.01405974898683
1.475	0.969750827102853
2.05357142857143	1.65574653816321
2.83112116641528	1.4088450518896
2.34444444444444	1.23393378776683
2.70933977455717	2.114794855003
1.98160589410589	1.10163439630315
NA	NA
1.11111111111111	1.07151675122144
1.71666666666667	0.460675832036175
2.9153181431142	1.60155231273363
2.41085858585859	1.26197963240006
1.5525641025641	0.550964179873642
1.69368686868687	1.48928045284212
1.30904761904762	0.86229174422245
1.58222222222222	1.42407864951343
2.55948071536307	0.940327094949051
2.08150183150183	1.27096206232171
2.66682330827068	1.14446540926959
1.70470085470085	1.04148052248717
2.4391323953824	1.21299441035495
2.10277777777778	1.16691465618305
2.65808468314862	2.13109500468137
0.984126984126984	0.754083115728671
2.1527731092437	1.39316053073151
2.75	1.62529432185468
2.22063492063492	1.09172659993692
2.39521116138763	1.46276518414384
2.00429838602108	1.43737542181346
3.0140056022409	0.895135501390638
1.47142857142857	0.130591132316701
2.10714285714286	1.14978061596663
1.75555555555556	0.750061725855008
NA	NA
2.69833150651565	1.72732558596041
2.30833333333333	0.851197413669142
2.24702380952381	1.65255862797555
2.17063492063492	1.00879020631452
1.76388888888889	1.01984078732
1.80555555555556	0.647287788762836
2.02380952380952	0.894997434724405
0.731349206349206	0.216339365554296
1.42222222222222	1.539600717839
3.30191622103387	0.804173000588824
2.32070546737213	1.45590905963123
1.78529411764706	0.721687836487032
1	0.707106781186548
3.19656084656085	1.85451811082135
2.5537037037037	1.55786865059616
2.05939393939394	1.65907167554923
2.21428571428571	1.42628785739562
NA	NA
1.29791666666667	0.916802388942334
1.37483812483812	0.705293280633162
1.43777777777778	0.878528160274366
2.68453525641026	0.714722766886516
1.63333333333333	1.56240555270106
1.74911976911977	1.48193522907705
NA	NA
2.30862470862471	1.46236773966124
1.96356504287539	1.57036830943905
2.51826923076923	0.93414504890118
2.27777777777778	1.15470053837925
2.36402714932127	1.65688246884652
1.68614718614719	1.16876002669496
1.78869047619048	1.19332991296587
1.50055304172951	0.592852923047297
1.50541125541126	0.440307305658194
1.95178571428571	0.747841754818112
1.34350649350649	1.3513822468354
2.6468253968254	1.8640110077564
2.38892001244942	1.33222579347264
2.55972222222222	1.69823422577591
2.15833333333333	1.65082050306305
1.95405982905983	1.26397513270423
1.80326079149609	1.12468981191238
2.32811864061864	0.871185496442084
2.07193338874011	1.51397147735237
