3.14836015433842	1.62729923390697
1.00033068783069	0.614007429138173
2.6110347985348	1.60599952286905
2.12880844645551	1.58917073010723
1.25	1.29711217710728
2.91928104575163	1.39887509501823
3.50799793601651	1.68809403989761
2.51228632478632	1.40702201990111
2.14335664335664	1.42143941112908
2.00050125313283	1.34844476230562
2.16666666666667	1.51076384898746
2.43359128784754	1.10274817677025
2.4729797979798	0.943005439676389
3.71969696969697	1.73205080756888
2.32222222222222	0.693888666488711
1.18600288600289	0.854247600838109
1.90875224921278	0.763274238646788
3.16752136752137	0.396054948516159
1.97222222222222	1.4174834246859
2.04252136752137	1.45738262426921
2.09226778656126	1.06136007261479
1.46633892423366	0.827186025470469
2.54883040935673	0.38490017945975
2.20478632478632	1.31660537145418
1.96666666666667	0.5
2.60277777777778	1.16761865920913
2.13095238095238	1.54619898218729
2.48044791465844	2.0482188121251
1.84779411764706	1.39046854613032
2.68888888888889	1.30259712085482
0.884126984126984	0.821070775538219
2.68910256410256	1.08012344973464
2.01086956521739	0.845745827267758
2.98862956001114	1.59088062843343
2.13333333333333	1.3024194010749
2.07777777777778	1.16312955872094
2.00873015873016	0.64786555765931
1.78608269394714	1.06547849899595
2.17991452991453	1.30408191062894
2.0258891435362	0.379165779127386
2.31153846153846	0.974315113722661
1.69488636363636	1.32953234259269
3.52377073906486	1.56614175603615
1.52991452991453	0.519349464116131
2.24791666666667	1.4943624770995
2.15965344395471	0.645045186761354
2.68549783549784	1.65485073332005
3.34166666666667	1.18634202800348
1.14361959361959	0.79164276751381
2.51782661782662	0.375770812735241
2.77861952861953	2.20432608702578
2.51123737373737	0.366606465234869
2.31504116798234	1.49596341623997
2.00833333333333	1.88767935130237
2.7030562030562	0.514994206096583
2.4047619047619	1.66458202961985
3.44188311688312	0.918246744254143
1.93809523809524	1.41394897386019
1.8797376945168	0.932439551448274
2.77056277056277	0.264148535933502
2.14166666666667	1.09984566818584
3.26715337607694	0.45576282006193
2.95260989010989	0.892457527741501
2.70670995670996	1.18647102730011
2.46017094017094	0.917284891042389
2.1437908496732	0.734342739638147
2.32857142857143	0.69164651775149
2.82222222222222	1.93974034153868
2.44242424242424	1.7070668220624
1.88907782276203	1.030976978042
2.38432009167303	1.4334772906667
2.80416666666667	1.89225394701663
3.11640211640212	1.2933910863407
1.7989417989418	1.28780286301583
2.38333333333333	1.2255950935498
3.2557876905703	1.00154356649094
1.92619047619048	1.22126843840306
2.64380006183075	1.38037137892644
1.7	0.484576944163478
3.08034176349966	1.90766927346557
1.85326086956522	1.20571616178018
2.51585695006748	1.32484275796539
2.91171158590513	1.56029519023045
2.61737400530504	0.935625432422194
1.7739898989899	0.736974315254899
2.21597222222222	0.718086896658241
2.8890977443609	0.908831724688129
2.02204736440031	1.11084428648028
2.53632677708765	0.775915673462743
3.47052287581699	1.67333776006497
1.93333333333333	0.866025403784439
1.76554112554113	1.14917566599107
2.86111111111111	1.24474202791156
3.39924450549451	2.07686047581938
1.86572802197802	1.52583716194036
2.83285486443381	1.27637464382718
2.53244650086755	1.20156968821725
2.60512730733319	1.32231395859975
2.62431502574505	1.35323516044616
2.95454545454545	1.25597913601694
