1.58333333333333	1.29903810567666
1.8	0.950438495292217
2.15621693121693	1.47709736678845
1.16666666666667	0.577350269189626
1.47222222222222	1.33555370678371
1.97380952380952	1.01351412637108
0.783333333333333	0.577350269189626
1.5	0.707106781186548
2.625	0.763762615825973
NA	NA
1.38888888888889	0.458964212273842
1.66666666666667	1.58989866902824
1.71111111111111	0.247393823091248
2.60396825396825	0.501744876795746
1.48035714285714	1.125
NA	NA
1	0.5
2.23868686868687	0.702659448327121
1.75	0.353553390593274
2.33809523809524	1.25299640861417
2.26904761904762	1.04189997387252
2.07094757094757	0.703196876115216
2.11587301587302	1.03619674951416
1.7	0.726483157256779
1.73333333333333	0.513160143944688
2.06666666666667	1.11574995370095
1.87857142857143	0.801051604748026
1.5	0.763762615825973
1.36772486772487	1.20856799573675
1	0
NA	NA
1.06111111111111	0.63098981620003
1.72916666666667	0.538537972800571
1.22222222222222	0.346944333244355
2.03611111111111	1.21049614866216
1	0
1.61111111111111	0.66840052308422
NA	NA
1.4	0.912870929175277
1.53333333333333	0.871354841186562
1.53333333333333	0.877971146071062
1.5	0.408248290463863
1	0.5
NA	NA
2.38003246753247	0.808845128672276
1.11111111111111	0.673575314054563
1.44444444444444	1.51229528764624
1	0.707106781186548
0.744444444444444	0.340070798728953
2.09523809523809	0.763762615825973
1.78234126984127	0.891239834451315
1.73333333333333	1.04960309958892
1.98194444444444	1.19979743660707
2.25555555555556	0.763762615825973
1.36111111111111	0.994196120454071
2.46666666666667	1.00461896222362
1.4	0.634209919681348
2.03888888888889	0.488502056555813
2.13888888888889	1.04671001325671
1.63333333333333	0.55075705472861
2.79552392052392	1
0.90952380952381	0.23094010767585
1.90833333333333	1.10867789130417
1.55555555555556	0.481125224324688
NA	NA
1.75	0.611918658356194
2.03690476190476	0.364555352019853
2	1.10151410945722
1.37626262626263	1.23475746395657
2.27428266178266	0.990986871898984
1.29166666666667	0.610479471550997
1.31746031746032	0.45070701157145
1.83333333333333	0.763762615825973
1.05555555555556	1.1097213530799
1.85555555555556	0.422075998071613
1.96488095238095	0.945947267054763
1.25555555555556	1.04194440741728
1.58333333333333	1.04083299973307
1.65714285714286	0.966412508616419
1.98677248677249	0.283121317381954
1.99537037037037	1.15947962643387
1.84166666666667	0.822653790642977
1.66666666666667	1
1.84444444444444	1.08961635193615
1.86111111111111	0.850258675236434
1.975	0.106392877790031
NA	NA
1.45555555555556	1.06736088520203
1.16666666666667	0.288675134594813
1.16666666666667	0.288675134594813
2.11111111111111	1.14934227030984
1.25	0.844371341865037
1.37222222222222	1.26944140529663
1.57777777777778	1.44773130308284
2.00042735042735	0.366025828131735
1.49285714285714	1.29095248829479
2.27458133971292	0.407591780466428
1	0.5
1.66666666666667	1.14054080739504
1.93650793650794	0.849947755274935
