2.12590187590188	1.20702779577491
1.40631313131313	1.00867791166288
2.16922514619883	0.461694424998271
1.9637987012987	1.2245164053606
1.67867965367965	0.81143142279295
1	0.763762615825973
2.34609116373822	1.61370344902988
1	0.5
2.4	0.677637593654111
1.78333333333333	1.04053642386161
1.375	1.26655701279756
1.97222222222222	0.904924797366548
1.82291666666667	1.79420846831626
1.92460317460317	0.897387097590918
2.67910353535354	0.411248538349825
1.66428571428571	1.24703275937236
1.36666666666667	0.99666109251507
1.98787878787879	0.905066851403609
1.575	1.00228904679904
1.1875	1.17728304598782
1.70952380952381	0.988475256813914
1.34666666666667	0.997942327436255
1.63928571428571	1.0694054974208
1.47321428571429	1.05138493860034
1.52559523809524	0.78706332600263
1.90333333333333	0.850685997690491
1.62454212454212	1.24664098946479
1.39166666666667	0.328999605988732
1.68666666666667	0.939666016317618
2.02127705627706	1.16637569910484
1.83674242424242	1.11942348117734
1.94832875457875	0.837516294543691
1.80972222222222	1.27172782727542
2.07857142857143	0.709285851933539
1.96666666666667	1.06840136722183
1	1.15470053837925
1.29908008658009	0.684859547276127
1.49007936507937	1.00324492419795
1.25119047619048	1.35274070220697
2.31047619047619	0.67193201321673
1.46	0.372976019485316
1.79166666666667	1.07475234011962
NA	NA
1.80416666666667	1.25715544576429
1.4702380952381	1.08838815046011
2.41558441558442	1.73205080756888
1.5875	0.896327383146235
2.07820512820513	1.27528180743039
1.62796536796537	1.50650353905203
1.6875	1.09293819079072
1.6152417027417	0.651809825411495
1.43333333333333	0.535066627903756
1.47904761904762	0.936683733836325
1.52083333333333	0.718070330817253
1.76603872318158	1.16632632374621
1.74722222222222	0.761898079225543
1.92261904761905	1.48590314733677
1.57824074074074	1.05808821405603
1.57428571428571	1.20469002702956
1.79886363636364	1.04117577965117
1.65694444444444	1.2536705367898
1.66785714285714	1.15470053837925
2.31503596653973	1.02224150976096
2.09184149184149	1.20403254174564
2.20708180708181	1.15470053837925
2.06666666666667	1.50996688705415
1.38809523809524	0.559079526414294
1.82946428571429	0.627242292890817
1.27083333333333	0.730851228717937
1.725	0.808462189042327
1.34571428571429	1.3281130801786
2.0187996031746	1.61582112782915
2.07731092436975	1.73229375689965
2.16666666666667	1.29582663449501
1.36662087912088	1.18089986399762
1	0.763762615825973
1.90238095238095	1.02020406122041
1.35833333333333	0.461579414137541
1.33333333333333	0.827759134763963
1.9156746031746	1.22656658929207
2.04142857142857	1.23001207523155
1.46230158730159	1.00208116770383
2.45340909090909	0.99486697217121
2.23122710622711	0.948183458381499
2.0521978021978	1.34750125684105
2.21666666666667	1.45398160235953
1.70238095238095	0.876004983815986
2.56071428571429	1.37411072046937
1.325	0.673362210601892
1.58376623376623	1.63721858463601
2.02409090909091	1.72735092526338
1.53392857142857	1.39859471501602
1.5	1.15470053837925
2.07035714285714	1.4131991251378
2.23939393939394	1.16406415264534
1.4875	1.16072893763646
1.71587301587302	0.810671455410131
1.62946428571429	1.22207445058556
2.13477633477633	1.462336878469
1.13333333333333	0.673403461694564
