1.5	1
1.69236111111111	1.32861312441287
1.40416666666667	0.659457549247303
2.07420634920635	0.678653109351123
1.63333333333333	0.161015297179883
1.59047619047619	0.680219385712001
1	0.763762615825973
NA	NA
1.4	0.983192080250175
1.27083333333333	0.794585263354878
1.125	0.60284817817252
1.4125	0.642820031262711
1.20833333333333	0.671854812358212
1.3625	0.427822869196362
1.96666666666667	1.03682206766639
1	1.15470053837925
1.55952380952381	1.0688389339216
NA	NA
1.39583333333333	0.755764881134044
1.35	0.775940289798985
1.6	1.12150692275071
1.3	0.842614977317636
NA	NA
1.63214285714286	0.865465546538335
1	0.577350269189626
1.55238095238095	0.468783665961615
1.44285714285714	0.872388230370972
1.4625	0.693004061769936
1.4125	0.941371635198106
NA	NA
1.16666666666667	0.577350269189626
1	0.942809041582063
1.16666666666667	0.652630006915041
NA	NA
1.25	0.561083607686782
1.0625	0.727677049857207
1.32095238095238	0.909789290598643
1.35416666666667	1.13115599670819
1.125	0.515949322805742
1.39021164021164	1.18146261450163
1.68888888888889	1.46542412838035
1.20555555555556	1.1296836659814
1.375	0.682112730989371
1.21309523809524	0.907809195758255
NA	NA
NA	NA
NA	NA
1	0.799305253885453
1.66666666666667	0.656167322834318
1.475	1.09582541188518
NA	NA
1.33333333333333	0.763762615825973
1.3125	0.708333333333333
1	0.645497224367903
1.65	1.14309521329882
1.4	0.641756847919718
NA	NA
1.125	0.533593686452737
1.375	0.159571184626056
1.6984126984127	1.07657256497383
1	0.707106781186548
NA	NA
1.375	0.493006648591635
1.35416666666667	0.349437378483587
NA	NA
1.44333333333333	0.859311740095913
1.3125	0.501733107449679
1.33333333333333	0.90267093384844
1.46666666666667	0.854400374531753
NA	NA
1.69642857142857	1.31793833362839
1.45714285714286	0.727487132769145
1.08333333333333	0.616140917022745
1	0.623609564462324
1.375	0.322748612183951
1	0.957427107756338
NA	NA
1.4	0.58309518948453
1.28	0.704982269280583
1	0.805076485899413
2.00414862914863	1.37013742136069
1.38888888888889	0.917928424547684
1.70535714285714	1.10632650394598
1.11	0.77965448187714
1.83333333333333	0.877971146071062
1.16666666666667	0.645497224367903
1.3125	0.850857410694256
1.68988095238095	0.953101661827204
NA	NA
2.00811688311688	1.35623564362207
1	0.652630006915041
1	0.577350269189626
NA	NA
0.866666666666667	0.312694383988229
1.425	0.603462233007722
1.67888888888889	0.893368213520155
1.125	0.975391659226636
1.98125	0.814548699178467
NA	NA
NA	NA
