2.72150793650794	2.16229384303874
2.13869047619048	1.50641320824276
1.89087301587302	0.417994106195663
2.47916666666667	1.62813669009474
1.78439393939394	1.65778241606872
1.63457792207792	1.73216695278339
2.02083333333333	1.65726871329228
1.42478354978355	0.779943364528642
1.93043345543346	1.26212550325157
1.56111111111111	0.709510465367575
2.61671694318753	1.00822440901086
2.03	1.00681014430064
1.89208683473389	0.598903532713625
1.66612554112554	0.769023204805815
2.71369047619048	0.89611232010805
1.97638888888889	1.19801254313047
2.38541666666667	1.54274549340045
2.27399184149184	1.11976194815791
2.2958152958153	1.58529632165841
2.21071428571429	1.23051134219287
2.17651515151515	0.677939773502245
1.92424242424242	1.55991452757301
1.7260101010101	0.785043509562972
1.31539420921348	0.735527643596583
2.18671497584541	1.46074027972508
2.53939393939394	0.914137926216908
3.30198412698413	1.16551206229148
2.8477969348659	1.26783264805105
2.02668759811617	1.31849002188249
2.01753008895866	1.16650695622334
2.1577380952381	0.732382848780751
2.35888694638695	1.24955554212941
1.70211161387632	0.935766666889247
2.18901515151515	0.794721684208689
1.91428571428571	1.41237378114182
1.84623015873016	0.823066798004058
1.59761904761905	0.590118459225237
1.36111111111111	0.5
2.93982683982684	1.10143176249718
2.96153846153846	1.09244741659482
2.34375	0.874255635764887
2.21666666666667	1.70411267233126
NA	NA
1.64166666666667	0.786636063434862
2.31775682521813	0.967123556866917
1.74814074814075	1.50630120791515
1.54583333333333	0.210103589970563
2.55140692640693	1.10681273721516
2.18686868686869	1.22334300394263
2.16031746031746	0.733529715568087
1.86095238095238	1.72411007640335
1.97186147186147	1.00394641167683
1.46961371961372	0.886165307760751
2.69316526610644	1.44005660949449
2.78469387755102	1.18004866306806
2.65740740740741	1.56501751919617
1.97053571428571	0.764342037310522
2.3874269005848	1.29594362723253
2.22728744939271	1.10255904192698
1.70119047619048	0.63139547185146
1.55555555555556	1.83585684909537
2.58670634920635	0.474414844249676
2.60211988304094	1.79023203745281
1.7047619047619	0.534087477017179
2.40196974925236	1.39742300660842
1.87359307359307	0.895906152880449
1.49140211640212	0.954097053960752
3.18107769423559	1.99659574221301
2.16689450899977	1.27438953586021
1.77669172932331	1.02207849361682
2.12783882783883	1.07892823095314
1.84722222222222	0.914137926216907
2.36696428571429	1.34991516015854
1.79096459096459	0.761574519203026
2.01130952380952	0.928466365647716
2.12263814616756	0.739898221679298
1.60833333333333	0.537742193496722
1.98380952380952	1.19569854534405
2.56353695324284	1.27650673121326
2.084069525246	1.31093003534754
1.71041666666667	0.707413618597902
1.60676961926962	1.38600754779062
2.56173502009499	0.866308845082721
2.5707234198027	0.796513764180124
1.25	0.866025403784439
2.51714285714286	1.5106785428621
1.02293019480519	0.786289126135893
2.47519841269841	1.34393373341791
2.7203081232493	0.870208360860222
2.33095238095238	2.2143817183489
1.82498057498057	0.837789783111149
2.45743145743146	0.728691797358245
0.448611111111111	0.264968551593077
1.97916666666667	0.892678553567856
2.77208867521368	0.767800904640433
2.67229437229437	1.22373226694282
2.19166666666667	1.19895788082818
2.49027777777778	1.19644535248438
2.47692307692308	0.58414285896895
1.89058441558442	1.10363669125351
