NA	NA
NA	NA
1.29166666666667	0.734405781466794
NA	NA
NA	NA
NA	NA
1.83333333333333	0.652050663696626
1.38095238095238	1.14671966338533
NA	NA
1.13333333333333	0.888975690206306
NA	NA
1.35416666666667	0.142318760638328
NA	NA
1.44444444444444	1.08440118310795
NA	NA
1.77	0.78203793599373
1.49166666666667	0.885845484394554
NA	NA
NA	NA
NA	NA
NA	NA
NA	NA
1.6	0.998331942124796
NA	NA
1.27083333333333	0.764898322945242
1.125	0.478713553878169
1.73571428571429	0.929937944434394
NA	NA
2.03125	0.909756148646438
1.5375	0.530788197976473
3	NA
1.29583333333333	0.60221427834039
1.16666666666667	0.757676760943659
1.20833333333333	0.820738150149675
NA	NA
1.62202380952381	1.44517876633539
1.17916666666667	0.918873605945727
1	0.5
NA	NA
1.16666666666667	0.645497224367903
NA	NA
NA	NA
1.33333333333333	0.666666666666667
1.22420634920635	1.17295841515741
1	0.623609564462324
1.69888888888889	0.64426062991561
1.92888888888889	0.981357085058778
1.46666666666667	0.817856276425686
1.86666666666667	0.530839074915167
1.88444444444444	0.953411743758598
1.2	0.912870929175277
1	0.799305253885453
1	0.763762615825973
1.57428571428571	0.446225032965825
1.27083333333333	0.688446318410763
1.16142857142857	0.661343865637824
1	0.816496580927726
NA	NA
NA	NA
1	0.408248290463863
1.1	0.544543641756818
NA	NA
2	0.5
1.87222222222222	1.06475523182735
1	0.816496580927726
1.69047619047619	1.30084788327441
1.16666666666667	0.471404520791032
1	0.408248290463863
1.99126984126984	0.693888666488711
1.375	0.820738150149675
NA	NA
NA	NA
1.3	0.860878104676331
NA	NA
1	0.763762615825973
NA	NA
NA	NA
1.1875	0.550147286676065
NA	NA
1.65833333333333	0.797855923130282
NA	NA
1.33333333333333	0.577350269189626
NA	NA
1.25	0.616140917022745
1	0.577350269189626
1.16666666666667	0.645497224367903
NA	NA
NA	NA
NA	NA
1	0.957427107756338
NA	NA
1.70535714285714	0.943729304408844
1.16666666666667	0.593171014001739
NA	NA
1.53888888888889	0.654740547992245
NA	NA
1	0.577350269189626
1.42916666666667	1.625
NA	NA
NA	NA
