1.25	0.763762615825973
1	0.5
NA	NA
1.16666666666667	0.608580619450185
1.4125	0.328118937333762
NA	NA
NA	NA
NA	NA
1.1875	1.17728304598782
1.125	0.343592135468138
1	0.5
1.29166666666667	0.712000312109794
1	0.623609564462324
NA	NA
1.125	0.721687836487032
1.4875	0.730724526297929
1	0.408248290463863
1.25	0.481125224324688
1	0.652630006915041
1.1875	1.125
1.425	0.750493664690609
1.04166666666667	0.515949322805742
1.58095238095238	0.973209734953683
1.50666666666667	0.872544172711808
1.25	0.993031273984415
1.65625	0.669589944999508
1.27083333333333	0.519860202005914
NA	NA
1.33333333333333	1.0363754503432
1.16666666666667	0.593171014001739
2.5	0.707106781186548
1.5	0
1.4	0.848528137423857
NA	NA
1.27083333333333	0.718070330817253
1.44	0.751997340420829
NA	NA
NA	NA
NA	NA
NA	NA
1.27	0.572203343809407
1.31333333333333	0.658850008221396
NA	NA
NA	NA
1	0.577350269189626
1	0.942809041582063
1.20833333333333	0.753080095095886
NA	NA
NA	NA
1.14583333333333	0.749614098250757
1.125	0.583333333333333
1.61190476190476	0.907912746664323
1.16666666666667	0.955006302092838
1	0.652630006915041
1.27083333333333	0.515388203202208
1.29333333333333	0.987674035297071
1.4375	0.663377301725379
NA	NA
NA	NA
1.125	0.343592135468138
1.84672619047619	1.22962778160406
1	0.408248290463863
1	0.799305253885453
NA	NA
1.63333333333333	0.927261999013663
1	1.15470053837925
1.68380952380952	0.948832526458335
1.125	0.478713553878169
1	0.707106781186548
1.4	0.723705741306506
1.43333333333333	0.430600356092127
1	0
1	0.707106781186548
1.425	0.732385751423994
NA	NA
1	0.957427107756338
NA	NA
1.64583333333333	1.17875679959549
1.55	0.82663978450915
NA	NA
NA	NA
1.50416666666667	0.513768754726612
1.04166666666667	0.875330625366041
1.10333333333333	0.703897877694075
NA	NA
1	0.623609564462324
1.87222222222222	0.943005439676389
1.26666666666667	0.876783895837509
1	0.763762615825973
1	0.408248290463863
1.4375	1.1323014092906
NA	NA
NA	NA
1.59047619047619	0.601726540823963
1.2	1.22474487139159
NA	NA
1	0
NA	NA
1.43571428571429	0.689685507875323
1	0.577350269189626
