2.01454545454545	0.669821735258564
1.32333333333333	0.879283167636507
1.60166666666667	1.15217788942892
1.36428571428571	0.587726412202912
NA	NA
1.41666666666667	0.957427107756338
1.48029100529101	1.30093241525914
0.9	0.802340326794061
1.375	0.654401054966097
1.16666666666667	0.471404520791032
2.09455266955267	0.939779572198719
1	0.5
NA	NA
1.55416666666667	0.895914079048341
NA	NA
NA	NA
1.65833333333333	0.845631475639709
1.71666666666667	0.366666666666667
1.52619047619048	1.14875133498492
1.48666666666667	0.788317476937081
1.32083333333333	0.836074657750929
1.25	0.623609564462324
1.53333333333333	0.603692342542494
1	0.5
NA	NA
1.25	0.74442371447091
1.125	0.533593686452737
1.7468253968254	1.26298149630749
1.5	0.805076485899413
1.57619047619048	0.692914414258737
1.33333333333333	0.408248290463863
1.97470238095238	0.734486854095088
1.78472222222222	0.628590509637701
1.705	1.13647847904539
1.85674603174603	0.9783882538174
1.49722222222222	1.22596900450215
1.41666666666667	0.518187725171601
1.31333333333333	0.95527773739136
2.00606060606061	0.5809073257325
0.76	0.717789817580482
1.95595238095238	0.864768766142977
NA	NA
1.97916666666667	1.07591835593691
1	0.5
1.58333333333333	0.740870359029762
1.53333333333333	0.795211362538986
1.67333333333333	1.13490087672889
NA	NA
1.37571428571429	0.652357924515373
1.10416666666667	0.823202306263191
1.78541666666667	0.426569813225872
1.43452380952381	1.09544511501033
1.1875	0.779883063409248
1.49952380952381	0.727662734758044
NA	NA
NA	NA
1.54166666666667	0.926712628756237
1.53333333333333	0.406429803514931
1.77777777777778	0.0962250448649377
1.33333333333333	0.288675134594813
NA	NA
1.16666666666667	0.608580619450185
1.46666666666667	1.13724814061547
2.05277777777778	0.756773256211444
1.73738095238095	1.11667574115513
1.25	0.569275042553311
1.275	0.750370278966028
1.46761904761905	0.824477777409541
1.43333333333333	0.784838978531407
1.3	0.99373034571759
1.69333333333333	0.839692403998829
NA	NA
1	0.408248290463863
1.54285714285714	0.717810351471941
1.125	0.853912563829967
1.72916666666667	1.11466445706852
1	0.816496580927726
1.325	1.33510299228187
NA	NA
1.56	1.04120656505379
1.6	0.772981241687015
NA	NA
1.5375	0.689252816058407
1.5375	0.454682428856791
1	0.763762615825973
NA	NA
1.97073412698413	0.419764795222441
1.72954545454545	0.824780211143681
1.125	0.478713553878169
NA	NA
2.21279761904762	0.88150689058461
1.125	0.853912563829967
1.36666666666667	0.799305253885453
1.93928571428571	0.802755317499201
1	0.623609564462324
1.69231601731602	1.25233939619281
NA	NA
1.36	0.515671083799224
1	0.763762615825973
1.6647619047619	0.656323678511645
