1.13333333333333	0.794075283304773
NA	NA
NA	NA
NA	NA
1.34	0.477929562453158
1.97350427350427	1.19830233360507
1	0.763762615825973
NA	NA
1.23333333333333	0.627495019900557
1.35416666666667	0.661000224127266
1.60238095238095	0.759087051613606
1.52083333333333	1.04388652356186
1.32083333333333	0.850204223832264
1.4875	0.838691109871672
NA	NA
NA	NA
1.25	0.396746023807936
1.8375	1.19823365371237
1.04166666666667	0.598996073690217
1.425	0.80983537421709
NA	NA
1	0.652630006915041
NA	NA
1.1875	0.850857410694256
1.625	1.20473602456675
1.75952380952381	0.911006022367095
1	0.912870929175277
1.125	0.478713553878169
1.4	0.912870929175277
1.48214285714286	1.1234084231751
NA	NA
1.53	0.607064887617278
1.66666666666667	0.786982568921325
1.33333333333333	0.577350269189626
NA	NA
1.85272727272727	0.654064690863764
NA	NA
NA	NA
1.75	0.656167322834317
1.83712121212121	0.808218896029783
1.54285714285714	0.799305253885453
1.22	0.927766134324809
1.66130952380952	1.002282683793
NA	NA
1.08333333333333	0.569275042553311
1.28333333333333	0.922757542088647
1.33333333333333	1.04083299973307
1	0
1.54166666666667	0.66840052308422
1.45416666666667	0.660439668369152
1.33333333333333	0.288675134594813
1.20833333333333	0.284637521276656
1.49285714285714	1.4247806848775
1.61666666666667	0.569275042553311
1.2	0.745852730970596
1.41666666666667	0.927960727138337
1.1875	0.621285256842918
1.23333333333333	0.575543221661067
1.20833333333333	0.422185670932518
1	0
1.59583333333333	0.893326596160333
1.35	0.609644705272396
1.15	0.817771361689806
1	0.5
1.74861111111111	0.330275324726896
1.8	0.858077092280348
1.22	0.794984276574072
1.37	0.46118807925232
1.54166666666667	1.25208160010973
NA	NA
2.11111111111111	0.509175077217315
1.77380952380952	1.08614235504353
1.1875	0.831595409995706
1.29583333333333	1.02319172020511
1.3625	0.515208515860146
NA	NA
1.4	0.618241233033047
1	0.816496580927726
1.33333333333333	0.540061724867322
NA	NA
1.08888888888889	1.07475234011962
NA	NA
1.25	0.288675134594813
1.33333333333333	1.34025978686831
1	0.799305253885453
1.55333333333333	0.617386966712666
1	0.623609564462324
NA	NA
1.99839743589744	0.33560595267053
1.04166666666667	0.657928849018167
1.61666666666667	0.990697472229278
1.14583333333333	0.65040941522045
1.3347619047619	0.545218860130661
NA	NA
1.58333333333333	0.787635937708768
NA	NA
NA	NA
1.3125	0.858980338670346
1	0
NA	NA
