NA	NA
NA	NA
1.11	0.756141521145347
1.125	0.975391659226636
1.15	0.876783895837509
1.88766233766234	0.817180696067002
NA	NA
NA	NA
NA	NA
NA	NA
NA	NA
NA	NA
NA	NA
1.16666666666667	0.45133546692422
1	0.623609564462324
1.33333333333333	0.577350269189626
1.44444444444444	1.17062819476142
NA	NA
NA	NA
1.125	0.698874756967173
1	0
1.5	0.707106781186548
1.14583333333333	0.473242362150023
NA	NA
1	0.5
1.575	0.523609269080167
1	0.5
1.35	0.710242525088751
NA	NA
NA	NA
1.94206349206349	0.824540153724826
NA	NA
NA	NA
NA	NA
1.13333333333333	0.341565025531987
NA	NA
NA	NA
1.3	0.54198708471697
NA	NA
NA	NA
1.53714285714286	1.13917760844513
1.125	0.478713553878169
1	0.5
1	0
NA	NA
1	0.816496580927726
NA	NA
NA	NA
1	0.408248290463863
NA	NA
1	0.652630006915041
NA	NA
NA	NA
1	0.707106781186548
1	0.5
1.35	0.829323686974982
1	0.866025403784439
1	0.5
NA	NA
1.62797619047619	0.5717901468487
1.04166666666667	0.698874756967174
1.16666666666667	0.680413817439772
NA	NA
NA	NA
NA	NA
1.69166666666667	0.818026079453868
1	0.408248290463863
1.33333333333333	0.288675134594813
1.16666666666667	0.471404520791032
NA	NA
1.27	0.757132749258675
1.1875	1.10632650394598
NA	NA
NA	NA
NA	NA
1.1875	0.550147286676065
NA	NA
NA	NA
NA	NA
1	0.5
NA	NA
NA	NA
1	0.5
1.27	0.690953447539461
NA	NA
NA	NA
1.35	0.968389269755597
1.38425925925926	0.902133388255729
NA	NA
NA	NA
1	0.799305253885453
NA	NA
1	0.799305253885453
NA	NA
NA	NA
1	0.763762615825973
1.1875	1.02824688993776
1.50809523809524	0.895245377376664
NA	NA
NA	NA
