1.64523809523809	1.1188066835078
1.54166666666667	0.67515430335097
1.10059523809524	0.502237529365588
1.8984126984127	1.15269410673591
1.55	0.773879117749593
1.5375	1.19608737139057
1	0.623609564462324
1.87142857142857	0.439129214605657
1.72321428571429	0.629068391207448
0.979166666666667	0.68168839954489
1.59920634920635	0.873418377630945
1.98121212121212	1.45638441201338
NA	NA
1.20833333333333	0.343592135468138
1.46666666666667	0.745852730970596
1.50595238095238	0.492719097299402
1.83272727272727	0.862483015097397
1.73809523809524	0.605779671024171
1.25	0.396746023807936
1.46666666666667	0.776387646590141
1.575	0.8949963790533
1.5875	0.9433908522323
1.84666666666667	0.622948484880423
1.48035714285714	1.54616460960662
1.91607142857143	0.914125264939111
1.25	0.700528900717694
2.02539682539683	1.37073670819922
1.99469696969697	1.53887189907513
NA	NA
1.37053571428571	0.815291515411537
1.625	1.24257051368584
1	0.577350269189626
1.76904761904762	0.887151079037295
1.99666666666667	1.29558009315433
NA	NA
2.78571428571429	1.19130923234685
1.00892857142857	0.157279582174578
1.86875	1.04682887543497
1.38333333333333	0.861442588530038
1.54702380952381	1.12918972916178
1.72125850340136	0.949757156715618
1.125	0.75
NA	NA
1.84861111111111	1.17587703965137
1.63333333333333	0.42687494916219
1.55416666666667	0.614240723712346
1.8	0.309120616516523
1.75987012987013	0.796883079843884
1.5125	0.440407008724127
1.88845598845599	0.666539689187501
1.525	0.671854812358212
1.56037414965986	0.637823902394597
1	0.577350269189626
1.2875	0.471478171993855
1.48	0.688234456175123
1.23333333333333	0.693221144769514
1.72883227883228	1.22594589136214
1.33	0.835945904682567
1.5	0.8593710016742
1.89659645909646	0.895896675711223
1.83452380952381	0.655627133953065
NA	NA
1.475	0.638357266740185
1.68452380952381	1.06381776580911
1.84375	0.9915003361909
1.1875	0.636014063436406
2.17321428571429	1.14166666666667
2.16818181818182	1.07081772346085
NA	NA
1	0.5
1.77606060606061	0.916269260211456
1.97123015873016	0.502224569640465
1.69206349206349	0.887938834689451
1.81746031746032	0.295788018310861
1.425	0.530810002975885
1.32666666666667	0.602955682911734
NA	NA
2.01785714285714	0.727469599461441
1.4	0.59336610396393
1.25	0.215165741455968
1.74756493506493	0.958338909568451
2.03015873015873	0.778888096369861
1	0.5
1.16666666666667	0.957427107756338
1.36	0.553975530947793
1.25	0.995359603731606
1.26	0.81048682215622
1.24	0.959426912276282
1.54444444444444	0.911354980912799
1.61380952380952	0.825577256301583
1.80029761904762	0.860242617585941
1.5447619047619	1.49255750011732
1	0.5
1.60142857142857	0.635942976522074
1.50416666666667	0.986893273527251
1.58333333333333	0.467707173346743
1.71666666666667	0.548229473446617
1	0.577350269189626
1.77678571428571	0.875607175147662
1.2	1.15470053837925
