1.72380952380952	0.860940111761152
1.7625	0.66879867424111
NA	NA
NA	NA
1.25	0.799305253885453
1.74027777777778	0.505593710403917
1.4375	0.791666666666667
1.575	0.939414711402797
1	1.06718737290547
1.46666666666667	0.613278983099137
1.46111111111111	0.60686657268055
1.94924242424242	0.904377088707878
1.68920454545455	1.15587009841867
1.27083333333333	0.773923984208613
1.86706349206349	0.769401363431263
1.49853896103896	1.18653124904432
1.66904761904762	0.856156426437723
1.9047619047619	1.20867049014258
NA	NA
1.2	1.26197963240006
1.66666666666667	1.04083299973307
1.22222222222222	0.822147143719374
1.68333333333333	1.10704812702771
1.27083333333333	0.65040941522045
1.94444444444444	0.87488976377909
1.55416666666667	0.688009070784304
1.95212121212121	0.368237307204059
1.70416666666667	0.695138542013455
1.63333333333333	0.303070704377463
1.5	0.866025403784439
1.38333333333333	0.604611904907235
1.70439084724799	0.642477401242606
1.70767195767196	0.93351035826137
1	0.408248290463863
1.69642857142857	0.642996016745843
1.4375	0.718070330817254
1.44444444444444	0.917928424547684
1.89777777777778	0.972615793353923
1.48	0.527494075796117
1.73211279461279	1.02899668887336
1.4875	1.18660541352524
1.45	0.98488578017961
1.15833333333333	0.590903263374528
2.30555555555556	0.220058914670426
1.33333333333333	0.304290309725092
1.375	0.88615900253723
1.33333333333333	0.5
1.71785714285714	0.279221869859275
1.4375	0.501733107449679
2.07777777777778	1.6591385538106
1.42222222222222	1.2675435561221
NA	NA
1	0
1.20833333333333	0.583333333333333
1.76458333333333	0.299101664247385
1.16666666666667	1.09544511501033
1.54666666666667	0.7800522299702
1.575	0.334857625909325
2.01111111111111	1.07751046704167
1.71458333333333	0.582395078771943
1.91111111111111	0.799305253885453
1.45674603174603	0.789458105354033
1.76111111111111	0.818426510734316
1	0.408248290463863
1.4	0.912870929175277
1.5125	0.566727937863977
1.83452380952381	0.914137926216907
1.25	1.5
1.29166666666667	0.66840052308422
1.27083333333333	0.554338945652086
2.11349206349206	0.856637122995395
1.4375	1.26083269075404
1.78412698412698	0.965402003730355
1.48174603174603	0.7045479679101
1.87232142857143	1.07206082535708
1.01666666666667	0.868827434598558
1.1875	0.657488909919146
1.35	0.285773803324704
NA	NA
1.6	0.583730023847275
1.66666666666667	0.763762615825973
1.61111111111111	0.789211925386916
1.25	0.763762615825973
2.01428571428571	1.1992533580441
2.08333333333333	1.48656535113996
1.56285714285714	1.15916636712194
1.89553571428571	0.814575957161076
1.27083333333333	0.49241938614544
1.49047619047619	0.925452637920501
1.8300505050505	1.08881761493465
1.33333333333333	0.136082763487954
1	0.805076485899413
1.1875	0.943729304408844
1.16666666666667	0.561083607686782
NA	NA
1.29166666666667	0.944035859331468
1.88125	0.825220930014098
1.90595238095238	0.958125860745327
1.33333333333333	0.235702260395516
1.47916666666667	0.858980338670346
