2.16369047619048	0.91593843470801
1.59166666666667	1.08442786587965
2.16900432900433	1.82561040677382
2.40616605616606	1.32675132764657
2.36789473684211	1.46150083608514
2.36130952380952	0.958579777047521
1.55205128205128	1.20572457795698
1.81696428571429	1.3005407529178
2.2910657325131	1.47069933881315
2.13888888888889	1.91727043630416
2.48744588744589	0.972968615336503
2.41493506493506	0.230516940009983
1.15	1.03762549441823
1.76666666666667	1.18180652674906
2.16461538461538	1.05902416146007
1.81285714285714	0.386104850762475
2.56964285714286	0.916522097443395
1.58035714285714	0.926451334301987
1.9	1.23790444195318
2.08844696969697	1.7268748669575
2.45039682539683	1.23586107945422
2.52154195011338	1.36855889433079
2.72083333333333	1.55100773692461
2.19722222222222	0.696053690989956
2.49283424908425	0.683069437251509
1.69047619047619	0.608270039884435
2.14938394938395	0.298817355263708
2.16886446886447	1.15435290343226
2.3250466853408	1.32467593817394
1.84814695108813	0.932191718551682
1.62261904761905	0.61888407049412
2.16274350649351	1.02170438465962
2.5	1.54784796841723
1.9525974025974	0.742998780632387
1.9672619047619	0.532696526710247
2.06122448979592	1.17134284294459
1.4725974025974	0.811280079159442
0.983333333333333	0.609492806751221
2.06625074272133	1.38634569538526
2.57905982905983	1.5545631755148
2.34523809523809	0.925854116640998
2.03929403929404	1.00469628518017
2.727092760181	1.4015222286986
2.33821428571429	1.73593913887485
2.38333333333333	0.456503079648314
1.8608547008547	1.0207843344518
2.03928571428571	0.786538168336053
2.075	0.444292508752211
2.38056968241842	1.63899365570545
2.81129148629149	0.790939743016364
2.57003727266885	1.23723631269218
2.06071428571429	0.777065190252233
2.18024531024531	0.852804637759293
1.9672619047619	1.30375261479103
1.84080586080586	1.35685432415044
2.04102564102564	1.10328572423043
2.17007575757576	1.74060980041428
1.73794871794872	1.49992592409685
2.51846590909091	1.29688496751787
2.25219298245614	1.60078105935821
1.92386112339673	0.915889287290574
2.71666666666667	1.42400062421959
2.24810744810745	1.73334103768254
1.66969696969697	1.19185712901252
2.22884615384615	1.0316873064184
1.58037628006668	0.908287898400847
2.06125541125541	0.674692554711955
1.75347222222222	0.611150566908106
2.30468409586057	1.14151590132516
1.77008547008547	1.53617291785306
2.48504273504274	0.836322165878613
2.33465608465608	1.13095006033364
1.55095108695652	0.833429583485338
1.47916666666667	0.800274837049632
2.66778846153846	0.997267438892174
2.42410714285714	0.842398609131489
1.49204612437371	1.27404047854817
2.6375	1.45858727947691
2.61287878787879	1.28279209365959
1.68123196248196	0.918149831463213
2.14838286713287	0.740083111673501
1.83095238095238	0.843433687664613
2.33863636363636	0.755603493320708
1.71142857142857	0.571553557759686
1.95238095238095	0.958897349555273
1.96190476190476	1.00508909139073
2.04910714285714	1.36692705852702
2.24402907034486	1.33692864107646
2.19252458068248	1.08557117132206
1.87272727272727	0.510068505815078
2.275	1.18977121983832
2.15149946842997	0.67798452046904
2.60495726495726	1.70389737724704
1.16220238095238	0.833537035760789
1.52083333333333	0.727677049857207
2.35913021618904	1.31901326999732
2.43522727272727	0.440269422349768
1.8547385620915	1.47229683967218
1.702886002886	0.476880197803241
2.06356837606838	1.08990009559915
