1.56530612244898	0.782791409425623
1.33945578231293	0.781589530474597
1.70170454545455	0.724638848695653
1.62939084724799	0.711832185458382
1.64308857808858	0.79452259008833
1.64401709401709	0.540922011026152
1.43756613756614	1.10580678329232
NA	NA
1.58843537414966	0.837683011638853
1.50340136054422	0.707009042363841
1.69470212327355	0.925644272477522
1.64234693877551	0.740602773702568
1.12333333333333	0.555122053090274
1.53681318681319	1.00741663483983
NA	NA
1.36666666666667	0.597680702568037
1.32448979591837	0.936383211649171
1.42063492063492	0.572135599303985
1.2875	0.424053568044685
1.48814935064935	0.710730124133719
2.04089635854342	1.23090434282314
NA	NA
NA	NA
NA	NA
1.29464285714286	0.822257542863696
1.77931235431235	0.73904374395035
1.49404761904762	0.824055495896642
1.57507215007215	1.38132743264965
NA	NA
1.57285714285714	0.674102708851647
NA	NA
NA	NA
1.70795454545455	0.554195090748259
1.39863945578231	0.464895523708911
NA	NA
1.62386621315193	0.496314545235148
1.2952380952381	0.517267955286366
1.67026532835356	0.715203727944164
1	0.632455532033676
1.66717171717172	0.992102856361885
1.48214285714286	0.968339927785403
1.66503496503497	1.31774444738662
1.34716553287982	0.644377465624131
1.54603174603175	0.625619202802519
1.48313492063492	0.689554373328202
1.4037037037037	0.799643053084111
NA	NA
1.74990723562152	0.449917185633375
1.45138888888889	0.833732087946385
1.31309523809524	0.78219475593767
1.21428571428571	0.539755480598371
1.65800865800866	0.819021134356673
NA	NA
NA	NA
1.37551020408163	0.421048870032471
1.62416056166056	0.666393153011602
1.47315832315832	0.938505301502276
1.44484848484848	0.767383752928283
1.28095238095238	0.650315348819365
1.75860647289219	0.938722058526189
1.88095238095238	0.485031681359474
1.39305555555556	0.664843737856645
NA	NA
1.86267752715121	0.561094736004347
1.08518518518519	0.710459771148059
1.25396825396825	1.09217999563128
NA	NA
1.37925170068027	0.958497929556021
1.98452380952381	1.01863826096684
1.66233766233766	1.11130465322105
1.1547619047619	0.716260497674624
1.76537153322868	0.965315878671413
1.3047619047619	0.698126745212467
1.2	0.567646212197547
1.37213403880071	1.07331436368849
2.01257472686044	0.947332330039087
1.07142857142857	0.607492896293956
1.56851851851852	0.884986562424229
1.73753746253746	0.759663885580987
1.64285714285714	0.750723654769785
1.34761904761905	0.843352468570162
1.15625	0.510674740393717
1.54166666666667	0.956131009818481
1.43061224489796	0.508210048935161
1.4625	0.744063809347661
1.35952380952381	0.519424284474251
1.49454365079365	0.5876995705991
1.34421768707483	0.917466005992612
1.78751803751804	0.781776988463893
1.62529216814931	0.858545613372244
1.55401265401265	0.973451736373121
1.57123894623895	0.457706481091355
NA	NA
1.49107142857143	0.845639216883415
1.39829931972789	0.721293290115783
2.02115384615385	0.539071312243954
1.71166666666667	0.891283233584665
1.36855158730159	0.844217969722088
1.43005952380952	0.970301651299549
1.46116780045351	0.990756981713174
