1.15625	0.349141520858379
NA	NA
NA	NA
1.36462585034014	0.533778563754331
NA	NA
1.22222222222222	0.693221144769514
NA	NA
NA	NA
1.10714285714286	0.432248336420887
NA	NA
1.19285714285714	0.63972340253115
NA	NA
NA	NA
NA	NA
NA	NA
NA	NA
1	0.842614977317636
NA	NA
1.07142857142857	0.449867705421219
NA	NA
NA	NA
1.2234693877551	1.12245527982153
1	0.481125224324688
1.44444444444444	0.964725061582026
1.11904761904762	0.892947085416878
NA	NA
NA	NA
1.31428571428571	0.546997576965702
1.1875	0.660311975328257
1.125	0.829275836316489
NA	NA
NA	NA
1.15625	0.516469816570699
NA	NA
1.07142857142857	0.750661084306402
NA	NA
NA	NA
1.34826388888889	0.915848525590011
NA	NA
1.45227272727273	1.10686829313123
NA	NA
1.2	0.836660026534076
NA	NA
NA	NA
NA	NA
NA	NA
NA	NA
NA	NA
1.16666666666667	0.505525029603437
NA	NA
NA	NA
NA	NA
NA	NA
NA	NA
NA	NA
NA	NA
NA	NA
1	0.664928289088101
NA	NA
NA	NA
1.19387755102041	0.891631812257581
NA	NA
NA	NA
1.55555555555556	1.16964698694695
1.27857142857143	0.875527052150657
NA	NA
1.28095238095238	0.63299907637202
1.10714285714286	0.554264372577739
1	0.434613493680177
NA	NA
NA	NA
1.1547619047619	0.693947668118552
NA	NA
NA	NA
1.42857142857143	0.622548100604393
NA	NA
NA	NA
NA	NA
NA	NA
NA	NA
NA	NA
NA	NA
1.42727272727273	0.464332348808464
NA	NA
0.928571428571429	0.773443136703847
1.0952380952381	0.689586180639592
NA	NA
1.16666666666667	0.258198889747161
1.31587301587302	0.771473641638526
NA	NA
NA	NA
NA	NA
NA	NA
1.16666666666667	0.628048122713892
1.08333333333333	0.544862367942584
1.16666666666667	0.459468291736341
NA	NA
NA	NA
1	0.316227766016838
1.24464285714286	0.612834797070272
