1.80020931449503	1.02081234457156
2.17909154319291	0.65889247008338
1.93120213120213	1.08642506234187
2.04754947433519	0.865522465337602
2.3385138670853	0.602587406112036
1.57720057720058	0.821570163756985
2.13217302515548	1.14300667875334
1.95662031681769	0.795723786589603
1.72176870748299	1.18395070970661
1.5155303030303	1.05691930345236
1.50493827160494	0.981560094685363
1.72851731601732	0.714445727067626
1.9881586318738	0.762144410269651
2.16439909297052	1.13669556591015
2.00511232718894	1.06773452489694
2.22204861111111	0.911633359141795
1.93888888888889	1.01883875437059
2.16887125220459	1.1290609376814
1.89722222222222	0.958352311751348
2.06380773831432	1.11135858488466
1.90837662337662	0.893840528897768
1.85109126984127	0.750566511790154
1.11904761904762	0.894759877338741
2.01998699587632	0.993241629559526
2.32529239766082	0.918073686496787
2.30532045594157	1.15971063645916
1.78819444444444	0.764209528665865
2.18816425120773	0.575201129403412
2.29722222222222	1.75158393926648
2.99349390105693	1.42900826843502
1.90473007384772	0.655094465407507
1.83918128654971	0.816861679846246
1.81670479503297	0.991340588971888
2.18163265306122	1.07136691999495
2.34647435897436	1.15319349673545
2.29504025764895	0.971188950673794
2.18269482151835	1.35819835829267
2.32013330584759	1.29614217574249
2.24319727891156	0.841531587655717
2.26474515759383	1.587028916998
1.98374149659864	1.62008260403072
1.9479176285899	0.774914019208637
2.02667205864137	1.08895976325223
2.38516483516484	0.779188226453777
1.81089251455384	1.02206377903468
2.04847999805983	1.42798544382546
1.72239926739927	1.1030793449186
1.72687728937729	1.28358667498015
2.34562367457104	1.31679716021787
2.03585164835165	0.978711095042594
2.02250909316127	1.29659219582844
1.95270415858651	0.7009285368134
2.45768398268398	0.801985102595384
1.69134920634921	1.06048222708344
1.96764069264069	0.894477886569552
1.62479114452799	1.11152370978452
1.83958333333333	0.734627510623635
1.78934217955957	0.820920674718123
1.44235209235209	0.863366982451492
2.05958747135218	1.14467567062605
1.83545212956978	0.827843380800242
2.28458532695375	0.796998809510989
1.96681749622926	1.34733897721193
1.73809523809524	0.820410091678097
1.96800258564964	1.31536192252165
1.77055481283422	0.770160831749682
2.24057804940158	1.00954938321996
2.06336026401407	1.66968079513984
1.7467803030303	1.03278239448728
1.55852272727273	0.722661607222716
2.26079254079254	1.27257765556421
2.36111507540079	1.16524445804434
1.59365079365079	0.827308023380456
1.86280991735537	0.935990440888426
2.00066615340093	0.968141543901482
1.79320987654321	1.01041176126254
2.5915500447828	1.13344856716484
2.11527520098949	0.919205362485338
1.82211779448622	1.26268551421335
1.92307692307692	0.958358810383992
1.89098203383918	0.957301319071995
1.82847985347985	0.869681019481562
1.96070175438596	1.05821014278883
2.04011140374777	0.546845473995452
2.4265306122449	1.42471133818375
2.11111111111111	0.488173629012764
1.87712462975621	1.17300019399094
2.08267529918248	0.579391468076581
2.1832264957265	1.05897004136136
1.95031369596587	0.811697777643779
2.27169000933707	0.858468300299577
1.89756493506494	1.07387758657245
2.27599206349206	1.46787589359178
2.25498575498575	1.27133518703512
1.73590472027972	1.12557112436196
2.07000466853408	1.13684378297969
2.39142020444541	1.04651510573373
1.73590818903319	0.706814350276955
1.62708333333333	1.00142507584925
2.0280753968254	0.768335828163941
