1.66213786213786	1.13432080841343
1.51700680272109	0.715520003110694
1.41666666666667	0.689979295755625
1.56666666666667	0.370585122924995
1.86309523809524	1.01440786847065
1.82865705722849	0.980594681927459
1.37142857142857	0.486932412767085
1.6265306122449	0.566320470097566
1.3125	0.919098505869781
1.25	0.51144312887561
1.50684523809524	1.09049433896017
1.33197278911565	0.743389686432044
1.85634920634921	0.856801813398338
1.54387755102041	0.764891043899653
1.81075487012987	0.479310399559387
1.5	0.925900462612838
1.59871031746032	1.14820734768974
1.50952380952381	0.710102831811021
1.94917582417582	1.2269327176276
1.76729660045837	0.80281287907658
1.38299319727891	0.51136817312696
1.34404761904762	0.370019840737875
1.3108843537415	1.07070730320836
1.57481060606061	0.550339440351547
1.33630952380952	0.697006127162621
1.7702380952381	0.961176224409415
1.53793490460157	0.91794978704815
1.55061728395062	0.746769284384106
1.66572069905403	0.512473110542985
1.5280612244898	0.622346163583823
1.46561771561772	0.822070518127899
1.3952380952381	1.13200201918043
1.34880952380952	1.09768655627831
NA	NA
1.68663479377765	1.21922744082833
1.31481481481481	0.907413312528027
1.61746031746032	0.53721991048019
1.6119227994228	0.812855299576119
1.46785714285714	0.925485452946269
2.05384615384615	1.06227362005502
1.77788084930942	0.703927182439239
1.22619047619048	0.453163483587483
1.64042207792208	0.608348338665283
NA	NA
1.73157051282051	1.04965386681257
1.88043702329417	0.881940439860237
1.83012820512821	0.868562203042561
1.49755892255892	0.876715553700746
1.63817065287654	0.844873753700866
1.4608843537415	0.757572762973732
1.91534016049826	1.17749171710648
1.43055555555556	0.766248600820495
1.4	0.89489291724392
NA	NA
1.50011337868481	0.477924955923483
1.5527676027676	0.717237868861153
1.68095238095238	0.69936668251623
1.90759240759241	0.997144036096349
1.69251700680272	0.702280633905929
1.90954415954416	0.829240894310882
1.25833333333333	0.646471321922347
1.21666666666667	0.74405047618499
1.5382851716185	1.33165441447724
1.70362811791383	0.415201722317718
1.75911172161172	0.904777326479686
1.5	1.11908941158029
1	0.61913918736689
1.60732323232323	0.949292529935901
1.71119033471975	0.526183978045812
1.47363945578231	0.749381336097494
NA	NA
1.62451437451437	0.994301036422445
1.87472037766155	0.825240097122683
1.42131706677161	0.557249000104227
1.99462719298246	0.882141609928125
1.55400432900433	0.707542192318881
1.92281468531469	0.968858618665024
1.67380952380952	0.778448548625497
1.34166666666667	0.63001690159574
2.06380127808699	0.962517969881487
1.4375	0.453622981697146
1.52765151515152	0.73054696196505
1.74387755102041	0.601220111076693
1.78130511463845	0.902193785568365
1.76852433281005	0.670791301948265
1.55238095238095	0.806652236523169
1.33877551020408	0.833661742868481
1.57792207792208	1.02434315581054
1.23809523809524	0.739789402322282
1.634410430839	0.923462768174748
1.7147619047619	1.34126066807545
1.43110119047619	0.502277948906344
1.38	0.562006985589905
1.61851851851852	0.63702021403282
1.14285714285714	0.732692721636174
1.69166666666667	1.07912053719075
1.39502164502165	1.22640717744593
NA	NA
1.52721088435374	0.635474744036096
1.76427793339558	0.818713178410014
