1.31428571428571	0.658521672878573
1.60276529026529	0.99967258279725
1.74761904761905	0.705102341628017
1.88214285714286	1.32025596069447
1.68699633699634	0.93150103926712
1.51428571428571	0.846803825910535
1.79296100724672	0.915796588779049
NA	NA
1.78958333333333	0.949748221200477
1.62249729437229	0.662499319496445
1.95860805860806	1.19090688649351
2.16231561135653	1.0067541358108
2.2764926046176	0.776841326180592
1.47619047619048	1.0120027963716
NA	NA
1.76764294733045	0.78628363337513
1.10714285714286	1.02298653838941
2.02504638218924	0.995019162961
1.57045454545455	1.07184827146408
1.55248015873016	0.718746519015559
1.42155225726654	0.601947540945051
1.77994227994228	0.820829250081723
1.99921507064364	0.546009019505847
1.32108843537415	0.823450959414875
1.59703525641026	1.19160317755059
1.57726250357829	0.888424289408329
1	0.408248290463863
1.83140331890332	1.22261046751347
1.34285714285714	0.360279873572737
1.83309523809524	1.10280944910169
NA	NA
1.82693259121831	1.29185972007253
1.54186722368541	1.19882832036243
1.56280594405594	1.11512050030107
1.51948051948052	0.528263335973244
1.75542568542569	0.877462838342818
1.28809523809524	0.871870821944817
1.49700577200577	0.717184657023435
1.69166666666667	0.671508173020575
1.41487322201608	0.951015170120359
2.35812198067633	1.47172358892845
1.78915138782786	1.18841756007977
1.64410430839002	0.971700227770613
1.4	0.667083203206317
1.65173761812417	0.711854569769031
1.41190476190476	1.14559196592022
1.68730158730159	0.917862547078155
1.94047619047619	0.919584101991178
1.47337211399711	0.917026915949915
1.21428571428571	0.698638131005772
NA	NA
1.58027210884354	1.22989580980823
1.56009070294785	0.719380086290128
1.17752525252525	0.814509106256697
NA	NA
1.71907308377897	1.06750994617522
1.8171875	0.869085559551779
2.01960784313725	1.14880506893892
1.78214285714286	1.12487770634296
1.5501443001443	1.11205499267542
1.62358276643991	0.501577614074479
1.63186274509804	0.651266482073171
2.55284936941284	1.21136039966852
1.75054112554113	1.13962055870217
1.9297052154195	0.530296503567807
1.7012432012432	1.23990686969931
1.85712620712621	0.661931083700443
1.67532467532468	0.954900412712464
1.74697177822178	1.13599476506661
1.47767857142857	1.10939328558412
1.70441595441595	0.944100011641713
1.28571428571429	0.743890459592685
1.69759316770186	0.700347498601128
2.02677164502165	0.922267007889163
1.43743686868687	0.678746310027891
1.75137362637363	0.93158789451293
1.75952380952381	1.10293362675821
2.47298850574713	1.07333472572795
1.78402668759812	0.984245888966665
1	0.939858145324779
1.94054834054834	0.884123365036474
1.32380952380952	0.996608003794628
1.52891156462585	0.970709232743806
1.25446428571429	0.850245955668826
1.58775510204082	0.495869996303458
1.62587412587413	0.600542941732822
1.68913626056483	1.06544527482075
1.45260770975057	0.571325812756038
1.52388888888889	0.759065241696828
1.80123966942149	1.26507895845566
1.7340930674264	0.885774434851561
1.73041958041958	1.04633297176273
1.4954822954823	1.38216075503594
1.53617216117216	1.3623704796794
1.58411588411588	0.741172805935436
NA	NA
1.67767857142857	0.781441626968339
1.1891156462585	0.90504471054502
1.4625	0.640730609761789
1.68208616780045	0.907698156769399
