1.75714285714286	1.08689181579492
1.91245791245791	0.884761216844813
1.45578231292517	0.75458144297818
1.85552161654135	0.640018944095967
1.64285714285714	0.947716088727237
1.82591581212905	1.29871007551543
NA	NA
1.45968778696051	1.06146795436118
1.71201814058957	1.32374476677378
1.32925170068027	0.98986713787926
1.29285714285714	0.766053930437423
1.47371031746032	1.06250575625517
1.62603174603175	0.546079732110725
1.71904896857528	1.3507538913671
1.56235827664399	1.21474753962378
1.74382716049383	1.00821354677394
1.43061224489796	0.664131273751229
1.44285714285714	0.832380407540412
1.65408163265306	0.744663192070959
1.49591836734694	0.352563804675924
1.68639455782313	0.540732605222705
1.57568993506493	0.931915521757693
1.49487179487179	1.06550391574466
1.72892187177901	0.590991970213776
1.46984126984127	0.745859698162063
1.54027777777778	1.10349729778473
1.68231292517007	1.03622123803878
1.64642857142857	0.635064467835257
NA	NA
1.44302721088435	0.890688661742741
1.62471655328798	0.813578706003026
1.46770833333333	0.709438039119137
1.76968508615567	0.574534075595651
1.43472222222222	0.810490683143414
NA	NA
1.4889880952381	0.685123738880018
1.461860670194	0.499854099888376
NA	NA
1.26339285714286	0.779964726699047
1.56195286195286	0.610777954173564
1.39455782312925	0.695647322328601
1.77142857142857	1.10196433555056
1.34081632653061	0.66838699318549
1.73772997835498	1.01553441936814
1.66176231176231	1.16792962867903
1.65667665667666	0.836317892424797
1.77640692640693	0.974763538820658
1.43660714285714	0.811941106274531
1.36904761904762	0.768400278562702
1.4124716553288	0.688098093261885
1.7140811569383	0.761130052254805
1.50119047619048	0.491793686545828
1.67462121212121	0.605027844805932
1.51697530864198	0.898863785149007
2.04315210932858	1.35854639079097
1.9758508719809	0.718463095836263
1.93617810760668	0.845210273385087
1.64417249417249	0.825027674391334
1.54393424036281	1.13622022741009
1.4	0.585946527708232
1.52983920841064	0.657208010330513
2.06964604023428	0.818862567060509
1.83868708452042	0.784209015476075
1.59672619047619	0.661039403370595
1.62380952380952	0.366016740010964
2.00034722222222	0.870070439357898
1.5875	0.687097645610269
1.46527777777778	0.644271665398983
1.56167800453515	0.494744724882998
1.30272108843537	0.373787858464839
1.49537037037037	0.565660823380569
1.15416666666667	0.69372184627558
NA	NA
1.53979591836735	0.886135241199022
NA	NA
1.76212329337329	0.977026045681872
1.54319727891156	0.967048197218443
1.23809523809524	0.716260497674624
NA	NA
1.92683369644154	0.834825438927465
1.21956168831169	0.855531325351402
1.47586980920314	0.901063314385898
1.69886363636364	0.9248938897493
NA	NA
1.49829931972789	0.765599565813165
1.6304788961039	0.629292839905224
2.09705086580087	0.964862025568991
1.98988095238095	1.0348493143142
1.67743764172336	0.44905157866751
1.88928571428571	0.691409760618166
1.2	0.605530070819498
1.19047619047619	0.722832465019919
1.34642857142857	0.898827131121559
1.39047619047619	0.556015682470773
1.37455357142857	0.912271452867622
1.38095238095238	0.743579217642648
1.8136543062201	1.00889749608173
1.37823129251701	0.721567942652927
1.16666666666667	0.719347146696445
NA	NA
