NA	NA
1.27857142857143	0.33495636610724
1.61347610722611	0.826245735064437
1.68524657161021	0.962446278563412
1.63809523809524	1.42980219091685
1.97755602240896	0.9557087827792
NA	NA
1.12380952380952	0.638201838998907
1.91552745500114	1.31393181232819
1.56530612244898	1.13879308579647
1.28958333333333	0.908106677706556
1.45046932234432	0.823466433231465
1.87223748473748	1.18993746313861
1.6513024013024	0.902617040280535
1.76515151515152	0.963906737218696
1.32857142857143	1.0231448562278
1.9671209273183	1.1588987964322
2.13010204081633	1.13062954128264
1.60912698412698	0.755611721768577
1	1.07938842178308
1.58673469387755	1.16964003228884
1.74747474747475	0.826139750316096
1.80638736263736	1.12924470798711
1	1.03279555898864
1.93939393939394	1.04001475996684
2.23362952836637	0.788812925567751
1.35714285714286	1.2264986513645
NA	NA
2.18584797555386	0.959794551073991
1.86779529993816	1.07671495212913
1.19791666666667	0.605624267981604
1.64036281179138	0.805939704136941
1.82869532428356	0.707284151341801
1.79204604918891	1.09422488394176
1.45408163265306	0.816070591255767
2.02378405907818	1.17190462202977
1.76546072974644	1.36818772427709
1.41875901875902	0.546732919852364
1.74318181818182	1.03892915715874
1.86458333333333	1.26171297958654
1.4286951144094	1.12862093107793
1.38979591836735	0.505092573416546
1.76387429971989	1.29522893898999
2.04383935392339	0.949610505814905
1.31035353535354	0.992138924982105
1.49994388327722	0.784670098078073
1.81670910788558	1.0819690201817
1.28061224489796	0.643157526192878
1.76007326007326	1.13006607121821
NA	NA
2.40608010818864	1.30695585209162
1.97763347763348	1.62367628253482
1.29047619047619	0.40811866725359
1.29756493506493	1.15276294246178
1.41096681096681	0.542773191425304
2.26909895659896	1.34225852023756
1.90595238095238	1.05767901361109
1.97425431711146	1.34525766044408
2.09648351648352	1.10608000414102
1.67619047619048	0.75503600250542
2.06582792207792	0.755172328863236
NA	NA
2.39962121212121	1.12791710152683
1.63319088319088	1.15745530527671
1.75531968031968	1.42575338418555
1.56632653061224	0.690797925276683
1.30204081632653	0.601024931744023
1.91428571428571	1.04070694369874
1.8527195027195	1.29281768764025
1.39115646258503	1.00681638261655
2.21585213032581	1.06546247446033
1.85046805046805	1.11672971767822
1.98914572914186	1.25143900970832
1.60583900226757	0.949036420015699
2.17928165584416	0.59198771947581
1.87252208575738	1.12459306237506
1.51271902700474	0.92031334214444
1.46944444444444	0.82167253063459
1.56809523809524	0.622284172491017
1.56887755102041	0.832285744190493
1.47458256029685	1.24357826384766
1.8338141025641	1.06427090276651
1.74935897435897	1.20383357317678
2.33251470588235	1.59114234702438
1.77708333333333	1.43984381323502
1.91369047619048	0.830700164439925
2.00902391259534	1.17202603968859
1.6166351010101	0.965576505437241
1.79847386912604	1.61545330743556
2.3094696969697	1.28109517051969
1.46332714904143	1.17662463436337
1.47096861471861	1.19300772292264
NA	NA
1.53383394383394	1.18074414021086
1.3077380952381	0.679401866838344
1.74417989417989	1.03970273100774
1.72448979591837	0.681503986661442
1.58316326530612	1.14469664884695
1.45238095238095	0.79727545312028
1.37142857142857	0.712956435069408
