1.19761904761905	0.750674300054228
1.64801587301587	0.796785984335751
1.28581349206349	1.10002206097218
1	0.661437827766148
1.23333333333333	0.554860676539949
1.51785714285714	0.580178543947587
NA	NA
1.0952380952381	0.580207042046382
1.43943001443001	1.13375520516038
1.5952380952381	0.692934867183583
1.68472222222222	0.786704722871075
1.29761904761905	0.698985798671484
1.14285714285714	0.908440724684088
2.20238095238095	0.871607811097883
1.41836734693878	1.14094227335875
2.05933235867446	1.23456676690399
1.87676609105181	1.10318657879653
NA	NA
1.6612012987013	0.8220591780701
1.87846532552415	1.22987574025615
1.84659863945578	0.653068310619152
1.51666666666667	0.963019941334242
1.55952380952381	0.21963691244829
NA	NA
1.73775510204082	0.996259628252435
1.65096371882086	0.754340581179394
1.434375	0.967871145128022
NA	NA
NA	NA
1.625	0.651831465379863
NA	NA
1.390625	0.37383250801344
1.65653988868275	1.2466215328095
1.8417439703154	0.9012392970688
1	0.924962461700774
1.40178571428571	1.12617052088575
1.2375	0.471383475476581
1.96591821204824	0.555222294897148
1.60566893424036	0.506125331695559
NA	NA
1.22592592592593	0.546523806988258
1.49132653061224	0.720449173545093
1.61883116883117	0.855963031763094
1.80245098039216	0.890908567399304
1.45984848484848	1.11060623286065
1.22142857142857	0.469210752390363
1.42857142857143	0.744181620586352
1.72789115646258	1.14608976869594
1.59244829244829	0.896574700506968
1.30381944444444	1.10066397573658
1.07142857142857	0.712696645099798
1	0.983192080250175
1.37008928571429	1.00487502939841
1.2625	0.448432012507214
1.52758352758353	0.801630538050165
1.12083333333333	0.886438835748869
1.75270562770563	0.911744638650446
1.72530525030525	0.809543788477585
1.37670068027211	0.776114654839089
1.29387755102041	0.684962740078907
1.5422335600907	0.643605566408867
1.0952380952381	0.730658903909638
1.22619047619048	0.588694187639768
NA	NA
2.05818937397885	0.890329703099036
NA	NA
1.73760049474335	0.453337047515328
NA	NA
1	0.552770798392567
1.07142857142857	0.758392200750199
1.59545454545455	1.14788617047595
1.42195767195767	0.867322252623959
1.62142857142857	1.02322152529621
1.57607142857143	0.467937224725388
NA	NA
1.23809523809524	0.704595647485156
1.41676587301587	0.813422920295903
1.28571428571429	0.748048607763372
NA	NA
NA	NA
1.62373737373737	0.515686621842473
1.37857142857143	1.00299155703927
NA	NA
1.35446428571429	0.718493769555579
1.69351432880845	0.843119262191195
1.28055555555556	0.797803698124257
1.1	0.658350913970601
1.56258503401361	0.937923715571532
1.31547619047619	0.937964872325652
1.6893262987013	0.717177703432283
1.45238095238095	0.72178601862972
NA	NA
NA	NA
1.70268065268065	0.904372406271878
1.64639804639805	1.22903226140738
1.27142857142857	0.726847217994867
1.35252525252525	1.01730241002843
1.41666666666667	1.13318493092677
1.69387755102041	0.808195522234313
1.50459956709957	0.708155170013116
