NA	NA
1.72714285714286	0.637358242357098
1.27380952380952	0.701676626504989
1.43083333333333	0.95570129702528
1.22222222222222	0.609530784930325
1.34365079365079	0.543291118034411
1.18	0.469488821045208
1.66071428571429	0.74497561176962
1.36607142857143	0.546866935206704
1.53353979353979	0.58340422886712
1.52787545787546	0.424538435536213
NA	NA
NA	NA
1.69017844900198	0.630400368506296
NA	NA
NA	NA
NA	NA
NA	NA
1.34191618566619	0.469598645098186
1.13333333333333	0.82477082488425
1.325	0.532812245438193
1.28948412698413	0.722889618615918
1.43480610298792	0.656119265214967
1.3765873015873	0.503844156977443
1.45676898858717	0.567995352547893
1.25333333333333	0.515009289140725
NA	NA
1.44195804195804	0.854391350332528
NA	NA
1.05	0.408626123298518
1.40474747474747	0.818666640799023
1.37957431457431	0.768293656431496
1.05	0.839579763866531
1.55738095238095	0.507729000272103
NA	NA
1.18344155844156	0.818873779749608
NA	NA
NA	NA
1.25919913419913	0.828494983287472
1.27626262626263	0.806485443789143
NA	NA
1.21775793650794	0.712321697091796
1.19090909090909	0.959871624413148
1.39944903581267	0.590056600578114
NA	NA
NA	NA
1.125	0.935244641621934
NA	NA
1.32260101010101	0.767981864204872
NA	NA
1.4175	0.537758313889445
1.32792207792208	0.469738240551222
1.37424242424242	0.665240477856111
1.27272727272727	0.934921967062359
1	0.815639828327457
1.48624557260921	0.628406683176882
1.14444444444444	0.623609564462324
1.10606060606061	0.684238129733953
1.30083333333333	0.394902902583832
1.24857142857143	0.545716963528893
NA	NA
NA	NA
NA	NA
NA	NA
1.17272727272727	0.594291021454824
NA	NA
NA	NA
1.18518518518519	0.773899058719172
NA	NA
1.32521645021645	0.665455280824459
NA	NA
NA	NA
NA	NA
NA	NA
1.26	0.536288111253275
1.24	0.419081888930588
1.3859126984127	0.542812896246964
1.27878787878788	0.847777843970502
NA	NA
1.36626984126984	0.522558798866429
1.425	0.550971831265208
1.05	0.555277708298589
1.1	0.629520687742902
NA	NA
1.21333333333333	0.376615860224765
1.51489898989899	0.73271066577683
1.28158068783069	0.620887635666854
1.16666666666667	0.687992248018343
1.60778716233262	0.646705440400662
NA	NA
1.17626262626263	0.829988199467566
NA	NA
1.17166666666667	0.696022651114314
1.16017316017316	0.85290891530735
1.47247474747475	0.750063145525
1.13333333333333	0.546368482361966
1.19444444444444	0.561680318126329
NA	NA
NA	NA
1.06818181818182	0.383728386684481
