1.655	0.79692890461593
2.04750337381916	0.874771286050207
2.19421706948023	0.476756318786971
2.10249833760806	1.40083347807876
2.00241758241758	1.08802428555241
1.8791582748802	0.900836904793063
1.8432180475496	1.19528972881925
2.41628673957621	1.23932398784518
1.94034828807556	0.864370392718112
1.38888888888889	0.829993306532582
1.53286713286713	0.718465993307642
2.13479051907844	0.922773584744827
1.7068012116089	0.526299863870731
2.05649068322981	0.825162786409014
1.93724880076495	1.13093320446094
1.94420471468526	1.56533024167056
1.63118686868687	0.992343571356492
1.89756310237594	0.773767977299406
1.88356348713913	1.04519435491743
1.68022592875534	0.778294585232652
1.64246906939215	0.731821611234333
1.79732934875955	0.602648918748161
2.14805941297828	1.12676744230526
1.87727272727273	0.994544477427692
1.78554340396446	1.13248137019828
2.09396389681099	0.80489577513691
1.59307359307359	0.735848118930237
1.91732344452933	1.09045533115714
1.95541604197901	0.949258328325292
1.6395202020202	0.815505021225098
1.63690514031423	1.01888307979875
2.25902097902098	1.00238231198066
2.0929610595386	0.978364366300352
1.84962137347608	0.900101871938713
2.04978354978355	1.19629637601258
2.18220057720058	0.668212790472231
1.97287549407115	1.13469331033293
1.91069558460863	1.11881237900256
1.96866056767535	1.23719150727819
1.84894806280676	1.04591645843875
2.5830817914749	0.891212760892272
1.86159376794196	0.940044436182142
1.59857142857143	1.03222345486381
1.91048192004074	0.895889035817497
1.7316496003996	0.663090442250012
1.8063025210084	0.935227851896953
2.17890020110608	0.839456694660038
1.71192636834348	1.01815246905809
1.80022799463413	1.16032118337663
2.03821428571429	0.681190322848088
1.93168498168498	1.25642314567919
2.12842608277391	1.347963106328
2.25956316636217	0.851135539188422
2.02631053619196	0.816930334783545
1.81779331779332	0.733419697706448
1.85834380760851	0.876092261562617
1.84123422873423	0.806086990855674
2.16357257878997	1.3541594448218
1.77586080586081	0.631262140916245
2.17779669024133	0.862852750244844
1.82892004327411	1.24194217916452
1.89231253420909	0.875779574712466
2.05195239543066	1.16252585616687
1.97121475809259	1.00908839133326
1.93918903951799	1.25899544609801
1.83823529411765	0.641995327440227
1.89127199597788	0.926467034910659
1.82055852644088	0.836935268517782
1.57189153439153	0.995071886391486
1.47682611506141	1.0936781470832
1.939212290977	0.999710153761369
2.1284549846289	0.801993832690502
1.72424242424242	0.889339507648319
1.81217526883162	0.945860303744282
1.91273463378727	0.915186567947648
1.69545454545455	0.802473621043337
1.8703216374269	1.16821196748689
1.65955155955156	0.736413013518875
1.91342989589596	0.983163542285656
1.59523115773116	0.920134455210549
1.64197620561257	1.14037911945968
1.72334149807412	0.866024634356705
2.18211872418769	1.53537446268407
2.03005797621182	0.944573689539697
1.50974025974026	0.798556985519399
2.10311881101355	0.87173530551618
1.80716117216117	0.927860040397034
2.10433946985098	0.645515132451052
1.57803307803308	0.505116197749046
2.19178613199666	1.20549851375548
1.82430219353296	0.884370618344909
1.80904426769811	0.944878840961765
1.76423039855351	0.623738391769757
1.81666502070914	0.657432352134264
2.06314109424157	0.850456252975234
1.74983374113809	0.863981332392431
1.83898601398601	0.796730660522689
1.9071460737405	1.33806844160203
1.87270729270729	0.515176609944776
1.84637730690362	0.849543980550039
