1.26666666666667	0.414773476776224
1.2288961038961	0.629410535453423
NA	NA
1.48277777777778	0.85226419166861
1.48111471861472	1.03139091804695
1.27720057720058	0.799879769476119
1.13	0.326674225158209
NA	NA
1.47243566618567	0.523947351853658
1.73411764705882	1.11823956298741
1.42083333333333	0.761290474044603
NA	NA
1.32786304604486	0.691341737828926
1.31018518518519	0.568786061045632
1.23	0.589716399720039
1.50357142857143	0.690171662456778
1.25	0.506896877524852
1.32222222222222	0.720187746331945
1.53618603618604	0.791482253154709
1.57903846153846	1.04564544011081
1.57268489086671	0.667722334334326
NA	NA
1.45	0.582654123528186
NA	NA
1.05	0.51550047598498
1.6594213900135	0.810342153610483
1.22222222222222	0.478713553878169
1.63498677248677	0.882810752484385
1.39821428571429	0.792337378219355
1.32723063973064	0.775580699985146
1.62056277056277	0.582298667168338
1.69952380952381	0.789092914846556
1.18690476190476	0.819246968787787
1.1	0.807326616718401
1.50800865800866	0.537780431224298
1.2827380952381	0.882476025810338
1.42207792207792	0.715349463710814
1.41542699724518	0.69260408007204
NA	NA
1.18181818181818	0.844770006354608
1.3599537037037	0.533195442795153
1.32896825396825	0.531940677476109
1.43753443526171	0.682723251447185
1.42712121212121	0.727621076085794
1.38492063492063	0.669032398604229
1.52350427350427	0.96596040037539
1.93208020050125	1.18515232205387
1.28928571428571	0.794325110362489
1.40025974025974	0.488618536730225
1.39833333333333	0.591057328380335
1.48361888111888	0.7808278176347
1.43181818181818	0.460843186996882
1.32103174603175	0.695643459735849
1.62627372627373	0.443326870166293
1.27215007215007	0.68855008259681
1.13	0.697384885850235
1.15	0.531362097831926
NA	NA
1.62118736383442	0.54405323176228
1.125	0.707597657178459
NA	NA
1.57222222222222	0.702656770344569
1.85217242711522	1.27183336924457
1	0.689513285897068
1.6528194028194	0.658040466990596
NA	NA
1.15584415584416	0.652126830621032
1.2	0.609998988058258
1.27857142857143	0.715954839937148
NA	NA
1.21777777777778	0.757487997161421
1.22222222222222	0.645497224367903
1.26363636363636	0.528615496778465
1.62501942501942	0.692694724319961
1.87337327275408	1.05992509169802
1.15	0.692953956035453
NA	NA
1.65625404007757	1.29941910430241
1.165	0.922705696562634
1.36980519480519	0.757104160572843
1.15714285714286	0.894069652889352
1.16666666666667	0.58925565098879
1.72876422761027	0.425462514834722
1.325	0.52176398334974
1.125	0.443202630213959
1.50333333333333	0.644865762660611
1.41785714285714	0.691681351099483
1.11666666666667	0.687524250013235
NA	NA
1.36783216783217	0.715384916823636
1.2	0.610201343010932
NA	NA
1.55730330275785	0.814952188172929
1.23030303030303	0.844663849807309
1.48229043683589	0.520711760754188
1.45846930846931	0.718816645355956
1.27166666666667	0.800233376453472
1.58710317460317	0.360880706870978
1.25119047619048	0.796170603027846
1.32	0.401832223449625
