2.36566196726625	1.11290386215699
2.14063910264771	0.854165365093437
2.08136514375865	0.916070198106106
2.01141923436041	1.01534000530444
2.30295501599849	0.905473865228621
1.84746387871388	1.14594742459221
1.98654518894399	0.98420256159556
2.48743069795701	0.97982336751882
2.00561559040554	1.01238667942736
2.12534435261708	1.11865523858382
2.00768839144853	1.14161414761957
1.81260683760684	1.05501527185694
2.29101816101816	1.10379742525023
1.90549336416272	0.881732556958004
1.9742143751842	0.871785603042978
1.96586424739535	1.03844333984878
2.19982083276201	0.881074341126234
1.91324786324786	0.994988581370219
1.77581168831169	0.909557321151173
2.26358388475324	1.25665125733765
1.87250755565384	0.897349792663422
2.37841895670088	1.12272037034616
2.03445961045977	1.11603232610134
1.77039032013536	1.21477353774758
2.04855275443511	1.12700262820317
1.93000569962952	1.18396510043337
1.90116029137701	0.95076186277635
2.1975191149922	0.820111664745024
2.11210227272727	1.23376687919079
2.48677254454839	1.40901105620702
2.06917935865304	1.09498304216523
1.80240148520781	0.970909122512737
1.75774157616263	0.919733310570489
2.01238859180036	1.02028656451356
2.1225983265052	0.9604255151114
1.64107142857143	1.17505575598973
2.04584767084767	0.905327796017549
1.9325641025641	0.971347911556923
1.81265920384478	0.877562190386437
2.53153943160063	1.5356572257547
2.28270499108734	1.29395336575874
2.24151727804359	1.25031073816064
2.00748481051113	1.22082010870968
2.38761032466329	1.22981935613116
2.04147018693996	0.984553018011692
1.75756704980843	1.45477098778302
1.8652991745097	0.624740875440595
1.86834498834499	0.873990065152064
1.88199727622805	1.04985924065067
1.90270800627943	0.58520912147672
1.93441884202754	1.21596869361522
2.06501377410468	1.38963635423869
2.17014359023928	1.41264275806279
1.76130536130536	1.04788488292866
2.37584569337597	1.11809949282849
2.17183470382117	1.10379468783682
2.26763755957304	0.972047385528812
1.83848308554191	1.03687006364173
1.92802147347602	1.13183901140975
1.67738095238095	0.878917250693694
1.94254410730383	0.887271485629557
2.18320346320346	0.926981853759888
1.96678321678322	0.733979570911605
1.90792070583737	0.837976441978681
2.00727165554752	0.945431191501783
1.90581165158371	1.16430644673132
1.55033451397088	1.16939233107484
2.36886102403344	1.13982445278924
1.82425213675214	0.998040212875693
1.87146686159844	0.807254079923845
1.90859397013243	0.88416996872495
1.98981593441621	1.17510760717063
1.79719242110546	0.852336078055302
1.83681318681319	1.26310937185995
2.08383261183261	0.845586359609717
1.78565347191508	1.06676116585395
2.00858585858586	0.966883472956733
2.03478656419833	0.909621319823773
1.87856500224921	1.26591693320431
2.05348613804496	0.879330494334662
2.13300174288078	1.50623447248662
1.81891025641026	0.900697013240207
1.87102644087938	0.524390788356746
1.79987193362193	1.07190571481494
2.31872294372294	0.836090149088422
2.27699140528088	1.01472802582904
2.03296060664482	1.02942464420215
2.23052328623757	0.978402568573259
1.88621998916117	1.11404436522361
1.99781127962946	0.718671170038745
1.81234848484848	0.906616884684113
1.75870388435094	0.960341061473277
1.85789704999571	1.1326311773296
2.06431878306878	1.08263400237379
1.96462174189447	1.0729463837707
1.88401913875598	0.778424704237511
1.94819533123881	1.1633492156114
2.12466400701695	1.21248262008286
1.83106575963719	0.866876860827594
1.95413343965976	0.584497112076355
