1.44190476190476	0.957894026105851
NA	NA
1.2	0.590929378914433
1.76046176046176	0.648668793842079
1.23714285714286	0.673426798778588
1.38383838383838	0.551487632051051
NA	NA
1.37481962481962	0.614239681933539
NA	NA
1.82230158730159	0.520215672219727
NA	NA
1.3625	0.426300660433947
NA	NA
1.37349206349206	0.592776355672293
NA	NA
1.08333333333333	0.757228539958971
1.49332167832168	0.600690483997434
NA	NA
1.26857142857143	0.89299491000624
1.125	0.584324554665629
1.24619047619048	0.468308040999514
1.50060217560218	0.894990996161864
NA	NA
1	0.5
1.44454545454545	1.01973422868576
1.37440476190476	0.571696618312198
1.66829975579976	0.790765041200626
1.41798941798942	0.91384934334003
1.33912037037037	0.459859653743444
1.35887445887446	0.544413123448592
NA	NA
NA	NA
NA	NA
1.125	0.654653670707977
1.30277777777778	0.955341609903377
NA	NA
1.34090909090909	0.440493008921925
1.52416666666667	0.759864314019394
NA	NA
1.27507215007215	0.579849542450672
1.85827843653931	0.83005914993079
1	0.433012701892219
1.46615102069648	0.74108547897193
1.44090909090909	0.897229601539149
1.34305555555556	0.602956607141859
1.39583333333333	0.592529551871693
NA	NA
1.33555555555556	0.783778439340678
NA	NA
1.125	0.697102848188401
1.47484848484848	1.02919855635401
1.26777777777778	0.86019186298887
NA	NA
1	0.592311854797229
1.20486111111111	0.490432703682372
1.52286173422537	0.736928965723254
1.31666666666667	0.444513883464389
1.08766233766234	0.576959166687502
1.90065160705893	0.897035251292893
NA	NA
NA	NA
NA	NA
1.27083333333333	0.789476984928784
1.13636363636364	0.935691015649759
NA	NA
NA	NA
1.35925925925926	0.471633620096085
1.22345238095238	0.58037964276016
NA	NA
1.51818181818182	0.676610435955658
1.02666666666667	0.641092816992984
1.46775446775447	0.794986557633423
1.28988095238095	0.549485332045847
1.15757575757576	0.732171945362397
1.62550865800866	0.486161764917178
1.15584415584416	0.746212598201206
1.05	0.811757733122359
1.03	0.636677331692717
1.22857142857143	0.560066718481753
NA	NA
1.31746031746032	0.776188695388254
1.17	0.337821634579734
NA	NA
NA	NA
1.32020202020202	0.732728170872782
1.27460317460317	0.8292306836924
1.17809523809524	0.79295270885992
1.07272727272727	0.538685268205673
1.17777777777778	0.677896309061867
1.49695970695971	0.624173771256663
1.24242424242424	0.64104844162866
1.15666666666667	0.528052560047614
NA	NA
NA	NA
NA	NA
1.22380952380952	0.457324699283181
NA	NA
1.1	0.528216192177987
1.26767676767677	0.824730699273391
NA	NA
