1.29107142857143	0.896860030585643
1.27666666666667	0.766110909676873
1.1974025974026	0.417914396492033
NA	NA
1.13333333333333	0.596853891585901
1	0.283278861866266
1.29285714285714	0.830374566011666
1.26666666666667	0.485277062264943
1.30032467532468	0.649254418073872
1.21904761904762	0.626764076313422
NA	NA
1.23571428571429	0.442308501251861
NA	NA
1.32916666666667	0.94653946436584
NA	NA
1.255	0.450723013133234
1.50818499682136	0.705961758875344
NA	NA
1.10833333333333	0.659744151682311
1.28029100529101	0.857116657804218
1.44535714285714	0.501208054964503
1.44444444444444	1.08004611386444
1.10952380952381	0.93139873711725
1.075	0.466021379258426
1.50454545454545	0.937143536382481
1.67965367965368	0.591879414561447
1.05	0.442704929180812
NA	NA
1.125	0.586555725441001
1.25666666666667	0.763401142987511
1.43937728937729	0.644606543526481
1.175	0.66718729670827
NA	NA
1.47	0.678621969713461
NA	NA
1.18409090909091	0.643411637564581
1.31428571428571	0.627616719251247
1.18380952380952	0.753350875052457
1.67386701236969	0.558149329637084
1.05	1.14678832257314
NA	NA
NA	NA
1.34814814814815	0.662719798153184
NA	NA
1.30952380952381	0.768408091584739
1.32595238095238	0.888633537585627
NA	NA
NA	NA
1.40444444444444	0.790238803308939
1	0.493475955360055
1.42913752913753	0.469097688079713
NA	NA
1.185	0.672219926534188
NA	NA
1	0.820314980154981
1.20833333333333	0.658667285199889
1.63030303030303	0.659688985747701
1.29437229437229	0.566623920683939
1.24142857142857	0.673984964166411
1.56060606060606	0.34222844745186
NA	NA
1.48707070707071	0.765102148304978
1.44801587301587	0.908015938916426
1.33134920634921	0.722607963523779
1.29487179487179	0.600657941221509
NA	NA
1.10642857142857	0.795749051704105
1.46974857721464	0.827029532589436
NA	NA
1.16333333333333	0.666911991898685
NA	NA
1.40672963400236	0.457749214610943
1.55102861319967	0.701144624225435
1.44398268398268	0.644874224663051
NA	NA
NA	NA
1.77499910811931	0.613673687390612
1.16	0.647130417904906
1.42777777777778	0.858936286580208
1.49916666666667	0.604645514880125
1.44642857142857	0.509244657249601
1.16666666666667	0.737454919385227
NA	NA
NA	NA
NA	NA
1.21515151515152	0.914830116149518
1.26587301587302	0.506819433619617
1.37460317460317	0.530702600985589
1.4452380952381	0.66271504588954
1.43635531135531	0.495345252733264
NA	NA
1	0.607819417627016
1.38763971071663	0.696124080117266
1	0.448763733927875
1.18181818181818	0.860731424928
1.40378787878788	0.51518774276317
1.18666666666667	0.775254410082738
1.13333333333333	0.884851944091758
1.09666666666667	0.425266800787284
NA	NA
