1	0.665276327996565
1.21590909090909	0.622342256768641
NA	NA
NA	NA
NA	NA
1.28787878787879	0.809033082737103
1.40746753246753	0.752700981074489
1.05333333333333	0.631028946138129
1.12333333333333	0.643591389425938
NA	NA
1.19833333333333	0.488980420724441
NA	NA
NA	NA
NA	NA
1.34166666666667	0.656939620439351
1.10833333333333	0.743334578972549
NA	NA
NA	NA
NA	NA
1.15151515151515	0.825484137975444
NA	NA
1.44632290786137	0.64124158433882
1.11111111111111	0.789690516032142
1.26995226995227	1.00502734157844
NA	NA
NA	NA
NA	NA
NA	NA
NA	NA
NA	NA
NA	NA
NA	NA
1.18333333333333	0.411145234729048
1.4375	0.683789288454631
1.08333333333333	0.69054460525867
NA	NA
1.2	0.592129448643299
1.25178571428571	0.877566826814529
1.1	0.500308546774197
1.08333333333333	0.56382730917179
1.14166666666667	0.651209700537449
NA	NA
NA	NA
NA	NA
NA	NA
1.25615079365079	0.643158065157623
NA	NA
1	0.52704627669473
1.26190476190476	0.726868015958074
NA	NA
NA	NA
1.23119047619048	0.675545047432894
1.26289682539683	0.566916318037335
1.26060606060606	0.660027339417805
NA	NA
1.125	0.589582924355309
1.3125	0.560123580940783
NA	NA
1.22333333333333	0.761324845438652
1.4625	0.794426059838337
NA	NA
NA	NA
1.16666666666667	0.643881459069395
NA	NA
1.32175925925926	0.755679796430016
1.175	0.679290206896276
NA	NA
NA	NA
NA	NA
1.135	0.741388836851087
1.13636363636364	0.626135332452541
1.25	0.302356996093062
NA	NA
1.08	0.819243854921818
1.4610119047619	0.47000666145309
1.29623015873016	0.782160456718281
1	0.814907402147062
1.06666666666667	0.78015509695742
1	0.515388203202207
NA	NA
NA	NA
NA	NA
1.21666666666667	0.529937103186155
1.135	0.851485629812845
NA	NA
1.61003205128205	0.726252533261575
NA	NA
1.59495192307692	0.865634138301381
1.08333333333333	1.09643079755503
NA	NA
NA	NA
1.27619047619048	0.337363393030299
1.35	0.801659984132132
1.06666666666667	0.637316906653333
1	0.471404520791032
1.235	0.670150618780474
1.49484848484848	0.485236692228597
1.44530303030303	0.98549537159541
NA	NA
1.36385281385281	0.68107308669725
