1.50501165501166	0.643003942266318
1.3037037037037	0.676991802930115
1.2	0.606548625064719
NA	NA
1.20670995670996	0.680821722547994
1.05	0.4260788775292
1.43187115914389	0.931494554994667
1.28666666666667	0.504473812165204
1.54722222222222	0.513661825997767
1.25964285714286	0.693854726932207
1.20916666666667	0.450727292930651
NA	NA
1.34820936639118	0.758970781694789
1.24333333333333	0.65452838548638
NA	NA
1	0.533449061518125
NA	NA
1.44708624708625	0.60089982567495
1.2	0.657670787094524
1.32396825396825	0.587654905877404
1.22791005291005	0.768760181194779
NA	NA
NA	NA
1.39142857142857	0.592046682598946
1.49747474747475	0.500993808793424
NA	NA
1.145	0.516818973966564
1.3	0.627556499841908
NA	NA
1.28809523809524	0.871322311155209
NA	NA
1.18740981240981	0.831405443620283
1.11666666666667	0.379245514797245
1.01666666666667	0.583465593471828
1.3957671957672	0.443039161547431
1.17651515151515	0.611027509695445
1.07272727272727	0.737396261689227
1.38744588744589	0.54439467334422
NA	NA
1.38564213564214	0.710406836138726
1.42045454545455	0.518311387309671
NA	NA
1.46141414141414	0.860156907996999
1.175	0.763611060587687
NA	NA
NA	NA
1.67789543789544	0.924442101797376
1.33293650793651	0.681763534749949
1.58090909090909	0.538377957666398
1.43341750841751	0.524000407401608
NA	NA
NA	NA
NA	NA
1.08	0.582555036344525
1.22166666666667	0.370356018240441
1.175	0.637958259403184
1.20833333333333	0.451762665758072
NA	NA
NA	NA
1.24242424242424	0.646336105095763
1.54885361552028	0.593319011021574
1.29761904761905	0.4837047812446
1.15606060606061	0.568197575539077
1.2989417989418	0.815897586065069
NA	NA
1.22407407407407	0.662430070990507
NA	NA
1.20995670995671	0.431546312880543
1.36142857142857	0.714731606857616
1.46418773534158	0.856759226377526
1.25	0.954313515420528
1.22	0.610292380849914
1.53982683982684	0.758141889751236
NA	NA
1.06666666666667	0.542911674602557
1.43392857142857	0.508568942213965
NA	NA
1.37809523809524	0.727185804146076
1.53132201132201	0.613931720121571
1.58389388389388	0.883822516848695
1.70911796536797	0.879334538129626
1.29274891774892	0.479104315536758
1.27380952380952	0.51703044760348
NA	NA
1.17857142857143	0.628768785428123
1.51111111111111	0.622956978310217
1.16	0.716610678260889
1.26	0.445914236342415
1.27	0.481625334635713
NA	NA
1.57965367965368	0.729209465127928
1.10089285714286	0.744992235871601
1.47710622710623	0.959732926326003
NA	NA
1.05555555555556	0.57282196186948
1.3925	0.630770676141951
1.28630952380952	0.639211998055457
1.40828282828283	0.619304014328766
1.21285714285714	0.60117064769019
NA	NA
