1.52542911633821	0.716807295680848
1.93176898858717	1.21600915418668
1.70267773776177	0.916306750641296
1.57	0.63426306081139
1.54138454424832	0.775266421864278
1.48989898989899	0.965673856697572
1.85265151515152	0.921918911139005
1.85611743877873	0.984828253083594
1.81719794094794	0.806680651656084
1.90381460276418	0.637554280537151
1.38293759811617	0.870694312543774
1.83399232346601	0.958165389866858
1.82886338563156	1.22484242324563
1.99080758954709	0.867689565830216
1.79157435701553	0.884383771764566
1.72413836163836	0.889127878189828
1.77229437229437	1.10252061547697
1.89927330581355	1.19964166841503
2.12886450821233	1.06128354954993
NA	NA
1.94398795648796	1.35474476482034
1.52227272727273	1.0015754603194
1.43416666666667	0.761156223318378
1.7395029213211	0.891685331739011
1.87511961722488	1.0671612190842
1.73295454545455	0.963468910011772
1.48652105470287	1.02689397374132
1.95578923045383	1.11288305099827
2.10140611268431	1.45643564219401
1.31285714285714	0.979329833946844
1.82889040783778	1.21566458844201
1.93901663946913	1.18518806466752
1.34502164502165	0.534536752993626
1.35595238095238	0.585406907343544
1.53726851851852	0.829218340380382
1.8753885003885	1.18644894994092
1.95811794443373	1.05327924482846
1.91666666666667	1.10768569214944
NA	NA
1.64342286501377	1.11549125845629
1.87091318038686	1.02621409916218
2.00521008403361	1.08171618139874
1.76552059052059	1.28451439549886
1.28565630797774	1.05013815658807
1.91738816738817	0.924469350415808
1.54693084693085	0.798557842667791
1.66515151515152	0.698307111322612
1.89796441793501	0.554490345537045
2.15607435516691	1.17804207819049
1.88023740964917	0.85907432936995
1.75532925407925	0.64133958289879
2.13563445101907	1.12686124125821
1.82617382617383	1.14569740573331
1.90146321070234	1.41041729087751
1.71548451548452	0.776050670900405
2.122	0.927871518883706
1.70361519607843	1.22567708078143
1.9117867426691	0.684908312342935
1.87337662337662	0.614056637041018
1.87022825659189	0.788646577832088
2.29074960127592	1.00261804956069
1.70476521524625	1.15018961787687
1.7747634718223	0.767447122558942
1.78186813186813	0.804897517491255
1.96907713498623	1.02534392078845
1.79268601273949	1.31453700732941
1.92903107668194	0.955510587362314
2.0382881007881	0.626101756192237
1.91666666666667	1.28580797718594
1.60247697563874	0.906715834424064
1.74286987522282	0.975460511052114
1.74280975825598	1.03686544792839
1.33703703703704	0.876474836830487
1.93888888888889	1.34563512217472
2.20842490842491	1.42370379872755
1.45533254624164	1.13555434910573
2.36887445887446	1.2721005817703
1.75983642141067	1.16260808665448
1.65779761904762	0.799821224060286
1.94292526187263	0.804933552848595
1.30464285714286	0.632429749364369
1.83371269253622	1.21347137148216
1.68500076312576	1.07004656125331
2.20743316624896	1.37151266085167
1.78424733161575	1.0800070285889
2.01051922068176	1.18793550229932
1.38145087235996	0.770583515087478
2.08641687755763	1.20040893272802
1.74904729109275	1.02084488097083
1.86507038712921	1.04464153990152
1.88844930710315	1.29734064581018
1.40252525252525	0.580130698536942
1.53102779573368	1.10458067105951
2.46789819376026	1.10926318030297
1.40626681011296	1.09599534428002
1.70996636214027	1.13517305608834
1.92905188246097	0.880680442721548
1.14333333333333	1.01683102149701
1.87892102049997	0.86062034906868
1.30833333333333	0.934795481692436
