0	6.25e-06	1.25e-05	6.25e-06	6.25e-06	1.25e-05	6.25e-06	6.25e-06	1.25e-05	1.25e-05	1.25e-05
5	3.75e-05	3.75e-05	3.125e-05	3.75e-05	3.75e-05	5.625e-05	2.5e-05	2.5e-05	6.875e-05	2.5e-05
10	5.625e-05	0.000125	7.5e-05	9.375e-05	5e-05	0.00018125	5.625e-05	7.5e-05	0.00011875	3.75e-05
15	8.75e-05	0.00016875	0.00010625	0.000175	8.75e-05	0.00028125	9.375e-05	1e-04	0.00016875	4.375e-05
20	0.00011875	0.00029375	0.00015	0.00026875	0.00011875	0.00045	0.000125	0.00015625	0.00024375	6.875e-05
25	0.00016875	0.00043125	2e-04	0.00035625	0.00015625	0.00060625	0.00015	0.00021875	0.000325	1e-04
30	0.00028125	0.00061875	0.0002625	0.00048125	0.00020625	0.00076875	2e-04	0.0003375	0.0003875	0.00011875
35	0.00030625	0.00079375	0.00033125	0.00061875	0.000225	0.00094375	0.00035	0.000475	0.000475	0.0001375
40	0.00035	0.00095625	0.00039375	0.00080625	3e-04	0.00113125	0.00051875	0.00058125	0.00056875	0.00015625
45	4e-04	0.0011875	0.00049375	0.0009875	4e-04	0.00129375	0.00065	0.00070625	0.00065625	0.00018125
50	5e-04	0.00143125	0.0006375	0.001175	0.00046875	0.0014	0.0008375	0.00085625	0.00074375	0.00019375
55	0.0006375	0.00165	0.00080625	0.00141875	0.0005625	0.00149375	0.00111875	0.00106875	0.000825	NA
60	0.00075625	0.00186875	0.00103125	0.00166875	0.00064375	0.0015625	0.0013625	0.001225	0.00095	NA
65	0.00086875	0.00213125	0.00121875	0.00190625	0.00073125	0.00164375	0.00168125	0.00135625	0.001025	NA
70	0.00101875	0.00239375	0.0014625	0.0021875	0.00083125	0.0017	0.002025	0.0015375	0.00110625	NA
75	0.00111875	0.00274375	0.00184375	0.00254375	0.00093125	0.0017875	0.0023625	0.0017125	0.00121875	NA
80	0.00118125	0.00311875	0.00225625	0.00294375	0.00099375	0.00184375	0.00266875	0.0019875	0.0013125	NA
85	0.00125	0.00349375	0.00295625	0.00346875	0.00104375	0.0018875	0.002975	0.00223125	0.00138125	NA
90	0.00134375	0.00405625	0.00365	0.0041	0.00109375	0.00190625	0.00333125	0.00245	0.00145	NA
95	0.00144375	0.0045625	0.004425	0.0047375	0.00115	0.00195	0.00375	0.00265625	0.00150625	NA
100	0.00151875	0.00508125	0.005175	0.00550625	0.0012125	0.00198125	0.00416875	0.0029375	0.0016125	NA
105	0.00164375	0.00553125	0.00586875	0.00634375	0.00123125	0.002	0.00471875	0.0031625	0.00178125	NA
110	0.00179375	0.0058625	0.00666875	0.00728125	0.00124375	0.00203125	0.00544375	0.0035	0.00184375	NA
115	0.0019125	0.006225	0.0073875	0.008225	NA	0.00205625	0.0063875	0.00383125	0.001925	NA
120	0.00205	0.00664375	0.0083125	0.00916875	NA	0.0020875	0.00728125	0.00418125	0.0020375	NA
125	0.00220625	0.00700625	0.00923125	0.0103625	NA	0.0021125	0.00815	0.004475	0.0021375	NA
130	0.00238125	0.0075375	0.01018125	0.011725	NA	0.00214375	0.008975	0.00475625	0.0022375	NA
135	0.00255	0.00795625	0.0113	0.01296875	NA	0.002175	0.00981875	0.00504375	0.00231875	NA
140	0.0027375	0.00835	0.01238125	0.0140875	NA	0.0022375	0.01075625	0.00521875	0.00246875	NA
145	0.0028375	0.00871875	0.01350625	0.01510625	NA	0.00228125	0.01170625	0.00539375	0.00260625	NA
150	0.002925	0.00905	0.01474375	0.016225	NA	0.00231875	0.0129125	0.0055	0.00276875	NA
155	0.0030375	0.00948125	0.015875	0.01731875	NA	0.00235625	0.01421875	0.0056375	0.00294375	NA
160	0.00320625	0.00988125	0.016925	0.0186	NA	0.002375	0.01541875	0.00574375	0.003125	NA
165	0.00341875	0.0103625	0.0181375	0.019925	NA	0.00245	0.01674375	0.005875	0.0034875	NA
170	0.00365625	0.010875	0.019575	0.021225	NA	0.0025875	0.01834375	0.006075	0.00385	NA
175	0.0039375	0.01129375	0.02115625	0.02254375	NA	0.00271875	0.02001875	0.00618125	0.0042125	NA
180	0.0042	0.01176875	0.02285625	0.02378125	NA	0.002925	0.0218875	0.00630625	0.00470625	NA
185	0.0043875	0.012425	0.0246375	0.0251	NA	0.0031	0.02383125	0.00649375	0.00524375	NA
190	0.00460625	0.01311875	0.02659375	0.02645625	NA	0.003325	0.02585	0.00665	0.00574375	NA
195	0.00493125	0.01385625	0.02869375	0.0281125	NA	0.00353125	0.02799375	0.00685625	0.00626875	NA
200	0.0053625	0.01451875	0.0305625	0.02951875	NA	0.003725	0.03044375	0.00706875	0.00676875	NA
205	0.005975	0.0153	0.032625	0.03120625	NA	0.004025	0.0328125	0.007325	0.00735	NA
210	0.0067875	0.0162375	0.03473125	0.03285	NA	0.0043125	0.035075	0.00766875	0.00805	NA
215	0.0075875	0.01728125	0.0369	0.03475	NA	0.004675	0.03766875	0.0080375	0.008775	NA
220	0.00825	0.01834375	0.03915	0.03693125	NA	0.00499375	0.04038125	0.00848125	0.009625	NA
225	0.008975	0.01954375	0.0416625	0.03896875	NA	0.00529375	0.04323125	0.00900625	0.01060625	NA
230	0.00975625	0.02066875	0.04433125	0.04131875	NA	0.00551875	0.04583125	0.0095625	0.011675	NA
235	0.01065	0.02183125	0.04713125	0.04366875	NA	0.0058125	0.04856875	0.0100875	0.01281875	NA
240	0.0115375	0.0230875	0.04969375	0.04585625	NA	0.00605625	0.05133125	0.01069375	0.01400625	NA
245	0.01235	0.024275	0.052625	0.0481125	NA	0.00635625	0.0542	0.0113875	0.01535	NA
250	0.01334375	0.02538125	0.0557125	0.050725	NA	0.006625	0.05718125	0.0120375	0.0168125	NA
255	0.01411875	0.0267	0.05849375	0.0535625	NA	0.0069625	0.060575	0.0128	0.0184125	NA
260	0.0149875	0.0281625	0.061375	0.0564375	NA	0.0074	0.0638	0.0134375	0.0200875	NA
265	0.0157375	0.02945625	0.06410625	0.059325	NA	0.00785	0.06715	0.0141375	0.021825	NA
270	0.016525	0.0307	0.06700625	0.06214375	NA	0.00820625	0.070575	0.01505625	0.0235625	NA
275	0.0175625	0.0318875	0.0703875	0.0652875	NA	0.00858125	0.073975	0.0160375	0.0254625	NA
280	0.01850625	0.03315	0.07408125	0.0686375	NA	0.00909375	0.077775	0.017125	0.02766875	NA
285	0.01939375	0.03468125	0.078	0.07220625	NA	0.009625	0.08155625	0.0182625	0.029925	NA
290	0.020475	0.03623125	0.082	0.0757375	NA	0.0100875	0.08531875	0.01938125	0.031925	NA
295	0.0216125	0.0378375	0.0861125	0.07983125	NA	0.01064375	0.08913125	0.02063125	0.0343	NA
300	0.022775	0.0397	0.09026875	0.08399375	NA	0.01124375	0.092925	0.02193125	0.0366	NA
305	0.023725	0.041575	0.0946375	0.08836875	NA	0.01190625	0.09648125	0.023375	0.0390875	NA
310	0.02515625	0.0435625	0.09905625	0.0931125	NA	0.01259375	0.099875	0.02505625	0.04184375	NA
315	0.02665	0.0455375	0.103825	0.09799375	NA	0.01343125	0.1031	0.02680625	0.044375	NA
320	0.0282375	0.04760625	0.10874375	0.103375	NA	0.01435625	0.1067625	0.02868125	0.04739375	NA
325	0.02995625	0.0498625	0.11415625	0.10909375	NA	0.015275	0.110775	0.0302125	0.0503375	NA
330	0.0317125	0.05209375	0.11961875	0.11499375	NA	0.01635625	0.1150875	0.03198125	0.0537625	NA
335	0.0339375	0.0544375	0.1253875	0.12088125	NA	0.0174625	0.1192	0.033725	0.0572875	NA
340	0.0361875	0.0571125	0.13155625	0.12679375	NA	0.0186125	0.12351875	0.0356125	0.060825	NA
345	0.03848125	0.05965	0.13739375	0.13353125	NA	0.01975625	0.12824375	0.03753125	0.064375	NA
350	0.0407625	0.06251875	0.14394375	0.14026875	NA	0.02084375	0.13275	0.0394625	0.06810625	NA
355	0.04305625	0.0657375	0.1504625	0.147475	NA	0.022	0.1371125	0.041775	0.07205	NA
360	0.04529375	0.06908125	0.1575	0.1549875	NA	0.02326875	0.1415125	0.04420625	0.07600625	NA
365	0.04763125	0.07235625	0.16460625	0.1625625	NA	0.0247875	0.1466375	0.04650625	0.08023125	NA
370	0.0499	0.0758	0.17168125	0.17024375	NA	0.02644375	0.1522125	0.04919375	0.08465625	NA
375	0.0520625	0.0794125	0.178725	0.1777375	NA	0.0283125	0.15739375	0.05221875	0.0891125	NA
380	0.0544375	0.08315625	0.18584375	0.18501875	NA	0.03011875	0.16294375	0.0551625	0.09345	NA
385	0.0568125	0.08703125	0.19296875	0.192575	NA	0.03175625	0.16800625	0.05805	0.0980375	NA
390	0.05895625	0.0912125	0.2003625	0.2001625	NA	0.033675	0.17328125	0.061175	0.102775	NA
395	0.06118125	0.095725	0.20804375	0.208175	NA	0.03556875	0.17884375	0.06445	0.10744375	NA
400	0.06319375	0.10001875	0.21583125	0.21616875	NA	0.0376375	0.18434375	0.06755	0.11214375	NA
405	0.0654625	0.10455625	0.2239	0.22464375	NA	0.04	0.190075	0.07064375	0.11700625	NA
410	0.06800625	0.10913125	0.23198125	0.2335625	NA	0.04221875	0.19589375	0.07393125	0.1217375	NA
415	0.07071875	0.11408125	0.23989375	0.24245625	NA	0.0444	0.20204375	0.07733125	0.12666875	NA
420	0.07366875	0.1194125	0.24805	0.2516	NA	0.04658125	0.2085875	0.08083125	0.13203125	NA
425	0.0766375	0.12478125	0.2563625	0.26065	NA	0.04906875	0.21518125	0.0841375	0.1375875	NA
430	0.07946875	0.13009375	0.26491875	0.2699875	NA	0.0511875	0.22183125	0.08764375	0.1431625	NA
435	0.0824125	0.13559375	0.27393125	0.2791125	NA	0.05336875	0.2290375	0.09150625	0.148675	NA
440	0.0850625	0.14108125	0.2824625	0.2882625	NA	0.0554375	0.2363875	0.095	0.154175	NA
445	0.088	0.1471125	0.290625	0.29688125	NA	0.05766875	0.24349375	0.09826875	0.16031875	NA
450	0.091225	0.15358125	0.298425	0.3056875	NA	0.05975625	0.2506875	0.1022	0.1668375	NA
455	0.0944625	0.15975	0.306775	0.314225	NA	0.06218125	0.2576125	0.10628125	0.1730875	NA
460	0.09813125	0.16595625	0.3154625	0.32260625	NA	0.06454375	0.26463125	0.1105125	0.179575	NA
465	0.10204375	0.17239375	0.323825	0.33060625	NA	0.0668625	0.27139375	0.1149	0.18655625	NA
470	0.10609375	0.17885	0.3319	0.33854375	NA	0.06935	0.27819375	0.11925625	0.193525	NA
475	0.11008125	0.18601875	0.33958125	0.34666875	NA	0.07195625	0.28453125	0.1238	0.2012625	NA
480	0.11428125	0.1933625	0.34696875	0.35445625	NA	0.0744125	0.29109375	0.12884375	0.20841875	NA
485	0.11825	0.20019375	0.35453125	0.3616875	NA	0.0768875	0.2975125	0.13433125	0.21499375	NA
490	0.12215	0.20743125	0.36166875	0.3688625	NA	0.07946875	0.3040375	0.14	0.22196875	NA
495	0.1265375	0.21525625	0.3691375	0.37569375	NA	0.08194375	0.3110875	0.14588125	0.22955	NA
500	0.130875	0.2233875	0.37700625	0.3827	NA	0.08473125	0.31821875	0.1519375	0.23765625	NA
505	0.13559375	0.23134375	0.38428125	0.389125	NA	0.0878875	0.32543125	0.158425	0.245475	NA
510	0.14043125	0.23931875	0.391325	0.39539375	NA	0.09101875	0.33245	0.16435	0.25313125	NA
515	0.1455	0.24728125	0.398375	0.40145625	NA	0.09391875	0.339275	0.17023125	0.25974375	NA
520	0.1504875	0.25598125	0.40551875	0.40726875	NA	0.0972375	0.34544375	0.17650625	0.2669375	NA
525	0.15563125	0.2642625	0.41199375	0.41296875	NA	0.10055625	0.35165	0.1823875	0.27405	NA
530	0.16064375	0.27209375	0.41835625	0.4182125	NA	0.10405	0.3580875	0.1885	0.2814375	NA
535	0.16555625	0.280225	0.424725	0.42310625	NA	0.10736875	0.36421875	0.19485	0.28893125	NA
540	0.171025	0.28775	0.43081875	0.4278125	NA	0.11085	0.36996875	0.20081875	0.29634375	NA
545	0.17669375	0.29479375	0.436875	0.4325	NA	0.11413125	0.37523125	0.20726875	0.303775	NA
550	0.18265625	0.30223125	0.44229375	0.43701875	NA	0.11734375	0.3801125	0.2141375	0.3107625	NA
555	0.1889	0.3100375	0.44753125	0.4416	NA	0.12066875	0.3846625	0.2216	0.31765	NA
560	0.194975	0.31724375	0.45280625	0.4458875	NA	0.12445625	0.3891625	0.22886875	0.32485	NA
565	0.201175	0.3244	0.4577125	0.44973125	NA	0.12835	0.39330625	0.2360875	0.3318625	NA
570	0.2076875	0.33199375	0.46249375	0.45314375	NA	0.1322875	0.39719375	0.24333125	0.33858125	NA
575	0.2142875	0.338925	0.46730625	0.45605625	NA	0.13600625	0.400925	0.25083125	0.34514375	NA
580	0.22100625	0.34575625	0.4719875	0.458825	NA	0.14009375	0.404125	0.258575	0.3523	NA
585	0.22811875	0.35253125	0.47655	0.46140625	NA	0.144625	0.40744375	0.26613125	0.3592875	NA
590	0.235325	0.35868125	0.48045	0.46401875	NA	0.149675	0.41076875	0.27405	0.36601875	NA
595	0.2424	0.36481875	0.48434375	0.4664	NA	0.1548875	0.41403125	0.28209375	0.37240625	NA
600	0.24985625	0.3706	0.4877875	0.4688375	NA	0.1603625	0.4172875	0.289875	0.37839375	NA
605	0.2578	0.3761125	0.4912125	0.47106875	NA	0.165825	0.42050625	0.2975375	0.3841875	NA
610	0.26536875	0.38164375	0.49475	0.47305	NA	0.1715125	0.42354375	0.30520625	0.3895875	NA
615	0.27291875	0.38665625	0.4979625	0.47491875	NA	0.177525	0.4265	0.31274375	0.39475625	NA
620	0.2805375	0.3916625	0.50108125	0.47668125	NA	0.18380625	0.42949375	0.3199125	0.39996875	NA
625	0.288375	0.396925	0.503725	0.47861875	NA	0.19	0.43231875	0.327	0.4049125	NA
630	0.29579375	0.40209375	0.5062625	0.48046875	NA	0.19661875	0.434875	0.33330625	0.409475	NA
635	0.30325625	0.40741875	0.50864375	0.482325	NA	0.20314375	0.43723125	0.33953125	0.41384375	NA
640	0.31035	0.41235	0.51115625	0.48385625	NA	0.20980625	0.43959375	0.34545	0.41801875	NA
645	0.31716875	0.41743125	0.5137	0.485225	NA	0.2167125	0.44193125	0.35145625	0.4215875	NA
650	0.3238625	0.42224375	0.516225	0.48645625	NA	0.22355	0.44401875	0.3567375	0.425375	NA
655	0.3302375	0.42695	0.5183375	0.487675	NA	0.23024375	0.4461625	0.3618875	0.4288375	NA
660	0.33658125	0.4312375	0.5204	0.48869375	NA	0.23654375	0.448125	0.366775	0.43203125	NA
665	0.34298125	0.43525	0.52205	0.4897125	NA	0.24326875	0.4500625	0.3709625	0.4345875	NA
670	0.34946875	0.439025	0.523525	0.49068125	NA	0.24985625	0.451725	0.3749875	0.437175	NA
675	0.356025	0.44279375	0.52496875	0.4916375	NA	0.2565125	0.45325	0.37920625	0.439625	NA
680	0.36203125	0.44651875	0.52623125	0.49261875	NA	0.26324375	0.4546	0.38306875	0.4420625	NA
685	0.368225	0.44995625	0.5274	0.4934875	NA	0.270175	0.45578125	0.3872125	0.4440375	NA
690	0.3741875	0.45361875	0.52840625	0.49413125	NA	0.27714375	0.4569625	0.39091875	0.44609375	NA
695	0.3799	0.457075	0.5294125	0.49474375	NA	0.2843125	0.45800625	0.3945125	0.4480875	NA
700	0.38608125	0.4600625	0.53034375	0.495275	NA	0.29206875	0.459025	0.3980375	0.45026875	NA
705	0.391725	0.4629375	0.53140625	0.49586875	NA	0.2995375	0.4601625	0.4015125	0.452175	NA
710	0.396575	0.46535625	0.532375	0.4963875	NA	0.307075	0.46103125	0.40495	0.45399375	NA
715	0.40104375	0.4675625	0.53323125	0.49688125	NA	0.3143875	0.4618125	0.4081625	0.45568125	NA
720	0.40540625	0.46966875	0.53409375	0.4973375	NA	0.32145	0.4625625	0.41143125	0.4572625	NA
725	0.40945	0.47144375	0.5347625	0.49779375	NA	0.3286	0.46326875	0.41440625	0.45869375	NA
730	0.41333125	0.4731375	0.53553125	0.4983	NA	0.33598125	0.46419375	0.41733125	0.45993125	NA
735	0.41726875	0.474725	0.5362	0.49878125	NA	0.343075	0.46513125	0.42021875	0.46110625	NA
740	0.42118125	0.47613125	0.53661875	0.49926875	NA	0.3498375	0.46595625	0.4229125	0.46246875	NA
745	0.4248125	0.4777875	0.5371	0.49964375	NA	0.3560375	0.46649375	0.4253375	0.46376875	NA
750	0.42809375	0.479275	0.537675	0.5000375	NA	0.362	0.4670375	0.42766875	0.46499375	NA
755	0.4312	0.480525	0.53816875	0.5003875	NA	0.36763125	0.4675	0.4297	0.466025	NA
760	0.43416875	0.481775	0.53848125	0.5006375	NA	0.373125	0.46796875	0.43178125	0.467	NA
765	0.43670625	0.48286875	0.53893125	0.50078125	NA	0.37861875	0.4686	0.4338125	0.46785625	NA
770	0.43906875	0.48399375	0.53929375	0.50103125	NA	0.38413125	0.46915	0.435775	0.468625	NA
775	0.441375	0.48480625	0.53958125	0.5012875	NA	0.38916875	0.46959375	0.43771875	0.46955625	NA
780	0.44311875	0.48564375	0.53986875	0.5015125	NA	0.3940125	0.469925	0.43959375	0.47054375	NA
785	0.4448	0.4866625	0.5402125	0.50174375	NA	0.398825	0.47034375	0.44129375	0.471375	NA
790	0.4467375	0.48753125	0.5404625	0.50191875	NA	0.40329375	0.47069375	0.44288125	0.4723	NA
795	0.44843125	0.4881875	0.54059375	0.50205	NA	0.407775	0.47094375	0.44445	0.47328125	NA
800	0.45000625	0.4888625	0.5408	0.502225	NA	0.41179375	0.471225	0.4457625	0.47414375	NA
805	0.4516125	0.48966875	0.5410125	0.50244375	NA	0.41576875	0.47155625	0.447025	0.47520625	NA
810	0.45315625	0.49035	0.54129375	0.50266875	NA	0.419275	0.47188125	0.44823125	0.47634375	NA
815	0.45485	0.49099375	0.54165	0.50283125	NA	0.42273125	0.4721125	0.44943125	0.47734375	NA
820	0.4566	0.49185625	0.54203125	0.50293125	NA	0.4264	0.4722875	0.45066875	0.47835625	NA
825	0.4581125	0.49283125	0.5424625	0.50306875	NA	0.429475	0.47253125	0.45164375	0.4793875	NA
830	0.45970625	0.4935875	0.54279375	0.5031875	NA	0.4323875	0.4727625	0.45284375	0.4802	NA
835	0.46135625	0.494275	0.54316875	0.50328125	NA	0.4353125	0.4729875	0.45371875	0.480775	NA
840	0.46274375	0.4947875	0.5436	0.50335625	NA	0.43816875	0.473175	0.4546	0.481275	NA
845	0.4641	0.49535625	0.54399375	0.50345625	NA	0.4408625	0.47329375	0.4556375	0.48175625	NA
850	0.4653	0.4959625	0.54445	0.50353125	NA	0.4435	0.47345	0.45645625	0.4821375	NA
855	0.46649375	0.49646875	0.5449375	0.5035875	NA	0.4458	0.4736	0.45729375	0.4823875	NA
860	0.4676	0.497	0.54548125	0.5036	NA	0.44815	0.47375625	0.458	0.48265	NA
865	0.46871875	0.497425	0.54589375	0.50361875	NA	0.450275	0.47399375	0.4586875	0.48293125	NA
870	0.46965625	0.49795	0.54624375	0.50366875	NA	0.45218125	0.47421875	0.45915	0.4831	NA
875	0.47046875	0.4985125	0.5464875	0.503675	NA	0.45430625	0.4744125	0.4596625	0.4832375	NA
880	0.47133125	0.49899375	0.546675	NA	NA	0.4564125	0.47458125	0.4600125	0.48345625	NA
885	0.472325	0.49948125	0.5468625	NA	NA	0.45870625	0.47479375	0.4604	0.48365	NA
890	0.473275	0.4998125	0.54709375	NA	NA	0.46078125	0.475025	0.46076875	0.48378125	NA
895	0.4742875	0.50003125	0.54733125	NA	NA	0.46290625	0.47520625	0.4611125	0.4838875	NA
900	0.47535625	0.50023125	0.54746875	NA	NA	0.464675	0.47538125	0.4613375	0.4840375	NA
905	0.4765125	0.50036875	0.54756875	NA	NA	0.4663375	0.475575	0.46155	0.48411875	NA
910	0.4776375	0.50048125	0.547675	NA	NA	0.4679875	0.47573125	0.46171875	0.4842375	NA
915	0.47874375	0.5005875	0.54775625	NA	NA	0.4696	0.47583125	0.461975	0.484325	NA
920	0.4797	0.50068125	0.54780625	NA	NA	0.471175	0.47595625	0.46225625	0.484475	NA
925	0.480725	0.50079375	0.54789375	NA	NA	0.472575	0.47605625	0.46256875	0.4846125	NA
930	0.48160625	0.5008875	0.548	NA	NA	0.4741125	0.47616875	0.46291875	0.48478125	NA
935	0.4824375	0.50098125	0.54808125	NA	NA	0.475525	0.4763125	0.46314375	0.48486875	NA
940	0.48325625	0.50115625	0.54816875	NA	NA	0.47696875	0.47643125	0.4632875	0.484925	NA
945	0.48390625	0.501325	0.54825625	NA	NA	0.47836875	0.47650625	0.4634	0.48499375	NA
950	0.4846	0.50159375	0.54830625	NA	NA	0.479625	0.47655625	0.46355	0.48509375	NA
955	0.48526875	0.501825	0.54836875	NA	NA	0.4806375	0.47659375	0.46369375	0.4851875	NA
960	0.48588125	0.5020375	0.54843125	NA	NA	0.4817125	0.47668125	0.4638375	0.4852625	NA
965	0.48649375	0.5022375	0.548475	NA	NA	0.482675	0.4767125	0.4639875	0.4853125	NA
970	0.48706875	0.5024125	0.5485125	NA	NA	0.48366875	0.47671875	0.46405	0.4853375	NA
975	0.48764375	0.50255	0.548525	NA	NA	0.4845375	NA	0.46415625	0.48535625	NA
980	0.48818125	0.5026375	NA	NA	NA	0.48565	NA	0.46425	0.4854125	NA
985	0.48874375	0.50275625	NA	NA	NA	0.48665625	NA	0.46435	0.485425	NA
990	0.4893	0.50290625	NA	NA	NA	0.4877	NA	0.46440625	0.485475	NA
995	0.489775	0.50299375	NA	NA	NA	0.48865625	NA	0.46441875	0.48553125	NA
1000	0.49016875	0.503125	NA	NA	NA	0.48951875	NA	0.46443125	0.48561875	NA
1005	0.49051875	0.50326875	NA	NA	NA	0.4904	NA	0.4644375	0.48575625	NA
1010	0.49074375	0.5033875	NA	NA	NA	0.49135	NA	NA	0.485825	NA
1015	0.4909125	0.50353125	NA	NA	NA	0.4922625	NA	NA	0.485925	NA
1020	0.491075	0.50370625	NA	NA	NA	0.4932625	NA	NA	0.48601875	NA
1025	0.49120625	0.50383125	NA	NA	NA	0.49416875	NA	NA	0.4861125	NA
1030	0.49135	0.50393125	NA	NA	NA	0.49511875	NA	NA	0.4862	NA
1035	0.49150625	0.504	NA	NA	NA	0.496125	NA	NA	0.48625625	NA
1040	0.49161875	0.50404375	NA	NA	NA	0.49725625	NA	NA	0.48634375	NA
1045	0.4917	0.5040875	NA	NA	NA	0.49810625	NA	NA	0.4864625	NA
1050	0.49184375	0.50415625	NA	NA	NA	0.49906875	NA	NA	0.4865375	NA
1055	0.49196875	0.5042125	NA	NA	NA	0.49998125	NA	NA	0.48665625	NA
1060	0.4920625	0.504275	NA	NA	NA	0.500975	NA	NA	0.48675625	NA
1065	0.4921625	0.5043375	NA	NA	NA	0.501875	NA	NA	0.4868875	NA
1070	0.4922875	0.50438125	NA	NA	NA	0.5025875	NA	NA	0.48700625	NA
1075	0.49243125	0.50439375	NA	NA	NA	0.5033375	NA	NA	0.487175	NA
1080	0.49258125	0.5044	NA	NA	NA	0.50406875	NA	NA	0.4873	NA
1085	0.492725	NA	NA	NA	NA	0.5048125	NA	NA	0.4873875	NA
1090	0.49288125	NA	NA	NA	NA	0.505725	NA	NA	0.4875125	NA
1095	0.4929625	NA	NA	NA	NA	0.50661875	NA	NA	0.48768125	NA
1100	0.49304375	NA	NA	NA	NA	0.5073	NA	NA	0.4878125	NA
1105	0.49308125	NA	NA	NA	NA	0.50809375	NA	NA	0.48800625	NA
1110	0.49315	NA	NA	NA	NA	0.50889375	NA	NA	0.488275	NA
1115	0.49319375	NA	NA	NA	NA	0.509725	NA	NA	0.48854375	NA
1120	0.49320625	NA	NA	NA	NA	0.5104875	NA	NA	0.488825	NA
1125	0.49323125	NA	NA	NA	NA	0.5112	NA	NA	0.48904375	NA
1130	0.49329375	NA	NA	NA	NA	0.51173125	NA	NA	0.4892375	NA
1135	0.49333125	NA	NA	NA	NA	0.5121625	NA	NA	0.489475	NA
1140	0.49335	NA	NA	NA	NA	0.512525	NA	NA	0.48973125	NA
1145	0.4933625	NA	NA	NA	NA	0.5128125	NA	NA	0.4899625	NA
1150	0.4933875	NA	NA	NA	NA	0.51311875	NA	NA	0.49015	NA
1155	0.49341875	NA	NA	NA	NA	0.5134125	NA	NA	0.49025	NA
1160	0.49346875	NA	NA	NA	NA	0.513675	NA	NA	0.49035	NA
1165	0.49353125	NA	NA	NA	NA	0.5139875	NA	NA	0.4904625	NA
1170	0.49359375	NA	NA	NA	NA	0.5142375	NA	NA	0.49063125	NA
1175	0.493725	NA	NA	NA	NA	0.51456875	NA	NA	0.4908625	NA
1180	0.49383125	NA	NA	NA	NA	0.5148375	NA	NA	0.490975	NA
1185	0.493925	NA	NA	NA	NA	0.5151375	NA	NA	0.4911	NA
1190	0.4940875	NA	NA	NA	NA	0.5152625	NA	NA	0.4912625	NA
1195	0.4942	NA	NA	NA	NA	0.51540625	NA	NA	0.491375	NA
1200	0.49431875	NA	NA	NA	NA	0.515475	NA	NA	0.49148125	NA
1205	0.49443125	NA	NA	NA	NA	0.51553125	NA	NA	0.4915625	NA
1210	0.49446875	NA	NA	NA	NA	0.51556875	NA	NA	0.49168125	NA
1215	0.4945375	NA	NA	NA	NA	0.51556875	NA	NA	0.4917625	NA
1220	0.49463125	NA	NA	NA	NA	NA	NA	NA	0.4918375	NA
1225	0.49468125	NA	NA	NA	NA	NA	NA	NA	0.49199375	NA
1230	0.49471875	NA	NA	NA	NA	NA	NA	NA	0.4921125	NA
1235	0.49476875	NA	NA	NA	NA	NA	NA	NA	0.4922	NA
1240	0.49481875	NA	NA	NA	NA	NA	NA	NA	0.492275	NA
1245	0.49485	NA	NA	NA	NA	NA	NA	NA	0.49234375	NA
1250	0.494925	NA	NA	NA	NA	NA	NA	NA	0.4923625	NA
1255	0.49501875	NA	NA	NA	NA	NA	NA	NA	0.4924	NA
1260	0.4951	NA	NA	NA	NA	NA	NA	NA	0.49243125	NA
1265	0.49515625	NA	NA	NA	NA	NA	NA	NA	0.4924625	NA
1270	0.49525	NA	NA	NA	NA	NA	NA	NA	0.492475	NA
1275	0.49533125	NA	NA	NA	NA	NA	NA	NA	NA	NA
1280	0.495425	NA	NA	NA	NA	NA	NA	NA	NA	NA
1285	0.4955125	NA	NA	NA	NA	NA	NA	NA	NA	NA
1290	0.4956	NA	NA	NA	NA	NA	NA	NA	NA	NA
1295	0.4957	NA	NA	NA	NA	NA	NA	NA	NA	NA
1300	0.4958125	NA	NA	NA	NA	NA	NA	NA	NA	NA
1305	0.49594375	NA	NA	NA	NA	NA	NA	NA	NA	NA
1310	0.4960125	NA	NA	NA	NA	NA	NA	NA	NA	NA
1315	0.49613125	NA	NA	NA	NA	NA	NA	NA	NA	NA
1320	0.496225	NA	NA	NA	NA	NA	NA	NA	NA	NA
1325	0.49633125	NA	NA	NA	NA	NA	NA	NA	NA	NA
1330	0.49638125	NA	NA	NA	NA	NA	NA	NA	NA	NA
1335	0.4964625	NA	NA	NA	NA	NA	NA	NA	NA	NA
1340	0.49651875	NA	NA	NA	NA	NA	NA	NA	NA	NA
1345	0.4965625	NA	NA	NA	NA	NA	NA	NA	NA	NA
1350	0.4966	NA	NA	NA	NA	NA	NA	NA	NA	NA
1355	0.49661875	NA	NA	NA	NA	NA	NA	NA	NA	NA
1360	0.4966375	NA	NA	NA	NA	NA	NA	NA	NA	NA
1365	0.49665625	NA	NA	NA	NA	NA	NA	NA	NA	NA
