0	1.25e-05	6.25e-06	1.25e-05	6.25e-06	1.25e-05	6.25e-06	6.25e-06	1.25e-05	1.25e-05	1.25e-05	1.875e-05	1.25e-05	6.25e-06	6.25e-06	6.25e-06	1.25e-05	6.25e-06	1.25e-05	6.25e-06	6.25e-06	1.875e-05	1.25e-05	6.25e-06	1.25e-05	6.25e-06	1.25e-05	6.25e-06	6.25e-06	6.25e-06	1.875e-05	1.25e-05	1.875e-05	1.25e-05	6.25e-06	1.25e-05	1.875e-05	6.25e-06	1.25e-05	1.25e-05	1.25e-05	6.25e-06	1.875e-05	6.25e-06	1.875e-05	1.25e-05	6.25e-06	6.25e-06	1.25e-05	6.25e-06	1.875e-05
5	1.875e-05	1.875e-05	5.625e-05	1.875e-05	4.375e-05	NA	7.5e-05	4.375e-05	5.625e-05	3.75e-05	6.25e-05	6.875e-05	5e-05	1.875e-05	5e-05	7.5e-05	3.75e-05	6.25e-05	4.375e-05	3.125e-05	4.375e-05	3.125e-05	5e-05	NA	3.125e-05	5e-05	4.375e-05	3.75e-05	5.625e-05	0.0001125	5.625e-05	8.75e-05	5e-05	1.875e-05	5e-05	0.000125	3.75e-05	4.375e-05	0.0001125	2.5e-05	5.625e-05	0.0001125	6.25e-05	7.5e-05	0.00013125	3.75e-05	2.5e-05	4.375e-05	3.125e-05	6.25e-05
10	NA	5.625e-05	0.00013125	4.375e-05	0.00011875	NA	0.000175	1e-04	0.00018125	NA	0.00015	0.00015	0.00013125	6.25e-05	7.5e-05	0.00011875	8.75e-05	0.00019375	7.5e-05	3.75e-05	8.75e-05	6.875e-05	0.000125	NA	5.625e-05	0.00014375	0.00011875	5.625e-05	0.0001625	0.00029375	7.5e-05	0.0001625	9.375e-05	2.5e-05	6.875e-05	0.00025	9.375e-05	8.125e-05	0.00021875	NA	0.0001125	0.0002375	0.00011875	0.00021875	0.00028125	6.25e-05	5.625e-05	0.00010625	0.00010625	7.5e-05
15	NA	0.0002125	0.00023125	6.25e-05	0.0001875	NA	3e-04	0.00015625	0.000325	NA	0.000275	0.00029375	0.00025625	0.00013125	0.0001375	2e-04	0.00015625	0.000375	0.00016875	6.25e-05	0.00021875	0.000125	0.0002875	NA	8.75e-05	0.00024375	0.00020625	6.25e-05	0.00030625	5e-04	0.00020625	0.0001875	0.0001375	3.75e-05	0.00010625	0.0003375	0.00016875	NA	0.000425	NA	0.00013125	0.000325	0.00015	0.0003625	0.0005625	0.0001375	6.875e-05	0.00018125	0.00016875	NA
20	NA	0.00031875	0.000425	0.0001125	0.00025	NA	0.000425	0.0001875	0.00051875	NA	4e-04	0.0004625	0.0003375	0.0002375	0.00018125	0.00031875	0.00021875	0.000525	0.00031875	0.000125	0.00036875	0.0001875	0.0005375	NA	0.0001125	0.00035625	0.000275	8.75e-05	5e-04	0.000775	0.000475	0.00023125	0.0002625	8.75e-05	0.00016875	0.00053125	0.000275	NA	0.000625	NA	0.00014375	0.0004625	0.00015625	0.0004875	0.00089375	0.00029375	NA	3e-04	0.0002625	NA
25	NA	0.00040625	0.0007125	0.0002125	0.000325	NA	0.000625	0.0002125	0.00069375	NA	0.00054375	0.000625	0.00041875	0.0003625	0.00025625	0.0004625	0.00031875	0.00075625	5e-04	0.00018125	0.0004875	0.00021875	0.00075625	NA	0.0001625	5e-04	0.0004375	9.375e-05	0.0007375	0.0011125	0.00075	0.000275	0.00038125	0.00010625	2e-04	0.00074375	3e-04	NA	0.00089375	NA	0.00015	0.00063125	0.00016875	0.0006625	0.00123125	0.00055	NA	0.00045625	3e-04	NA
30	NA	0.0005125	0.0010375	0.00034375	0.00043125	NA	0.0009375	0.00024375	0.00094375	NA	0.00065	0.00081875	0.00049375	0.000475	0.00045	0.00059375	0.0004125	0.00099375	0.00078125	0.0002875	0.00058125	0.0002625	0.00098125	NA	0.00020625	0.000675	0.00055625	NA	0.0009875	0.001525	0.0010125	3e-04	0.00050625	0.00014375	0.00021875	0.00096875	0.00033125	NA	0.00119375	NA	NA	0.0009125	0.0002375	0.000875	0.00160625	0.0008375	NA	0.0006625	0.0003125	NA
35	NA	0.0006875	0.00143125	0.00048125	0.000525	NA	0.00126875	0.00031875	0.0012375	NA	0.00073125	0.00100625	0.000575	0.000575	0.000675	0.00081875	0.00056875	0.00128125	0.0009875	0.00045	0.00075625	0.00036875	0.00120625	NA	0.00023125	0.00085625	0.00075	NA	0.00125	0.00205625	0.00133125	0.00034375	0.000725	0.00015	0.00023125	0.00115	0.00038125	NA	0.00154375	NA	NA	0.00126875	0.0003125	0.001175	0.00198125	0.0011	NA	9e-04	0.00031875	NA
40	NA	0.00083125	0.00185625	0.00060625	0.00063125	NA	0.0015875	0.000425	0.00156875	NA	0.00093125	0.00120625	0.0006375	0.000625	0.00090625	0.00108125	0.000875	0.00158125	0.001325	0.0006375	0.0009375	0.0004875	0.0014125	NA	0.000275	0.00099375	0.0009125	NA	0.00155	0.0025625	0.00193125	4e-04	0.00090625	NA	0.00025625	0.001325	0.0004125	NA	0.002	NA	NA	0.00164375	0.00035625	0.00148125	0.00226875	0.00145	NA	0.0011	0.00033125	NA
45	NA	0.00103125	0.00245625	0.00075	0.00071875	NA	0.0019875	0.000525	0.00203125	NA	0.0011375	0.00138125	0.00071875	0.00069375	0.00124375	0.001325	0.001175	0.0018375	0.0018375	0.00086875	0.0010625	0.00065625	0.00175	NA	0.00033125	0.00113125	0.00111875	NA	0.00190625	0.0032375	0.00259375	0.00048125	0.0011875	NA	0.00033125	0.00145625	0.00045625	NA	0.00258125	NA	NA	0.00201875	0.0004125	0.0019375	0.00253125	0.00184375	NA	0.0013	NA	NA
50	NA	0.00125	0.0032125	0.00088125	0.00080625	NA	0.00245	0.00065	0.00248125	NA	0.0012625	0.0015875	0.0007875	0.0007375	0.001625	0.0015375	0.0015125	0.00213125	0.0024	0.00135	0.0012125	0.00088125	0.002125	NA	0.00044375	0.00130625	0.00143125	NA	0.002425	0.00386875	0.0032625	0.0005625	0.0015	NA	0.0004625	0.00164375	0.0004875	NA	0.00309375	NA	NA	0.0025625	5e-04	0.002325	0.002825	0.00241875	NA	0.0015125	NA	NA
55	NA	0.0015125	0.00393125	0.00091875	0.0008875	NA	0.0028875	0.00086875	0.00295	NA	0.00143125	0.00184375	0.0008375	0.000775	0.00210625	0.00179375	0.0018875	0.0023875	0.00301875	0.0019875	0.00149375	0.00116875	0.002425	NA	0.00053125	0.00145625	0.00185	NA	0.0030125	0.0047375	0.0039125	0.00069375	0.00195	NA	0.00065625	0.0018	0.00055	NA	0.00386875	NA	NA	0.003225	0.0006375	0.002675	0.00316875	0.00308125	NA	0.00175625	NA	NA
60	NA	0.0018875	0.00461875	0.00093125	0.0009625	NA	0.00343125	0.0011125	0.0035375	NA	0.001575	0.002125	0.000875	0.00083125	0.0026875	0.0021625	0.00241875	0.002725	0.00376875	0.00275	0.0017875	0.0015125	0.00268125	NA	0.00063125	0.00154375	0.00214375	NA	0.00371875	0.0059125	0.00470625	0.0007875	0.0024125	NA	0.00079375	0.00208125	0.00056875	NA	0.00465	NA	NA	0.0038875	0.000775	0.00295	0.0037125	0.0036875	NA	0.00206875	NA	NA
65	NA	0.00220625	0.0054875	0.0009375	0.00106875	NA	0.004	0.00135625	0.0041125	NA	0.00175	0.00241875	0.000925	0.0009125	0.00309375	0.00256875	0.00303125	0.0029625	0.0044375	0.0036	0.002225	0.00179375	0.00293125	NA	0.0008125	0.001625	0.00248125	NA	0.0046625	0.00743125	0.00579375	0.00086875	0.0029125	NA	0.0009375	0.0023	0.0006125	NA	0.0054125	NA	NA	0.00465625	0.00085	0.00308125	0.00439375	0.00435	NA	0.00234375	NA	NA
70	NA	0.00248125	0.0063625	NA	0.0012	NA	0.0046125	0.00164375	0.0046	NA	0.0020125	0.002825	0.001025	0.0009625	0.00345625	0.0031125	0.00366875	0.00330625	0.005075	0.0045875	0.00254375	0.00215625	0.003175	NA	0.00104375	0.00166875	0.00284375	NA	0.005725	0.008725	0.0069625	0.00098125	0.00364375	NA	0.00118125	0.0025	0.0006875	NA	0.00624375	NA	NA	0.00544375	0.000925	0.003275	0.0051875	0.00534375	NA	0.00256875	NA	NA
75	NA	0.00268125	0.0072875	NA	0.0013125	NA	0.00540625	0.00201875	0.00518125	NA	0.00235625	0.0032375	0.00115	0.0010125	0.00381875	0.00365	0.0043125	0.0036375	0.00585	0.00554375	0.0029	0.0024375	0.00343125	NA	0.00116875	0.00173125	0.00328125	NA	0.0070125	0.010175	0.0085625	0.00106875	0.00444375	NA	0.0015	0.0027125	0.0007375	NA	0.00715	NA	NA	0.006225	0.00101875	0.00343125	0.00599375	0.00626875	NA	0.00285625	NA	NA
80	NA	0.00285	0.00831875	NA	0.0013875	NA	0.00633125	0.0024125	0.00578125	NA	0.002675	0.003625	0.0012875	0.0010875	0.00418125	0.0044375	0.005075	0.004	0.0067625	0.00670625	0.0032875	0.00266875	0.00368125	NA	0.0014375	0.00185625	0.0037	NA	0.00850625	0.01165	0.01045	0.00114375	0.00549375	NA	0.00185	0.002975	0.00075	NA	0.0082375	NA	NA	0.0071	0.0011625	0.00361875	0.00673125	0.007375	NA	0.00309375	NA	NA
85	NA	0.00300625	0.00934375	NA	0.0014875	NA	0.00715625	0.0028375	0.00654375	NA	0.0031875	0.00409375	0.00144375	0.00113125	0.00450625	0.00539375	0.006225	0.00431875	0.0075125	0.0079125	0.0038	0.00285625	0.0041375	NA	0.0017375	0.002	0.00404375	NA	0.010375	0.0132125	0.01249375	0.00125625	0.00675625	NA	0.00225	0.0031875	NA	NA	0.00943125	NA	NA	0.0080625	0.00128125	0.0038625	0.00753125	0.00885	NA	0.00328125	NA	NA
90	NA	0.00324375	0.010525	NA	0.00155625	NA	0.00785625	0.00335	0.007375	NA	0.0038875	0.0046375	0.00159375	0.00116875	0.00496875	0.00671875	0.00759375	0.00469375	0.00833125	0.0094875	0.00421875	0.0031375	0.0046875	NA	0.0020875	0.00211875	0.0044125	NA	0.01250625	0.0148375	0.01485	0.001425	0.0081	NA	0.00269375	0.00339375	NA	NA	0.0108375	NA	NA	0.00890625	0.0014625	0.0042375	0.00873125	0.0103375	NA	0.00345625	NA	NA
95	NA	0.003475	0.01203125	NA	0.001575	NA	0.00860625	0.00394375	0.00836875	NA	0.00451875	0.0053	0.00176875	0.0012375	0.00545625	0.00814375	0.00898125	0.005175	0.0091625	0.011225	0.00476875	0.00336875	0.00535625	NA	0.00240625	0.0023375	0.00475625	NA	0.014975	0.01653125	0.01734375	0.001625	0.0094375	NA	0.00316875	0.003675	NA	NA	0.0125125	NA	NA	0.00975625	0.0016	0.0047125	0.0099875	0.01193125	NA	0.00361875	NA	NA
100	NA	0.00363125	0.01353125	NA	0.00158125	NA	0.00959375	0.0046375	0.00955	NA	0.00515625	0.00600625	0.002	0.00129375	0.00594375	0.009575	0.0105875	0.00569375	0.0102125	0.0133	0.00543125	0.0035125	0.00615625	NA	0.00276875	0.002525	0.0052375	NA	0.0178125	0.01836875	0.01994375	0.0017625	0.01143125	NA	0.00374375	0.00403125	NA	NA	0.0140875	NA	NA	0.01086875	0.001675	0.00525625	0.01138125	0.0138375	NA	0.00373125	NA	NA
105	NA	0.00378125	0.01505	NA	0.0015875	NA	0.0105625	0.00539375	0.01043125	NA	0.00581875	0.00678125	0.00225	0.00135	0.00674375	0.0108875	0.01226875	0.00639375	0.01126875	0.0153625	0.00615	0.00360625	0.0071	NA	0.00311875	0.002725	0.00595	NA	0.021025	0.02068125	0.02285	0.0019125	0.01361875	NA	0.00425625	0.00433125	NA	NA	0.01611875	NA	NA	0.011975	0.001725	0.00579375	0.01281875	0.015875	NA	0.00383125	NA	NA
110	NA	0.00389375	0.01676875	NA	NA	NA	0.0116125	0.00630625	0.01119375	NA	0.006675	0.0078375	0.00255	0.0014375	0.007625	0.01228125	0.014375	0.00695625	0.01213125	0.01778125	0.00671875	0.00365625	0.00816875	NA	0.0034875	0.00295625	0.00671875	NA	0.02460625	0.02325625	0.026275	0.00219375	0.01595625	NA	0.00488125	0.004525	NA	NA	0.018325	NA	NA	0.01311875	0.00179375	0.00629375	0.01475	0.0181625	NA	0.00396875	NA	NA
115	NA	0.00403125	0.018675	NA	NA	NA	0.01280625	0.0074625	0.012225	NA	0.0079375	0.00910625	0.00288125	0.001575	0.0089	0.01379375	0.01676875	0.0076875	0.01311875	0.02059375	0.00731875	0.00375	0.00948125	NA	0.00379375	0.003125	0.00749375	NA	0.02835	0.02588125	0.03021875	0.00256875	0.018925	NA	0.0055125	0.0047625	NA	NA	0.02078125	NA	NA	0.0144	0.00193125	0.0068	0.01680625	0.02045	NA	0.0041375	NA	NA
120	NA	0.004175	0.02053125	NA	NA	NA	0.01415625	0.008775	0.0134125	NA	0.00925	0.010625	0.00320625	0.00168125	0.01038125	0.0159	0.0192375	0.00844375	0.01423125	0.02393125	0.00775	0.003875	0.01090625	NA	0.00411875	0.0032875	0.00848125	NA	0.0327	0.02861875	0.03485	0.0029625	0.02219375	NA	0.00625	0.00505625	NA	NA	0.02351875	NA	NA	0.0157875	0.00205	0.0073625	0.01943125	0.0231375	NA	0.00428125	NA	NA
125	NA	0.00438125	0.02265	NA	NA	NA	0.015675	0.01014375	0.01455625	NA	0.01101875	0.01239375	0.00363125	0.00175	0.011725	0.01814375	0.0220375	0.00934375	0.015525	0.0278875	0.00838125	0.00400625	0.0124125	NA	0.00445625	0.003475	0.00960625	NA	0.03769375	0.0316625	0.0399	0.003275	0.02583125	NA	0.0070375	0.00545	NA	NA	0.02631875	NA	NA	0.01750625	0.0021875	0.00796875	0.02280625	0.02604375	NA	0.00445	NA	NA
130	NA	0.00465625	0.025225	NA	NA	NA	0.017325	0.01181875	0.01585625	NA	0.013225	0.014375	0.004125	0.0018	0.01321875	0.020425	0.0251625	0.01033125	0.016975	0.032275	0.0092375	0.00414375	0.01403125	NA	0.004825	0.003725	0.01099375	NA	0.04333125	0.03515625	0.0453	0.00364375	0.029975	NA	0.00804375	0.00585625	NA	NA	0.02925	NA	NA	0.01925	0.00229375	0.00860625	0.02643125	0.0290375	NA	0.00465625	NA	NA
135	NA	0.0049125	0.0279375	NA	NA	NA	0.01925	0.0135125	0.0175375	NA	0.0158375	0.0163875	0.0047625	0.0018	0.01509375	0.02274375	0.0287875	0.011275	0.01839375	0.03716875	0.01046875	0.00436875	0.015875	NA	0.0052875	0.00395	0.01263125	NA	0.049475	0.038875	0.05113125	0.0040125	0.03405625	NA	0.009225	0.00631875	NA	NA	0.03294375	NA	NA	0.021325	0.0024625	0.00935625	0.0301125	0.03254375	NA	0.00476875	NA	NA
140	NA	0.0052	0.03084375	NA	NA	NA	0.021425	0.01539375	0.0198625	NA	0.0187875	0.0185875	0.00530625	NA	0.01726875	0.02533125	0.0331125	0.0126125	0.02045625	0.0426	0.01195	0.00455	0.01759375	NA	0.00591875	0.00415625	0.01430625	NA	0.0563625	0.0424	0.05796875	0.00440625	0.0387375	NA	0.0106	0.00675	NA	NA	0.036675	NA	NA	0.0238875	0.0027375	0.010125	0.03388125	0.0362375	NA	0.00491875	NA	NA
145	NA	0.00549375	0.03418125	NA	NA	NA	0.023675	0.0173875	0.0225375	NA	0.022375	0.0207125	0.00585625	NA	0.01980625	0.0282625	0.03796875	0.0137375	0.022925	0.0490875	0.01361875	0.0048	0.01929375	NA	0.00649375	0.0042875	0.01650625	NA	0.06373125	0.0467875	0.0654	0.0048875	0.044175	NA	0.01215625	0.00715	NA	NA	0.04098125	NA	NA	0.02650625	0.00310625	0.01100625	0.0382125	0.04015	NA	0.00504375	NA	NA
150	NA	0.00584375	0.03794375	NA	NA	NA	0.02623125	0.0197625	0.0257375	NA	0.02645625	0.0232375	0.00649375	NA	0.02255625	0.031575	0.04301875	0.01508125	0.02563125	0.0565875	0.015675	0.00504375	0.0211875	NA	0.00735625	0.0043875	0.018275	NA	0.07185	0.05125	0.0735625	0.00535625	0.05010625	NA	0.0136	0.00765625	NA	NA	0.04555625	NA	NA	0.0294625	0.0035625	0.0122625	0.0431375	0.0446375	NA	0.00511875	NA	NA
155	NA	0.00626875	0.04186875	NA	NA	NA	0.02900625	0.02231875	0.02969375	NA	0.03068125	0.025925	0.00724375	NA	0.0253625	0.035375	0.048875	0.01635625	0.02875	0.064925	0.01796875	0.0053625	0.02354375	NA	0.0082375	0.0044625	0.019875	NA	0.08061875	0.05595	0.082825	0.005925	0.05671875	NA	0.01525	0.0083	NA	NA	0.05053125	NA	NA	0.032375	0.0042125	0.01380625	0.04820625	0.049775	NA	0.0052	NA	NA
160	NA	0.00676875	0.0461625	NA	NA	NA	0.032225	0.025175	0.03405625	NA	0.035225	0.0285375	0.008075	NA	0.028125	0.04008125	0.05563125	0.01794375	0.03233125	0.07405625	0.02045	0.00568125	0.02611875	NA	0.00924375	0.0044875	0.021825	NA	0.09060625	0.06109375	0.09229375	0.00644375	0.0637125	NA	0.0171375	0.0091375	NA	NA	0.05605	NA	NA	0.035725	0.0050375	0.0154625	0.053825	0.05523125	NA	0.005275	NA	NA
165	NA	0.00745625	0.05044375	NA	NA	NA	0.03545	0.0286125	0.03868125	NA	0.0402625	0.0313875	0.00898125	NA	0.03161875	0.04564375	0.06281875	0.019975	0.0361	0.0842125	0.0229875	0.00608125	0.02895625	NA	0.01013125	0.004525	0.02415625	NA	0.101	0.06715625	0.1029	0.0073625	0.071175	NA	0.01955	0.00995	NA	NA	0.06198125	NA	NA	0.03898125	0.00579375	0.01736875	0.06024375	0.061125	NA	0.005325	NA	NA
170	NA	0.0082125	0.05511875	NA	NA	NA	0.03886875	0.032525	0.04438125	NA	0.0461	0.0347125	0.009875	NA	0.0354375	0.0513875	0.07124375	0.0225	0.040125	0.095325	0.0260625	0.006475	0.031875	NA	0.0112375	0.00455625	0.026525	NA	0.112575	0.07303125	0.1144875	0.00843125	0.0793875	NA	0.02244375	0.010875	NA	NA	0.06801875	NA	NA	0.04246875	0.0066625	0.0194125	0.06735625	0.0676625	NA	0.0054125	NA	NA
175	NA	0.00908125	0.06071875	NA	NA	NA	0.04225625	0.03633125	0.049875	NA	0.05284375	0.03853125	0.010925	NA	0.03981875	0.0577625	0.0805375	0.025175	0.0444125	0.1077125	0.02931875	0.0068875	0.03523125	NA	0.01250625	NA	0.0285875	NA	0.1243125	0.0792125	0.12694375	0.0094	0.0879	NA	0.02610625	0.011775	NA	NA	0.074925	NA	NA	0.0464875	0.00775	0.02169375	0.075075	0.07426875	NA	0.0054875	NA	NA
180	NA	0.00995	0.067075	NA	NA	NA	0.04609375	0.04073125	0.05534375	NA	0.06080625	0.0429375	0.01240625	NA	0.044775	0.06449375	0.09055	0.0284	0.0496875	0.12085	0.032875	0.00739375	0.0385875	NA	0.013775	NA	0.03081875	NA	0.13683125	0.08566875	0.13951875	0.010375	0.09768125	NA	0.0307125	0.0126625	NA	NA	0.08245625	NA	NA	0.05079375	0.00899375	0.0241375	0.08293125	0.0817625	NA	0.00555	NA	NA
185	NA	0.01071875	0.07385625	NA	NA	NA	0.05060625	0.04554375	0.06159375	NA	0.0697375	0.0475875	0.0138125	NA	0.0506125	0.07194375	0.101025	0.0325375	0.0554	0.13555	0.03713125	0.00803125	0.0429625	NA	0.01521875	NA	0.03303125	NA	0.15054375	0.09285	0.153325	0.0112125	0.10868125	NA	0.036375	0.013625	NA	NA	0.09093125	NA	NA	0.055325	0.01059375	0.02659375	0.0911	0.0896875	NA	0.00565625	NA	NA
190	NA	0.0117375	0.08065625	NA	NA	NA	0.05536875	0.05065	0.0681625	NA	0.0784375	0.052475	0.0155	NA	0.05646875	0.07954375	0.113125	0.03726875	0.06154375	0.15206875	0.04155	0.008775	0.047525	NA	0.01663125	NA	0.03555	NA	0.16539375	0.1008875	0.168575	0.01235625	0.1200125	NA	0.04251875	0.0148	NA	NA	0.1002375	NA	NA	0.06055625	0.012575	0.0290625	0.10008125	0.0980625	NA	0.005775	NA	NA
195	NA	0.0129125	0.08780625	NA	NA	NA	0.06069375	0.0564625	0.07508125	NA	0.08840625	0.05818125	0.01724375	NA	0.06289375	0.08745	0.12540625	0.0424125	0.06810625	0.16935	0.04611875	0.00954375	0.0525875	NA	0.0184375	NA	0.03841875	NA	0.18041875	0.109425	0.18470625	0.01375	0.1325	NA	0.04921875	0.0161	NA	NA	0.11066875	NA	NA	0.06685	0.01501875	0.0316625	0.10875	0.1075	NA	0.00591875	NA	NA
200	NA	0.0142	0.09561875	NA	NA	NA	0.06649375	0.06295625	0.08295	NA	0.0985625	0.0645625	0.0191375	NA	0.06971875	0.0965875	0.13820625	0.0479375	0.0757875	0.18725	0.0516	0.01054375	0.05799375	NA	0.02035625	NA	0.04206875	NA	0.19553125	0.1186125	0.20178125	0.01561875	0.1458125	NA	0.05614375	0.0174625	NA	NA	0.12198125	NA	NA	0.07346875	0.017875	0.03448125	0.11799375	0.1172625	NA	0.00605625	NA	NA
205	NA	0.0158	0.1041125	NA	NA	NA	0.07331875	0.06985625	0.09178125	NA	0.1098625	0.07129375	0.02105	NA	0.07683125	0.10673125	0.152275	0.05371875	0.0842625	0.20614375	0.057	0.0117625	0.06381875	NA	0.02254375	NA	0.0463125	NA	0.212	0.12859375	0.22055	0.01786875	0.1596	NA	0.06323125	0.0189375	NA	NA	0.13370625	NA	NA	0.0811625	0.021125	0.0378375	0.12800625	0.1279	NA	0.00620625	NA	NA
210	NA	0.01738125	0.11365	NA	NA	NA	0.08101875	0.077825	0.10265	NA	0.121225	0.0786625	0.0231	NA	0.084575	0.11806875	0.16686875	0.05960625	0.09324375	0.225875	0.0631	0.01300625	0.07006875	NA	0.0248875	NA	0.0509125	NA	0.2284375	0.13883125	0.24060625	0.02035625	0.17445625	NA	0.07109375	0.0207	NA	NA	0.147125	NA	NA	0.09051875	0.02455625	0.0410875	0.139125	0.138875	NA	0.0063625	NA	NA
215	NA	0.019025	0.12403125	NA	NA	NA	0.09001875	0.08645625	0.11515625	NA	0.1334625	0.08705	0.02560625	NA	0.09301875	0.12999375	0.18155625	0.06580625	0.1025125	0.2470875	0.0695125	0.0141875	0.0764625	NA	0.02758125	NA	0.05584375	NA	0.24471875	0.15050625	0.260775	0.0228375	0.19054375	NA	0.079725	0.0226375	NA	NA	0.16098125	NA	NA	0.1005625	0.02811875	0.04495625	0.15176875	0.150425	NA	0.0064875	NA	NA
220	NA	0.02081875	0.13456875	NA	NA	NA	0.099625	0.0965375	0.1279	NA	0.14649375	0.09556875	0.027975	NA	0.1020625	0.14246875	0.1964125	0.07246875	0.11220625	0.26895625	0.076625	0.0157125	0.0837375	NA	0.03093125	NA	0.06115625	NA	0.2615375	0.1635375	0.282125	0.0254	0.2076125	NA	0.08881875	0.0245125	NA	NA	0.1751	NA	NA	0.11175625	0.03213125	0.04963125	0.1653125	0.16281875	NA	0.0067	NA	NA
225	NA	0.02280625	0.14486875	NA	NA	NA	0.11	0.10796875	0.1414625	NA	0.16041875	0.1052625	0.030775	NA	0.111725	0.155925	0.2126375	0.07988125	0.12345	0.2904375	0.08470625	0.0174125	0.09171875	NA	0.03474375	NA	0.0671	NA	0.28045625	0.17775	0.3036125	0.02804375	0.22584375	NA	0.09831875	0.026175	NA	NA	0.18943125	NA	NA	0.1242625	0.03636875	0.05481875	0.17940625	0.1765	NA	0.00693125	NA	NA
230	NA	0.02516875	0.156025	NA	NA	NA	0.12126875	0.11985625	0.1565375	NA	0.17456875	0.11573125	0.03373125	NA	0.12216875	0.17075	0.2295375	0.08765625	0.1361625	0.31274375	0.09300625	0.01946875	0.1000375	NA	0.0390125	NA	0.07375625	NA	0.2992875	0.192725	0.32521875	0.031275	0.2438625	NA	0.10799375	0.02826875	NA	NA	0.20510625	NA	NA	0.1377125	0.04106875	0.06031875	0.19436875	0.19158125	NA	0.00719375	NA	NA
235	NA	0.027875	0.16855625	NA	NA	NA	0.13314375	0.1327125	0.17245625	NA	0.1894375	0.12675	0.03744375	NA	0.13388125	0.18591875	0.2471375	0.096475	0.14998125	0.335425	0.1011125	0.02185625	0.1093875	NA	0.04365625	NA	0.08180625	NA	0.3177875	0.20824375	0.34731875	0.0348	0.2627125	NA	0.11841875	0.03060625	NA	NA	0.22195	NA	NA	0.15259375	0.046175	0.066475	0.21005625	0.208	NA	0.0074625	NA	NA
240	NA	0.03089375	0.18125625	NA	NA	NA	0.14578125	0.1462625	0.18871875	NA	0.205575	0.13855	0.04135625	NA	0.146425	0.20120625	0.265025	0.106175	0.16505	0.3580875	0.11055625	0.0246	0.12054375	NA	0.048875	NA	0.0902	NA	0.3364375	0.2249375	0.3697625	0.038775	0.2813625	NA	0.13000625	0.03331875	NA	NA	0.23948125	NA	NA	0.16896875	0.05156875	0.0731	0.22735625	0.224575	NA	0.00769375	NA	NA
245	NA	0.03436875	0.19463125	NA	NA	NA	0.16003125	0.16051875	0.205275	NA	0.22234375	0.151425	0.0455125	NA	0.15964375	0.2177	0.28370625	0.1161125	0.18168125	0.379475	0.12018125	0.0272	0.13340625	NA	0.054725	NA	0.09925625	NA	0.35545625	0.2430875	0.38993125	0.042925	0.3005875	NA	0.14190625	0.03643125	NA	NA	0.257225	NA	NA	0.185425	0.05713125	0.0803125	0.24489375	0.24208125	NA	0.00795625	NA	NA
250	NA	0.03820625	0.2092125	NA	NA	NA	0.17565	0.17615	0.22235	NA	0.239425	0.16430625	0.050275	NA	0.17471875	0.23421875	0.30225625	0.1264625	0.19868125	0.4008	0.13058125	0.029975	0.14676875	NA	0.06160625	NA	0.10970625	NA	0.37403125	0.262325	0.40978125	0.0477125	0.3199125	NA	0.1550625	0.03999375	NA	NA	0.2758875	NA	NA	0.2026125	0.0628	0.088225	0.26198125	0.26	NA	0.00834375	NA	NA
255	NA	0.0424125	0.2236875	NA	NA	NA	0.1919	0.19176875	0.24115625	NA	0.256925	0.17784375	0.0556625	NA	0.19058125	0.25081875	0.32095	0.1377625	0.215825	0.42168125	0.1417875	0.033	0.16145	NA	0.068775	NA	0.12123125	NA	0.39254375	0.28250625	0.4290125	0.05295625	0.33918125	NA	0.1688125	0.04399375	NA	NA	0.29470625	NA	NA	0.22088125	0.0690625	0.0971375	0.27969375	0.27805625	NA	0.00869375	NA	NA
260	NA	0.04724375	0.23890625	NA	NA	NA	0.20913125	0.20790625	0.2613375	NA	0.2750375	0.192075	0.06149375	NA	0.20781875	0.267225	0.341125	0.15018125	0.23360625	0.442425	0.15308125	0.036325	0.17739375	NA	0.07663125	NA	0.13276875	NA	0.41084375	0.30354375	0.44711875	0.0591375	0.35749375	NA	0.18265625	0.0483125	NA	NA	0.3140375	NA	NA	0.239875	0.07603125	0.1066875	0.29770625	0.2961875	NA	0.0090875	NA	NA
265	NA	0.0525875	0.2553	NA	NA	NA	0.2269625	0.22414375	0.2805375	NA	0.29335	0.2068125	0.06859375	NA	0.22603125	0.28416875	0.36191875	0.1633875	0.25274375	0.46206875	0.16575625	0.04025	0.19380625	NA	0.0850125	NA	0.1452875	NA	0.4281625	0.325375	0.4648625	0.06579375	0.3766375	NA	0.19726875	0.05298125	NA	NA	0.3337	NA	NA	0.26011875	0.08395625	0.1164625	0.31596875	0.3152	NA	0.00949375	NA	NA
270	NA	0.05808125	0.27228125	NA	NA	NA	0.2445	0.24161875	0.299475	NA	0.311825	0.2214875	0.0767625	NA	0.2436	0.3016375	0.38236875	0.17771875	0.2718125	0.4803125	0.17871875	0.0442125	0.2111625	NA	0.09403125	NA	0.158625	NA	0.44539375	0.34609375	0.48143125	0.07368125	0.39508125	NA	0.21281875	0.0582125	NA	NA	0.35328125	NA	NA	0.28186875	0.09258125	0.1269375	0.3337375	0.3335125	NA	0.009925	NA	NA
275	NA	0.0635625	0.28960625	NA	NA	NA	0.26339375	0.25894375	0.31945625	NA	0.33123125	0.23650625	0.08533125	NA	0.261525	0.319725	0.40185	0.19301875	0.29128125	0.49710625	0.1924875	0.04894375	0.22971875	NA	0.1032	NA	0.17184375	NA	0.4620875	0.366	0.49710625	0.08263125	0.41323125	NA	0.22915	0.06424375	NA	NA	0.3728	NA	NA	0.3039125	0.10213125	0.13781875	0.35135	0.35053125	NA	0.01038125	NA	NA
280	NA	0.06930625	0.30734375	NA	NA	NA	0.282925	0.276375	0.33898125	NA	0.35015	0.252875	0.09496875	NA	0.280875	0.33815625	0.4210875	0.2083625	0.31124375	0.51235625	0.20689375	0.0544875	0.24836875	NA	0.1127125	NA	0.1860125	NA	0.477675	0.384525	0.5112625	0.0912625	0.43001875	NA	0.24550625	0.0713	NA	NA	0.39265	NA	NA	0.32554375	0.11285625	0.149275	0.36936875	0.3671625	NA	0.0107625	NA	NA
285	NA	0.075225	0.3247	NA	NA	NA	0.30359375	0.29439375	0.35895625	NA	0.36833125	0.26956875	0.10503125	NA	0.30014375	0.3563	0.43898125	0.224275	0.3318375	0.5266875	0.2219125	0.06105	0.268125	NA	0.1234875	NA	0.1999875	NA	0.49116875	0.40280625	0.52463125	0.10000625	0.44625	NA	0.26239375	0.07810625	NA	NA	0.413275	NA	NA	0.34745625	0.12401875	0.1625375	0.38615625	0.38406875	NA	0.01125	NA	NA
290	NA	0.08161875	0.3417625	NA	NA	NA	0.324575	0.3124625	0.37866875	NA	0.38611875	0.28664375	0.115375	NA	0.31960625	0.37423125	0.45633125	0.24093125	0.35188125	0.5403875	0.2376625	0.06856875	0.2873125	NA	0.135175	NA	0.2149375	NA	0.50406875	0.42093125	0.5369875	0.1103375	0.46164375	NA	0.27966875	0.085825	NA	NA	0.4328625	NA	NA	0.36938125	0.13585625	0.17686875	0.403725	0.40256875	NA	0.0116375	NA	NA
295	NA	0.08861875	0.3590125	NA	NA	NA	0.346	0.3308125	0.39796875	NA	0.40405625	0.303375	0.12656875	NA	0.33929375	0.39194375	0.472275	0.25846875	0.3719375	0.552725	0.25278125	0.07750625	0.308	NA	0.14716875	NA	0.230725	NA	0.5155625	0.43819375	0.5485125	0.1216125	0.47654375	NA	0.2970125	0.09459375	NA	NA	0.45175625	NA	NA	0.39030625	0.14845	0.1920875	0.421375	0.420925	NA	0.0118875	NA	NA
300	NA	0.09650625	0.37590625	NA	NA	NA	0.36768125	0.34929375	0.41613125	NA	0.4216875	0.3200875	0.13835	NA	0.35945625	0.41035	0.48685	0.27706875	0.39205625	0.56438125	0.2682375	0.0876	0.3283375	NA	0.15918125	NA	0.24766875	NA	0.52633125	0.4553375	0.55945	0.1339625	0.49075	NA	0.3147375	0.1041	NA	NA	0.47028125	NA	NA	0.410275	0.16141875	0.20750625	0.43858125	0.43893125	NA	0.01221875	NA	NA
305	NA	0.10544375	0.39246875	NA	NA	NA	0.3894	0.36713125	0.43390625	NA	0.43913125	0.3374	0.15168125	NA	0.37850625	0.42815625	0.5006375	0.295475	0.4106375	0.57515625	0.28494375	0.09859375	0.34873125	NA	0.171	NA	0.264975	NA	0.53640625	0.47231875	0.56926875	0.1475	0.5042	NA	0.33318125	0.11420625	NA	NA	0.48799375	NA	NA	0.4300125	0.17551875	0.22325	0.455725	0.455875	NA	0.01259375	NA	NA
310	NA	0.11551875	0.40719375	NA	NA	NA	0.41060625	0.38411875	0.4504375	NA	0.45594375	0.3549125	0.16610625	NA	0.39714375	0.446	0.51358125	0.31403125	0.4291625	0.583875	0.30210625	0.10979375	0.3691375	NA	0.18346875	NA	0.28306875	NA	0.54565	0.48856875	0.577825	0.16176875	0.51658125	NA	0.3519625	0.1250875	NA	NA	0.50491875	NA	NA	0.45008125	0.18979375	0.2389375	0.47181875	0.4712625	NA	0.01298125	NA	NA
315	NA	0.12650625	0.4217875	NA	NA	NA	0.43051875	0.40021875	0.46609375	NA	0.4729375	0.3729875	0.181425	NA	0.41585	0.46253125	0.52580625	0.3319375	0.44684375	0.59180625	0.31966875	0.12245625	0.38938125	NA	0.1973	NA	0.3010625	NA	0.5532125	0.50310625	0.584725	0.1773625	0.52885	NA	0.3708	0.1362625	NA	NA	0.52038125	NA	NA	0.468675	0.20461875	0.25528125	0.48703125	0.486475	NA	0.01335625	NA	NA
320	NA	0.13883125	0.4360875	NA	NA	NA	0.4501625	0.41550625	0.48071875	NA	0.4889875	0.39171875	0.19795	NA	0.43401875	0.478375	0.53753125	0.3493125	0.4633625	0.59893125	0.33780625	0.13515625	0.4085	NA	0.21293125	NA	0.31984375	NA	0.56021875	0.5170125	0.59129375	0.194525	0.54005625	NA	0.38893125	0.147725	NA	NA	0.53535	NA	NA	0.48555625	0.22050625	0.27250625	0.5016875	0.5008875	NA	0.013775	NA	NA
325	NA	0.1519625	0.449075	NA	NA	NA	0.4687875	0.4301625	0.49528125	NA	0.50415	0.40974375	0.21595625	NA	0.45173125	0.4936875	0.5479	0.366575	0.479475	0.6054	0.355775	0.1493375	0.4269875	NA	0.2289125	NA	0.338575	NA	0.56679375	0.52944375	0.5971	0.21180625	0.55028125	NA	0.407075	0.16073125	NA	NA	0.54955	NA	NA	0.5009875	0.23705625	0.28988125	0.51588125	0.51539375	NA	0.0142375	NA	NA
330	NA	0.165775	0.46176875	NA	NA	NA	0.48661875	0.4441875	0.50945	NA	0.51831875	0.42761875	0.2341	NA	0.4692	0.50789375	0.557125	0.38359375	0.49559375	0.6112375	0.374525	0.16344375	0.44465	NA	0.245075	NA	0.35735	NA	0.57275	0.54113125	0.60218125	0.23055	0.55924375	NA	0.42501875	0.1749375	NA	NA	0.562175	NA	NA	0.5157875	0.25401875	0.30749375	0.5284125	0.52943125	NA	0.01471875	NA	NA
335	NA	0.18104375	0.47455	NA	NA	NA	0.5025625	0.45850625	0.52328125	NA	0.5313	0.44394375	0.25193125	NA	0.485525	0.52041875	0.56520625	0.40046875	0.5095	0.6162875	0.3931875	0.1788125	0.4616375	NA	0.262475	NA	0.37596875	NA	0.57808125	0.5518	0.60641875	0.25021875	0.56691875	NA	0.44221875	0.1901	NA	NA	0.57363125	NA	NA	0.52958125	0.2716625	0.32595625	0.540225	0.54251875	NA	0.01520625	NA	NA
340	NA	0.1971375	0.486875	NA	NA	NA	0.5169125	0.47231875	0.5353875	NA	0.54361875	0.45971875	0.27055625	NA	0.50035625	0.53123125	0.57206875	0.418	0.522475	0.6207875	0.41109375	0.195225	0.47785625	NA	0.27963125	NA	0.3941375	NA	0.5828125	0.561975	0.61020625	0.270025	0.5738875	NA	0.45886875	0.205325	NA	NA	0.5845875	NA	NA	0.54161875	0.289675	0.3440625	0.55135	0.55495	NA	0.01585625	NA	NA
345	NA	0.213825	0.49878125	NA	NA	NA	0.530475	0.48563125	0.54669375	NA	0.55389375	0.4746875	0.28954375	NA	0.51414375	0.54083125	0.5784125	0.4348625	0.53405	0.6246	0.42883125	0.21224375	0.4937875	NA	0.29765625	NA	0.41174375	NA	0.58695625	0.57123125	0.613775	0.29029375	0.5806875	NA	0.4744125	0.22085	NA	NA	0.5946	NA	NA	0.5522375	0.30810625	0.3616125	0.5616	0.5662125	NA	0.01654375	NA	NA
350	NA	0.23126875	0.50973125	NA	NA	NA	0.5426	0.49829375	0.5567375	NA	0.56375	0.48845625	0.308575	NA	0.527475	0.54964375	0.58415625	0.45073125	0.544925	0.6279	0.4454375	0.2298625	0.5082625	NA	0.3162625	NA	0.42935625	NA	0.590975	0.57956875	0.61695625	0.31031875	0.58728125	NA	0.48930625	0.23713125	NA	NA	0.60299375	NA	NA	0.56154375	0.32615	0.37920625	0.5703375	0.57605625	NA	0.01729375	NA	NA
355	NA	0.24926875	0.51965	NA	NA	NA	0.553775	0.50964375	0.5658125	NA	0.57259375	0.50194375	0.3290375	NA	0.54011875	0.557525	0.58981875	0.4668	0.554525	0.630675	0.460775	0.247725	0.52078125	NA	0.334975	NA	0.44720625	NA	0.5949125	0.58639375	0.61951875	0.33033125	0.59330625	NA	0.50305	0.25358125	NA	NA	0.61021875	NA	NA	0.57045625	0.34435	0.39616875	0.5784375	0.5854125	NA	0.017975	NA	NA
360	NA	0.26854375	0.52819375	NA	NA	NA	0.5640625	0.51968125	0.57359375	NA	0.58051875	0.5146125	0.34995	NA	0.5512375	0.564025	0.5949625	0.482225	0.5628625	0.63299375	0.47531875	0.26510625	0.5327875	NA	0.35356875	NA	0.46415625	NA	0.598325	0.59256875	0.62173125	0.35055625	0.59905	NA	0.51594375	0.2700625	NA	NA	0.61634375	NA	NA	0.57799375	0.362925	0.41314375	0.58581875	0.5944125	NA	0.01865	NA	NA
365	NA	0.28785625	0.53646875	NA	NA	NA	0.57356875	0.52925	0.58073125	NA	0.58735625	0.52653125	0.36976875	NA	0.56079375	0.56999375	0.59925625	0.49679375	0.569425	0.6346875	0.489325	0.28309375	0.54325625	NA	0.3712125	NA	0.47935625	NA	0.600925	0.59798125	0.623725	0.37125	0.6041	NA	0.5272625	0.28714375	NA	NA	0.6215375	NA	NA	0.5845125	0.38190625	0.42905	0.5918875	0.60230625	NA	0.01943125	NA	NA
370	NA	0.30714375	0.54388125	NA	NA	NA	0.58201875	0.53798125	0.58680625	NA	0.59348125	0.53805625	0.38874375	NA	0.56895625	0.57499375	0.6032125	0.5106875	0.5755	0.63630625	0.503	0.30200625	0.5524875	NA	0.3885375	NA	0.49408125	NA	0.603025	0.60280625	0.62560625	0.3920625	0.608425	NA	0.53759375	0.3037875	NA	NA	0.62585625	NA	NA	0.59090625	0.39969375	0.444325	0.59784375	0.6094625	NA	0.0202875	NA	NA
375	NA	0.326225	0.5506125	NA	NA	NA	0.589275	0.54575625	0.59193125	NA	0.59889375	0.5486125	0.4076875	NA	0.57625625	0.5797125	0.60658125	0.52318125	0.5810875	0.6377	0.51473125	0.32059375	0.56135	NA	0.404675	NA	0.50819375	NA	0.60493125	0.60699375	0.62676875	0.411775	0.6120875	NA	0.54746875	0.32015625	NA	NA	0.62958125	NA	NA	0.59670625	0.416425	0.458675	0.60300625	0.615525	NA	0.021275	NA	NA
380	NA	0.3457875	0.55664375	NA	NA	NA	0.59514375	0.55255625	0.596375	NA	0.60389375	0.55861875	0.4247625	NA	0.581875	0.58409375	0.6099125	0.53481875	0.58680625	0.63909375	0.52466875	0.3392	0.5701375	NA	0.4208125	NA	0.52121875	NA	0.60679375	0.61081875	0.62769375	0.43184375	0.61518125	NA	0.55656875	0.33691875	NA	NA	0.63290625	NA	NA	0.601575	0.4327625	0.47248125	0.60795625	0.6209875	NA	0.0222	NA	NA
385	NA	0.36409375	0.5616	NA	NA	NA	0.60095625	0.55866875	0.60023125	NA	0.60831875	0.5673875	0.44149375	NA	0.58735	0.588375	0.61306875	0.545575	0.59174375	0.64028125	0.53321875	0.35844375	0.5775	NA	0.4359625	NA	0.53311875	NA	0.608775	0.6139625	0.6284625	0.45038125	0.6177625	NA	0.5647125	0.35330625	NA	NA	0.6356625	NA	NA	0.60588125	0.4484	0.485475	0.612225	0.62576875	NA	0.02311875	NA	NA
390	NA	0.38236875	0.5664	NA	NA	NA	0.60603125	0.56433125	0.603675	NA	0.61239375	0.57623125	0.45753125	NA	0.5921	0.59241875	0.61606875	0.5554625	0.596525	0.6411625	0.5409375	0.37656875	0.58405	NA	0.45063125	NA	0.54438125	NA	0.610825	0.61671875	0.629025	0.4663	0.6200375	NA	0.57184375	0.3697	NA	NA	0.6380125	NA	NA	0.60979375	0.46341875	0.49854375	0.6159625	0.63025	NA	0.02406875	NA	NA
395	NA	0.40046875	0.57085	NA	NA	NA	0.6109125	0.56995625	0.606725	NA	0.615825	0.58435	0.47341875	NA	0.59635	0.5961875	0.61875	0.56408125	0.60119375	0.6419	0.5478375	0.3946875	0.59031875	NA	0.4644625	NA	0.5552375	NA	0.61260625	0.61873125	0.62953125	0.48108125	0.622175	NA	0.5781	0.385475	NA	NA	0.6400125	NA	NA	0.61275625	0.4777625	0.51085	0.61963125	0.63403125	NA	0.02515	NA	NA
400	NA	0.4180125	0.57506875	NA	NA	NA	0.6148125	0.57519375	0.6093	NA	0.618925	0.5913875	0.488425	NA	0.600275	0.5994	0.62119375	0.572725	0.605525	0.6424875	0.5541625	0.4132125	0.59625	NA	0.47725	NA	0.5646375	NA	0.61435	0.6203625	0.62995625	0.49535	0.62400625	NA	0.58440625	0.4012	NA	NA	0.64176875	NA	NA	0.615275	0.490975	0.52118125	0.62316875	0.637425	NA	0.02636875	NA	NA
405	NA	0.43479375	0.57899375	NA	NA	NA	0.6182125	0.57981875	0.61174375	NA	0.62214375	0.59763125	0.5023	NA	0.60339375	0.60248125	0.6235625	0.5809125	0.609425	0.642875	0.55975625	0.431225	0.6017125	NA	0.489825	NA	0.5728625	NA	0.61604375	0.62205	0.63041875	0.50919375	0.62570625	NA	0.589775	0.4160125	NA	NA	0.64299375	NA	NA	0.61778125	0.50345625	0.53059375	0.6264	0.64031875	NA	0.02778125	NA	NA
410	NA	0.45145	0.58274375	NA	NA	NA	0.62108125	0.58364375	0.613725	NA	0.624875	0.60334375	0.5149875	NA	0.60575	0.604825	0.62563125	0.58849375	0.61298125	0.64331875	0.56489375	0.44829375	0.60685625	NA	0.501625	NA	0.58061875	NA	0.61778125	0.62326875	0.63075625	0.522275	0.62695	NA	0.5944875	0.43063125	NA	NA	0.64406875	NA	NA	0.6198625	0.515175	0.539375	0.6293375	0.6425875	NA	0.0293625	NA	NA
415	NA	0.46734375	0.58626875	NA	NA	NA	0.623875	0.5869375	0.61524375	NA	0.6278375	0.6084125	0.5269375	NA	0.607825	0.60670625	0.6276625	0.5954375	0.6157625	0.64371875	0.56950625	0.46491875	0.61136875	NA	0.51280625	NA	0.58726875	NA	0.619525	0.62438125	0.6310375	0.53428125	0.6281	NA	0.59835625	0.44471875	NA	NA	0.64498125	NA	NA	0.62170625	0.52574375	0.5480125	0.63216875	0.6445125	NA	0.0308875	NA	NA
420	NA	0.481575	0.589325	NA	NA	NA	0.62675625	0.58975625	0.61643125	NA	0.63036875	0.6132125	0.53845625	NA	0.60961875	0.6084125	0.62908125	0.6014125	0.618525	0.64420625	0.57374375	0.4806875	0.6151875	NA	0.5235125	NA	0.5930125	NA	0.62110625	0.62565625	0.63134375	0.54500625	0.62911875	NA	0.60235625	0.45885625	NA	NA	0.64586875	NA	NA	0.62345	0.53554375	0.55601875	0.6347625	0.64610625	NA	0.03261875	NA	NA
425	NA	0.4952125	0.59209375	NA	NA	NA	0.6288875	0.592225	0.61761875	NA	0.63256875	0.61746875	0.54840625	NA	0.61143125	0.61004375	0.63043125	0.606675	0.6208375	0.64458125	0.577575	0.495575	0.61866875	NA	0.53316875	NA	0.59798125	NA	0.62291875	0.6267375	0.63178125	0.554825	0.630175	NA	0.6056875	0.4729625	NA	NA	0.6466125	NA	NA	0.6252	0.54495625	0.56295625	0.63703125	0.6474	NA	0.03498125	NA	NA
430	NA	0.5090875	0.59473125	NA	NA	NA	0.6308125	0.5947875	0.61874375	NA	0.634575	0.62138125	0.556925	NA	0.61310625	0.6116875	0.631475	0.6115625	0.62293125	0.64490625	0.58056875	0.5099375	0.62165	NA	0.54225625	NA	0.6026	NA	0.6245625	0.62773125	0.63225625	0.56415625	0.63125	NA	0.6085375	0.4862125	NA	NA	0.64720625	NA	NA	0.6268	0.55394375	0.56909375	0.6388875	0.64870625	NA	0.03775625	NA	NA
435	NA	0.52190625	0.59705	NA	NA	NA	0.63208125	0.5972125	0.6195625	NA	0.6362125	0.6249	0.5654375	NA	0.61465625	0.61296875	0.63264375	0.616125	0.6246	0.64530625	0.583425	0.52378125	0.62418125	NA	0.55098125	NA	0.6064125	NA	0.62600625	0.62851875	0.63270625	0.57255	0.632375	NA	0.6114	0.49875	NA	NA	0.6475875	NA	NA	0.6284875	0.5618375	0.57439375	0.64048125	0.64986875	NA	0.0407	NA	NA
440	NA	0.5338375	0.5992	NA	NA	NA	0.63324375	0.59965625	0.6202875	NA	0.63775	0.627975	0.57363125	NA	0.61605625	0.6142	0.633775	0.62018125	0.62605	0.64568125	0.5860375	0.53675625	0.6266375	NA	0.5588125	NA	0.6099625	NA	0.62723125	0.62915625	0.63316875	0.57990625	0.6335125	NA	0.61413125	0.50993125	NA	NA	0.6479	NA	NA	0.6300375	0.568725	0.57945625	0.64193125	0.6509875	NA	0.04380625	NA	NA
445	NA	0.5449125	0.60103125	NA	NA	NA	0.63433125	0.60205	0.620825	NA	0.6391	0.6304125	0.58105625	NA	0.61733125	0.6153375	0.634675	0.6237125	0.6274375	0.64609375	0.58848125	0.54895	0.62878125	NA	0.56629375	NA	0.6129625	NA	0.62839375	0.6296125	0.6336875	0.5862	0.63460625	NA	0.61660625	0.52134375	NA	NA	0.64806875	NA	NA	0.63135	0.574925	0.58395	0.6435	0.65184375	NA	0.04740625	NA	NA
450	NA	0.55455	0.60278125	NA	NA	NA	0.63544375	0.60415625	0.621175	NA	0.6402875	0.6326625	0.5880125	NA	0.618175	0.61629375	0.6354875	0.62693125	0.6286125	0.64641875	0.59081875	0.55975625	0.63039375	NA	0.5730625	NA	0.61548125	NA	0.62939375	0.6301375	0.6341625	0.5916375	0.63536875	NA	0.6188625	0.5320875	NA	NA	0.648175	NA	NA	0.6326375	0.58048125	0.5879	0.644725	0.65276875	NA	0.05123125	NA	NA
455	NA	0.56298125	0.6044125	NA	NA	NA	0.63638125	0.6061	0.62155625	NA	0.64130625	0.6344875	0.59454375	NA	0.61914375	0.61705	0.636175	0.62923125	0.62955	0.64675	0.59285625	0.569725	0.63161875	NA	0.5794125	NA	0.61735625	NA	0.63016875	0.6306125	0.6345625	0.59621875	0.63598125	NA	0.6212	0.54216875	NA	NA	0.6482625	NA	NA	0.63371875	0.585575	0.59114375	0.64560625	0.65358125	NA	0.055575	NA	NA
460	NA	0.57026875	0.6059125	NA	NA	NA	0.63713125	0.6078	0.62185	NA	0.6423375	0.6363375	0.6004625	NA	0.61996875	0.6177	0.63679375	0.631525	0.63034375	0.64706875	0.59459375	0.57864375	0.63285625	NA	0.5851625	NA	0.61915	NA	0.630625	0.63099375	0.6349125	0.60043125	0.6365	NA	0.62328125	0.55089375	NA	NA	0.64835625	NA	NA	0.63460625	0.5902125	0.59379375	0.6463625	0.65428125	NA	0.06018125	NA	NA
465	NA	0.57653125	0.60709375	NA	NA	NA	0.63766875	0.6092625	0.6220875	NA	0.64331875	0.63785	0.6054125	NA	0.6208875	0.618275	0.63735	0.63365625	0.6308875	0.647375	0.596075	0.58661875	0.63388125	NA	0.58975625	NA	0.6206875	NA	0.6309125	0.63120625	0.635225	0.603525	0.63701875	NA	0.6250625	0.558375	NA	NA	0.64845	NA	NA	0.63546875	0.5948375	0.5962625	0.6471	0.65475625	NA	0.06540625	NA	NA
470	NA	0.582475	0.6080625	NA	NA	NA	0.63814375	0.6104	0.6224125	NA	0.644275	0.63888125	0.61008125	NA	0.6216375	0.61874375	0.6378	0.63544375	0.63120625	0.6476625	0.5976375	0.5941125	0.63465625	NA	0.59404375	NA	0.622175	NA	0.63123125	0.63139375	0.63564375	0.6062375	0.6375	NA	0.62683125	0.56496875	NA	NA	0.648525	NA	NA	0.6362875	0.59853125	0.59825	0.64764375	0.6552	NA	0.071225	NA	NA
475	NA	0.587675	0.60896875	NA	NA	NA	0.6385125	0.61138125	0.62266875	NA	0.64511875	0.63974375	0.614325	NA	0.62231875	0.61908125	0.63819375	0.63699375	0.631475	0.6478	0.5991875	0.60069375	0.63525625	NA	0.5974125	NA	0.62345	NA	0.63144375	0.63170625	0.63595625	0.60828125	0.6378125	NA	0.628175	0.5711375	NA	NA	0.64865	NA	NA	0.63683125	0.602375	0.6002375	0.64800625	0.65564375	NA	0.0771875	NA	NA
480	NA	0.59136875	0.60954375	NA	NA	NA	0.63884375	0.6122875	0.622925	NA	0.6457875	0.64039375	0.61859375	NA	0.62295	0.619425	0.638475	0.63830625	0.63168125	0.6479125	0.60038125	0.6061875	0.63595	NA	0.60055625	NA	0.62485	NA	0.63154375	0.63194375	0.6363625	0.6101125	0.6380625	NA	0.6293125	0.57671875	NA	NA	0.648725	NA	NA	0.63754375	0.6064	0.6023625	0.64831875	0.656	NA	0.0840625	NA	NA
485	NA	0.5944625	0.610025	NA	NA	NA	0.639075	0.61320625	0.62310625	NA	0.64630625	0.6408625	0.62220625	NA	0.623425	0.61964375	0.63878125	0.6398125	0.63180625	0.6479875	0.601825	0.6111125	0.63658125	NA	0.60311875	NA	0.62618125	NA	0.63168125	0.6321	0.63669375	0.6115375	0.6384125	NA	0.63051875	0.58156875	NA	NA	0.6487875	NA	NA	0.6381875	0.61023125	0.60446875	0.6486	0.6562375	NA	0.09105	NA	NA
490	NA	0.59679375	0.6103625	NA	NA	NA	0.6392875	0.6138625	0.62324375	NA	0.6468125	0.64133125	0.625375	NA	0.62391875	0.6197125	0.63908125	0.6411875	0.63190625	0.64806875	0.60299375	0.614975	0.63706875	NA	0.605425	NA	0.6276125	NA	0.6319	0.6322	0.636975	0.6129375	0.63868125	NA	0.6314375	0.58575625	NA	NA	0.64885625	NA	NA	0.63863125	0.613675	0.60638125	0.64880625	0.6564375	NA	0.0984	NA	NA
495	NA	0.5985875	0.610675	NA	NA	NA	0.63943125	0.6145	0.62341875	NA	0.64725625	0.6417625	0.6283375	NA	0.6243	0.61975625	0.63945	0.6424625	0.6319875	0.64820625	0.6039	0.6184625	0.63743125	NA	0.60758125	NA	0.628675	NA	0.63204375	0.6322875	0.63715625	0.61428125	0.63891875	NA	0.63203125	0.589475	NA	NA	0.64895	NA	NA	0.63910625	0.6174	0.60796875	0.64895	0.6566375	NA	0.10655	NA	NA
500	NA	0.6002375	0.610925	NA	NA	NA	0.63955625	0.61495	0.6235875	NA	0.64761875	0.642125	0.63069375	NA	0.6245625	0.61976875	0.63979375	0.64360625	0.63201875	0.64835	0.60471875	0.62185	0.6379375	NA	0.60963125	NA	0.6295375	NA	0.63218125	0.6323875	0.637275	0.615575	0.63915625	NA	0.63244375	0.59275625	NA	NA	0.648975	NA	NA	0.63955625	0.62060625	0.60924375	0.6491125	0.65685625	NA	0.11531875	NA	NA
505	NA	0.601875	0.61126875	NA	NA	NA	0.63963125	0.61535625	0.62376875	NA	0.6478875	0.6424	0.63295625	NA	0.62484375	NA	0.64008125	0.6447375	0.63205625	0.64858125	0.60539375	0.62495	0.6384375	NA	0.6113625	NA	0.63039375	NA	0.63225625	0.63255	0.6373625	0.6169	0.63955	NA	0.632825	0.59603125	NA	NA	0.64900625	NA	NA	0.639875	0.6233375	0.61063125	0.64935625	0.65705	NA	0.1249625	NA	NA
510	NA	0.6035125	0.61145	NA	NA	NA	0.63969375	0.6157375	0.62386875	NA	0.64801875	0.642675	0.63505625	NA	0.62508125	NA	0.64033125	0.64569375	0.632075	0.64895	0.606	0.6276375	0.63880625	NA	0.6130125	NA	0.63108125	NA	0.6322625	0.632625	0.6373875	0.61818125	0.64005625	NA	0.6332125	0.59895625	NA	NA	0.64905	NA	NA	0.6400875	0.626	0.611875	0.649525	0.65715	NA	0.13584375	NA	NA
515	NA	0.60514375	0.61165	NA	NA	NA	0.63974375	0.61600625	0.6239375	NA	0.648125	0.6428375	0.63683125	NA	0.62526875	NA	0.6405875	0.64651875	0.63209375	0.64921875	0.6065125	0.6299375	0.63914375	NA	0.61438125	NA	0.631625	NA	NA	0.63269375	0.6374125	0.61916875	0.6405	NA	0.6335	0.60144375	NA	NA	0.649075	NA	NA	0.64024375	0.628425	0.61309375	0.6495875	0.65725625	NA	0.14730625	NA	NA
520	NA	0.60668125	0.6118375	NA	NA	NA	0.6397875	0.6161875	0.62399375	NA	0.6482	0.642925	0.6380875	NA	0.62535625	NA	0.6408875	0.64730625	NA	0.649375	0.60700625	0.63199375	0.6395375	NA	0.61563125	NA	0.6321625	NA	NA	0.63269375	0.637425	0.62013125	0.6408125	NA	0.63380625	0.6039125	NA	NA	NA	NA	NA	0.64038125	0.63049375	0.6140875	0.64965625	0.65733125	NA	0.15845625	NA	NA
525	NA	0.6080625	0.612125	NA	NA	NA	0.63985625	0.616275	0.6240875	NA	0.6482625	0.64303125	0.63923125	NA	0.62544375	NA	0.641075	0.6477875	NA	0.64946875	0.60745	0.63379375	0.63985	NA	0.616625	NA	0.632675	NA	NA	NA	0.63745	0.620975	0.6409375	NA	0.63403125	0.60618125	NA	NA	NA	NA	NA	0.64046875	0.63235625	0.61504375	0.6497125	0.657425	NA	0.170125	NA	NA
530	NA	0.60933125	0.6125	NA	NA	NA	0.63986875	0.616425	0.6241375	NA	0.6483125	0.6432125	0.64	NA	0.62554375	NA	0.641225	0.64829375	NA	0.6495375	0.60785625	0.63539375	0.640075	NA	0.61775625	NA	0.63318125	NA	NA	NA	NA	0.621675	0.64103125	NA	0.63415	0.6082625	NA	NA	NA	NA	NA	0.64054375	0.633975	0.6158875	0.6497375	0.6575125	NA	0.1822125	NA	NA
535	NA	0.6103	0.6128375	NA	NA	NA	0.63990625	0.6166	0.62415	NA	0.64835625	0.64339375	0.64061875	NA	0.62564375	NA	0.64138125	0.6488125	NA	0.64955625	0.6081375	0.6373375	0.64023125	NA	0.61883125	NA	0.63361875	NA	NA	NA	NA	0.62228125	0.64113125	NA	0.63419375	0.6099125	NA	NA	NA	NA	NA	0.64058125	0.6352625	0.6166125	0.64980625	0.6575875	NA	0.1947125	NA	NA
540	NA	0.6110875	0.61334375	NA	NA	NA	0.63998125	0.616775	0.62418125	NA	0.64836875	0.6435625	0.64114375	NA	0.6257375	NA	0.64150625	0.6492875	NA	NA	0.608425	0.6390375	0.64045625	NA	0.61963125	NA	0.63394375	NA	NA	NA	NA	0.622775	0.64119375	NA	0.6342125	0.61135625	NA	NA	NA	NA	NA	0.64063125	0.63636875	0.61740625	0.64986875	0.6576625	NA	0.2081	NA	NA
545	NA	0.61175625	0.61369375	NA	NA	NA	0.64004375	0.61695	0.6241875	NA	0.64841875	0.64376875	0.64169375	NA	0.6257875	NA	0.64155625	0.649625	NA	NA	0.60861875	0.64041875	0.6406	NA	0.62015625	NA	0.63430625	NA	NA	NA	NA	0.6231375	0.64129375	NA	0.6342875	0.61275	NA	NA	NA	NA	NA	0.6406875	0.6371375	0.6181375	0.64991875	0.65781875	NA	0.222175	NA	NA
550	NA	0.61235	0.61405625	NA	NA	NA	0.640075	0.6171	NA	NA	0.64849375	0.64391875	0.64215625	NA	0.625825	NA	0.6416	0.6500125	NA	NA	0.60875625	0.64170625	0.64074375	NA	0.62071875	NA	0.63465	NA	NA	NA	NA	0.6233625	0.64140625	NA	0.63436875	0.614	NA	NA	NA	NA	NA	0.64075625	0.6378375	0.61885625	0.64993125	0.6579375	NA	0.23713125	NA	NA
555	NA	0.61281875	0.61439375	NA	NA	NA	NA	0.6173125	NA	NA	0.64851875	0.64406875	0.642675	NA	0.62588125	NA	0.64165625	0.65040625	NA	NA	0.608875	0.643075	0.64090625	NA	0.62115625	NA	0.63489375	NA	NA	NA	NA	0.6235125	0.64153125	NA	0.634425	0.61500625	NA	NA	NA	NA	NA	0.6409	0.63835625	0.61946875	0.6499375	0.6580625	NA	0.252875	NA	NA
560	NA	0.613225	0.61463125	NA	NA	NA	NA	0.61741875	NA	NA	0.6485375	0.64425	0.64315	NA	0.62591875	NA	0.64169375	0.6507375	NA	NA	0.609	0.64416875	0.64103125	NA	0.6216625	NA	0.63525	NA	NA	NA	NA	0.62364375	0.64159375	NA	0.6345	0.6158125	NA	NA	NA	NA	NA	0.64105	0.6388125	0.6201	NA	0.6581625	NA	0.268625	NA	NA
565	NA	0.61361875	0.61485	NA	NA	NA	NA	0.61755625	NA	NA	0.64855	0.64440625	0.64355	NA	0.62603125	NA	0.6417	0.65096875	NA	NA	0.6091125	0.6452375	0.6412125	NA	0.6221	NA	0.63563125	NA	NA	NA	NA	0.6237125	0.6416875	NA	0.63460625	0.61671875	NA	NA	NA	NA	NA	0.64120625	0.63930625	0.6207875	NA	0.65826875	NA	0.285125	NA	NA
570	NA	0.61395	0.6150125	NA	NA	NA	NA	0.6176625	NA	NA	NA	0.6446	0.64385625	NA	0.62611875	NA	0.64171875	0.65119375	NA	NA	0.60916875	0.646075	0.641375	NA	0.62241875	NA	0.6359875	NA	NA	NA	NA	0.62374375	0.6417625	NA	0.63471875	0.61738125	NA	NA	NA	NA	NA	0.64130625	0.63969375	0.62145	NA	0.6583125	NA	0.3022125	NA	NA
575	NA	0.61429375	0.61511875	NA	NA	NA	NA	0.6177125	NA	NA	NA	0.6448	0.6441375	NA	0.62619375	NA	0.6417375	0.651375	NA	NA	0.6092125	0.64675	0.6415375	NA	0.622625	NA	0.636375	NA	NA	NA	NA	NA	0.6418375	NA	0.63485625	0.61805	NA	NA	NA	NA	NA	0.6414125	0.6399875	0.62195	NA	0.65833125	NA	0.31985	NA	NA
580	NA	0.61461875	0.61521875	NA	NA	NA	NA	0.6177625	NA	NA	NA	0.64498125	0.64435	NA	0.6263	NA	NA	0.65153125	NA	NA	0.60921875	0.6473125	0.64166875	NA	0.6227875	NA	0.63675625	NA	NA	NA	NA	NA	0.64185625	NA	0.63494375	0.6186375	NA	NA	NA	NA	NA	0.64155625	0.6402125	0.6222	NA	0.6583375	NA	0.33881875	NA	NA
585	NA	0.61485	0.61529375	NA	NA	NA	NA	0.6178125	NA	NA	NA	0.64525625	0.6444625	NA	0.62641875	NA	NA	0.65170625	NA	NA	NA	0.6478	0.6417875	NA	0.62300625	NA	0.6369375	NA	NA	NA	NA	NA	0.64188125	NA	0.6351	0.61921875	NA	NA	NA	NA	NA	0.6416125	0.6404125	0.622375	NA	NA	NA	0.35619375	NA	NA
590	NA	0.61513125	0.6153625	NA	NA	NA	NA	0.61789375	NA	NA	NA	0.6454625	0.64455625	NA	0.62653125	NA	NA	0.65186875	NA	NA	NA	0.64813125	0.6419375	NA	0.62326875	NA	0.6371125	NA	NA	NA	NA	NA	NA	NA	0.635175	0.62	NA	NA	NA	NA	NA	0.64164375	0.64056875	0.62255625	NA	NA	NA	0.37268125	NA	NA
595	NA	0.61545625	0.6153875	NA	NA	NA	NA	0.61790625	NA	NA	NA	0.6456625	0.6446875	NA	0.626625	NA	NA	0.6520375	NA	NA	NA	0.6483625	0.6420375	NA	0.6236	NA	0.6372375	NA	NA	NA	NA	NA	NA	NA	0.6352375	0.6206	NA	NA	NA	NA	NA	NA	0.64075	0.6226625	NA	NA	NA	0.3900875	NA	NA
600	NA	0.6158125	0.61539375	NA	NA	NA	NA	0.6179125	NA	NA	NA	0.6458	0.6447625	NA	0.6266875	NA	NA	0.65211875	NA	NA	NA	0.6485125	0.64216875	NA	0.623925	NA	0.63731875	NA	NA	NA	NA	NA	NA	NA	0.6353375	0.62095625	NA	NA	NA	NA	NA	NA	0.6409125	0.622775	NA	NA	NA	0.40745	NA	NA
605	NA	0.61604375	NA	NA	NA	NA	NA	NA	NA	NA	NA	0.64591875	0.644925	NA	0.626775	NA	NA	0.6522	NA	NA	NA	0.64860625	0.64226875	NA	0.6242125	NA	0.63734375	NA	NA	NA	NA	NA	NA	NA	0.635375	0.621275	NA	NA	NA	NA	NA	NA	0.6411375	0.6228625	NA	NA	NA	0.424275	NA	NA
610	NA	0.6162	NA	NA	NA	NA	NA	NA	NA	NA	NA	0.64601875	0.64506875	NA	0.62681875	NA	NA	0.65225	NA	NA	NA	0.64873125	0.64238125	NA	0.6245625	NA	0.6373625	NA	NA	NA	NA	NA	NA	NA	0.6353875	0.62150625	NA	NA	NA	NA	NA	NA	0.6413625	0.62291875	NA	NA	NA	0.44088125	NA	NA
615	NA	0.61634375	NA	NA	NA	NA	NA	NA	NA	NA	NA	0.6461	0.64520625	NA	0.62684375	NA	NA	0.65229375	NA	NA	NA	0.64881875	0.64245	NA	0.6249375	NA	0.637425	NA	NA	NA	NA	NA	NA	NA	0.6354125	0.62174375	NA	NA	NA	NA	NA	NA	0.641425	0.623025	NA	NA	NA	0.45636875	NA	NA
620	NA	0.61650625	NA	NA	NA	NA	NA	NA	NA	NA	NA	0.64613125	0.64530625	NA	0.6268875	NA	NA	0.65238125	NA	NA	NA	0.6489	0.6425625	NA	0.62525	NA	0.637475	NA	NA	NA	NA	NA	NA	NA	0.6354625	0.62194375	NA	NA	NA	NA	NA	NA	0.64145	0.62313125	NA	NA	NA	0.47140625	NA	NA
625	NA	0.6166375	NA	NA	NA	NA	NA	NA	NA	NA	NA	0.64615	0.6453625	NA	0.62695625	NA	NA	0.65243125	NA	NA	NA	0.64900625	0.64265625	NA	0.625475	NA	0.63754375	NA	NA	NA	NA	NA	NA	NA	0.6355125	0.6221875	NA	NA	NA	NA	NA	NA	0.6414875	0.62323125	NA	NA	NA	0.48493125	NA	NA
630	NA	0.61670625	NA	NA	NA	NA	NA	NA	NA	NA	NA	0.6461625	0.645425	NA	0.62705	NA	NA	0.652525	NA	NA	NA	0.64915625	0.64275	NA	0.6256625	NA	0.63759375	NA	NA	NA	NA	NA	NA	NA	0.63554375	0.62238125	NA	NA	NA	NA	NA	NA	0.64150625	0.6232875	NA	NA	NA	0.49880625	NA	NA
635	NA	0.61673125	NA	NA	NA	NA	NA	NA	NA	NA	NA	NA	0.64555625	NA	0.62715	NA	NA	0.65260625	NA	NA	NA	0.649275	0.64288125	NA	0.6258125	NA	0.6376	NA	NA	NA	NA	NA	NA	NA	0.63560625	0.622625	NA	NA	NA	NA	NA	NA	0.64151875	0.623325	NA	NA	NA	0.5101625	NA	NA
640	NA	NA	NA	NA	NA	NA	NA	NA	NA	NA	NA	NA	0.64565	NA	0.62723125	NA	NA	0.6527125	NA	NA	NA	0.6493625	0.642975	NA	0.6259625	NA	0.63764375	NA	NA	NA	NA	NA	NA	NA	0.63565625	0.62278125	NA	NA	NA	NA	NA	NA	NA	0.62339375	NA	NA	NA	0.52011875	NA	NA
645	NA	NA	NA	NA	NA	NA	NA	NA	NA	NA	NA	NA	0.645675	NA	0.627325	NA	NA	0.6528	NA	NA	NA	0.6494	0.6431	NA	0.62610625	NA	0.63769375	NA	NA	NA	NA	NA	NA	NA	0.63566875	0.6228625	NA	NA	NA	NA	NA	NA	NA	0.6235125	NA	NA	NA	0.5294	NA	NA
650	NA	NA	NA	NA	NA	NA	NA	NA	NA	NA	NA	NA	0.64568125	NA	0.62739375	NA	NA	0.65298125	NA	NA	NA	0.64940625	0.64319375	NA	0.626325	NA	0.63770625	NA	NA	NA	NA	NA	NA	NA	NA	0.62293125	NA	NA	NA	NA	NA	NA	NA	0.62360625	NA	NA	NA	0.538425	NA	NA
655	NA	NA	NA	NA	NA	NA	NA	NA	NA	NA	NA	NA	0.64571875	NA	0.627475	NA	NA	0.65313125	NA	NA	NA	0.649425	0.64329375	NA	0.6264875	NA	NA	NA	NA	NA	NA	NA	NA	NA	NA	0.62295	NA	NA	NA	NA	NA	NA	NA	0.623675	NA	NA	NA	0.5471	NA	NA
660	NA	NA	NA	NA	NA	NA	NA	NA	NA	NA	NA	NA	0.64578125	NA	0.627575	NA	NA	0.6532625	NA	NA	NA	0.6494875	0.64340625	NA	0.6265625	NA	NA	NA	NA	NA	NA	NA	NA	NA	NA	0.62296875	NA	NA	NA	NA	NA	NA	NA	0.623775	NA	NA	NA	0.55461875	NA	NA
665	NA	NA	NA	NA	NA	NA	NA	NA	NA	NA	NA	NA	0.6458375	NA	0.6276375	NA	NA	0.65339375	NA	NA	NA	0.64960625	0.643475	NA	0.626675	NA	NA	NA	NA	NA	NA	NA	NA	NA	NA	NA	NA	NA	NA	NA	NA	NA	NA	0.62386875	NA	NA	NA	0.56165	NA	NA
670	NA	NA	NA	NA	NA	NA	NA	NA	NA	NA	NA	NA	0.64593125	NA	0.6277	NA	NA	0.6536	NA	NA	NA	0.64975625	0.64350625	NA	0.62675	NA	NA	NA	NA	NA	NA	NA	NA	NA	NA	NA	NA	NA	NA	NA	NA	NA	NA	0.62400625	NA	NA	NA	0.567875	NA	NA
675	NA	NA	NA	NA	NA	NA	NA	NA	NA	NA	NA	NA	0.6460125	NA	0.6277125	NA	NA	0.65384375	NA	NA	NA	0.64990625	0.64355	NA	0.62680625	NA	NA	NA	NA	NA	NA	NA	NA	NA	NA	NA	NA	NA	NA	NA	NA	NA	NA	0.6241	NA	NA	NA	0.57344375	NA	NA
680	NA	NA	NA	NA	NA	NA	NA	NA	NA	NA	NA	NA	0.64609375	NA	NA	NA	NA	0.65415	NA	NA	NA	0.65008125	0.64356875	NA	0.6268875	NA	NA	NA	NA	NA	NA	NA	NA	NA	NA	NA	NA	NA	NA	NA	NA	NA	NA	0.62419375	NA	NA	NA	0.5792	NA	NA
685	NA	NA	NA	NA	NA	NA	NA	NA	NA	NA	NA	NA	0.6461375	NA	NA	NA	NA	0.65435	NA	NA	NA	0.6501625	0.643575	NA	0.62699375	NA	NA	NA	NA	NA	NA	NA	NA	NA	NA	NA	NA	NA	NA	NA	NA	NA	NA	0.62424375	NA	NA	NA	0.58425625	NA	NA
690	NA	NA	NA	NA	NA	NA	NA	NA	NA	NA	NA	NA	0.64616875	NA	NA	NA	NA	0.65450625	NA	NA	NA	0.65028125	NA	NA	0.6271375	NA	NA	NA	NA	NA	NA	NA	NA	NA	NA	NA	NA	NA	NA	NA	NA	NA	NA	0.62434375	NA	NA	NA	0.58795625	NA	NA
695	NA	NA	NA	NA	NA	NA	NA	NA	NA	NA	NA	NA	NA	NA	NA	NA	NA	0.65463125	NA	NA	NA	0.65036875	NA	NA	0.6272625	NA	NA	NA	NA	NA	NA	NA	NA	NA	NA	NA	NA	NA	NA	NA	NA	NA	NA	0.62436875	NA	NA	NA	0.591275	NA	NA
700	NA	NA	NA	NA	NA	NA	NA	NA	NA	NA	NA	NA	NA	NA	NA	NA	NA	0.6547125	NA	NA	NA	0.65040625	NA	NA	0.627375	NA	NA	NA	NA	NA	NA	NA	NA	NA	NA	NA	NA	NA	NA	NA	NA	NA	NA	NA	NA	NA	NA	0.59415	NA	NA
705	NA	NA	NA	NA	NA	NA	NA	NA	NA	NA	NA	NA	NA	NA	NA	NA	NA	0.65479375	NA	NA	NA	0.6504875	NA	NA	0.62746875	NA	NA	NA	NA	NA	NA	NA	NA	NA	NA	NA	NA	NA	NA	NA	NA	NA	NA	NA	NA	NA	NA	0.5964625	NA	NA
710	NA	NA	NA	NA	NA	NA	NA	NA	NA	NA	NA	NA	NA	NA	NA	NA	NA	0.65485	NA	NA	NA	0.650525	NA	NA	0.6276	NA	NA	NA	NA	NA	NA	NA	NA	NA	NA	NA	NA	NA	NA	NA	NA	NA	NA	NA	NA	NA	NA	0.5988375	NA	NA
715	NA	NA	NA	NA	NA	NA	NA	NA	NA	NA	NA	NA	NA	NA	NA	NA	NA	0.65489375	NA	NA	NA	0.65055	NA	NA	0.62776875	NA	NA	NA	NA	NA	NA	NA	NA	NA	NA	NA	NA	NA	NA	NA	NA	NA	NA	NA	NA	NA	NA	0.60100625	NA	NA
720	NA	NA	NA	NA	NA	NA	NA	NA	NA	NA	NA	NA	NA	NA	NA	NA	NA	0.65493125	NA	NA	NA	NA	NA	NA	0.62798125	NA	NA	NA	NA	NA	NA	NA	NA	NA	NA	NA	NA	NA	NA	NA	NA	NA	NA	NA	NA	NA	NA	0.6028375	NA	NA
725	NA	NA	NA	NA	NA	NA	NA	NA	NA	NA	NA	NA	NA	NA	NA	NA	NA	0.6550125	NA	NA	NA	NA	NA	NA	0.6281125	NA	NA	NA	NA	NA	NA	NA	NA	NA	NA	NA	NA	NA	NA	NA	NA	NA	NA	NA	NA	NA	NA	0.6045375	NA	NA
730	NA	NA	NA	NA	NA	NA	NA	NA	NA	NA	NA	NA	NA	NA	NA	NA	NA	0.65511875	NA	NA	NA	NA	NA	NA	0.62823125	NA	NA	NA	NA	NA	NA	NA	NA	NA	NA	NA	NA	NA	NA	NA	NA	NA	NA	NA	NA	NA	NA	0.606375	NA	NA
735	NA	NA	NA	NA	NA	NA	NA	NA	NA	NA	NA	NA	NA	NA	NA	NA	NA	0.65533125	NA	NA	NA	NA	NA	NA	0.62830625	NA	NA	NA	NA	NA	NA	NA	NA	NA	NA	NA	NA	NA	NA	NA	NA	NA	NA	NA	NA	NA	NA	0.60788125	NA	NA
740	NA	NA	NA	NA	NA	NA	NA	NA	NA	NA	NA	NA	NA	NA	NA	NA	NA	0.6555875	NA	NA	NA	NA	NA	NA	0.62835625	NA	NA	NA	NA	NA	NA	NA	NA	NA	NA	NA	NA	NA	NA	NA	NA	NA	NA	NA	NA	NA	NA	0.6093875	NA	NA
745	NA	NA	NA	NA	NA	NA	NA	NA	NA	NA	NA	NA	NA	NA	NA	NA	NA	0.65594375	NA	NA	NA	NA	NA	NA	0.62838125	NA	NA	NA	NA	NA	NA	NA	NA	NA	NA	NA	NA	NA	NA	NA	NA	NA	NA	NA	NA	NA	NA	0.610675	NA	NA
750	NA	NA	NA	NA	NA	NA	NA	NA	NA	NA	NA	NA	NA	NA	NA	NA	NA	0.656325	NA	NA	NA	NA	NA	NA	0.6283875	NA	NA	NA	NA	NA	NA	NA	NA	NA	NA	NA	NA	NA	NA	NA	NA	NA	NA	NA	NA	NA	NA	0.61184375	NA	NA
755	NA	NA	NA	NA	NA	NA	NA	NA	NA	NA	NA	NA	NA	NA	NA	NA	NA	0.65670625	NA	NA	NA	NA	NA	NA	NA	NA	NA	NA	NA	NA	NA	NA	NA	NA	NA	NA	NA	NA	NA	NA	NA	NA	NA	NA	NA	NA	NA	0.6128125	NA	NA
760	NA	NA	NA	NA	NA	NA	NA	NA	NA	NA	NA	NA	NA	NA	NA	NA	NA	0.6569875	NA	NA	NA	NA	NA	NA	NA	NA	NA	NA	NA	NA	NA	NA	NA	NA	NA	NA	NA	NA	NA	NA	NA	NA	NA	NA	NA	NA	NA	0.61388125	NA	NA
765	NA	NA	NA	NA	NA	NA	NA	NA	NA	NA	NA	NA	NA	NA	NA	NA	NA	0.6573625	NA	NA	NA	NA	NA	NA	NA	NA	NA	NA	NA	NA	NA	NA	NA	NA	NA	NA	NA	NA	NA	NA	NA	NA	NA	NA	NA	NA	NA	0.61491875	NA	NA
770	NA	NA	NA	NA	NA	NA	NA	NA	NA	NA	NA	NA	NA	NA	NA	NA	NA	0.6577125	NA	NA	NA	NA	NA	NA	NA	NA	NA	NA	NA	NA	NA	NA	NA	NA	NA	NA	NA	NA	NA	NA	NA	NA	NA	NA	NA	NA	NA	0.61558125	NA	NA
775	NA	NA	NA	NA	NA	NA	NA	NA	NA	NA	NA	NA	NA	NA	NA	NA	NA	0.65794375	NA	NA	NA	NA	NA	NA	NA	NA	NA	NA	NA	NA	NA	NA	NA	NA	NA	NA	NA	NA	NA	NA	NA	NA	NA	NA	NA	NA	NA	0.61610625	NA	NA
780	NA	NA	NA	NA	NA	NA	NA	NA	NA	NA	NA	NA	NA	NA	NA	NA	NA	0.658125	NA	NA	NA	NA	NA	NA	NA	NA	NA	NA	NA	NA	NA	NA	NA	NA	NA	NA	NA	NA	NA	NA	NA	NA	NA	NA	NA	NA	NA	0.61668125	NA	NA
785	NA	NA	NA	NA	NA	NA	NA	NA	NA	NA	NA	NA	NA	NA	NA	NA	NA	0.65823125	NA	NA	NA	NA	NA	NA	NA	NA	NA	NA	NA	NA	NA	NA	NA	NA	NA	NA	NA	NA	NA	NA	NA	NA	NA	NA	NA	NA	NA	0.6173625	NA	NA
790	NA	NA	NA	NA	NA	NA	NA	NA	NA	NA	NA	NA	NA	NA	NA	NA	NA	0.6583875	NA	NA	NA	NA	NA	NA	NA	NA	NA	NA	NA	NA	NA	NA	NA	NA	NA	NA	NA	NA	NA	NA	NA	NA	NA	NA	NA	NA	NA	0.617975	NA	NA
795	NA	NA	NA	NA	NA	NA	NA	NA	NA	NA	NA	NA	NA	NA	NA	NA	NA	0.65840625	NA	NA	NA	NA	NA	NA	NA	NA	NA	NA	NA	NA	NA	NA	NA	NA	NA	NA	NA	NA	NA	NA	NA	NA	NA	NA	NA	NA	NA	0.61845625	NA	NA
800	NA	NA	NA	NA	NA	NA	NA	NA	NA	NA	NA	NA	NA	NA	NA	NA	NA	NA	NA	NA	NA	NA	NA	NA	NA	NA	NA	NA	NA	NA	NA	NA	NA	NA	NA	NA	NA	NA	NA	NA	NA	NA	NA	NA	NA	NA	NA	0.619	NA	NA
805	NA	NA	NA	NA	NA	NA	NA	NA	NA	NA	NA	NA	NA	NA	NA	NA	NA	NA	NA	NA	NA	NA	NA	NA	NA	NA	NA	NA	NA	NA	NA	NA	NA	NA	NA	NA	NA	NA	NA	NA	NA	NA	NA	NA	NA	NA	NA	0.61938125	NA	NA
810	NA	NA	NA	NA	NA	NA	NA	NA	NA	NA	NA	NA	NA	NA	NA	NA	NA	NA	NA	NA	NA	NA	NA	NA	NA	NA	NA	NA	NA	NA	NA	NA	NA	NA	NA	NA	NA	NA	NA	NA	NA	NA	NA	NA	NA	NA	NA	0.6196375	NA	NA
815	NA	NA	NA	NA	NA	NA	NA	NA	NA	NA	NA	NA	NA	NA	NA	NA	NA	NA	NA	NA	NA	NA	NA	NA	NA	NA	NA	NA	NA	NA	NA	NA	NA	NA	NA	NA	NA	NA	NA	NA	NA	NA	NA	NA	NA	NA	NA	0.6198125	NA	NA
820	NA	NA	NA	NA	NA	NA	NA	NA	NA	NA	NA	NA	NA	NA	NA	NA	NA	NA	NA	NA	NA	NA	NA	NA	NA	NA	NA	NA	NA	NA	NA	NA	NA	NA	NA	NA	NA	NA	NA	NA	NA	NA	NA	NA	NA	NA	NA	0.61999375	NA	NA
825	NA	NA	NA	NA	NA	NA	NA	NA	NA	NA	NA	NA	NA	NA	NA	NA	NA	NA	NA	NA	NA	NA	NA	NA	NA	NA	NA	NA	NA	NA	NA	NA	NA	NA	NA	NA	NA	NA	NA	NA	NA	NA	NA	NA	NA	NA	NA	0.6201125	NA	NA
830	NA	NA	NA	NA	NA	NA	NA	NA	NA	NA	NA	NA	NA	NA	NA	NA	NA	NA	NA	NA	NA	NA	NA	NA	NA	NA	NA	NA	NA	NA	NA	NA	NA	NA	NA	NA	NA	NA	NA	NA	NA	NA	NA	NA	NA	NA	NA	0.62021875	NA	NA
835	NA	NA	NA	NA	NA	NA	NA	NA	NA	NA	NA	NA	NA	NA	NA	NA	NA	NA	NA	NA	NA	NA	NA	NA	NA	NA	NA	NA	NA	NA	NA	NA	NA	NA	NA	NA	NA	NA	NA	NA	NA	NA	NA	NA	NA	NA	NA	0.620325	NA	NA
840	NA	NA	NA	NA	NA	NA	NA	NA	NA	NA	NA	NA	NA	NA	NA	NA	NA	NA	NA	NA	NA	NA	NA	NA	NA	NA	NA	NA	NA	NA	NA	NA	NA	NA	NA	NA	NA	NA	NA	NA	NA	NA	NA	NA	NA	NA	NA	0.62045625	NA	NA
845	NA	NA	NA	NA	NA	NA	NA	NA	NA	NA	NA	NA	NA	NA	NA	NA	NA	NA	NA	NA	NA	NA	NA	NA	NA	NA	NA	NA	NA	NA	NA	NA	NA	NA	NA	NA	NA	NA	NA	NA	NA	NA	NA	NA	NA	NA	NA	0.62055	NA	NA
850	NA	NA	NA	NA	NA	NA	NA	NA	NA	NA	NA	NA	NA	NA	NA	NA	NA	NA	NA	NA	NA	NA	NA	NA	NA	NA	NA	NA	NA	NA	NA	NA	NA	NA	NA	NA	NA	NA	NA	NA	NA	NA	NA	NA	NA	NA	NA	0.62061875	NA	NA
855	NA	NA	NA	NA	NA	NA	NA	NA	NA	NA	NA	NA	NA	NA	NA	NA	NA	NA	NA	NA	NA	NA	NA	NA	NA	NA	NA	NA	NA	NA	NA	NA	NA	NA	NA	NA	NA	NA	NA	NA	NA	NA	NA	NA	NA	NA	NA	0.6207125	NA	NA
860	NA	NA	NA	NA	NA	NA	NA	NA	NA	NA	NA	NA	NA	NA	NA	NA	NA	NA	NA	NA	NA	NA	NA	NA	NA	NA	NA	NA	NA	NA	NA	NA	NA	NA	NA	NA	NA	NA	NA	NA	NA	NA	NA	NA	NA	NA	NA	0.6208	NA	NA
865	NA	NA	NA	NA	NA	NA	NA	NA	NA	NA	NA	NA	NA	NA	NA	NA	NA	NA	NA	NA	NA	NA	NA	NA	NA	NA	NA	NA	NA	NA	NA	NA	NA	NA	NA	NA	NA	NA	NA	NA	NA	NA	NA	NA	NA	NA	NA	0.62086875	NA	NA
870	NA	NA	NA	NA	NA	NA	NA	NA	NA	NA	NA	NA	NA	NA	NA	NA	NA	NA	NA	NA	NA	NA	NA	NA	NA	NA	NA	NA	NA	NA	NA	NA	NA	NA	NA	NA	NA	NA	NA	NA	NA	NA	NA	NA	NA	NA	NA	0.62094375	NA	NA
875	NA	NA	NA	NA	NA	NA	NA	NA	NA	NA	NA	NA	NA	NA	NA	NA	NA	NA	NA	NA	NA	NA	NA	NA	NA	NA	NA	NA	NA	NA	NA	NA	NA	NA	NA	NA	NA	NA	NA	NA	NA	NA	NA	NA	NA	NA	NA	0.62103125	NA	NA
880	NA	NA	NA	NA	NA	NA	NA	NA	NA	NA	NA	NA	NA	NA	NA	NA	NA	NA	NA	NA	NA	NA	NA	NA	NA	NA	NA	NA	NA	NA	NA	NA	NA	NA	NA	NA	NA	NA	NA	NA	NA	NA	NA	NA	NA	NA	NA	0.62110625	NA	NA
885	NA	NA	NA	NA	NA	NA	NA	NA	NA	NA	NA	NA	NA	NA	NA	NA	NA	NA	NA	NA	NA	NA	NA	NA	NA	NA	NA	NA	NA	NA	NA	NA	NA	NA	NA	NA	NA	NA	NA	NA	NA	NA	NA	NA	NA	NA	NA	0.62119375	NA	NA
890	NA	NA	NA	NA	NA	NA	NA	NA	NA	NA	NA	NA	NA	NA	NA	NA	NA	NA	NA	NA	NA	NA	NA	NA	NA	NA	NA	NA	NA	NA	NA	NA	NA	NA	NA	NA	NA	NA	NA	NA	NA	NA	NA	NA	NA	NA	NA	0.6212625	NA	NA
895	NA	NA	NA	NA	NA	NA	NA	NA	NA	NA	NA	NA	NA	NA	NA	NA	NA	NA	NA	NA	NA	NA	NA	NA	NA	NA	NA	NA	NA	NA	NA	NA	NA	NA	NA	NA	NA	NA	NA	NA	NA	NA	NA	NA	NA	NA	NA	0.62133125	NA	NA
900	NA	NA	NA	NA	NA	NA	NA	NA	NA	NA	NA	NA	NA	NA	NA	NA	NA	NA	NA	NA	NA	NA	NA	NA	NA	NA	NA	NA	NA	NA	NA	NA	NA	NA	NA	NA	NA	NA	NA	NA	NA	NA	NA	NA	NA	NA	NA	0.621375	NA	NA
905	NA	NA	NA	NA	NA	NA	NA	NA	NA	NA	NA	NA	NA	NA	NA	NA	NA	NA	NA	NA	NA	NA	NA	NA	NA	NA	NA	NA	NA	NA	NA	NA	NA	NA	NA	NA	NA	NA	NA	NA	NA	NA	NA	NA	NA	NA	NA	0.62139375	NA	NA
