0	6.25e-06	1.875e-05	1.25e-05	6.25e-06	6.25e-06	1.25e-05	1.25e-05	6.25e-06	6.25e-06	1.25e-05	6.25e-06	6.25e-06	6.25e-06	2.5e-05	6.25e-06	1.25e-05	1.875e-05	1.875e-05	6.25e-06	6.25e-06	1.25e-05	1.25e-05	1.25e-05	6.25e-06	1.25e-05	1.875e-05	1.25e-05	1.875e-05	6.25e-06	6.25e-06	1.25e-05	2.5e-05	6.25e-06	1.25e-05	1.875e-05	1.25e-05	1.25e-05	1.25e-05	6.25e-06	1.875e-05	1.25e-05	1.25e-05	1.875e-05	6.25e-06	6.25e-06	6.25e-06	6.25e-06	1.25e-05	6.25e-06	1.25e-05
5	5e-05	8.75e-05	6.875e-05	2.5e-05	6.875e-05	6.25e-05	3.75e-05	3.75e-05	8.125e-05	1.875e-05	3.75e-05	3.125e-05	1.25e-05	8.125e-05	1.875e-05	6.875e-05	3.125e-05	4.375e-05	1.875e-05	3.125e-05	4.375e-05	3.125e-05	4.375e-05	5e-05	8.125e-05	8.125e-05	3.125e-05	6.875e-05	5.625e-05	2.5e-05	6.25e-05	6.875e-05	1.25e-05	5e-05	0.0001125	8.125e-05	4.375e-05	1e-04	3.75e-05	7.5e-05	3.125e-05	4.375e-05	6.875e-05	7.5e-05	1.875e-05	6.875e-05	6.25e-06	7.5e-05	2.5e-05	8.75e-05
10	7.5e-05	0.0001375	0.00018125	3.125e-05	0.000175	0.0001125	8.125e-05	0.000125	0.00020625	NA	0.00010625	NA	3.125e-05	0.0001875	3.75e-05	0.00011875	0.00010625	6.875e-05	3.125e-05	5e-05	8.75e-05	NA	6.25e-05	8.75e-05	0.00011875	0.00011875	7.5e-05	0.00015625	0.00014375	NA	1e-04	0.00014375	3.125e-05	NA	0.0002375	0.00015	5.625e-05	0.0002375	0.00011875	0.00015625	6.875e-05	7.5e-05	0.00015	0.00010625	3.125e-05	1e-04	NA	0.00019375	6.25e-05	0.00011875
15	0.00014375	0.000225	3e-04	6.875e-05	0.00031875	0.000175	0.000125	0.0002125	0.00034375	NA	2e-04	NA	NA	0.00034375	1e-04	0.000175	2e-04	8.75e-05	NA	5.625e-05	0.00016875	NA	8.125e-05	0.0001625	0.0001375	0.00014375	0.00015	0.00020625	0.000325	NA	0.00015	0.00020625	5e-05	NA	0.00039375	0.0002875	NA	0.00049375	0.00020625	2e-04	0.0001125	9.375e-05	0.0002625	0.0002125	NA	0.00013125	NA	0.00043125	0.0001125	0.0001375
20	0.00025	0.000275	0.00036875	0.0001875	0.00038125	0.00026875	0.000175	0.00028125	0.00058125	NA	0.00028125	NA	NA	0.00059375	0.00016875	0.00023125	3e-04	0.00011875	NA	NA	0.0002625	NA	NA	0.00021875	NA	0.000225	0.00015625	0.0002375	0.00045	NA	2e-04	0.00028125	0.00013125	NA	0.000675	0.0003875	NA	0.0009125	0.00024375	0.0002375	0.00014375	0.0001375	0.00030625	3e-04	NA	0.00015	NA	0.0006125	0.0001375	0.00015
25	0.00034375	0.000325	0.000475	0.00033125	0.00043125	0.0003625	0.0002875	0.0003625	0.00106875	NA	0.00038125	NA	NA	0.00070625	0.00019375	0.0002625	0.0004125	0.0001375	NA	NA	0.00035	NA	NA	0.0003375	NA	0.00034375	NA	0.00026875	0.00056875	NA	0.00026875	0.0003375	0.00018125	NA	0.00091875	0.000575	NA	0.0012125	0.00035	0.00026875	0.00020625	0.0001625	0.00035	0.00035	NA	0.00015625	NA	0.0008375	0.00015625	0.00016875
30	0.0004875	0.00035625	0.00065	0.0004375	0.0005125	0.00044375	0.0004375	0.0004875	0.00154375	NA	0.00043125	NA	NA	0.00086875	0.00020625	0.00033125	0.0004625	NA	NA	NA	0.00048125	NA	NA	0.00055	NA	0.00044375	NA	0.00033125	0.0006875	NA	0.00031875	0.0004125	0.00026875	NA	0.0011	0.0007875	NA	0.00154375	0.00041875	0.00031875	0.00026875	NA	0.000375	4e-04	NA	0.00016875	NA	0.00099375	0.00019375	NA
35	0.00074375	0.00040625	0.00078125	0.00050625	0.00055	0.00049375	0.00058125	0.00065625	0.00205625	NA	0.0004625	NA	NA	0.0010375	0.00025	0.00036875	0.00050625	NA	NA	NA	7e-04	NA	NA	0.00070625	NA	0.00054375	NA	0.00044375	0.00090625	NA	0.00035	0.00046875	0.0003625	NA	0.00123125	0.00099375	NA	0.0018375	0.00050625	0.000375	0.00039375	NA	0.00039375	0.0004875	NA	0.00020625	NA	0.00126875	0.00024375	NA
40	0.0009625	0.00046875	0.00084375	0.00060625	0.00059375	0.00050625	0.00070625	9e-04	0.00266875	NA	0.000475	NA	NA	0.0012875	0.00030625	0.00045	0.00055	NA	NA	NA	0.00083125	NA	NA	0.00084375	NA	0.000575	NA	0.0005875	0.00123125	NA	4e-04	5e-04	0.00051875	NA	0.00138125	0.00120625	NA	0.00234375	0.00060625	0.00039375	5e-04	NA	NA	0.00054375	NA	0.00029375	NA	0.00156875	0.00031875	NA
45	0.00123125	0.00055	0.0008875	0.00066875	0.0006625	0.0005375	0.0008125	0.0010875	0.00335	NA	0.00049375	NA	NA	0.001575	0.00035	5e-04	0.000575	NA	NA	NA	0.0009125	NA	NA	0.001	NA	0.00059375	NA	0.00068125	0.0016875	NA	0.00045625	0.0005125	0.00078125	NA	0.00145	0.0013625	NA	0.00313125	0.0006625	0.00044375	0.000675	NA	NA	0.00060625	NA	0.0003875	NA	0.00185	0.00036875	NA
50	0.00156875	0.00060625	0.000975	0.00069375	0.000725	0.00056875	0.000975	0.0012125	0.00433125	NA	NA	NA	NA	0.00185625	0.00046875	0.00053125	0.00059375	NA	NA	NA	0.001	NA	NA	0.0010875	NA	6e-04	NA	0.0007375	0.002125	NA	0.00055	NA	0.001025	NA	0.00149375	0.001575	NA	0.0039375	0.00069375	0.00054375	0.00081875	NA	NA	0.00068125	NA	0.00043125	NA	0.00205625	0.00039375	NA
55	0.00189375	0.00065625	0.00105	7e-04	0.0008875	NA	0.00128125	0.00129375	0.005425	NA	NA	NA	NA	0.0022125	0.00075625	0.0005375	0.00065625	NA	NA	NA	0.0010625	NA	NA	0.00123125	NA	NA	NA	0.0007625	0.00264375	NA	0.0006625	NA	0.0013	NA	0.001525	0.00200625	NA	0.0048375	0.0007375	0.00061875	0.0009625	NA	NA	0.0007875	NA	0.00053125	NA	0.0023125	NA	NA
60	0.0023375	0.000775	0.00111875	NA	0.0010375	NA	0.0015125	0.00133125	0.0065125	NA	NA	NA	NA	0.00268125	0.00108125	NA	0.000725	NA	NA	NA	0.00106875	NA	NA	0.00148125	NA	NA	NA	0.00078125	0.00318125	NA	0.00086875	NA	0.00164375	NA	0.0016375	0.00239375	NA	0.0057	0.00076875	0.00073125	0.0010875	NA	NA	0.00095625	NA	0.0006625	NA	0.002575	NA	NA
65	0.00276875	9e-04	0.0011875	NA	0.00114375	NA	0.0017125	0.00134375	0.0078	NA	NA	NA	NA	0.00304375	0.00145625	NA	0.000775	NA	NA	NA	NA	NA	NA	0.00179375	NA	NA	NA	8e-04	0.00371875	NA	0.00109375	NA	0.002025	NA	0.001725	0.00285	NA	0.0065375	0.000875	0.0008125	0.00131875	NA	NA	0.0010375	NA	0.0007125	NA	0.00285	NA	NA
70	0.00343125	0.0010625	0.00123125	NA	0.00120625	NA	0.0018125	0.00135	0.009175	NA	NA	NA	NA	0.00338125	0.00185625	NA	0.00081875	NA	NA	NA	NA	NA	NA	0.0021625	NA	NA	NA	0.00081875	0.0042875	NA	0.00145	NA	0.00245	NA	0.001875	0.0034	NA	0.0075	0.0009625	0.0010375	0.0016	NA	NA	0.0010875	NA	0.000775	NA	0.00305625	NA	NA
75	0.0042375	0.00115625	0.001275	NA	0.0012875	NA	0.0018875	0.00135625	0.01068125	NA	NA	NA	NA	0.0036375	0.0024125	NA	0.00081875	NA	NA	NA	NA	NA	NA	0.00241875	NA	NA	NA	0.0008375	0.00485	NA	0.00189375	NA	0.00283125	NA	0.00203125	0.0039375	NA	0.00823125	0.0010375	0.00136875	0.00194375	NA	NA	0.00114375	NA	0.00084375	NA	0.00323125	NA	NA
80	0.00495625	0.0012125	0.0013875	NA	0.0013625	NA	0.00191875	NA	0.01226875	NA	NA	NA	NA	0.003825	0.00296875	NA	NA	NA	NA	NA	NA	NA	NA	0.0027	NA	NA	NA	0.0008875	0.00545625	NA	0.00221875	NA	0.00318125	NA	0.00223125	0.00463125	NA	0.00911875	0.00115625	0.00185	0.00226875	NA	NA	0.001275	NA	0.00098125	NA	0.0033	NA	NA
85	0.00585625	0.00130625	0.0015	NA	0.00143125	NA	0.001925	NA	0.01404375	NA	NA	NA	NA	0.0040125	0.00369375	NA	NA	NA	NA	NA	NA	NA	NA	0.00306875	NA	NA	NA	0.00091875	0.00609375	NA	0.0024875	NA	0.0036375	NA	0.00253125	0.00548125	NA	0.00998125	0.00126875	0.00238125	0.00250625	NA	NA	0.00145	NA	0.0010625	NA	0.00339375	NA	NA
90	0.00665625	0.00136875	0.0016875	NA	0.0015375	NA	NA	NA	0.01580625	NA	NA	NA	NA	0.00419375	0.0044875	NA	NA	NA	NA	NA	NA	NA	NA	0.00355	NA	NA	NA	0.0009625	0.006825	NA	0.00285625	NA	0.0042125	NA	0.00280625	0.006275	NA	0.01084375	0.00138125	0.00298125	0.0028375	NA	NA	0.0016125	NA	0.001225	NA	0.00345625	NA	NA
95	0.0076375	0.00139375	0.001975	NA	0.0016375	NA	NA	NA	0.0176125	NA	NA	NA	NA	0.00431875	0.00553125	NA	NA	NA	NA	NA	NA	NA	NA	0.00405	NA	NA	NA	0.00100625	0.0076125	NA	0.00335625	NA	0.00485	NA	0.00314375	0.0069125	NA	0.01184375	0.001425	0.003675	0.0031625	NA	NA	0.00185	NA	0.00136875	NA	0.0034875	NA	NA
100	0.00885625	0.00141875	0.00230625	NA	0.00175	NA	NA	NA	0.0195625	NA	NA	NA	NA	0.00450625	0.0066125	NA	NA	NA	NA	NA	NA	NA	NA	0.0047	NA	NA	NA	0.001025	0.00845625	NA	0.00390625	NA	0.00541875	NA	0.0035625	0.0075	NA	0.01295	0.0014875	0.0045125	0.00373125	NA	NA	0.002075	NA	0.00158125	NA	0.0035625	NA	NA
105	0.01021875	0.001425	0.00258125	NA	0.0018375	NA	NA	NA	0.0216125	NA	NA	NA	NA	0.00469375	0.00791875	NA	NA	NA	NA	NA	NA	NA	NA	0.00525	NA	NA	NA	0.00104375	0.0092125	NA	0.00445625	NA	0.0059375	NA	0.00395	0.00825625	NA	0.01445	0.00165625	0.005375	0.0044	NA	NA	0.0022125	NA	0.00191875	NA	0.00366875	NA	NA
110	0.0116625	0.00145625	0.00291875	NA	0.00191875	NA	NA	NA	0.02395	NA	NA	NA	NA	0.0049625	0.0089875	NA	NA	NA	NA	NA	NA	NA	NA	0.0058125	NA	NA	NA	0.0011	0.01023125	NA	0.00501875	NA	0.00649375	NA	0.0043125	0.0089625	NA	0.01605	0.00193125	0.0063625	0.00495625	NA	NA	0.0023125	NA	0.0021625	NA	0.003775	NA	NA
115	0.01273125	0.00148125	0.0033	NA	0.0019375	NA	NA	NA	0.026225	NA	NA	NA	NA	0.00516875	0.01039375	NA	NA	NA	NA	NA	NA	NA	NA	0.00644375	NA	NA	NA	0.001175	0.011125	NA	0.00583125	NA	0.0069	NA	0.00464375	0.00955	NA	0.01791875	0.00214375	0.007425	0.00563125	NA	NA	0.0023875	NA	0.00244375	NA	0.0038375	NA	NA
120	0.013675	0.00154375	0.0037375	NA	0.00194375	NA	NA	NA	0.0286875	NA	NA	NA	NA	0.00521875	0.01189375	NA	NA	NA	NA	NA	NA	NA	NA	0.0067625	NA	NA	NA	0.001225	0.01223125	NA	0.00665625	NA	0.00736875	NA	0.0050125	0.0101125	NA	0.02005	0.002375	0.00868125	0.00624375	NA	NA	0.00245625	NA	0.00269375	NA	0.00395	NA	NA
125	0.01490625	0.00165625	0.0041625	NA	0.001975	NA	NA	NA	0.03159375	NA	NA	NA	NA	NA	0.013475	NA	NA	NA	NA	NA	NA	NA	NA	0.007175	NA	NA	NA	0.00125625	0.01359375	NA	0.0076875	NA	0.0076875	NA	0.005325	0.010825	NA	0.02211875	0.0026125	0.009775	0.00695	NA	NA	0.002525	NA	0.0028625	NA	0.004075	NA	NA
130	0.0165	0.0017625	0.00475625	NA	0.0020625	NA	NA	NA	0.034875	NA	NA	NA	NA	NA	0.014975	NA	NA	NA	NA	NA	NA	NA	NA	0.007575	NA	NA	NA	0.0013	0.0151	NA	0.00880625	NA	0.00806875	NA	0.00560625	0.01145	NA	0.024325	0.00284375	0.0108625	0.00781875	NA	NA	0.00254375	NA	0.00299375	NA	0.00419375	NA	NA
135	0.0184	0.00181875	0.00543125	NA	0.00213125	NA	NA	NA	0.037925	NA	NA	NA	NA	NA	0.016575	NA	NA	NA	NA	NA	NA	NA	NA	0.00811875	NA	NA	NA	0.0014	0.01665	NA	0.009925	NA	0.0085125	NA	0.00584375	0.01210625	NA	0.026675	0.00308125	0.01208125	0.00864375	NA	NA	NA	NA	0.003125	NA	0.00434375	NA	NA
140	0.020175	0.00188125	0.0061625	NA	0.00215	NA	NA	NA	0.0409875	NA	NA	NA	NA	NA	0.0183875	NA	NA	NA	NA	NA	NA	NA	NA	0.00858125	NA	NA	NA	0.00154375	0.018525	NA	0.0115	NA	0.0089375	NA	0.006175	0.01275625	NA	0.029	0.00328125	0.01315625	0.00950625	NA	NA	NA	NA	0.00329375	NA	0.00450625	NA	NA
145	0.02211875	0.0019125	0.007	NA	0.00219375	NA	NA	NA	0.04424375	NA	NA	NA	NA	NA	0.020225	NA	NA	NA	NA	NA	NA	NA	NA	0.00901875	NA	NA	NA	0.00165	0.0202625	NA	0.013225	NA	0.0093625	NA	0.00653125	0.01349375	NA	0.03145625	0.00345	0.014375	0.01046875	NA	NA	NA	NA	0.00349375	NA	0.0046125	NA	NA
150	0.02451875	0.001925	0.00768125	NA	0.0022375	NA	NA	NA	0.04745625	NA	NA	NA	NA	NA	0.02219375	NA	NA	NA	NA	NA	NA	NA	NA	0.00938125	NA	NA	NA	0.00175	0.02208125	NA	0.01493125	NA	0.0097875	NA	0.00699375	0.014375	NA	0.03418125	0.00363125	0.01595625	0.01145625	NA	NA	NA	NA	0.00364375	NA	0.004675	NA	NA
155	0.0274	0.00195625	0.00838125	NA	0.00226875	NA	NA	NA	0.0508125	NA	NA	NA	NA	NA	0.02446875	NA	NA	NA	NA	NA	NA	NA	NA	0.0097875	NA	NA	NA	0.00181875	0.02384375	NA	0.0170625	NA	0.01040625	NA	0.0074625	0.0154875	NA	0.03715625	0.00390625	0.0172375	0.01234375	NA	NA	NA	NA	0.00394375	NA	0.00473125	NA	NA
160	0.0303875	0.00198125	0.0093125	NA	NA	NA	NA	NA	0.05451875	NA	NA	NA	NA	NA	0.02685625	NA	NA	NA	NA	NA	NA	NA	NA	0.01021875	NA	NA	NA	0.00194375	0.02599375	NA	0.01989375	NA	0.01100625	NA	0.00816875	0.0168	NA	0.040225	0.0042625	0.01878125	0.01316875	NA	NA	NA	NA	0.004225	NA	0.00475625	NA	NA
165	0.0333875	0.0020125	0.0102375	NA	NA	NA	NA	NA	0.05815625	NA	NA	NA	NA	NA	0.02945625	NA	NA	NA	NA	NA	NA	NA	NA	0.0105875	NA	NA	NA	0.00200625	0.02841875	NA	0.02288125	NA	0.01165	NA	0.00893125	0.01815	NA	0.04345	0.004575	0.0203375	0.01403125	NA	NA	NA	NA	0.0045375	NA	0.0047625	NA	NA
170	0.03659375	0.00208125	0.01139375	NA	NA	NA	NA	NA	0.06146875	NA	NA	NA	NA	NA	0.0322875	NA	NA	NA	NA	NA	NA	NA	NA	0.010775	NA	NA	NA	0.0020875	0.03113125	NA	0.02631875	NA	0.01223125	NA	0.0096375	0.0193375	NA	0.0466375	0.00500625	0.0216125	0.01489375	NA	NA	NA	NA	0.004975	NA	NA	NA	NA
175	0.04	0.00214375	0.01261875	NA	NA	NA	NA	NA	0.06505625	NA	NA	NA	NA	NA	0.035225	NA	NA	NA	NA	NA	NA	NA	NA	0.01096875	NA	NA	NA	0.00213125	0.0342375	NA	0.02978125	NA	0.0129625	NA	0.01041875	0.0205875	NA	0.0496125	0.00546875	0.0232625	0.015725	NA	NA	NA	NA	0.00545	NA	NA	NA	NA
180	0.04324375	0.00223125	0.01398125	NA	NA	NA	NA	NA	0.0688125	NA	NA	NA	NA	NA	0.03839375	NA	NA	NA	NA	NA	NA	NA	NA	0.01123125	NA	NA	NA	0.00221875	0.03735	NA	0.03381875	NA	0.0136375	NA	0.0112875	0.021525	NA	0.05235625	0.00610625	0.02499375	0.01681875	NA	NA	NA	NA	0.00591875	NA	NA	NA	NA
185	0.0464625	0.00234375	0.01575	NA	NA	NA	NA	NA	0.0723625	NA	NA	NA	NA	NA	0.0416375	NA	NA	NA	NA	NA	NA	NA	NA	0.01149375	NA	NA	NA	0.00235	0.04073125	NA	0.038125	NA	0.01444375	NA	0.0123125	0.02274375	NA	0.05516875	0.00679375	0.026975	0.01785625	NA	NA	NA	NA	0.0065875	NA	NA	NA	NA
190	0.0497	0.002475	0.01764375	NA	NA	NA	NA	NA	0.0761	NA	NA	NA	NA	NA	0.04500625	NA	NA	NA	NA	NA	NA	NA	NA	0.0118	NA	NA	NA	0.0025125	0.04458125	NA	0.042725	NA	0.01526875	NA	0.01340625	0.024075	NA	0.0580875	0.00779375	0.02915	0.01871875	NA	NA	NA	NA	0.00716875	NA	NA	NA	NA
195	0.052825	0.00254375	0.019725	NA	NA	NA	NA	NA	0.079975	NA	NA	NA	NA	NA	0.0485	NA	NA	NA	NA	NA	NA	NA	NA	0.01224375	NA	NA	NA	0.0026	0.048875	NA	0.04725	NA	0.01600625	NA	0.0146375	0.02531875	NA	0.06123125	0.00884375	0.0310875	0.0195875	NA	NA	NA	NA	0.0077625	NA	NA	NA	NA
200	0.055875	0.00263125	0.02179375	NA	NA	NA	NA	NA	0.08380625	NA	NA	NA	NA	NA	0.052775	NA	NA	NA	NA	NA	NA	NA	NA	0.0125375	NA	NA	NA	0.00274375	0.053275	NA	0.0525625	NA	0.01689375	NA	0.01616875	0.026675	NA	0.0644875	0.01003125	0.03294375	0.0204125	NA	NA	NA	NA	0.00859375	NA	NA	NA	NA
205	0.05865625	0.00273125	0.02390625	NA	NA	NA	NA	NA	0.087675	NA	NA	NA	NA	NA	0.05713125	NA	NA	NA	NA	NA	NA	NA	NA	0.01284375	NA	NA	NA	0.00291875	0.0577	NA	0.058125	NA	0.0177125	NA	0.01784375	0.02819375	NA	0.06819375	0.01108125	0.035075	0.0213625	NA	NA	NA	NA	0.00911875	NA	NA	NA	NA
210	0.06161875	0.0028625	0.02603125	NA	NA	NA	NA	NA	0.09189375	NA	NA	NA	NA	NA	0.061675	NA	NA	NA	NA	NA	NA	NA	NA	0.01315625	NA	NA	NA	0.0031375	0.06255	NA	0.063675	NA	0.01879375	NA	0.01953125	0.02958125	NA	0.0724625	0.012125	0.0377	0.0222625	NA	NA	NA	NA	0.009525	NA	NA	NA	NA
215	0.06470625	0.0030125	0.02808125	NA	NA	NA	NA	NA	0.096275	NA	NA	NA	NA	NA	0.06615625	NA	NA	NA	NA	NA	NA	NA	NA	0.01345	NA	NA	NA	0.0034875	0.0669875	NA	0.0694625	NA	0.01994375	NA	0.02143125	0.03106875	NA	0.07701875	0.01333125	0.04041875	0.02328125	NA	NA	NA	NA	0.01	NA	NA	NA	NA
220	0.06794375	0.0032375	0.030375	NA	NA	NA	NA	NA	0.1004625	NA	NA	NA	NA	NA	0.07038125	NA	NA	NA	NA	NA	NA	NA	NA	0.0137125	NA	NA	NA	0.00396875	0.07136875	NA	0.076	NA	0.02128125	NA	0.02330625	0.0325	NA	0.08120625	0.01465625	0.0436	0.02454375	NA	NA	NA	NA	0.010675	NA	NA	NA	NA
225	0.0715625	0.00340625	0.0328875	NA	NA	NA	NA	NA	0.1051375	NA	NA	NA	NA	NA	0.07488125	NA	NA	NA	NA	NA	NA	NA	NA	0.0138625	NA	NA	NA	0.00465	0.0762625	NA	0.0830625	NA	0.02261875	NA	0.0255875	0.034025	NA	0.08546875	0.01600625	0.0466625	0.0259	NA	NA	NA	NA	0.01139375	NA	NA	NA	NA
230	0.0751375	0.00358125	0.0354875	NA	NA	NA	NA	NA	0.11050625	NA	NA	NA	NA	NA	0.0794625	NA	NA	NA	NA	NA	NA	NA	NA	0.01408125	NA	NA	NA	0.00546875	0.08170625	NA	0.0905	NA	0.02434375	NA	0.02781875	0.035875	NA	0.0896	0.01735625	0.04989375	0.02761875	NA	NA	NA	NA	0.01205625	NA	NA	NA	NA
235	0.0787625	0.00373125	0.03835	NA	NA	NA	NA	NA	0.11595625	NA	NA	NA	NA	NA	0.0843125	NA	NA	NA	NA	NA	NA	NA	NA	0.0143875	NA	NA	NA	0.00631875	0.086875	NA	0.09869375	NA	0.02624375	NA	0.0300875	0.0379625	NA	0.0940125	0.01861875	0.05328125	0.029625	NA	NA	NA	NA	0.0129	NA	NA	NA	NA
240	0.08211875	0.00389375	0.04121875	NA	NA	NA	NA	NA	0.121425	NA	NA	NA	NA	NA	0.0889875	NA	NA	NA	NA	NA	NA	NA	NA	0.014625	NA	NA	NA	0.0072125	0.0919	NA	0.1066	NA	0.02833125	NA	0.03253125	0.04035	NA	0.0981625	0.0197875	0.056825	0.031475	NA	NA	NA	NA	0.01410625	NA	NA	NA	NA
245	0.08596875	0.00401875	0.04414375	NA	NA	NA	NA	NA	0.127075	NA	NA	NA	NA	NA	0.09361875	NA	NA	NA	NA	NA	NA	NA	NA	0.01491875	NA	NA	NA	0.0081125	0.09769375	NA	0.11485	NA	0.03066875	NA	0.03509375	0.04279375	NA	0.10211875	0.0208875	0.06033125	0.0333875	NA	NA	NA	NA	0.01545625	NA	NA	NA	NA
250	0.08970625	0.00415	0.046925	NA	NA	NA	NA	NA	0.1323875	NA	NA	NA	NA	NA	0.09811875	NA	NA	NA	NA	NA	NA	NA	NA	0.01535625	NA	NA	NA	0.00928125	0.10341875	NA	0.12295625	NA	0.03318125	NA	0.03760625	0.0456625	NA	0.1066	0.02203125	0.06424375	0.03531875	NA	NA	NA	NA	0.0168625	NA	NA	NA	NA
255	0.09355	0.004325	0.0499625	NA	NA	NA	NA	NA	0.13791875	NA	NA	NA	NA	NA	0.10253125	NA	NA	NA	NA	NA	NA	NA	NA	0.01585625	NA	NA	NA	0.0105	0.10934375	NA	0.13073125	NA	0.0358125	NA	0.04020625	0.049075	NA	0.11115	0.023275	0.068	0.037325	NA	NA	NA	NA	0.018125	NA	NA	NA	NA
260	0.09731875	0.00449375	0.05301875	NA	NA	NA	NA	NA	0.14343125	NA	NA	NA	NA	NA	0.1069625	NA	NA	NA	NA	NA	NA	NA	NA	0.0163125	NA	NA	NA	0.01178125	0.115375	NA	0.13734375	NA	0.038325	NA	0.0431875	0.05279375	NA	0.11616875	0.024475	0.0721125	0.03951875	NA	NA	NA	NA	0.01934375	NA	NA	NA	NA
265	0.10103125	0.00476875	0.056325	NA	NA	NA	NA	NA	0.14873125	NA	NA	NA	NA	NA	0.11108125	NA	NA	NA	NA	NA	NA	NA	NA	0.0167875	NA	NA	NA	0.012975	0.1210125	NA	0.1443625	NA	0.0408625	NA	0.0460375	0.05598125	NA	0.12153125	0.02555625	0.076525	0.04161875	NA	NA	NA	NA	0.0204	NA	NA	NA	NA
270	0.10521875	0.00515625	0.05986875	NA	NA	NA	NA	NA	0.15400625	NA	NA	NA	NA	NA	0.1155875	NA	NA	NA	NA	NA	NA	NA	NA	0.0173	NA	NA	NA	0.014375	0.12656875	NA	0.1515875	NA	0.0433375	NA	0.04895	0.0596375	NA	0.1268125	0.0268125	0.08085625	0.04385625	NA	NA	NA	NA	0.0214	NA	NA	NA	NA
275	0.10978125	0.00551875	0.0634875	NA	NA	NA	NA	NA	0.159175	NA	NA	NA	NA	NA	0.1202375	NA	NA	NA	NA	NA	NA	NA	NA	0.01773125	NA	NA	NA	0.0158125	0.13169375	NA	0.15903125	NA	0.04590625	NA	0.05201875	0.06350625	NA	0.131875	0.02791875	0.08508125	0.0464375	NA	NA	NA	NA	0.0224375	NA	NA	NA	NA
280	0.1144875	0.006125	0.067425	NA	NA	NA	NA	NA	0.164375	NA	NA	NA	NA	NA	0.12475	NA	NA	NA	NA	NA	NA	NA	NA	0.01815625	NA	NA	NA	0.0173	0.1365875	NA	0.166275	NA	0.04870625	NA	0.055275	0.06763125	NA	0.1373375	0.02945625	0.08945	0.04933125	NA	NA	NA	NA	0.02363125	NA	NA	NA	NA
285	0.11958125	0.00669375	0.071625	NA	NA	NA	NA	NA	0.16965	NA	NA	NA	NA	NA	0.12900625	NA	NA	NA	NA	NA	NA	NA	NA	0.018525	NA	NA	NA	0.0189	0.142575	NA	0.173125	NA	0.05198125	NA	0.05876875	0.07218125	NA	0.14311875	0.03090625	0.09424375	0.05235625	NA	NA	NA	NA	0.0246625	NA	NA	NA	NA
290	0.12451875	0.00725625	0.075625	NA	NA	NA	NA	NA	0.1745125	NA	NA	NA	NA	NA	0.133325	NA	NA	NA	NA	NA	NA	NA	NA	0.01895625	NA	NA	NA	0.02066875	0.14841875	NA	0.180375	NA	0.05574375	NA	0.06231875	0.07668125	NA	0.14895625	0.0323	0.09954375	0.05575	NA	NA	NA	NA	0.0258125	NA	NA	NA	NA
295	0.1297125	0.0077375	0.0794625	NA	NA	NA	NA	NA	0.17963125	NA	NA	NA	NA	NA	0.13743125	NA	NA	NA	NA	NA	NA	NA	NA	0.0192625	NA	NA	NA	0.0227	0.15420625	NA	0.18734375	NA	0.05955625	NA	0.06591875	0.081125	NA	0.15465	0.03370625	0.10461875	0.0597125	NA	NA	NA	NA	0.0270625	NA	NA	NA	NA
300	0.135	0.00823125	0.08330625	NA	NA	NA	NA	NA	0.18461875	NA	NA	NA	NA	NA	0.1412875	NA	NA	NA	NA	NA	NA	NA	NA	0.019625	NA	NA	NA	0.02465	0.1599875	NA	0.19360625	NA	0.0641625	NA	0.0696375	0.0852625	NA	0.161075	0.0351125	0.10975625	0.0639625	NA	NA	NA	NA	0.0287	NA	NA	NA	NA
305	0.14073125	0.00881875	0.0874125	NA	NA	NA	NA	NA	0.18924375	NA	NA	NA	NA	NA	0.14529375	NA	NA	NA	NA	NA	NA	NA	NA	0.019925	NA	NA	NA	0.0269875	0.1665125	NA	0.19948125	NA	0.06939375	NA	0.0734625	0.089175	NA	0.16778125	0.03626875	0.1146125	0.068025	NA	NA	NA	NA	0.03074375	NA	NA	NA	NA
310	0.1461125	0.00959375	0.09149375	NA	NA	NA	NA	NA	0.19395	NA	NA	NA	NA	NA	0.14923125	NA	NA	NA	NA	NA	NA	NA	NA	0.02031875	NA	NA	NA	0.0295625	0.1724125	NA	0.20511875	NA	0.07495625	NA	0.07710625	0.093125	NA	0.17449375	0.0374875	0.11905625	0.072325	NA	NA	NA	NA	0.032825	NA	NA	NA	NA
315	0.15165625	0.0104125	0.09575	NA	NA	NA	NA	NA	0.19923125	NA	NA	NA	NA	NA	0.1534875	NA	NA	NA	NA	NA	NA	NA	NA	0.02073125	NA	NA	NA	0.03225	0.1781125	NA	0.21038125	NA	0.08056875	NA	0.08070625	0.09715625	NA	0.18074375	0.038825	0.12376875	0.07684375	NA	NA	NA	NA	0.03525625	NA	NA	NA	NA
320	0.1573	0.01131875	0.10016875	NA	NA	NA	NA	NA	0.20386875	NA	NA	NA	NA	NA	0.15755	NA	NA	NA	NA	NA	NA	NA	NA	0.02115625	NA	NA	NA	0.035775	0.18333125	NA	0.2158625	NA	0.0860125	NA	0.0842625	0.1015875	NA	0.18703125	0.04005625	0.128625	0.08145	NA	NA	NA	NA	0.038025	NA	NA	NA	NA
325	0.16269375	0.01235	0.10454375	NA	NA	NA	NA	NA	0.20765625	NA	NA	NA	NA	NA	0.1612625	NA	NA	NA	NA	NA	NA	NA	NA	0.0215625	NA	NA	NA	0.0393875	0.18861875	NA	0.22146875	NA	0.09126875	NA	0.08761875	0.1055375	NA	0.19336875	0.04125625	0.13343125	0.08646875	NA	NA	NA	NA	0.04080625	NA	NA	NA	NA
330	0.16795625	0.013225	0.10880625	NA	NA	NA	NA	NA	0.21140625	NA	NA	NA	NA	NA	0.16500625	NA	NA	NA	NA	NA	NA	NA	NA	0.0220375	NA	NA	NA	0.04305	0.19371875	NA	0.22673125	NA	0.09646875	NA	0.09094375	0.10921875	NA	0.19990625	0.04255625	0.13848125	0.09136875	NA	NA	NA	NA	0.04369375	NA	NA	NA	NA
335	0.17270625	0.0142	0.11319375	NA	NA	NA	NA	NA	0.21475	NA	NA	NA	NA	NA	0.168875	NA	NA	NA	NA	NA	NA	NA	NA	0.02243125	NA	NA	NA	0.046875	0.1986375	NA	0.23164375	NA	0.1024875	NA	0.09470625	0.11294375	NA	0.20599375	0.04390625	0.1436125	0.09641875	NA	NA	NA	NA	0.04635625	NA	NA	NA	NA
340	0.17798125	0.01519375	0.11748125	NA	NA	NA	NA	NA	0.21820625	NA	NA	NA	NA	NA	0.1722625	NA	NA	NA	NA	NA	NA	NA	NA	0.02278125	NA	NA	NA	0.05089375	0.20391875	NA	0.2361875	NA	0.1082875	NA	0.09904375	0.11700625	NA	0.21259375	0.04525625	0.14850625	0.10175625	NA	NA	NA	NA	0.0496375	NA	NA	NA	NA
345	0.182875	0.01620625	0.1216625	NA	NA	NA	NA	NA	0.22190625	NA	NA	NA	NA	NA	0.17578125	NA	NA	NA	NA	NA	NA	NA	NA	0.0232	NA	NA	NA	0.05466875	0.2091875	NA	0.2410375	NA	0.114175	NA	0.10335	0.12083125	NA	0.218225	0.04679375	0.15335625	0.107425	NA	NA	NA	NA	0.052925	NA	NA	NA	NA
350	0.18785625	0.01725625	0.12598125	NA	NA	NA	NA	NA	0.22561875	NA	NA	NA	NA	NA	0.1790625	NA	NA	NA	NA	NA	NA	NA	NA	0.0238625	NA	NA	NA	0.05864375	0.214025	NA	0.24511875	NA	0.11981875	NA	0.10744375	0.1247	NA	0.22329375	0.0485	0.15843125	0.113175	NA	NA	NA	NA	0.0560875	NA	NA	NA	NA
355	0.192925	0.01879375	0.1300625	NA	NA	NA	NA	NA	0.2289625	NA	NA	NA	NA	NA	0.18223125	NA	NA	NA	NA	NA	NA	NA	NA	0.0244625	NA	NA	NA	0.0628375	0.21880625	NA	0.24885625	NA	0.12581875	NA	0.11125	0.1284625	NA	0.22816875	0.0503875	0.16363125	0.1189125	NA	NA	NA	NA	0.05958125	NA	NA	NA	NA
360	0.19778125	0.02055625	0.13468125	NA	NA	NA	NA	NA	0.2320375	NA	NA	NA	NA	NA	0.18513125	NA	NA	NA	NA	NA	NA	NA	NA	0.02519375	NA	NA	NA	0.06684375	0.223325	NA	0.25261875	NA	0.132325	NA	0.1152375	0.13249375	NA	0.23294375	0.0524375	0.168575	0.1251125	NA	NA	NA	NA	0.06341875	NA	NA	NA	NA
365	0.20275	0.0226	0.1389375	NA	NA	NA	NA	NA	0.23444375	NA	NA	NA	NA	NA	0.18805625	NA	NA	NA	NA	NA	NA	NA	NA	0.02608125	NA	NA	NA	0.0708375	0.227125	NA	0.256075	NA	0.1391125	NA	0.11921875	0.13628125	NA	0.237475	0.0547625	0.1734375	0.13095	NA	NA	NA	NA	0.0678	NA	NA	NA	NA
370	0.2076625	0.0249	0.14294375	NA	NA	NA	NA	NA	0.2367375	NA	NA	NA	NA	NA	0.19074375	NA	NA	NA	NA	NA	NA	NA	NA	0.02673125	NA	NA	NA	0.0747625	0.230225	NA	0.25928125	NA	0.145475	NA	0.123	0.14024375	NA	0.24150625	0.0571875	0.17893125	0.1364375	NA	NA	NA	NA	0.07226875	NA	NA	NA	NA
375	0.2128875	0.0273625	0.14709375	NA	NA	NA	NA	NA	0.23885625	NA	NA	NA	NA	NA	0.19301875	NA	NA	NA	NA	NA	NA	NA	NA	0.0274625	NA	NA	NA	0.07835	0.2334375	NA	0.26226875	NA	0.15155625	NA	0.12743125	0.14391875	NA	0.24534375	0.05964375	0.1841125	0.14228125	NA	NA	NA	NA	0.07699375	NA	NA	NA	NA
380	0.218375	0.0297875	0.15124375	NA	NA	NA	NA	NA	0.24104375	NA	NA	NA	NA	NA	0.19539375	NA	NA	NA	NA	NA	NA	NA	NA	0.028275	NA	NA	NA	0.0821125	0.2363625	NA	0.26506875	NA	0.15759375	NA	0.1320875	0.147825	NA	0.2489	0.0616875	0.18930625	0.14803125	NA	NA	NA	NA	0.08230625	NA	NA	NA	NA
385	0.22429375	0.03255625	0.15548125	NA	NA	NA	NA	NA	0.24305625	NA	NA	NA	NA	NA	0.19743125	NA	NA	NA	NA	NA	NA	NA	NA	0.02934375	NA	NA	NA	0.08606875	0.23926875	NA	0.26766875	NA	0.16421875	NA	0.13725625	0.15158125	NA	0.25224375	0.063875	0.1944625	0.15294375	NA	NA	NA	NA	0.087275	NA	NA	NA	NA
390	0.22944375	0.03515	0.16013125	NA	NA	NA	NA	NA	0.2452875	NA	NA	NA	NA	NA	0.19929375	NA	NA	NA	NA	NA	NA	NA	NA	0.0304375	NA	NA	NA	0.0901625	0.24236875	NA	0.270175	NA	0.1705125	NA	0.1424	0.1552875	NA	0.2551	0.065825	0.1995875	0.157825	NA	NA	NA	NA	0.09220625	NA	NA	NA	NA
395	0.23454375	0.03805	0.16466875	NA	NA	NA	NA	NA	0.2475625	NA	NA	NA	NA	NA	0.20110625	NA	NA	NA	NA	NA	NA	NA	NA	0.0315	NA	NA	NA	0.09429375	0.24534375	NA	0.27218125	NA	0.17690625	NA	0.14696875	0.1587875	NA	0.257525	0.0677625	0.20490625	0.16280625	NA	NA	NA	NA	0.09706875	NA	NA	NA	NA
400	0.239775	0.04091875	0.16946875	NA	NA	NA	NA	NA	0.2495375	NA	NA	NA	NA	NA	0.202675	NA	NA	NA	NA	NA	NA	NA	NA	0.0326625	NA	NA	NA	0.0980875	0.24804375	NA	0.27405625	NA	0.1834875	NA	0.15141875	0.16211875	NA	0.2599	0.069775	0.21019375	0.16769375	NA	NA	NA	NA	0.10190625	NA	NA	NA	NA
405	0.24461875	0.0437625	0.17403125	NA	NA	NA	NA	NA	0.251425	NA	NA	NA	NA	NA	0.2042625	NA	NA	NA	NA	NA	NA	NA	NA	0.0341375	NA	NA	NA	0.10229375	0.250775	NA	0.27586875	NA	0.19033125	NA	0.1556125	0.16545625	NA	0.26214375	0.07198125	0.2149375	0.17241875	NA	NA	NA	NA	0.106725	NA	NA	NA	NA
410	0.2495375	0.04675	0.17881875	NA	NA	NA	NA	NA	0.2535	NA	NA	NA	NA	NA	0.205775	NA	NA	NA	NA	NA	NA	NA	NA	0.0357	NA	NA	NA	0.10621875	0.25331875	NA	0.27750625	NA	0.19695625	NA	0.1596	0.1688125	NA	0.264075	0.07439375	0.21965625	0.176875	NA	NA	NA	NA	0.111475	NA	NA	NA	NA
415	0.25405	0.0498625	0.1834125	NA	NA	NA	NA	NA	0.25521875	NA	NA	NA	NA	NA	0.207075	NA	NA	NA	NA	NA	NA	NA	NA	0.0374375	NA	NA	NA	0.11045	0.2558125	NA	0.27901875	NA	0.2035875	NA	0.1635375	0.1724	NA	0.26628125	0.0769875	0.22436875	0.18075625	NA	NA	NA	NA	0.116975	NA	NA	NA	NA
420	0.25845	0.0532875	0.1875125	NA	NA	NA	NA	NA	0.2570875	NA	NA	NA	NA	NA	0.2082625	NA	NA	NA	NA	NA	NA	NA	NA	0.03913125	NA	NA	NA	0.115075	0.2581875	NA	0.28040625	NA	0.2095875	NA	0.1682125	0.1761	NA	0.26836875	0.079575	0.22931875	0.18428125	NA	NA	NA	NA	0.1220375	NA	NA	NA	NA
425	0.26266875	0.056675	0.1911	NA	NA	NA	NA	NA	0.258875	NA	NA	NA	NA	NA	0.2094625	NA	NA	NA	NA	NA	NA	NA	NA	0.04078125	NA	NA	NA	0.1195375	0.26025625	NA	0.2819375	NA	0.21469375	NA	0.17248125	0.17975	NA	0.27045	0.0821	0.23413125	0.18784375	NA	NA	NA	NA	0.12764375	NA	NA	NA	NA
430	0.26709375	0.0604625	0.1945875	NA	NA	NA	NA	NA	0.2602125	NA	NA	NA	NA	NA	0.21051875	NA	NA	NA	NA	NA	NA	NA	NA	0.04218125	NA	NA	NA	0.1234375	0.262075	NA	0.2831875	NA	0.21964375	NA	0.17620625	0.18295	NA	0.27270625	0.08438125	0.2390625	0.19125	NA	NA	NA	NA	0.13324375	NA	NA	NA	NA
435	0.27081875	0.06413125	0.197675	NA	NA	NA	NA	NA	0.26165625	NA	NA	NA	NA	NA	0.21123125	NA	NA	NA	NA	NA	NA	NA	NA	0.04373125	NA	NA	NA	0.12746875	0.2640125	NA	0.28415625	NA	0.22414375	NA	0.17999375	0.186425	NA	0.274775	0.0868125	0.24361875	0.1942125	NA	NA	NA	NA	0.13848125	NA	NA	NA	NA
440	0.27438125	0.06815	0.20066875	NA	NA	NA	NA	NA	0.2630625	NA	NA	NA	NA	NA	0.2119375	NA	NA	NA	NA	NA	NA	NA	NA	0.0455875	NA	NA	NA	0.13093125	0.2659125	NA	0.2851875	NA	0.2280875	NA	0.18395	0.1895	NA	0.2767625	0.08925	0.24825	0.19739375	NA	NA	NA	NA	0.1442125	NA	NA	NA	NA
445	0.27741875	0.07223125	0.20348125	NA	NA	NA	NA	NA	0.26440625	NA	NA	NA	NA	NA	0.2124875	NA	NA	NA	NA	NA	NA	NA	NA	0.0472	NA	NA	NA	0.13411875	0.26754375	NA	0.28605	NA	0.2317125	NA	0.18811875	0.1921625	NA	0.2785	0.092025	0.25300625	0.2002375	NA	NA	NA	NA	0.14970625	NA	NA	NA	NA
450	0.2800625	0.0766375	0.2064625	NA	NA	NA	NA	NA	0.26555	NA	NA	NA	NA	NA	0.21306875	NA	NA	NA	NA	NA	NA	NA	NA	0.04870625	NA	NA	NA	0.13718125	0.26919375	NA	0.28715	NA	0.23549375	NA	0.1919625	0.19479375	NA	0.28023125	0.09505	0.2578875	0.20290625	NA	NA	NA	NA	0.1551375	NA	NA	NA	NA
455	0.282825	0.080725	0.2092875	NA	NA	NA	NA	NA	0.26688125	NA	NA	NA	NA	NA	0.21353125	NA	NA	NA	NA	NA	NA	NA	NA	0.0502875	NA	NA	NA	0.1407625	0.2705625	NA	0.287975	NA	0.2387875	NA	0.196325	0.19730625	NA	0.28210625	0.0984	0.26229375	0.2052625	NA	NA	NA	NA	0.159975	NA	NA	NA	NA
460	0.28526875	0.08503125	0.21228125	NA	NA	NA	NA	NA	0.268125	NA	NA	NA	NA	NA	0.2141125	NA	NA	NA	NA	NA	NA	NA	NA	0.0517625	NA	NA	NA	0.1442375	0.27206875	NA	0.28889375	NA	0.24195	NA	0.20035625	0.1999875	NA	0.2838375	0.10195	0.26639375	0.2074625	NA	NA	NA	NA	0.16460625	NA	NA	NA	NA
465	0.287275	0.0892625	0.215475	NA	NA	NA	NA	NA	0.26948125	NA	NA	NA	NA	NA	0.21491875	NA	NA	NA	NA	NA	NA	NA	NA	0.0536125	NA	NA	NA	0.14768125	0.2734875	NA	0.28954375	NA	0.24469375	NA	0.2044875	0.20284375	NA	0.28541875	0.1053125	0.269925	0.20963125	NA	NA	NA	NA	0.169075	NA	NA	NA	NA
470	0.2892375	0.0936125	0.21799375	NA	NA	NA	NA	NA	0.2706	NA	NA	NA	NA	NA	0.215775	NA	NA	NA	NA	NA	NA	NA	NA	0.05544375	NA	NA	NA	0.151325	0.27465	NA	0.29035	NA	0.2474125	NA	0.20861875	0.20593125	NA	0.28678125	0.109075	0.2732	0.21153125	NA	NA	NA	NA	0.17395625	NA	NA	NA	NA
475	0.29105625	0.09780625	0.22058125	NA	NA	NA	NA	NA	0.2718875	NA	NA	NA	NA	NA	0.216625	NA	NA	NA	NA	NA	NA	NA	NA	0.0573625	NA	NA	NA	0.1546	0.27575625	NA	0.29125	NA	0.2502125	NA	0.212925	0.2086375	NA	0.28826875	0.112725	0.27615625	0.213325	NA	NA	NA	NA	0.1786125	NA	NA	NA	NA
480	0.29269375	0.10234375	0.22329375	NA	NA	NA	NA	NA	0.27305	NA	NA	NA	NA	NA	0.21735625	NA	NA	NA	NA	NA	NA	NA	NA	0.05929375	NA	NA	NA	0.15805625	0.27665625	NA	0.292225	NA	0.25256875	NA	0.2173375	0.2112625	NA	0.2895875	0.11645	0.27898125	0.21501875	NA	NA	NA	NA	0.18318125	NA	NA	NA	NA
485	0.29429375	0.1066875	0.22599375	NA	NA	NA	NA	NA	0.27430625	NA	NA	NA	NA	NA	0.217975	NA	NA	NA	NA	NA	NA	NA	NA	0.0611375	NA	NA	NA	0.16148125	0.27736875	NA	0.2932375	NA	0.2548	NA	0.221825	0.21368125	NA	0.2907625	0.12003125	0.28186875	0.2165375	NA	NA	NA	NA	0.18765625	NA	NA	NA	NA
490	0.295825	0.11135625	0.22851875	NA	NA	NA	NA	NA	0.27553125	NA	NA	NA	NA	NA	0.2183875	NA	NA	NA	NA	NA	NA	NA	NA	0.062925	NA	NA	NA	0.164425	0.277975	NA	0.294075	NA	0.25680625	NA	0.2259625	0.21616875	NA	0.29204375	0.123525	0.28445	0.2180125	NA	NA	NA	NA	0.1920875	NA	NA	NA	NA
495	0.297225	0.1160375	0.2308875	NA	NA	NA	NA	NA	0.27665625	NA	NA	NA	NA	NA	0.2187875	NA	NA	NA	NA	NA	NA	NA	NA	0.06465	NA	NA	NA	0.16733125	0.2785625	NA	0.29466875	NA	0.2589125	NA	0.23009375	0.21856875	NA	0.29354375	0.1269625	0.287275	0.2192875	NA	NA	NA	NA	0.1965625	NA	NA	NA	NA
500	0.2985	0.1205	0.23334375	NA	NA	NA	NA	NA	0.2778625	NA	NA	NA	NA	NA	0.21925	NA	NA	NA	NA	NA	NA	NA	NA	0.0661125	NA	NA	NA	0.170125	0.27936875	NA	0.29501875	NA	0.26080625	NA	0.2341625	0.22104375	NA	0.29471875	0.13034375	0.2897875	0.2203	NA	NA	NA	NA	0.2011	NA	NA	NA	NA
505	0.29959375	0.1248625	0.236025	NA	NA	NA	NA	NA	0.278975	NA	NA	NA	NA	NA	0.21969375	NA	NA	NA	NA	NA	NA	NA	NA	0.0675375	NA	NA	NA	0.1725375	0.279875	NA	0.2953625	NA	0.26255	NA	0.23793125	0.2233625	NA	0.29575	0.1337	0.2920875	0.22115	NA	NA	NA	NA	0.205275	NA	NA	NA	NA
510	0.30045	0.12905625	0.23858125	NA	NA	NA	NA	NA	0.2800375	NA	NA	NA	NA	NA	0.22013125	NA	NA	NA	NA	NA	NA	NA	NA	0.069125	NA	NA	NA	0.174875	0.28035625	NA	0.2956125	NA	0.264075	NA	0.24163125	0.22574375	NA	0.29700625	0.13658125	0.2940625	0.2219125	NA	NA	NA	NA	0.20973125	NA	NA	NA	NA
515	0.30115625	0.133625	0.240675	NA	NA	NA	NA	NA	0.28093125	NA	NA	NA	NA	NA	0.2206875	NA	NA	NA	NA	NA	NA	NA	NA	0.070775	NA	NA	NA	0.17748125	0.2806375	NA	0.2958625	NA	0.2656625	NA	0.24513125	0.22835	NA	0.29829375	0.139325	0.29573125	0.2227	NA	NA	NA	NA	0.2145	NA	NA	NA	NA
520	0.30156875	0.138925	0.24263125	NA	NA	NA	NA	NA	0.28170625	NA	NA	NA	NA	NA	0.221325	NA	NA	NA	NA	NA	NA	NA	NA	0.0726625	NA	NA	NA	0.18014375	0.2809	NA	0.2959875	NA	0.267275	NA	0.2482	0.230625	NA	0.2993375	0.142375	0.29708125	0.2234875	NA	NA	NA	NA	0.21928125	NA	NA	NA	NA
525	0.30195	0.144425	0.2443125	NA	NA	NA	NA	NA	0.28256875	NA	NA	NA	NA	NA	0.22211875	NA	NA	NA	NA	NA	NA	NA	NA	0.0746125	NA	NA	NA	0.1824375	0.28119375	NA	0.29606875	NA	0.26880625	NA	0.2507625	0.2327125	NA	0.3002	0.14521875	0.2983125	0.22415	NA	NA	NA	NA	0.22378125	NA	NA	NA	NA
530	0.302475	0.14949375	0.2459125	NA	NA	NA	NA	NA	0.2832	NA	NA	NA	NA	NA	0.2230125	NA	NA	NA	NA	NA	NA	NA	NA	0.07646875	NA	NA	NA	0.18491875	0.28139375	NA	0.2961125	NA	0.27025	NA	0.2532875	0.23464375	NA	0.30090625	0.1480875	0.299625	0.2249	NA	NA	NA	NA	0.22855625	NA	NA	NA	NA
535	0.3031875	0.15469375	0.247225	NA	NA	NA	NA	NA	0.28373125	NA	NA	NA	NA	NA	0.22384375	NA	NA	NA	NA	NA	NA	NA	NA	0.0786	NA	NA	NA	0.1875625	0.28150625	NA	0.296125	NA	0.27150625	NA	0.25573125	0.236275	NA	0.30149375	0.15098125	0.3008625	0.2257375	NA	NA	NA	NA	0.233275	NA	NA	NA	NA
540	0.3036625	0.1598125	0.24865	NA	NA	NA	NA	NA	0.28420625	NA	NA	NA	NA	NA	0.2246	NA	NA	NA	NA	NA	NA	NA	NA	0.08091875	NA	NA	NA	0.19039375	0.28154375	NA	0.29615625	NA	0.272875	NA	0.25789375	0.23804375	NA	0.30206875	0.1538625	0.3020375	0.2265625	NA	NA	NA	NA	0.23750625	NA	NA	NA	NA
545	0.30416875	0.165225	0.2501	NA	NA	NA	NA	NA	0.2844625	NA	NA	NA	NA	NA	0.22534375	NA	NA	NA	NA	NA	NA	NA	NA	0.0831125	NA	NA	NA	0.1933125	0.28159375	NA	0.296175	NA	0.2744375	NA	0.26000625	0.23975625	NA	0.302475	0.15678125	0.3033125	0.22739375	NA	NA	NA	NA	0.24123125	NA	NA	NA	NA
550	0.3046125	0.17058125	0.2516	NA	NA	NA	NA	NA	0.28476875	NA	NA	NA	NA	NA	0.22600625	NA	NA	NA	NA	NA	NA	NA	NA	0.0854	NA	NA	NA	0.19605625	0.28161875	NA	0.29619375	NA	0.2757125	NA	0.26198125	0.241575	NA	0.3028125	0.159825	0.30488125	0.22815625	NA	NA	NA	NA	0.244775	NA	NA	NA	NA
555	0.30506875	0.1759625	0.25293125	NA	NA	NA	NA	NA	0.28514375	NA	NA	NA	NA	NA	0.22660625	NA	NA	NA	NA	NA	NA	NA	NA	0.08759375	NA	NA	NA	0.19875	0.28170625	NA	NA	NA	0.27705625	NA	0.26361875	0.24349375	NA	0.303125	0.16254375	0.30624375	0.2288625	NA	NA	NA	NA	0.24801875	NA	NA	NA	NA
560	0.3054875	0.18130625	0.25428125	NA	NA	NA	NA	NA	0.28538125	NA	NA	NA	NA	NA	0.2272	NA	NA	NA	NA	NA	NA	NA	NA	0.090075	NA	NA	NA	0.2017875	0.28176875	NA	NA	NA	0.27826875	NA	0.26545	0.24498125	NA	0.30341875	0.16515625	0.30743125	0.229475	NA	NA	NA	NA	0.25058125	NA	NA	NA	NA
565	0.3059	0.18639375	0.25538125	NA	NA	NA	NA	NA	0.28556875	NA	NA	NA	NA	NA	0.22784375	NA	NA	NA	NA	NA	NA	NA	NA	0.09288125	NA	NA	NA	0.20475	0.281825	NA	NA	NA	0.27969375	NA	0.267	0.2463625	NA	0.3037125	0.16778125	0.3084625	0.2301125	NA	NA	NA	NA	0.2529875	NA	NA	NA	NA
570	0.30631875	0.19178125	0.2563125	NA	NA	NA	NA	NA	0.2857375	NA	NA	NA	NA	NA	0.2284375	NA	NA	NA	NA	NA	NA	NA	NA	0.09584375	NA	NA	NA	0.20745625	0.28186875	NA	NA	NA	0.28121875	NA	0.26856875	0.24795	NA	0.30403125	0.17031875	0.309325	0.2306125	NA	NA	NA	NA	0.25543125	NA	NA	NA	NA
575	0.3069375	0.19724375	0.2572375	NA	NA	NA	NA	NA	0.28584375	NA	NA	NA	NA	NA	0.22904375	NA	NA	NA	NA	NA	NA	NA	NA	0.0987875	NA	NA	NA	0.2103625	0.28190625	NA	NA	NA	0.28249375	NA	0.27014375	0.24954375	NA	0.304275	0.17261875	0.31021875	0.2311125	NA	NA	NA	NA	0.25799375	NA	NA	NA	NA
580	0.30771875	0.2025375	0.2582	NA	NA	NA	NA	NA	0.2859625	NA	NA	NA	NA	NA	0.22955	NA	NA	NA	NA	NA	NA	NA	NA	0.1020125	NA	NA	NA	0.21343125	0.28195625	NA	NA	NA	0.28353125	NA	0.27149375	0.2511625	NA	0.3044875	0.17505625	0.31105	0.23160625	NA	NA	NA	NA	0.26025	NA	NA	NA	NA
585	0.30835	0.20763125	0.25913125	NA	NA	NA	NA	NA	0.28613125	NA	NA	NA	NA	NA	0.22993125	NA	NA	NA	NA	NA	NA	NA	NA	0.10470625	NA	NA	NA	0.21621875	0.282	NA	NA	NA	0.28446875	NA	0.27270625	0.2527	NA	0.3046625	0.17763125	0.3119375	0.2320625	NA	NA	NA	NA	0.2627875	NA	NA	NA	NA
590	0.30896875	0.21200625	0.25988125	NA	NA	NA	NA	NA	0.286225	NA	NA	NA	NA	NA	0.23039375	NA	NA	NA	NA	NA	NA	NA	NA	0.10778125	NA	NA	NA	0.2185625	0.28205	NA	NA	NA	0.28539375	NA	0.2741375	0.25435625	NA	0.304825	0.18051875	0.3129625	0.2325625	NA	NA	NA	NA	0.264875	NA	NA	NA	NA
595	0.30945	0.2163125	0.2604625	NA	NA	NA	NA	NA	0.28631875	NA	NA	NA	NA	NA	0.23090625	NA	NA	NA	NA	NA	NA	NA	NA	0.1110875	NA	NA	NA	0.22134375	0.28209375	NA	NA	NA	0.28648125	NA	0.27554375	0.2561375	NA	0.304925	0.18368125	0.3140625	0.2329375	NA	NA	NA	NA	0.26711875	NA	NA	NA	NA
600	0.30986875	0.2205375	0.2608625	NA	NA	NA	NA	NA	0.28646875	NA	NA	NA	NA	NA	0.23133125	NA	NA	NA	NA	NA	NA	NA	NA	0.11446875	NA	NA	NA	0.22398125	0.282125	NA	NA	NA	0.28735	NA	0.27713125	0.25761875	NA	0.305075	0.18615	0.31496875	0.23319375	NA	NA	NA	NA	0.269475	NA	NA	NA	NA
605	0.3102375	0.22435	0.261275	NA	NA	NA	NA	NA	0.2866375	NA	NA	NA	NA	NA	0.23178125	NA	NA	NA	NA	NA	NA	NA	NA	0.11799375	NA	NA	NA	0.2264	0.28214375	NA	NA	NA	0.2879	NA	0.27863125	0.25898125	NA	0.3052625	0.1884625	0.3161	0.23335625	NA	NA	NA	NA	0.272	NA	NA	NA	NA
610	0.31060625	0.22790625	0.26169375	NA	NA	NA	NA	NA	0.28679375	NA	NA	NA	NA	NA	0.23223125	NA	NA	NA	NA	NA	NA	NA	NA	0.12170625	NA	NA	NA	0.229	0.28216875	NA	NA	NA	0.2884125	NA	0.280175	0.26035	NA	0.30536875	0.1909375	0.31729375	0.2335	NA	NA	NA	NA	0.27419375	NA	NA	NA	NA
615	0.31085	0.23133125	0.26204375	NA	NA	NA	NA	NA	0.2869625	NA	NA	NA	NA	NA	0.23279375	NA	NA	NA	NA	NA	NA	NA	NA	0.1250875	NA	NA	NA	0.23190625	0.28218125	NA	NA	NA	0.28873125	NA	0.28153125	0.26175	NA	0.30539375	0.1931625	0.31835	0.23365625	NA	NA	NA	NA	0.2764	NA	NA	NA	NA
620	0.3110375	0.23465625	0.26230625	NA	NA	NA	NA	NA	0.2870625	NA	NA	NA	NA	NA	0.23325	NA	NA	NA	NA	NA	NA	NA	NA	0.12903125	NA	NA	NA	0.23433125	0.2822125	NA	NA	NA	0.289	NA	0.28290625	0.26288125	NA	NA	0.19555625	0.319525	0.2338375	NA	NA	NA	NA	0.27844375	NA	NA	NA	NA
625	0.31116875	0.2375	0.2624875	NA	NA	NA	NA	NA	0.287175	NA	NA	NA	NA	NA	0.23368125	NA	NA	NA	NA	NA	NA	NA	NA	0.13325	NA	NA	NA	0.23635625	0.2822375	NA	NA	NA	0.2892	NA	0.28435625	0.2637	NA	NA	0.19764375	0.32103125	0.2341375	NA	NA	NA	NA	0.28034375	NA	NA	NA	NA
630	0.31138125	0.24015	0.2626	NA	NA	NA	NA	NA	0.28729375	NA	NA	NA	NA	NA	0.23413125	NA	NA	NA	NA	NA	NA	NA	NA	0.13710625	NA	NA	NA	0.23825625	0.2823375	NA	NA	NA	0.28940625	NA	0.28540625	0.26449375	NA	NA	0.1997875	0.32208125	0.23448125	NA	NA	NA	NA	0.2819625	NA	NA	NA	NA
635	0.3116	0.2429375	0.26275625	NA	NA	NA	NA	NA	0.2874375	NA	NA	NA	NA	NA	0.23456875	NA	NA	NA	NA	NA	NA	NA	NA	0.1411125	NA	NA	NA	0.24004375	0.28245625	NA	NA	NA	0.28965	NA	0.28631875	0.26539375	NA	NA	0.201825	0.32293125	0.23500625	NA	NA	NA	NA	0.283375	NA	NA	NA	NA
640	0.31180625	0.24525625	0.2628	NA	NA	NA	NA	NA	0.28759375	NA	NA	NA	NA	NA	0.23506875	NA	NA	NA	NA	NA	NA	NA	NA	0.14535625	NA	NA	NA	0.24194375	0.2825875	NA	NA	NA	0.29000625	NA	0.28718125	0.26613125	NA	NA	0.203975	0.32366875	0.2355	NA	NA	NA	NA	0.2846375	NA	NA	NA	NA
645	0.312	0.2474	0.2629	NA	NA	NA	NA	NA	0.28776875	NA	NA	NA	NA	NA	0.2355	NA	NA	NA	NA	NA	NA	NA	NA	0.14973125	NA	NA	NA	0.24366875	0.28268125	NA	NA	NA	0.2905875	NA	0.287975	0.26685625	NA	NA	0.20599375	0.3241375	0.2360625	NA	NA	NA	NA	0.28586875	NA	NA	NA	NA
650	0.31221875	0.24970625	0.26299375	NA	NA	NA	NA	NA	0.28793125	NA	NA	NA	NA	NA	0.23593125	NA	NA	NA	NA	NA	NA	NA	NA	0.15464375	NA	NA	NA	0.245675	0.28274375	NA	NA	NA	0.2909375	NA	0.2885625	0.2674375	NA	NA	0.20764375	0.3245375	0.2366375	NA	NA	NA	NA	0.2872	NA	NA	NA	NA
655	0.3124	0.251925	0.263125	NA	NA	NA	NA	NA	0.28813125	NA	NA	NA	NA	NA	0.2363625	NA	NA	NA	NA	NA	NA	NA	NA	0.15934375	NA	NA	NA	0.2476625	0.28279375	NA	NA	NA	0.29124375	NA	0.289125	0.26775	NA	NA	0.20944375	0.3249125	0.23713125	NA	NA	NA	NA	0.28861875	NA	NA	NA	NA
660	0.31256875	0.25428125	0.26329375	NA	NA	NA	NA	NA	0.28830625	NA	NA	NA	NA	NA	0.2366375	NA	NA	NA	NA	NA	NA	NA	NA	0.1637875	NA	NA	NA	0.24945	0.28281875	NA	NA	NA	0.2915125	NA	0.289775	0.26806875	NA	NA	0.21150625	0.3251875	0.23783125	NA	NA	NA	NA	0.29001875	NA	NA	NA	NA
665	0.31268125	0.25715625	0.26340625	NA	NA	NA	NA	NA	0.2884375	NA	NA	NA	NA	NA	0.23685	NA	NA	NA	NA	NA	NA	NA	NA	0.16835	NA	NA	NA	0.25125625	NA	NA	NA	NA	0.2916875	NA	0.290475	0.2684375	NA	NA	0.2133375	0.325375	0.23858125	NA	NA	NA	NA	0.2912625	NA	NA	NA	NA
670	0.31276875	0.2598875	0.26344375	NA	NA	NA	NA	NA	0.28855625	NA	NA	NA	NA	NA	0.237075	NA	NA	NA	NA	NA	NA	NA	NA	0.1728625	NA	NA	NA	0.25293125	NA	NA	NA	NA	0.29193125	NA	0.291075	0.26888125	NA	NA	0.2155125	0.3255875	0.23925	NA	NA	NA	NA	0.29244375	NA	NA	NA	NA
675	0.312875	0.26241875	0.26349375	NA	NA	NA	NA	NA	0.288625	NA	NA	NA	NA	NA	0.2374375	NA	NA	NA	NA	NA	NA	NA	NA	0.1774375	NA	NA	NA	0.25428125	NA	NA	NA	NA	0.29220625	NA	0.2915875	0.26930625	NA	NA	0.21745	0.3257125	0.2397375	NA	NA	NA	NA	0.2935	NA	NA	NA	NA
680	0.31294375	0.26546875	0.26359375	NA	NA	NA	NA	NA	0.2887	NA	NA	NA	NA	NA	0.23779375	NA	NA	NA	NA	NA	NA	NA	NA	0.18263125	NA	NA	NA	0.2553625	NA	NA	NA	NA	0.29239375	NA	0.29226875	0.26965	NA	NA	0.219275	0.32589375	0.24011875	NA	NA	NA	NA	0.2945625	NA	NA	NA	NA
685	0.31301875	0.268425	0.263675	NA	NA	NA	NA	NA	0.28876875	NA	NA	NA	NA	NA	0.238175	NA	NA	NA	NA	NA	NA	NA	NA	0.18766875	NA	NA	NA	0.25620625	NA	NA	NA	NA	0.29250625	NA	0.2928875	0.27005	NA	NA	0.22119375	0.3261125	0.24036875	NA	NA	NA	NA	0.295625	NA	NA	NA	NA
690	0.31309375	0.2713375	0.26379375	NA	NA	NA	NA	NA	0.288925	NA	NA	NA	NA	NA	0.238625	NA	NA	NA	NA	NA	NA	NA	NA	0.19289375	NA	NA	NA	0.257025	NA	NA	NA	NA	0.292575	NA	0.2934	0.27035	NA	NA	0.22310625	0.32634375	0.240625	NA	NA	NA	NA	0.29679375	NA	NA	NA	NA
695	0.313175	0.2738875	0.2639	NA	NA	NA	NA	NA	0.28911875	NA	NA	NA	NA	NA	0.2392625	NA	NA	NA	NA	NA	NA	NA	NA	0.19758125	NA	NA	NA	0.25795625	NA	NA	NA	NA	0.2926125	NA	0.2939625	0.270625	NA	NA	0.22465	0.32660625	0.240925	NA	NA	NA	NA	0.29761875	NA	NA	NA	NA
700	0.31321875	0.27618125	0.264	NA	NA	NA	NA	NA	0.289325	NA	NA	NA	NA	NA	0.239925	NA	NA	NA	NA	NA	NA	NA	NA	0.20159375	NA	NA	NA	0.2586	NA	NA	NA	NA	0.2927125	NA	0.2943625	0.27105	NA	NA	0.22618125	0.32690625	0.241225	NA	NA	NA	NA	0.29835625	NA	NA	NA	NA
705	0.3132625	0.278275	0.26405	NA	NA	NA	NA	NA	0.28954375	NA	NA	NA	NA	NA	0.24053125	NA	NA	NA	NA	NA	NA	NA	NA	0.205375	NA	NA	NA	0.25924375	NA	NA	NA	NA	0.29275	NA	0.29475	0.2714875	NA	NA	0.22728125	0.3272875	0.24144375	NA	NA	NA	NA	0.29908125	NA	NA	NA	NA
710	0.3132625	0.2803625	0.26408125	NA	NA	NA	NA	NA	0.2897	NA	NA	NA	NA	NA	0.2409625	NA	NA	NA	NA	NA	NA	NA	NA	0.20909375	NA	NA	NA	0.259925	NA	NA	NA	NA	0.2927875	NA	0.29505625	0.271975	NA	NA	0.2285	0.32763125	0.24159375	NA	NA	NA	NA	0.2999	NA	NA	NA	NA
715	NA	0.2819625	0.26409375	NA	NA	NA	NA	NA	0.28990625	NA	NA	NA	NA	NA	0.2412875	NA	NA	NA	NA	NA	NA	NA	NA	0.21239375	NA	NA	NA	0.26055625	NA	NA	NA	NA	0.29281875	NA	0.295275	0.27250625	NA	NA	0.22965625	0.32786875	0.2417125	NA	NA	NA	NA	0.30054375	NA	NA	NA	NA
720	NA	0.2834625	NA	NA	NA	NA	NA	NA	0.2901	NA	NA	NA	NA	NA	0.24153125	NA	NA	NA	NA	NA	NA	NA	NA	0.21576875	NA	NA	NA	0.2612375	NA	NA	NA	NA	0.29283125	NA	0.2954625	0.2730375	NA	NA	0.2309625	0.32814375	0.24185625	NA	NA	NA	NA	0.30123125	NA	NA	NA	NA
725	NA	0.28475625	NA	NA	NA	NA	NA	NA	0.29021875	NA	NA	NA	NA	NA	0.2417625	NA	NA	NA	NA	NA	NA	NA	NA	0.219125	NA	NA	NA	0.26165625	NA	NA	NA	NA	0.29283125	NA	0.2956125	0.2735	NA	NA	0.23234375	0.32840625	0.24204375	NA	NA	NA	NA	0.30184375	NA	NA	NA	NA
730	NA	0.28600625	NA	NA	NA	NA	NA	NA	0.2904125	NA	NA	NA	NA	NA	0.241875	NA	NA	NA	NA	NA	NA	NA	NA	0.22240625	NA	NA	NA	0.26190625	NA	NA	NA	NA	NA	NA	0.29575	0.27393125	NA	NA	0.23350625	0.3286125	0.24235625	NA	NA	NA	NA	0.3024875	NA	NA	NA	NA
735	NA	0.2872	NA	NA	NA	NA	NA	NA	0.29058125	NA	NA	NA	NA	NA	0.24191875	NA	NA	NA	NA	NA	NA	NA	NA	0.22588125	NA	NA	NA	0.2621375	NA	NA	NA	NA	NA	NA	0.29585	0.27435625	NA	NA	0.2344125	0.32881875	0.242675	NA	NA	NA	NA	0.30300625	NA	NA	NA	NA
740	NA	0.28830625	NA	NA	NA	NA	NA	NA	0.29075	NA	NA	NA	NA	NA	0.24195	NA	NA	NA	NA	NA	NA	NA	NA	0.2289875	NA	NA	NA	0.262325	NA	NA	NA	NA	NA	NA	0.29593125	0.2746625	NA	NA	0.23515	0.32915625	0.2430125	NA	NA	NA	NA	0.30364375	NA	NA	NA	NA
745	NA	0.2892625	NA	NA	NA	NA	NA	NA	0.29080625	NA	NA	NA	NA	NA	0.2419875	NA	NA	NA	NA	NA	NA	NA	NA	0.23175625	NA	NA	NA	0.26254375	NA	NA	NA	NA	NA	NA	0.2959875	0.27493125	NA	NA	0.2358	0.32961875	0.24330625	NA	NA	NA	NA	0.30425	NA	NA	NA	NA
750	NA	0.29024375	NA	NA	NA	NA	NA	NA	0.2909	NA	NA	NA	NA	NA	0.24200625	NA	NA	NA	NA	NA	NA	NA	NA	0.23411875	NA	NA	NA	0.262825	NA	NA	NA	NA	NA	NA	0.29604375	0.2753	NA	NA	0.23634375	0.33005	0.2436375	NA	NA	NA	NA	0.30455	NA	NA	NA	NA
755	NA	0.2913125	NA	NA	NA	NA	NA	NA	0.291	NA	NA	NA	NA	NA	NA	NA	NA	NA	NA	NA	NA	NA	NA	0.23658125	NA	NA	NA	0.26314375	NA	NA	NA	NA	NA	NA	0.2960875	0.2756875	NA	NA	0.23694375	0.3302875	0.24388125	NA	NA	NA	NA	0.3047375	NA	NA	NA	NA
760	NA	0.29235625	NA	NA	NA	NA	NA	NA	0.29105	NA	NA	NA	NA	NA	NA	NA	NA	NA	NA	NA	NA	NA	NA	0.2392125	NA	NA	NA	0.26344375	NA	NA	NA	NA	NA	NA	0.29611875	0.275975	NA	NA	0.237475	0.3305	0.244125	NA	NA	NA	NA	0.304975	NA	NA	NA	NA
765	NA	0.29326875	NA	NA	NA	NA	NA	NA	0.291075	NA	NA	NA	NA	NA	NA	NA	NA	NA	NA	NA	NA	NA	NA	0.241475	NA	NA	NA	0.26370625	NA	NA	NA	NA	NA	NA	0.29616875	0.27615625	NA	NA	0.2379625	0.3306875	0.244375	NA	NA	NA	NA	0.30514375	NA	NA	NA	NA
770	NA	0.29421875	NA	NA	NA	NA	NA	NA	0.29109375	NA	NA	NA	NA	NA	NA	NA	NA	NA	NA	NA	NA	NA	NA	0.2433875	NA	NA	NA	0.26408125	NA	NA	NA	NA	NA	NA	0.296225	0.27633125	NA	NA	0.2383875	0.3308625	0.24455625	NA	NA	NA	NA	0.3051875	NA	NA	NA	NA
775	NA	0.29495	NA	NA	NA	NA	NA	NA	0.29118125	NA	NA	NA	NA	NA	NA	NA	NA	NA	NA	NA	NA	NA	NA	0.24493125	NA	NA	NA	0.26453125	NA	NA	NA	NA	NA	NA	0.29628125	0.27645	NA	NA	0.238775	0.33101875	0.244725	NA	NA	NA	NA	0.30519375	NA	NA	NA	NA
780	NA	0.29575	NA	NA	NA	NA	NA	NA	0.29135625	NA	NA	NA	NA	NA	NA	NA	NA	NA	NA	NA	NA	NA	NA	0.2464375	NA	NA	NA	0.26501875	NA	NA	NA	NA	NA	NA	0.29633125	0.27649375	NA	NA	0.23910625	0.33110625	0.2448375	NA	NA	NA	NA	NA	NA	NA	NA	NA
785	NA	0.29653125	NA	NA	NA	NA	NA	NA	0.29149375	NA	NA	NA	NA	NA	NA	NA	NA	NA	NA	NA	NA	NA	NA	0.247725	NA	NA	NA	0.26545625	NA	NA	NA	NA	NA	NA	0.29636875	0.2765125	NA	NA	0.23965	0.33115625	0.24496875	NA	NA	NA	NA	NA	NA	NA	NA	NA
790	NA	0.2972625	NA	NA	NA	NA	NA	NA	0.2915875	NA	NA	NA	NA	NA	NA	NA	NA	NA	NA	NA	NA	NA	NA	0.2489125	NA	NA	NA	0.26584375	NA	NA	NA	NA	NA	NA	0.29639375	0.27653125	NA	NA	0.24009375	NA	0.24515	NA	NA	NA	NA	NA	NA	NA	NA	NA
795	NA	0.297875	NA	NA	NA	NA	NA	NA	0.29165	NA	NA	NA	NA	NA	NA	NA	NA	NA	NA	NA	NA	NA	NA	0.25021875	NA	NA	NA	0.26613125	NA	NA	NA	NA	NA	NA	0.29645625	0.27655	NA	NA	0.24055625	NA	0.24528125	NA	NA	NA	NA	NA	NA	NA	NA	NA
800	NA	0.29855	NA	NA	NA	NA	NA	NA	0.2916625	NA	NA	NA	NA	NA	NA	NA	NA	NA	NA	NA	NA	NA	NA	0.25144375	NA	NA	NA	0.26643125	NA	NA	NA	NA	NA	NA	0.2965125	NA	NA	NA	0.24103125	NA	0.24536875	NA	NA	NA	NA	NA	NA	NA	NA	NA
805	NA	0.29913125	NA	NA	NA	NA	NA	NA	0.291675	NA	NA	NA	NA	NA	NA	NA	NA	NA	NA	NA	NA	NA	NA	0.2525125	NA	NA	NA	0.26675625	NA	NA	NA	NA	NA	NA	0.29655	NA	NA	NA	0.24144375	NA	0.2455125	NA	NA	NA	NA	NA	NA	NA	NA	NA
810	NA	0.2997375	NA	NA	NA	NA	NA	NA	NA	NA	NA	NA	NA	NA	NA	NA	NA	NA	NA	NA	NA	NA	NA	0.25369375	NA	NA	NA	0.26703125	NA	NA	NA	NA	NA	NA	0.29661875	NA	NA	NA	0.24171875	NA	0.24560625	NA	NA	NA	NA	NA	NA	NA	NA	NA
815	NA	0.30015	NA	NA	NA	NA	NA	NA	NA	NA	NA	NA	NA	NA	NA	NA	NA	NA	NA	NA	NA	NA	NA	0.25474375	NA	NA	NA	0.26745	NA	NA	NA	NA	NA	NA	0.2966375	NA	NA	NA	0.24196875	NA	0.245725	NA	NA	NA	NA	NA	NA	NA	NA	NA
820	NA	0.30055625	NA	NA	NA	NA	NA	NA	NA	NA	NA	NA	NA	NA	NA	NA	NA	NA	NA	NA	NA	NA	NA	0.25561875	NA	NA	NA	0.2679375	NA	NA	NA	NA	NA	NA	0.2966375	NA	NA	NA	0.24223125	NA	0.24580625	NA	NA	NA	NA	NA	NA	NA	NA	NA
825	NA	0.300875	NA	NA	NA	NA	NA	NA	NA	NA	NA	NA	NA	NA	NA	NA	NA	NA	NA	NA	NA	NA	NA	0.25645625	NA	NA	NA	0.2683625	NA	NA	NA	NA	NA	NA	NA	NA	NA	NA	0.24240625	NA	0.2459625	NA	NA	NA	NA	NA	NA	NA	NA	NA
830	NA	0.30119375	NA	NA	NA	NA	NA	NA	NA	NA	NA	NA	NA	NA	NA	NA	NA	NA	NA	NA	NA	NA	NA	0.25716875	NA	NA	NA	0.2688125	NA	NA	NA	NA	NA	NA	NA	NA	NA	NA	0.24253125	NA	0.24619375	NA	NA	NA	NA	NA	NA	NA	NA	NA
835	NA	0.30145	NA	NA	NA	NA	NA	NA	NA	NA	NA	NA	NA	NA	NA	NA	NA	NA	NA	NA	NA	NA	NA	0.25759375	NA	NA	NA	0.2692375	NA	NA	NA	NA	NA	NA	NA	NA	NA	NA	0.2426625	NA	0.24641875	NA	NA	NA	NA	NA	NA	NA	NA	NA
840	NA	0.30171875	NA	NA	NA	NA	NA	NA	NA	NA	NA	NA	NA	NA	NA	NA	NA	NA	NA	NA	NA	NA	NA	0.25795625	NA	NA	NA	0.2695125	NA	NA	NA	NA	NA	NA	NA	NA	NA	NA	0.24268125	NA	0.24669375	NA	NA	NA	NA	NA	NA	NA	NA	NA
845	NA	0.3020625	NA	NA	NA	NA	NA	NA	NA	NA	NA	NA	NA	NA	NA	NA	NA	NA	NA	NA	NA	NA	NA	0.25843125	NA	NA	NA	0.2697875	NA	NA	NA	NA	NA	NA	NA	NA	NA	NA	0.2427	NA	0.247	NA	NA	NA	NA	NA	NA	NA	NA	NA
850	NA	0.3024375	NA	NA	NA	NA	NA	NA	NA	NA	NA	NA	NA	NA	NA	NA	NA	NA	NA	NA	NA	NA	NA	0.25890625	NA	NA	NA	0.2702	NA	NA	NA	NA	NA	NA	NA	NA	NA	NA	NA	NA	0.2472875	NA	NA	NA	NA	NA	NA	NA	NA	NA
855	NA	0.30288125	NA	NA	NA	NA	NA	NA	NA	NA	NA	NA	NA	NA	NA	NA	NA	NA	NA	NA	NA	NA	NA	0.25933125	NA	NA	NA	0.27075	NA	NA	NA	NA	NA	NA	NA	NA	NA	NA	NA	NA	0.24750625	NA	NA	NA	NA	NA	NA	NA	NA	NA
860	NA	0.3031875	NA	NA	NA	NA	NA	NA	NA	NA	NA	NA	NA	NA	NA	NA	NA	NA	NA	NA	NA	NA	NA	0.25969375	NA	NA	NA	0.27124375	NA	NA	NA	NA	NA	NA	NA	NA	NA	NA	NA	NA	0.24785	NA	NA	NA	NA	NA	NA	NA	NA	NA
865	NA	0.3033625	NA	NA	NA	NA	NA	NA	NA	NA	NA	NA	NA	NA	NA	NA	NA	NA	NA	NA	NA	NA	NA	0.25998125	NA	NA	NA	0.27175	NA	NA	NA	NA	NA	NA	NA	NA	NA	NA	NA	NA	0.24820625	NA	NA	NA	NA	NA	NA	NA	NA	NA
870	NA	0.30355	NA	NA	NA	NA	NA	NA	NA	NA	NA	NA	NA	NA	NA	NA	NA	NA	NA	NA	NA	NA	NA	0.2602125	NA	NA	NA	0.272175	NA	NA	NA	NA	NA	NA	NA	NA	NA	NA	NA	NA	0.24859375	NA	NA	NA	NA	NA	NA	NA	NA	NA
875	NA	0.3037125	NA	NA	NA	NA	NA	NA	NA	NA	NA	NA	NA	NA	NA	NA	NA	NA	NA	NA	NA	NA	NA	0.2604875	NA	NA	NA	0.2726125	NA	NA	NA	NA	NA	NA	NA	NA	NA	NA	NA	NA	0.2489125	NA	NA	NA	NA	NA	NA	NA	NA	NA
880	NA	0.30386875	NA	NA	NA	NA	NA	NA	NA	NA	NA	NA	NA	NA	NA	NA	NA	NA	NA	NA	NA	NA	NA	0.2608375	NA	NA	NA	0.273	NA	NA	NA	NA	NA	NA	NA	NA	NA	NA	NA	NA	0.24918125	NA	NA	NA	NA	NA	NA	NA	NA	NA
885	NA	0.30408125	NA	NA	NA	NA	NA	NA	NA	NA	NA	NA	NA	NA	NA	NA	NA	NA	NA	NA	NA	NA	NA	0.2612875	NA	NA	NA	0.27331875	NA	NA	NA	NA	NA	NA	NA	NA	NA	NA	NA	NA	0.24929375	NA	NA	NA	NA	NA	NA	NA	NA	NA
890	NA	0.3042875	NA	NA	NA	NA	NA	NA	NA	NA	NA	NA	NA	NA	NA	NA	NA	NA	NA	NA	NA	NA	NA	0.26189375	NA	NA	NA	0.27375625	NA	NA	NA	NA	NA	NA	NA	NA	NA	NA	NA	NA	0.2494	NA	NA	NA	NA	NA	NA	NA	NA	NA
895	NA	0.3044375	NA	NA	NA	NA	NA	NA	NA	NA	NA	NA	NA	NA	NA	NA	NA	NA	NA	NA	NA	NA	NA	0.26244375	NA	NA	NA	0.2740625	NA	NA	NA	NA	NA	NA	NA	NA	NA	NA	NA	NA	0.2495	NA	NA	NA	NA	NA	NA	NA	NA	NA
900	NA	0.3045125	NA	NA	NA	NA	NA	NA	NA	NA	NA	NA	NA	NA	NA	NA	NA	NA	NA	NA	NA	NA	NA	0.26305625	NA	NA	NA	0.27434375	NA	NA	NA	NA	NA	NA	NA	NA	NA	NA	NA	NA	0.24954375	NA	NA	NA	NA	NA	NA	NA	NA	NA
905	NA	0.304525	NA	NA	NA	NA	NA	NA	NA	NA	NA	NA	NA	NA	NA	NA	NA	NA	NA	NA	NA	NA	NA	0.26355	NA	NA	NA	0.27468125	NA	NA	NA	NA	NA	NA	NA	NA	NA	NA	NA	NA	0.24959375	NA	NA	NA	NA	NA	NA	NA	NA	NA
910	NA	0.30455	NA	NA	NA	NA	NA	NA	NA	NA	NA	NA	NA	NA	NA	NA	NA	NA	NA	NA	NA	NA	NA	0.26375625	NA	NA	NA	0.275	NA	NA	NA	NA	NA	NA	NA	NA	NA	NA	NA	NA	0.24965625	NA	NA	NA	NA	NA	NA	NA	NA	NA
915	NA	0.3045625	NA	NA	NA	NA	NA	NA	NA	NA	NA	NA	NA	NA	NA	NA	NA	NA	NA	NA	NA	NA	NA	0.2639125	NA	NA	NA	0.2753	NA	NA	NA	NA	NA	NA	NA	NA	NA	NA	NA	NA	0.2497125	NA	NA	NA	NA	NA	NA	NA	NA	NA
920	NA	0.30458125	NA	NA	NA	NA	NA	NA	NA	NA	NA	NA	NA	NA	NA	NA	NA	NA	NA	NA	NA	NA	NA	0.263975	NA	NA	NA	0.27563125	NA	NA	NA	NA	NA	NA	NA	NA	NA	NA	NA	NA	0.2497375	NA	NA	NA	NA	NA	NA	NA	NA	NA
925	NA	0.30461875	NA	NA	NA	NA	NA	NA	NA	NA	NA	NA	NA	NA	NA	NA	NA	NA	NA	NA	NA	NA	NA	0.2640875	NA	NA	NA	0.27595	NA	NA	NA	NA	NA	NA	NA	NA	NA	NA	NA	NA	0.2497625	NA	NA	NA	NA	NA	NA	NA	NA	NA
930	NA	0.304625	NA	NA	NA	NA	NA	NA	NA	NA	NA	NA	NA	NA	NA	NA	NA	NA	NA	NA	NA	NA	NA	0.2641625	NA	NA	NA	0.27623125	NA	NA	NA	NA	NA	NA	NA	NA	NA	NA	NA	NA	0.24979375	NA	NA	NA	NA	NA	NA	NA	NA	NA
935	NA	NA	NA	NA	NA	NA	NA	NA	NA	NA	NA	NA	NA	NA	NA	NA	NA	NA	NA	NA	NA	NA	NA	0.264225	NA	NA	NA	0.276475	NA	NA	NA	NA	NA	NA	NA	NA	NA	NA	NA	NA	0.2498375	NA	NA	NA	NA	NA	NA	NA	NA	NA
940	NA	NA	NA	NA	NA	NA	NA	NA	NA	NA	NA	NA	NA	NA	NA	NA	NA	NA	NA	NA	NA	NA	NA	0.26430625	NA	NA	NA	0.27665625	NA	NA	NA	NA	NA	NA	NA	NA	NA	NA	NA	NA	0.2499	NA	NA	NA	NA	NA	NA	NA	NA	NA
945	NA	NA	NA	NA	NA	NA	NA	NA	NA	NA	NA	NA	NA	NA	NA	NA	NA	NA	NA	NA	NA	NA	NA	0.26436875	NA	NA	NA	0.27675	NA	NA	NA	NA	NA	NA	NA	NA	NA	NA	NA	NA	0.24990625	NA	NA	NA	NA	NA	NA	NA	NA	NA
950	NA	NA	NA	NA	NA	NA	NA	NA	NA	NA	NA	NA	NA	NA	NA	NA	NA	NA	NA	NA	NA	NA	NA	0.26443125	NA	NA	NA	0.2767875	NA	NA	NA	NA	NA	NA	NA	NA	NA	NA	NA	NA	NA	NA	NA	NA	NA	NA	NA	NA	NA	NA
955	NA	NA	NA	NA	NA	NA	NA	NA	NA	NA	NA	NA	NA	NA	NA	NA	NA	NA	NA	NA	NA	NA	NA	0.26449375	NA	NA	NA	0.27685625	NA	NA	NA	NA	NA	NA	NA	NA	NA	NA	NA	NA	NA	NA	NA	NA	NA	NA	NA	NA	NA	NA
960	NA	NA	NA	NA	NA	NA	NA	NA	NA	NA	NA	NA	NA	NA	NA	NA	NA	NA	NA	NA	NA	NA	NA	0.26454375	NA	NA	NA	0.27689375	NA	NA	NA	NA	NA	NA	NA	NA	NA	NA	NA	NA	NA	NA	NA	NA	NA	NA	NA	NA	NA	NA
965	NA	NA	NA	NA	NA	NA	NA	NA	NA	NA	NA	NA	NA	NA	NA	NA	NA	NA	NA	NA	NA	NA	NA	0.26454375	NA	NA	NA	0.27691875	NA	NA	NA	NA	NA	NA	NA	NA	NA	NA	NA	NA	NA	NA	NA	NA	NA	NA	NA	NA	NA	NA
970	NA	NA	NA	NA	NA	NA	NA	NA	NA	NA	NA	NA	NA	NA	NA	NA	NA	NA	NA	NA	NA	NA	NA	NA	NA	NA	NA	0.2769625	NA	NA	NA	NA	NA	NA	NA	NA	NA	NA	NA	NA	NA	NA	NA	NA	NA	NA	NA	NA	NA	NA
975	NA	NA	NA	NA	NA	NA	NA	NA	NA	NA	NA	NA	NA	NA	NA	NA	NA	NA	NA	NA	NA	NA	NA	NA	NA	NA	NA	0.27698125	NA	NA	NA	NA	NA	NA	NA	NA	NA	NA	NA	NA	NA	NA	NA	NA	NA	NA	NA	NA	NA	NA
