0	1	1	1	1	1	1	1	1	1	1
5	0.75	1	1	1	1	1	1	1	1	0.714285714285714
10	0.428571428571429	0.857142857142857	0.9	0.421052631578947	0.428571428571429	1	0.8	0.615384615384615	0.888888888888889	0.75
15	0.6	0.529411764705882	0.411764705882353	0.315789473684211	0.571428571428571	0.636363636363636	0.529411764705882	0.375	0.545454545454545	0.75
20	0.6	0.409090909090909	0.21875	0.3	0.333333333333333	0.4	0.318181818181818	0.256410256410256	0.333333333333333	0.666666666666667
25	0.571428571428571	0.230769230769231	0.225	0.333333333333333	0.275862068965517	0.272727272727273	0.291666666666667	0.245283018867925	0.625	0.666666666666667
30	0.416666666666667	0.5	0.155172413793103	0.2	0.205128205128205	0.379310344827586	0.269230769230769	0.0967741935483871	0.466666666666667	0.5
35	0.59375	0.482758620689655	0.185714285714286	0.310344827586207	0.277777777777778	0.444444444444444	0.384615384615385	0.152173913043478	0.294117647058824	0.444444444444444
40	0.25	0.228571428571429	0.120879120879121	0.25	0.134328358208955	0.346153846153846	0.244444444444444	0.149532710280374	0.6	0.333333333333333
45	0.206896551724138	0.131578947368421	0.115789473684211	0.365853658536585	0.145161290322581	0.25	0.222222222222222	0.0806451612903226	0.238095238095238	0.5
50	0.5	0.266666666666667	0.0714285714285714	0.233766233766234	0.172413793103448	0.413793103448276	0.116666666666667	0.109677419354839	0.25	0.315789473684211
55	0.333333333333333	0.22	0.117647058823529	0.10126582278481	0.115384615384615	0.347826086956522	0.23943661971831	0.0988372093023256	0.24	0.2
60	0.137931034482759	0.214285714285714	0.0738636363636364	0.0947368421052632	0.0804597701149425	0.425	0.111111111111111	0.0571428571428571	0.285714285714286	0.346153846153846
65	0.161764705882353	0.232142857142857	0.073394495412844	0.120689655172414	0.105263157894737	0.2	0.09	0.0735294117647059	0.235294117647059	0.21875
70	0.142857142857143	0.174603174603175	0.0655737704918033	0.0775862068965517	0.0921985815602837	0.166666666666667	0.1	0.0459016393442623	0.232142857142857	0.297297297297297
75	0.180722891566265	0.152941176470588	0.082018927444795	0.0748299319727891	0.0657894736842105	0.283018867924528	0.062015503875969	0.0461538461538462	0.153846153846154	0.210526315789474
80	0.140845070422535	0.0980392156862745	0.030812324929972	0.104395604395604	0.162162162162162	0.202702702702703	0.0828402366863905	0.0449172576832151	0.2	0.222222222222222
85	0.122448979591837	0.137096774193548	0.0369515011547344	0.0568181818181818	0.0497925311203319	0.104166666666667	0.0504201680672269	0.0451612903225806	0.216	0.173076923076923
90	0.105263157894737	0.069364161849711	0.0272373540856031	0.0841584158415842	0.0707692307692308	0.0695652173913043	0.041044776119403	0.032319391634981	0.104477611940299	0.240740740740741
95	0.0887096774193548	0.0904977375565611	0.0247116968698517	0.0663716814159292	0.0261780104712042	0.110344827586207	0.0348837209302326	0.0264650283553875	0.0588235294117647	0.271428571428571
100	0.0701754385964912	0.0505050505050505	0.0176730486008837	0.0562913907284768	0.032183908045977	0.0706521739130435	0.0317848410757946	0.0234375	0.104265402843602	0.164556962025316
105	0.0820512820512821	0.0546623794212219	0.0163360560093349	0.0379008746355685	0.0300751879699248	0.0790513833992095	0.0282608695652174	0.0162037037037037	0.0411522633744856	0.126760563380282
110	0.0483091787439614	0.0580808080808081	0.014692378328742	0.051980198019802	0.0296052631578947	0.0859106529209622	0.0236686390532544	0.021523178807947	0.0476190476190476	0.112359550561798
115	0.0655021834061135	0.0513833992094862	0.0156494522691706	0.0334029227557411	0.0167130919220056	0.0438871473354232	0.0427480916030534	0.0160278745644599	0.0454545454545455	0.123893805309735
120	0.0383386581469649	0.0324232081911263	0.016202203499676	0.0369068541300527	0.0184119677790564	0.0323325635103926	0.024330900243309	0.0129259694477086	0.0446009389671361	0.114864864864865
125	0.0630434782608696	0.0202898550724638	0.0132743362831858	0.0319767441860465	0.0179414542020774	0.0324675324675325	0.0191897654584222	0.0103995621237001	0.0332681017612524	0.0843373493975904
130	0.050561797752809	0.030379746835443	0.0112031173891866	0.0214797136038186	0.0136876006441224	0.0526315789473684	0.014519056261343	0.013116236996834	0.0347222222222222	0.091304347826087
135	0.0262345679012346	0.0241090146750524	0.00977891156462585	0.0170854271356784	0.0152949745083758	0.046656298600311	0.0194099378881988	0.00877542879936179	0.018970189701897	0.0371517027863777
140	0.023448275862069	0.0142475512021371	0.00664206642066421	0.0178571428571429	0.0147492625368732	0.0209150326797386	0.0115979381443299	0.00647580095432856	0.0191657271702368	0.0599520383693046
145	0.0212765957446809	0.0149041873669269	0.00658926890492626	0.0131071703932151	0.0108214461387113	0.0165745856353591	0.0113452188006483	0.00647058823529412	0.0174418604651163	0.0321931589537223
150	0.0190909090909091	0.0116635972989564	0.00989259468626343	0.0141318977119785	0.013828867761452	0.0181975736568458	0.0101429230059935	0.00558801117602235	0.0186084142394822	0.0253807106598985
155	0.0167731629392971	0.0102260495156082	0.00576730190571715	0.01270207852194	0.00726480203414457	0.0126849894291755	0.00649350649350649	0.00566123188405797	0.0106761565836299	0.0321543408360129
160	0.0161082474226804	0.00891662951404369	0.0046927374301676	0.00958144225920323	0.00677637947725073	0.012589928057554	0.00748829953198128	0.00395503746877602	0.0136094674556213	0.0236907730673317
165	0.0138297872340426	0.00762485703393061	0.00557103064066852	0.00843170320404722	0.00611450806003335	0.00883720930232558	0.00605560143132397	0.00388385426299242	0.00939663699307616	0.0210304942166141
170	0.0138888888888889	0.00826993053258353	0.0054249547920434	0.00689905591866376	0.00699300699300699	0.00961923847695391	0.00507123883120019	0.00440026075619296	0.00996412913511359	0.0174311926605505
175	0.00845828527489427	0.00572409845449342	0.0037630890052356	0.00795165394402036	0.00411522633744856	0.00831889081455806	0.00522193211488251	0.00430570505920344	0.00843060959792477	0.0212591986917416
180	0.00644329896907216	0.00608210846426761	0.00368731563421829	0.00532362006164192	0.00669736291335287	0.00938256658595642	0.00511654349061967	0.00334059549745824	0.00709219858156028	0.00861450107681263
185	0.00706015249929398	0.00583482944344704	0.00364912280701754	0.00550964187327824	0.00342205323193916	0.00668985817500669	0.00426515016882886	0.00526742301458671	0.00659662838993403	0.0107462686567164
190	0.00691187361145396	0.005496662740479	0.00378583017847485	0.006367978166932	0.00370044052863436	0.00561545372866128	0.00529976813514409	0.00382604259660758	0.00542299349240781	0.0107416879795396
195	0.00681768198812404	0.00475854776172013	0.00405440753335077	0.00458807101536006	0.00455655004068348	0.00524679362611737	0.00346542112400181	0.00519416275043285	0.0041952707856598	0.00900514579759863
200	0.00411184210526316	0.00405449237755433	0.0032916392363397	0.00486837360259647	0.00372967328062062	0.00647831563793414	0.00326148610323313	0.00589290289520881	0.00536796536796537	0.00894521058516586
205	0.00468164794007491	0.00462479486796957	0.0038027799632835	0.00403811985139719	0.00348918353105373	0.00466666666666667	0.00472878998609179	0.00428609697294401	0.004787743376955	0.00618288317604946
210	0.00384872824631861	0.00355385456533625	0.00342555994729908	0.00465815176558978	0.00311906699213453	0.0040548970679975	0.00350262697022767	0.00432835820895522	0.00358989086731763	0.00709018718094158
215	0.00461964890668309	0.00292087095061073	0.00473050458715596	0.00347372991749891	0.00425871706148523	0.00332658374312988	0.00365774003919007	0.00388349514563107	0.00331257453292699	0.00537109375
220	0.00387541265968136	0.00382897255902999	0.00437405731523379	0.00435078178110129	0.00365344467640919	0.00356848751029371	0.0036353844082402	0.00452488687782805	0.00447649838348669	0.00550497565106924
225	0.00298465036952814	0.00397946084724005	0.00578512396694215	0.00479834003371806	0.00376966073053425	0.00632826174767739	0.00428591179317019	0.00589191385615603	0.00383509108341323	0.00437262357414449
230	0.00475996192030464	0.00337530832143321	0.00568515977259361	0.00380807311500381	0.0036046028004991	0.00447154471544715	0.0046029919447641	0.00632757361888537	0.003928103797167	0.00451310536365214
235	0.00336292709174065	0.00427807486631016	0.00537371763556424	0.00464415714823648	0.00407301252074219	0.00345113197128658	0.00483091787439614	0.00512091038406828	0.00383568423657511	0.00383024360349318
240	0.00467161308051663	0.00399144689950107	0.0063752276867031	0.0036697247706422	0.00509597418039749	0.00463365189690125	0.00457007447528775	0.00793126239259749	0.00399148483235764	0.00420521446593776
245	0.00396544398810367	0.0037447339678577	0.00959324635456638	0.00359401955146636	0.00493265035097704	0.00431100846805235	0.00385282219225583	0.0113636363636364	0.00377030162412993	0.00324105334233626
250	0.00360334390314212	0.00647359454855196	0.0165898617511521	0.00412269129287599	0.00526200394650296	0.00542228064410122	0.00623885918003565	0.00948316737790422	0.00386757425742574	0.00415326902465166
255	0.00358534684333593	0.00465386852821408	0.00994152046783626	0.0040015243902439	0.007502679528403	0.00483759502418798	0.00540248514316586	0.0124013528748591	0.00432451133021969	0.00393545848091303
260	0.00415800415800416	0.00815217391304348	0.0148809523809524	0.00609343263371699	0.00767754318618042	0.00451892299002071	0.00870967741935484	0.0172661870503597	0.00705076551168413	0.00497186968467879
265	0.00439434466946886	0.00478978179882916	0.0232793522267206	0.00530503978779841	0.0109979633401222	0.00493668169135008	0.00782472613458529	0.0188501413760603	0.00462399610610854	0.00331829041677728
270	0.00586907449209932	0.00703281982585399	0.0150068212824011	0.00844900422450211	0.00922909880564604	0.0070082165297245	0.00968523002421308	0.019559902200489	0.0104166666666667	0.00411409764125069
275	0.0049934296977661	0.0107342206955775	0.028006589785832	0.00821722043586995	0.0107604017216643	0.00552028705492686	0.010351966873706	0.0175695461200586	0.00789473684210526	0.00385071090047393
280	0.00643974241030359	0.0108283703302653	0.0286343612334802	0.00748239436619718	0.0176211453744493	0.0124244459368704	0.0210084033613445	0.0301318267419962	0.00866551126516464	0.00484868751044976
285	0.00960799385088393	0.0113960113960114	0.0349854227405248	0.0101580135440181	0.029520295202952	0.0134748877092691	0.0191657271702368	0.0336538461538462	0.012933568489124	0.00494296577946768
290	0.0103931314957072	0.0160377358490566	0.0549019607843137	0.0111358574610245	0.0425531914893617	0.00987654320987654	0.0249221183800623	0.0376175548589342	0.0110410094637224	0.00475758948799275
295	0.0139120756816917	0.0188457008244994	0.0420560747663551	0.0129224652087475	0.0248447204968944	0.0138888888888889	0.0283400809716599	0.101769911504425	0.0138004246284501	0.0131233595800525
300	0.0144546649145861	0.0201238390092879	0.0493827160493827	0.0210656753407683	0.0387596899224806	0.013375295043273	0.0274725274725275	0.0572916666666667	0.0164158686730506	0.00571247223103777
305	0.0173410404624277	0.0210325047801147	0.0555555555555556	0.0263565891472868	0.0371428571428571	0.0116144018583043	0.0458015267175573	0.0588235294117647	0.0408921933085502	0.00835548803646031
310	0.0187891440501044	0.051980198019802	0.117021276595745	0.0286975717439294	0.0416666666666667	0.0196078431372549	0.0467289719626168	0.0786516853932584	0.0296127562642369	0.00989247311827957
315	0.0206327372764787	0.0416666666666667	0.1	0.05	0.0555555555555556	0.0186440677966102	0.104166666666667	0.0925925925925926	0.05	0.00982928091050181
320	0.0397727272727273	0.0486725663716814	0.12280701754386	0.0509803921568627	0.0647482014388489	0.0300230946882217	0.0630630630630631	0.128205128205128	0.0428015564202335	0.0103425985778927
325	0.0371287128712871	0.075187969924812	0.1	0.0346534653465347	0.0655737704918033	0.0325443786982249	0.107843137254902	0.1875	0.074468085106383	0.0174050632911392
330	0.0306748466257669	0.0631578947368421	0.131578947368421	0.0612244897959184	0.0952380952380952	0.0431372549019608	0.0555555555555556	0.214285714285714	0.0604026845637584	0.0342920353982301
335	0.0522088353413655	0.0923076923076923	0.216216216216216	0.0540540540540541	0.125	0.0558139534883721	0.117647058823529	0.263157894736842	0.0660377358490566	0.0223880597014925
340	0.0568181818181818	0.183673469387755	0.3125	0.0625	0.126984126984127	0.087431693989071	0.228571428571429	0.75	0.0704225352112676	0.0278372591006424
345	0.0625	0.18	0.161290322580645	0.112244897959184	0.122448979591837	0.0431654676258993	0.125	0.5	0.174603174603175	0.0336134453781513
350	0.128712871287129	0.233333333333333	0.333333333333333	0.133333333333333	0.15625	0.0727272727272727	0.172413793103448	NA	0.115384615384615	0.0613026819923372
355	0.152777777777778	0.2	0.352941176470588	0.166666666666667	0.1875	0.156626506024096	0.25	NA	0.121951219512195	0.0560344827586207
360	0.222222222222222	0.363636363636364	0.578947368421053	0.25	0.153846153846154	0.194029850746269	0.266666666666667	NA	0.222222222222222	0.0802139037433155
365	0.147058823529412	0.375	0.333333333333333	0.258064516129032	0.277777777777778	0.150943396226415	0.571428571428571	NA	0.4	0.072463768115942
370	0.210526315789474	0.833333333333333	0.333333333333333	0.241379310344828	0.333333333333333	0.189189189189189	0.4	NA	0.833333333333333	0.0555555555555556
375	0.428571428571429	0.75	1	0.217391304347826	0.555555555555556	0.217391304347826	0.363636363636364	NA	1	0.0707070707070707
380	0.4	NA	0.5	0.3	0.5	0.333333333333333	0.75	NA	NA	0.0684931506849315
385	0.666666666666667	NA	NA	0.333333333333333	0.666666666666667	0.230769230769231	0.4	NA	NA	0.214285714285714
390	0.6	NA	NA	0.5	0.666666666666667	0.4	NA	NA	NA	0.341463414634146
395	0.333333333333333	NA	NA	1	0.5	1	NA	NA	NA	0.242424242424242
400	1	NA	NA	NA	1	1	NA	NA	NA	0.210526315789474
405	NA	NA	NA	NA	0.666666666666667	NA	NA	NA	NA	0.411764705882353
410	NA	NA	NA	NA	NA	NA	NA	NA	NA	0.5
415	NA	NA	NA	NA	NA	NA	NA	NA	NA	0.8
420	NA	NA	NA	NA	NA	NA	NA	NA	NA	0.5
425	NA	NA	NA	NA	NA	NA	NA	NA	NA	0.461538461538462
430	NA	NA	NA	NA	NA	NA	NA	NA	NA	0.272727272727273
435	NA	NA	NA	NA	NA	NA	NA	NA	NA	0.6
440	NA	NA	NA	NA	NA	NA	NA	NA	NA	0.428571428571429
445	NA	NA	NA	NA	NA	NA	NA	NA	NA	0.217391304347826
450	NA	NA	NA	NA	NA	NA	NA	NA	NA	0.409090909090909
455	NA	NA	NA	NA	NA	NA	NA	NA	NA	0.4
460	NA	NA	NA	NA	NA	NA	NA	NA	NA	0.5
465	NA	NA	NA	NA	NA	NA	NA	NA	NA	1
470	NA	NA	NA	NA	NA	NA	NA	NA	NA	0.428571428571429
475	NA	NA	NA	NA	NA	NA	NA	NA	NA	1
