0	1	1	1	1	1	1	1	1	1	1	1	1	1	1	1	1	1	1	1	1
10	0.5	1	1	1	1	1	0.714285714285714	1	0.848484848484849	1	1	1	1	0.814814814814815	1	0.970588235294118	0.6	1	0.428571428571429	1
20	0.625	0.345454545454545	0.376470588235294	0.363636363636364	0.375	0.790697674418605	0.515151515151515	0.484848484848485	0.78125	0.568181818181818	0.838709677419355	0.632352941176471	1	0.506172839506173	0.428571428571429	0.276315789473684	0.35	0.5	0.985507246376812	0.403225806451613
30	0.471428571428571	0.530201342281879	0.148809523809524	0.244897959183673	0.280575539568345	0.563380281690141	0.364864864864865	0.213270142180095	0.3046875	0.306930693069307	0.293103448275862	0.297709923664122	0.3875	0.28448275862069	0.351351351351351	0.34640522875817	0.747474747474748	0.438775510204082	0.527472527472527	0.264705882352941
40	0.0868055555555556	0.137837837837838	0.149006622516556	0.0884955752212389	0.254071661237785	0.269230769230769	0.282758620689655	0.163677130044843	0.221311475409836	0.196506550218341	0.235294117647059	0.208333333333333	0.264	0.178082191780822	0.325966850828729	0.221917808219178	0.803370786516854	0.234042553191489	0.305970149253731	0.154639175257732
50	0.114490161001789	0.142857142857143	0.1424	0.0745814307458143	0.109854604200323	0.214634146341463	0.19831223628692	0.0675675675675676	0.152019002375297	0.109510086455331	0.179669030732861	0.163265306122449	0.345381526104418	0.131284916201117	0.157051282051282	0.0835616438356164	0.18450184501845	0.384180790960452	0.154929577464789	0.178247734138973
60	0.074540174249758	0.0668789808917197	0.0740740740740741	0.0719476744186047	0.077260755048288	0.188571428571429	0.154761904761905	0.079136690647482	0.0725925925925926	0.10672514619883	0.0759803921568627	0.0614754098360656	0.152808988764045	0.127906976744186	0.0545454545454545	0.0869565217391304	0.141153081510934	0.111658456486043	0.105577689243028	0.0771604938271605
70	0.0431432973805855	0.0336403684421306	0.0414746543778802	0.0338563170933113	0.0291164658634538	0.0838150289017341	0.0926694329183956	0.0343629343629344	0.0424292845257903	0.0598031794095382	0.0719086021505376	0.0407523510971787	0.0724465558194774	0.0475336322869955	0.0425867507886435	0.0445235975066785	0.0526315789473684	0.0741482965931864	0.0825892857142857	0.183745583038869
80	0.0231259968102073	0.0202488926386838	0.027187173231091	0.0295159386068477	0.0244360902255639	0.0345313601127555	0.0474840538625089	0.0193602693602694	0.0320855614973262	0.0479331574318382	0.026056338028169	0.028869286287089	0.0487316421895861	0.0422264875239923	0.0457883369330454	0.0204539785482664	0.050543221539915	0.09514687100894	0.0309101316542645	0.0279552715654952
90	0.0169714703730797	0.0167216203485634	0.0187078109932498	0.0176720701567898	0.0190570299265951	0.0355524573021959	0.0347095359883084	0.0191708602923556	0.0198842184747043	0.0288772715957182	0.0243950813169377	0.0216389501101984	0.042804179305696	0.0264728782766675	0.0228110599078341	0.0190765828034283	0.0392663394471713	0.0564663023679417	0.0281366637955785	0.0218886804252658
100	0.0155025837639607	0.0111681465038846	0.0188361923982509	0.0126923687133111	0.0117539179726576	0.0255286721280244	0.0377320419693301	0.0174320918510221	0.026648160999306	0.0197092535644395	0.0103329506314581	0.0175775007989773	0.0195780269910663	0.0160618679357525	0.0139622641509434	0.0215364303985477	0.0237273511647972	0.0247798484538194	0.0204512254504139	0.0170480549199085
110	0.00844365683310747	0.0236918281006457	0.0193738687403633	0.0113832706575872	0.0133261687264911	0.0172969488611947	0.0221268909460375	0.0118304912426637	0.0109417741305197	0.0125664572257129	0.0106735121259204	0.0110649184521906	0.0154980761008978	0.0111703041759753	0.0109360385639255	0.0124449053668654	0.01800892030632	0.0198935924126764	0.0132623517325114	0.00824577736401117
120	0.0150079280209447	0.0158778419647985	0.0117105093210488	0.0145398818868207	0.0192017926824557	0.0105687932359723	0.0128580946035976	0.0091863971990155	0.0125288493241015	0.00892636977856685	0.0133534352789145	0.00964965661131879	0.0175949285206029	0.0160339298644874	0.00932568149210904	0.0214844481042033	0.01821720092978	0.01193724420191	0.0128730918204602	0.0195544975344329
130	0.0191025351931192	0.0249487354750513	0.0121848028431207	0.0159609769046987	0.0132958491814123	0.00752483618685267	0.0170075443722472	0.018915594561351	0.0141879014611421	0.0206502170920258	0.0231365053817523	0.0111565637783563	0.0140939879675207	0.0098343685300207	0.0144335420782961	0.0187491584758314	0.00953170327393286	0.0148566920851959	0.00981815403422983	0.0143736471861472
140	0.0373930371585981	0.0196790217806649	0.0181229998608599	0.0155744087872454	0.0169712793733681	0.0110155830198818	0.0131931560502989	0.00898327728382549	0.0171346819270695	0.0109975112665635	0.014748360349339	0.0156889968760847	0.0273954473266278	0.0127338365605514	0.0162977137012966	0.0173018852525912	0.0138364370360724	0.019518300520939	0.0157655479253313	0.0108769776322968
150	0.0154371381920736	0.024402390438247	0.0335449682547618	0.0184228782856702	0.0170047121491498	0.0266754544193146	0.0101783840503673	0.0192458758837392	0.0104315456867074	0.0166385755650633	0.0120192307692308	0.0165844912595249	0.0161205720879813	0.0114361917077507	0.0127641862831245	0.0115443258549336	0.0237328886648311	0.0221538461538462	0.0224516129032258	0.0163491751767478
160	0.0415883458646617	0.0379746835443038	0.0265518055227755	0.0210577864838394	0.0224761904761905	0.0263932595675566	0.0181718609977098	0.0466004583651643	0.0272628135223555	0.0223142397055441	0.0223601030203699	0.0229095074455899	0.0167488206922139	0.0197897789054005	0.0164575190290064	0.0260199833472107	0.0170136247320008	0.023433242506812	0.0140333291567473	0.0196961170512099
170	0.145121951219512	0.106157112526539	0.0392247346562067	0.0890957446808511	0.0758157389635317	0.0248663434042024	0.018834730414985	0.117936117936118	0.0290821771611526	0.0256352087114338	0.030187074829932	0.0588709677419355	0.0230769230769231	0.0326108181995704	0.0476366322008863	0.0507745266781411	0.0184372256365233	0.0225496762670239	0.0256646971935007	0.0445586975149957
180	0.174311926605505	0.102564102564103	0.105042016806723	0.12962962962963	0.201550387596899	0.0297790585975024	0.031740614334471	0.185185185185185	0.0801104972375691	0.0689655172413793	0.115463917525773	0.120204603580563	0.0565764023210832	0.108228980322004	0.163907284768212	0.289617486338798	0.0666666666666667	0.0381991814461119	0.0604453870625663	0.107462686567164
190	0.3	0.666666666666667	0.142857142857143	1	0.25	0.121359223300971	0.0707964601769911	0.5	0.17741935483871	0.1875	0.242857142857143	0.142857142857143	0.080168776371308	0.0672268907563025	0.384615384615385	0.133333333333333	0.225806451612903	0.174454828660436	0.26605504587156	0.25
200	NA	NA	NA	NA	1	0.166666666666667	0.130434782608696	NA	0.25	0.285714285714286	0.285714285714286	0.5	0.157894736842105	0.333333333333333	0.576923076923077	NA	0.529411764705882	0.1875	0.285714285714286	NA
210	NA	NA	NA	NA	NA	0.5	1	NA	NA	NA	NA	NA	1	NA	NA	NA	0.833333333333333	1	1	NA
220	NA	NA	NA	NA	NA	NA	NA	NA	NA	NA	NA	NA	NA	NA	NA	NA	1	NA	NA	NA
