0	1	1	1	1	1	1	1	1	1	1	1	1	1	1	1	1	1	1	1	1
10	0.5	NA	0.181818181818182	0.526315789473684	0.411764705882353	0.666666666666667	0.785714285714286	0.416666666666667	0.387096774193548	1	0.416666666666667	0.666666666666667	0.75	0.588235294117647	1	0.6	0.5	0.294117647058824	0.4	1
20	0.833333333333333	NA	0.180327868852459	0.241379310344828	0.222222222222222	0.421052631578947	0.5	0.388888888888889	0.210526315789474	0.555555555555556	0.186046511627907	0.285714285714286	NA	0.25	0.666666666666667	0.684210526315789	0.541666666666667	0.181818181818182	0.1875	1
30	0.272727272727273	NA	0.135802469135802	0.148148148148148	0.178571428571429	0.246376811594203	0.347826086956522	0.1875	0.0952380952380952	0.416666666666667	0.118421052631579	0.259259259259259	NA	0.257142857142857	0.75	0.151515151515152	0.297297297297297	0.2	0.0823529411764706	0.6
40	0.357142857142857	NA	0.0681818181818182	0.135135135135135	0.08	0.0970873786407767	0.321428571428571	0.166666666666667	0.079646017699115	0.857142857142857	0.0633802816901408	0.0697674418604651	NA	0.204545454545455	0.318181818181818	0.197530864197531	0.207547169811321	0.179487179487179	0.0939597315436242	0.84
50	0.342105263157895	NA	0.0429184549356223	0.258064516129032	0.0619469026548673	0.0649350649350649	0.204545454545455	0.1	0.0531914893617021	0.444444444444444	0.0549828178694158	0.0591133004926108	NA	0.11965811965812	0.354838709677419	0.147540983606557	0.073394495412844	0.228571428571429	0.0651340996168582	0.274193548387097
60	0.228070175438596	NA	0.0337078651685393	0.0683760683760684	0.0373563218390805	0.0432900432900433	0.261904761904762	0.0449438202247191	0.0684410646387833	0.260869565217391	0.0332594235033259	0.0459363957597173	NA	0.118421052631579	0.254901960784314	0.0569948186528497	0.0441176470588235	0.221153846153846	0.0470588235294118	0.105769230769231
70	0.160377358490566	NA	0.0225694444444444	0.0732984293193717	0.0310344827586207	0.0575221238938053	0.188679245283019	0.0277777777777778	0.0380116959064327	0.1875	0.0236768802228412	0.0399002493765586	NA	0.0585585585585586	0.195121951219512	0.0360655737704918	0.036697247706422	0.0654761904761905	0.0238853503184713	0.0639269406392694
80	0.0714285714285714	NA	0.0163576881134133	0.0593220338983051	0.027292576419214	0.0213414634146341	0.0886075949367089	0.025	0.0289330922242315	0.25	0.0233977619532045	0.0316831683168317	NA	0.0435967302452316	0.15	0.0227703984819734	0.0343511450381679	0.0579150579150579	0.0122699386503067	0.0455927051671733
90	0.125	NA	0.0142760027192386	0.0397727272727273	0.0127946127946128	0.0181818181818182	0.161290322580645	0.0191256830601093	0.0174358974358974	0.145161290322581	0.0153310104529617	0.0209698558322412	NA	0.0213903743315508	0.0585365853658537	0.017175572519084	0.0160771704180064	0.039039039039039	0.0123034859876965	0.0243407707910751
100	0.0523560209424084	NA	0.00995260663507109	0.0223642172523962	0.00678642714570858	0.0112479914301018	0.100671140939597	0.0161943319838057	0.00973393900064893	0.108333333333333	0.00829694323144105	0.0170709793351303	NA	0.0154125113327289	0.038961038961039	0.0102622576966933	0.0141935483870968	0.0303571428571429	0.0101522842639594	0.017718715393134
110	0.041522491349481	NA	0.00648148148148148	0.0212765957446809	0.0052710843373494	0.00643695569859902	0.049618320610687	0.00671355498721228	0.00924809006835545	0.0458333333333333	0.0065359477124183	0.00812567713976165	NA	0.00885478158205431	0.0486486486486487	0.00733675715333822	0.00864815657715066	0.0143003064351379	0.00712515489467162	0.0138613861386139
120	0.0318906605922551	NA	0.00450653447498873	0.013869625520111	0.00457988374141272	0.00467749876907927	0.0375234521575985	0.00622158411103135	0.00601779173207745	0.0277185501066098	0.00806965385432151	0.00938477580813347	NA	0.00659425911559348	0.0266903914590747	0.00515729757607014	0.00587326120556414	0.0118973074514715	0.00485027414592999	0.00957354221061793
130	0.023448275862069	NA	0.00343586387434555	0.00962800875273523	0.00426075841499787	0.00395327942497754	0.0299572039942939	0.00660242683797288	0.00451866404715128	0.0227817745803357	0.00451995012468828	0.00484429065743945	NA	0.00883054892601432	0.0162297128589263	0.00384263494967978	0.00439146800501882	0.0102082482645978	0.00334753499695679	0.00890037324145851
140	0.018018018018018	NA	0.00352250489236791	0.00541310541310541	0.00315725561627201	0.003043718871057	0.0139935414424112	0.00396488246955537	0.00447459584295612	0.0126138752627891	0.00396571574772931	0.00386575294324372	NA	0.00528750826173166	0.0131680867544539	0.00405914757900841	0.00434782608695652	0.00636413945766464	0.00393217006635537	0.00436515467830708
150	0.0116758241758242	NA	0.00287081339712919	0.00398406374501992	0.00376716490460566	0.00257036370646446	0.0143288084464555	0.00330113705832009	0.00306899091578689	0.00693842150910668	0.00331321737072536	0.00420960952242706	NA	0.00333119795003203	0.0104216011369019	0.00297406614323103	0.00252920631097194	0.00468841570619262	0.00289452356142179	0.00408401400233372
160	0.00994379593601383	NA	0.00319938571794216	0.00347484514277081	0.00376293508936971	0.00295384615384615	0.0139490139490139	0.00370241814184889	0.00328239954725523	0.00623830318153462	0.00601385802065629	0.00343938091143594	NA	0.00323516287371709	0.00712074303405573	0.00279492255735414	0.00287865367581931	0.00344589937973811	0.00389531345100426	0.00308375477981991
170	0.00594000594000594	NA	0.00459981600735971	0.00442636679028592	0.00513761467889908	0.00400607818759497	0.00743374272786037	0.00447330447330447	0.00285962949148328	0.00576624528720337	0.00468424705065926	0.00388033546125923	NA	0.00259801606046292	0.00609480812641084	0.00370615486432826	0.00463753966316817	0.00309775126204681	0.00420168067226891	0.00403270975691722
180	0.00740588356305287	NA	0.00582207731718677	0.00266548200799645	0.00705467372134039	0.00412260261695644	0.00562809545249887	0.00416088765603329	0.00419360475275205	0.00350374263417742	0.00590804007192397	0.00332995511799624	NA	0.00388233537404808	0.00371433395238899	0.00389863547758285	0.0042618479372656	0.00361485376273414	0.00665601703940362	0.00346921075455334
190	0.00467581047381546	NA	0.00801526717557252	0.00448207171314741	0.0101449275362319	0.00699726194097962	0.00380794701986755	0.00855285665412248	0.00718430505664548	0.0033802055164954	0.00834990059642147	0.00456534144949591	NA	0.00391304347826087	0.00297914597815293	0.00535077288941736	0.00659804697809448	0.0032547845332639	0.00792602377807133	0.00520134228187919
200	0.00342375559652357	NA	0.0186915887850467	0.0071918927754168	0.0116801437556155	0.00907543959160522	0.00416503969803462	0.0127906976744186	0.00967221923696937	0.00556900726392252	0.0108225108225108	0.00561797752808989	NA	0.00782414307004471	0.00359670495417102	0.0123094958968347	0.0112306972391203	0.00570105113130233	0.0281090289608177	0.00748337028824834
210	0.0031324395439168	NA	0.0193321616871705	0.00581717451523546	0.0242290748898678	0.0157790927021696	0.00345383375546857	0.014218009478673	0.0257270693512304	0.0052793124616329	0.0244648318042813	0.00873839432004369	NA	0.0120824449182658	0.00384519970230712	0.0191082802547771	0.0231660231660232	0.00518134715025907	0.020501138952164	0.010111761575306
220	0.00489417989417989	NA	0.0365853658536585	0.0169584245076586	0.0438247011952191	0.0281329923273657	0.00511011071906558	0.043859649122807	0.0412371134020619	0.0036195164326046	0.03886925795053	0.024390243902439	NA	0.0219244823386114	0.00297574765659872	0.0477707006369427	0.0236051502145923	0.0103975535168196	0.050761421319797	0.0224215246636771
230	0.00509337860780985	NA	0.0808080808080808	0.0174216027874564	0.101123595505618	0.0634920634920635	0.00429447852760736	0.0526315789473684	0.0454545454545455	0.00582698341550874	0.0628930817610063	0.0246575342465753	NA	0.0228215767634855	0.00464190981432361	0.0641025641025641	0.0972222222222222	0.0271428571428571	0.0458715596330275	0.029082774049217
240	0.00643666323377961	NA	0.153846153846154	0.0474860335195531	0.176470588235294	0.08	0.00643974241030359	0.125	0.106060606060606	0.00715900527505652	0.114942528735632	0.0731707317073171	NA	0.0563380281690141	0.00672804532577904	0.134615384615385	0.0792079207920792	0.0257142857142857	0.0746268656716418	0.0819672131147541
250	0.0120984564038381	NA	0.277777777777778	0.0714285714285714	0.2	0.153846153846154	0.0106930693069307	0.142857142857143	0.132075471698113	0.0174291938997821	0.292682926829268	0.152542372881356	NA	0.0689655172413793	0.0134498991257566	0.19047619047619	0.236842105263158	0.0489130434782609	0.238095238095238	0.128205128205128
260	0.0166908563134978	NA	0.5	0.142857142857143	0.6	0.210526315789474	0.0184718723761545	0.194444444444444	0.181818181818182	0.0313432835820895	0.181818181818182	0.138888888888889	NA	0.24	0.0143061516452074	0.333333333333333	0.260869565217391	0.0777777777777778	0.444444444444444	0.184210526315789
270	0.0310650887573964	NA	0.5	0.126984126984127	0.5	0.275862068965517	0.0235294117647059	0.4	0.272727272727273	0.0469798657718121	0.444444444444444	0.166666666666667	NA	0.210526315789474	0.0326975476839237	1	0.388888888888889	0.315789473684211	NA	0.269230769230769
280	0.0559440559440559	NA	1	0.2	NA	0.384615384615385	0.0919117647058824	0.333333333333333	0.777777777777778	0.0583333333333333	0.5	0.333333333333333	NA	0.714285714285714	0.0601503759398496	NA	0.4	0.375	NA	0.384615384615385
290	0.0803571428571429	NA	NA	0.257142857142857	NA	0.444444444444444	0.0825688073394495	0.571428571428571	1	0.130434782608696	NA	NA	NA	NA	0.183333333333333	NA	NA	1	NA	NA
300	0.23943661971831	NA	NA	0.2	NA	1	0.12280701754386	0.5	NA	0.333333333333333	NA	NA	NA	NA	0.222222222222222	NA	NA	NA	NA	NA
310	0.2	NA	NA	NA	NA	NA	0.285714285714286	NA	NA	0.428571428571429	NA	NA	NA	NA	0.363636363636364	NA	NA	NA	NA	NA
320	NA	NA	NA	NA	NA	NA	0.388888888888889	NA	NA	NA	NA	NA	NA	NA	1	NA	NA	NA	NA	NA
