0	1	1	1	1	1	1	1	1	1	1	1	1	1	1	1	1	1	1	1	1
10	1	1	1	1	1	1	1	1	1	1	0.96875	0.916666666666667	1	1	1	1	1	1	1	1
20	0.981308411214953	0.538461538461538	0.948979591836735	0.675977653631285	1	1	1	0.604790419161677	0.986577181208054	0.983333333333333	0.990196078431373	1	0.971428571428571	0.944055944055944	0.585585585585586	0.883333333333333	1	0.672566371681416	1	1
30	0.796380090497738	0.364562118126273	0.719557195571956	0.17359413202934	0.995192307692308	0.486033519553073	0.618279569892473	0.408033826638478	0.919014084507042	0.908713692946058	0.855203619909502	0.756	0.964912280701754	0.564606741573034	0.486394557823129	0.675276752767528	0.658469945355191	0.855018587360595	0.581818181818182	0.982062780269058
40	0.216962524654832	0.195744680851064	0.338709677419355	0.18042226487524	0.740740740740741	0.762162162162162	0.251975417032485	0.178955453149002	0.369811320754717	0.542608695652174	0.439232409381663	0.450586264656616	0.875444839857651	0.260922330097087	0.258823529411765	0.255772646536412	0.295959595959596	0.360281195079086	0.734939759036145	0.384433962264151
50	0.16793893129771	0.115423901940756	0.175133689839572	0.130201342281879	0.269541778975741	0.514685314685315	0.0806078625702015	0.100845234625474	0.291472868217054	0.123268698060942	0.209888059701493	0.145757795503988	0.479256080114449	0.112014453477868	0.182777777777778	0.313253012048193	0.125305126118796	0.227341389728097	0.546944858420268	0.423250564334086
60	0.138261464750171	0.112889637742207	0.11837327523602	0.0756964069438837	0.127425275301521	0.285807291666667	0.0629177564661436	0.0788904440768546	0.101116625310174	0.130592841163311	0.11368909512761	0.120010934937124	0.201967213114754	0.0510128913443831	0.086165314623986	0.0711974110032362	0.0832478632478632	0.131067961165049	0.159442724458204	0.123583378305451
70	0.0703137073095348	0.0841519925857275	0.10320838957533	0.119662625197681	0.0870947234583598	0.126421223605847	0.191083218931817	0.131656184486373	0.119989852866565	0.0777545756049625	0.0764587525150905	0.0571297464724102	0.120229007633588	0.0792540792540792	0.136108088501995	0.0803035093265887	0.0671850230240809	0.064805858781263	0.210650887573964	0.128743220938458
80	0.0482061227316803	0.483149496446789	0.311316725978648	0.313792811122414	0.0654325513196481	0.0801349150965341	0.506465228460405	0.593096099199173	0.183581831788613	0.144607439151695	0.12271714922049	0.206369891576314	0.0943025540275049	0.300056929082628	0.322490208204494	0.0777508551881414	0.483021945432977	0.129344766642665	0.110206849779586	0.102796052631579
90	0.505164319248826	0.777651515151515	0.702501583280557	0.818948474762894	0.316776416205137	0.0987674255880295	0.891674957040789	0.868844562194828	0.630352933974104	0.706413961130942	0.58175423485501	0.754658637806168	0.196120815563475	0.815906844427301	0.825062858769391	0.561918955361578	0.827598462802941	0.655992433454939	0.0936909709104647	0.177923810464944
100	0.867351744808392	0.92489220738248	0.917734154050907	0.915964946112147	0.803931619550452	0.644084193245779	0.875855140410467	0.873266987798616	0.904727733220768	0.881794272355348	0.877665445234206	0.89167469607823	0.68162039590611	0.926190728757823	0.894557038962128	0.865054234319208	0.908811697019509	0.856072925494148	0.371941391941392	0.786092500540307
110	0.871308736274978	0.61205749268033	0.738723739177817	0.675984977324263	0.862972527717173	0.888603819924128	0.258426420592521	0.13273868904407	0.830321157892069	0.825450211864407	0.910876198779425	0.815098094967302	0.887452940269919	0.591155611180642	0.559925299351862	0.893210733550311	0.182238832532479	0.860287565328388	0.863837133696554	0.900797838659293
120	0.148766208896427	0.077642073778664	0.0998031496062992	0.059121830550402	0.766315180351058	0.818196405648267	0.0866601752677702	0.0804362644853442	0.0982894907347415	0.0486929379633242	0.139598454142709	0.0529536987759446	0.861365145864201	0.0653882426909777	0.0600651870246779	0.200888057957467	0.0653401452003227	0.271575730691508	0.898767663852208	0.787241531016278
130	0.125470987189148	0.204398447606727	0.102745792736935	0.193386773547094	0.05	0.0756368293724207	0.232081911262799	0.165413533834586	0.117676767676768	0.140013726835964	0.0739466895958727	0.116751269035533	0.141989840168505	0.234939759036145	0.222350230414747	0.0793078586878154	0.427350427350427	0.109297374024131	0.0961346066393815	0.0506353300850291
140	0.258741258741259	0.3	0.583333333333333	0.129032258064516	0.115115115115115	0.136068237205524	0.666666666666667	NA	0.333333333333333	0.27	0.165644171779141	0.496503496503497	0.0707600149756645	0.3	0.2	0.27536231884058	0.666666666666667	0.190217391304348	0.0825665859564165	0.0528905289052891
150	1	NA	NA	NA	0.333333333333333	0.24907063197026	NA	NA	1	1	NA	NA	0.167701863354037	NA	NA	0.230769230769231	NA	0.25	0.136612021857924	0.333333333333333
160	NA	NA	NA	NA	NA	0.181818181818182	NA	NA	NA	NA	NA	NA	0.666666666666667	NA	NA	NA	NA	NA	1	NA
