0	1	1	1	1	1	1	1	1	1	1	1	1	1	1	1	1	1	1	1	1
10	0.769230769230769	0.9375	0.461538461538462	0.357142857142857	0.590909090909091	0.375	0.909090909090909	0.666666666666667	0.555555555555556	0.533333333333333	0.888888888888889	0.428571428571429	0.555555555555556	0.307692307692308	0.3	0.615384615384615	1	1	0.5	0.8
20	0.204081632653061	0.3	0.6	0.361111111111111	0.408163265306122	0.470588235294118	0.523809523809524	0.333333333333333	0.296296296296296	0.975	0.814814814814815	0.4	0.547619047619048	0.285714285714286	0.5	0.487179487179487	0.692307692307692	0.387096774193548	0.526315789473684	0.342105263157895
30	0.222222222222222	0.268292682926829	0.283018867924528	0.148936170212766	0.333333333333333	0.192982456140351	0.548387096774194	0.254545454545455	0.444444444444444	0.166666666666667	0.317073170731707	0.823529411764706	0.233766233766234	0.2	0.125	0.247058823529412	0.203125	0.2875	0.405405405405405	0.152173913043478
40	0.162162162162162	0.275862068965517	0.315217391304348	0.245098039215686	0.202247191011236	0.172413793103448	0.30188679245283	0.222222222222222	0.171428571428571	0.153846153846154	0.258064516129032	0.150684931506849	0.180327868852459	0.293333333333333	0.186813186813187	0.138686131386861	0.168067226890756	0.138686131386861	0.444444444444444	0.139072847682119
50	0.092511013215859	0.219251336898396	0.125	0.0797101449275362	0.0845070422535211	0.0845070422535211	0.139130434782609	0.139072847682119	0.164383561643836	0.142105263157895	0.221238938053097	0.155963302752294	0.0909090909090909	0.0810810810810811	0.0869565217391304	0.0572916666666667	0.0777777777777778	0.134782608695652	0.237113402061856	0.142131979695431
60	0.0955631399317406	0.106870229007634	0.078125	0.0653266331658292	0.056390977443609	0.0886363636363636	0.0792682926829268	0.111111111111111	0.160377358490566	0.0905923344947735	0.179012345679012	0.161290322580645	0.0611246943765281	0.0811965811965812	0.0915492957746479	0.0786749482401656	0.127388535031847	0.0631313131313131	0.294478527607362	0.0905923344947735
70	0.0622222222222222	0.055452865064695	0.0668257756563246	0.0641025641025641	0.0653753026634383	0.0562962962962963	0.0968858131487889	0.06875	0.114942528735632	0.063231850117096	0.129770992366412	0.0775862068965517	0.0355987055016181	0.0604651162790698	0.0904109589041096	0.0288659793814433	0.0560578661844485	0.0441176470588235	0.0893617021276596	0.0592592592592593
80	0.0358680057388809	0.0415647921760391	0.0725308641975309	0.111317254174397	0.033175355450237	0.0358705161854768	0.0534351145038168	0.0571428571428571	0.0689655172413793	0.0312907431551499	0.0586854460093897	0.0549738219895288	0.0242214532871972	0.0553191489361702	0.0525423728813559	0.026814911706998	0.0374037403740374	0.0458295142071494	0.0799136069114471	0.0344827586206897
90	0.0289855072463768	0.0238439306358381	0.0346869712351946	0.0506912442396313	0.041123370110331	0.0217622080679406	0.0375	0.0334261838440111	0.0649606299212598	0.0287490287490287	0.0428571428571429	0.045958795562599	0.0251231527093596	0.0286181520850368	0.044296788482835	0.0113112693757855	0.0186915887850467	0.0274509803921569	0.0486555697823303	0.0382736156351792
100	0.0196335078534031	0.0170250896057348	0.0199524940617577	0.0265151515151515	0.0240572171651495	0.012329223592136	0.0463414634146341	0.0232142857142857	0.046740467404674	0.0187353629976581	0.023462783171521	0.0282651072124756	0.015025041736227	0.0156502968159741	0.0210862619808307	0.0145341292499351	0.0166952054794521	0.0207439198855508	0.0234948604992658	0.0137784843667197
110	0.0131274131274131	0.00962067069818582	0.015130674002751	0.0236686390532544	0.0179184140297369	0.00825763831544178	0.0185774946921444	0.0209545983701979	0.0394011032308905	0.011265164644714	0.0151730678046468	0.0198019801980198	0.00958411774773233	0.0123203285420945	0.014218009478673	0.00770390219393736	0.0132743362831858	0.00987370838117107	0.0428692699490662	0.0103124052168638
120	0.0110599078341014	0.00745183569611051	0.00944068400427503	0.0142694063926941	0.00954946131243879	0.00606877950101146	0.00990752972258917	0.0141843971631206	0.0179274158285964	0.00864719446579554	0.00839234198793601	0.019105846388995	0.00743494423791822	0.0082411624376491	0.0124207858048162	0.00518022879343838	0.00740088105726872	0.00651562268621353	0.0139420448332422	0.00741929015440144
130	0.00646013801203935	0.00660227411664018	0.00742992232353934	0.00597285067873303	0.0082047915982934	0.00552020958083832	0.00783630822812364	0.0129348795718109	0.0118534482758621	0.0065772830761447	0.0106934543097861	0.0137148262000473	0.00767101621194148	0.0114617235036083	0.00934579439252336	0.00483014007406215	0.00508454534704978	0.00463242698892246	0.00952699314725054	0.00745692980200566
140	0.00558878321404059	0.00527727312051215	0.00442781891747462	0.00504383331331812	0.00656138790035587	0.0040521978021978	0.00680464984406011	0.00784255696951761	0.00816965061706935	0.00649053844044245	0.0059906811626359	0.0100226317491109	0.0042558517962198	0.00531107738998483	0.00684261974584555	0.00332860753251556	0.0061495572318793	0.00400385556461778	0.00806451612903226	0.00506351603446744
150	0.00400116397497454	0.00445405122158905	0.0051789077212806	0.00682821217420268	0.0059191329720717	0.00421866760414836	0.00544672718585762	0.00433749870907776	0.0053248136315229	0.00511581639903368	0.00572459222082811	0.00624372839781469	0.00468154599891127	0.00350606549330342	0.00610415700819039	0.00410427066001109	0.00444755067030942	0.00526188460142736	0.0069535656339334	0.00521529820807703
160	0.00385694249649369	0.00319524637031224	0.00391797689920114	0.00460534731994371	0.00422275006598047	0.00335971755594784	0.00545137374618404	0.00459926110231471	0.00541694024950755	0.00504724455660543	0.00346663365110808	0.00579570152137165	0.00533274080657705	0.00473092844470727	0.00600563027838599	0.00416964498451275	0.00355610747347031	0.00405644746614866	0.00394076904705039	0.00348471223021583
170	0.00440430395272342	0.00360486074771789	0.00767307036489712	0.003690036900369	0.00386903043252295	0.00448400923178371	0.00391221957332355	0.00392716886826134	0.00492222878519394	0.00430912286670069	0.00548185505975222	0.00525591290201477	0.00789900557162	0.00376368613138686	0.00393170074140643	0.00520235636141076	0.00655430711610487	0.00438067424290521	0.00422668372170625	0.00366503776099511
180	0.00418994413407821	0.00720641223619384	0.00489654083083241	0.00437292286164072	0.00535735311432945	0.00670515924753213	0.00700213624495609	0.00343255866299027	0.00340056285178236	0.00494454095950822	0.00406740267286461	0.00522706834532374	0.00848220023133273	0.00418632467273573	0.00663955018542888	0.00734901122394442	0.00530230502982547	0.00643702157272095	0.00388608901572652	0.00675030683212873
190	0.0057116953762466	0.00879243183082916	0.00666956647817892	0.00470726684318917	0.00424808836023789	0.00915619389587074	0.00487483530961792	0.00594781273983116	0.00549922667124936	0.00564855705042621	0.00491841673823093	0.00431748284835581	0.0130614845492195	0.00683875939125409	0.00783331987402083	0.0133409026397956	0.0082614506135342	0.00877327997537325	0.00605543047900008	0.00776821331093848
200	0.012428619415519	0.0165876777251185	0.0236686390532544	0.00857713547174245	0.00794852384557154	0.0116335433834222	0.00507478632478632	0.00625390869293308	0.00479977075721757	0.00987857583864993	0.00690694461886224	0.00615783503484038	0.031968031968032	0.00716157205240175	0.00570064960890892	0.0286181520850368	0.0143941376602984	0.0157665213015767	0.0058411214953271	0.0192267061060638
210	0.0160611854684512	0.0354993983152828	0.0280777537796976	0.0149562816382881	0.0183189655172414	0.0495750708215297	0.00828056502679006	0.0109854604200323	0.00809331111640086	0.0187409899086977	0.0159045725646123	0.0117243351444095	0.0780669144981413	0.0125208681135225	0.0172786177105832	0.0477611940298507	0.0207532667179093	0.0234042553191489	0.012481426448737	0.021356783919598
220	0.0341685649202733	0.0387243735763098	0.0707547169811321	0.030826140567201	0.0364697301239971	0.120567375886525	0.0222591362126246	0.0169198895027624	0.0106937923839332	0.037593984962406	0.0184842883548983	0.0102820211515864	0.0925925925925926	0.0279017857142857	0.0256410256410256	0.103896103896104	0.0490463215258856	0.130057803468208	0.03147128245476	0.0562770562770563
230	0.0502283105022831	0.0882352941176471	0.104166666666667	0.0555555555555556	0.0640176600441501	0.227272727272727	0.0386266094420601	0.039612676056338	0.0163568773234201	0.116751269035533	0.0754716981132075	0.0241433021806854	0.571428571428571	0.0340909090909091	0.0786802030456853	0.277777777777778	0.263157894736842	0.158227848101266	0.0453563714902808	0.0833333333333333
240	0.206896551724138	0.1875	0.545454545454545	0.133333333333333	0.076271186440678	0.5	0.0632911392405063	0.0790960451977401	0.0317460317460317	0.163636363636364	0.133333333333333	0.0583756345177665	NA	0.323741007194245	0.139784946236559	0.75	0.347826086956522	0.447058823529412	0.28695652173913	0.222222222222222
250	0.176470588235294	0.333333333333333	0.666666666666667	0.3	0.266666666666667	NA	0.0909090909090909	0.096551724137931	0.0884353741496599	0.3	1	0.158333333333333	NA	0.25	0.185185185185185	1	1	0.181818181818182	0.263157894736842	0.333333333333333
260	0.75	NA	NA	0.833333333333333	0.384615384615385	NA	0.272727272727273	0.232142857142857	0.288888888888889	0.5	NA	0.318181818181818	NA	0.333333333333333	0.5	NA	NA	0.5	1	NA
270	NA	NA	NA	0.666666666666667	0.666666666666667	NA	1	0.333333333333333	0.2	NA	NA	0.5	NA	0.6	NA	NA	NA	NA	NA	NA
280	NA	NA	NA	0.666666666666667	1	NA	NA	1	NA	NA	NA	NA	NA	1	NA	NA	NA	NA	NA	NA
290	NA	NA	NA	NA	NA	NA	NA	1	NA	NA	NA	NA	NA	NA	NA	NA	NA	NA	NA	NA
