0	1	1	1	1	1	1	1	1	1	1	1	1	1	1	1	1	1	1	1	1	1	1	1	1	1	1	1	1	1	1	1	1	1	1	1	1	1	1	1	1	1	1	1	1	1	1	1	1	1	1
5	0.8	0.7	0.666666666666667	1	0.8	0.4	0.571428571428571	0.666666666666667	0.5	0.6	0.666666666666667	0.833333333333333	0.75	0.6	0.444444444444444	1	1	0.4	1	0.8	0.625	0.625	NA	1	0.692307692307692	0.555555555555556	1	0.5	0.428571428571429	1	0.666666666666667	0.636363636363636	0.5	0.5	0.909090909090909	NA	0.666666666666667	1	0.375	1	0.833333333333333	0.428571428571429	0.5	1	1	0.75	0.333333333333333	0.5	NA	1
10	NA	0.25	0.428571428571429	0.666666666666667	1	0.8	0.5	1	0.666666666666667	0.333333333333333	0.75	1	0.555555555555556	0.833333333333333	0.294117647058824	NA	1	0.416666666666667	0.5	0.5	0.285714285714286	0.384615384615385	NA	0.666666666666667	0.28	0.666666666666667	1	0.416666666666667	0.6	NA	0.571428571428571	0.384615384615385	0.454545454545455	0.368421052631579	0.428571428571429	NA	0.461538461538462	0.555555555555556	0.333333333333333	0.5	0.5	0.363636363636364	1	NA	NA	0.666666666666667	0.375	1	NA	0.4
15	NA	0.666666666666667	0.625	0.5	0.454545454545455	0.666666666666667	0.857142857142857	0.5	NA	0.5	0.5	0.8	0.5	0.5	0.3125	NA	NA	0.571428571428571	1	0.3	0.416666666666667	0.3125	NA	0.388888888888889	0.333333333333333	0.45	0.666666666666667	0.461538461538462	0.933333333333333	NA	0.384615384615385	0.6	0.5	0.428571428571429	0.5	NA	0.363636363636364	1	0.555555555555556	0.5	0.3125	0.333333333333333	0.647058823529412	NA	NA	0.6	0.333333333333333	1	NA	0.571428571428571
20	NA	1	0.7	0.75	0.357142857142857	NA	0.625	0.333333333333333	NA	0.428571428571429	0.4	1	0.6	0.5	0.25	NA	NA	0.5	0.5	0.277777777777778	0.3	0.294117647058824	NA	0.454545454545455	0.3125	0.380952380952381	0.714285714285714	0.227272727272727	0.318181818181818	NA	0.357142857142857	0.5	0.5	0.25	0.5	NA	0.5	NA	0.533333333333333	0.5	0.363636363636364	0.5	0.391304347826087	NA	NA	0.615384615384615	0.170731707317073	NA	NA	0.8
25	NA	1	0.324324324324324	0.666666666666667	0.590909090909091	NA	0.5	0.75	NA	0.333333333333333	0.555555555555556	0.375	0.5	0.333333333333333	0.32	NA	NA	1	NA	0.428571428571429	0.5	0.444444444444444	NA	0.333333333333333	0.714285714285714	0.428571428571429	0.454545454545455	0.571428571428571	0.266666666666667	NA	0.285714285714286	0.4	0.625	0.3	1	NA	0.363636363636364	NA	0.466666666666667	0.444444444444444	0.363636363636364	0.545454545454545	0.235294117647059	NA	NA	0.714285714285714	0.212121212121212	NA	NA	1
30	NA	NA	0.186046511627907	0.666666666666667	0.615384615384615	NA	0.214285714285714	0.375	NA	0.5	0.333333333333333	0.538461538461538	1	0.5	0.444444444444444	NA	NA	0.928571428571429	NA	0.32	0.222222222222222	0.533333333333333	NA	0.5	1	0.272727272727273	0.428571428571429	0.294117647058824	0.2	NA	0.444444444444444	NA	0.555555555555556	0.157894736842105	1	NA	0.846153846153846	NA	0.333333333333333	0.5	0.318181818181818	0.307692307692308	0.227272727272727	NA	NA	0.5625	0.216666666666667	NA	NA	0.428571428571429
35	NA	NA	0.204545454545455	NA	0.375	NA	0.681818181818182	0.888888888888889	NA	0.571428571428571	0.75	0.4	0.444444444444444	0.357142857142857	0.307692307692308	NA	NA	0.588235294117647	NA	0.222222222222222	0.470588235294118	0.230769230769231	NA	0.636363636363636	0.705882352941177	0.285714285714286	0.181818181818182	0.4	0.35	NA	0.5	NA	0.5	0.2	1	NA	0.363636363636364	NA	NA	1	0.384615384615385	0.357142857142857	0.228571428571429	NA	NA	0.227272727272727	0.105263157894737	NA	NA	0.6
40	NA	NA	0.203703703703704	NA	0.3125	NA	0.428571428571429	0.5	NA	0.571428571428571	0.75	0.4	0.5	0.454545454545455	0.357142857142857	NA	NA	0.545454545454545	NA	0.333333333333333	0.333333333333333	0.307692307692308	NA	0.3	0.3	0.857142857142857	0.35	0.19047619047619	0.304347826086957	NA	0.538461538461538	NA	0.285714285714286	0.357142857142857	1	NA	0.8	NA	NA	NA	0.428571428571429	0.185185185185185	0.142857142857143	NA	NA	0.3	0.113207547169811	NA	NA	1
45	NA	NA	0.0909090909090909	NA	0.470588235294118	NA	0.142857142857143	0.6	NA	0.285714285714286	0.6	0.35	0.285714285714286	0.421052631578947	0.342857142857143	NA	NA	0.714285714285714	NA	0.533333333333333	0.232558139534884	0.266666666666667	NA	0.388888888888889	0.4	0.375	0.333333333333333	0.241379310344828	0.222222222222222	NA	0.476190476190476	NA	0.285714285714286	0.235294117647059	0.666666666666667	NA	0.5	NA	NA	NA	0.416666666666667	0.176470588235294	0.387096774193548	NA	NA	0.2	0.134615384615385	NA	NA	1
50	NA	NA	0.134146341463415	NA	0.333333333333333	NA	0.285714285714286	0.307692307692308	NA	0.666666666666667	NA	0.526315789473684	0.666666666666667	0.166666666666667	0.212121212121212	NA	NA	0.5	NA	0.666666666666667	0.193548387096774	0.384615384615385	NA	0.333333333333333	0.294117647058824	0.545454545454545	0.5	0.421052631578947	0.357142857142857	NA	0.35	NA	0.380952380952381	0.136363636363636	0.5	NA	1	NA	NA	NA	0.4	0.212121212121212	0.166666666666667	NA	NA	0.333333333333333	0.162790697674419	NA	NA	0.6
55	NA	NA	0.0978260869565217	NA	0.5	NA	0.333333333333333	0.666666666666667	NA	0.5	NA	0.2	1	0.16	0.153846153846154	NA	NA	0.333333333333333	NA	0.555555555555556	0.21875	0.333333333333333	NA	0.5	0.241379310344828	0.583333333333333	0.666666666666667	0.269230769230769	0.4	NA	0.526315789473684	NA	0.235294117647059	0.106382978723404	1	NA	NA	NA	NA	NA	1	0.171428571428571	0.235294117647059	NA	NA	0.25	0.298507462686567	NA	NA	0.333333333333333
60	NA	NA	0.114503816793893	NA	NA	NA	0.25	NA	NA	0.4	NA	0.214285714285714	0.555555555555556	0.212765957446809	0.171428571428571	NA	NA	0.363636363636364	NA	0.384615384615385	0.236842105263158	0.285714285714286	NA	0.375	0.327272727272727	0.4375	0.888888888888889	0.3125	0.181818181818182	NA	0.2	NA	0.461538461538462	0.134615384615385	NA	NA	NA	NA	NA	NA	0.25	0.128205128205128	0.348837209302326	NA	NA	0.545454545454545	0.104477611940299	NA	NA	1
65	NA	NA	0.0608695652173913	NA	NA	NA	0.857142857142857	NA	NA	1	NA	0.146341463414634	0.4	0.0882352941176471	0.135135135135135	NA	NA	1	NA	0.233333333333333	0.152542372881356	0.333333333333333	NA	0.428571428571429	0.194444444444444	0.363636363636364	0.416666666666667	0.565217391304348	0.28	NA	0.347826086956522	NA	0.464285714285714	0.128571428571429	NA	NA	NA	NA	NA	NA	0.333333333333333	0.162162162162162	0.166666666666667	NA	NA	0.75	0.11864406779661	NA	NA	1
70	NA	NA	0.107843137254902	NA	NA	NA	0.5	NA	NA	1	NA	0.147058823529412	0.777777777777778	0.0875	0.216216216216216	NA	NA	1	NA	0.333333333333333	0.109375	0.454545454545455	NA	0.777777777777778	0.153846153846154	0.238095238095238	0.8	0.411764705882353	0.285714285714286	NA	0.115384615384615	NA	0.391304347826087	0.109090909090909	NA	NA	NA	NA	NA	NA	0.3125	0.257142857142857	0.171428571428571	NA	NA	0.461538461538462	0.107692307692308	NA	NA	NA
75	NA	NA	0.0677966101694915	NA	NA	NA	0.75	NA	NA	0.5	NA	0.209302325581395	0.5	0.139240506329114	0.135593220338983	NA	NA	1	NA	0.3	0.0983606557377049	0.333333333333333	NA	0.461538461538462	0.127659574468085	0.378378378378378	NA	0.2	0.260869565217391	NA	0.127659574468085	NA	0.333333333333333	0.147058823529412	NA	NA	NA	NA	NA	NA	0.333333333333333	0.219512195121951	0.268292682926829	NA	NA	0.4	0.072289156626506	NA	NA	NA
80	NA	NA	0.0918367346938776	NA	NA	NA	0.75	NA	NA	0.3	NA	0.196078431372549	0.444444444444444	0.08	0.0886075949367089	NA	NA	1	NA	0.333333333333333	0.11864406779661	0.428571428571429	NA	0.416666666666667	0.470588235294118	0.236842105263158	NA	0.32	0.304347826086957	NA	0.123287671232877	NA	0.222222222222222	0.196428571428571	NA	NA	NA	NA	NA	NA	0.307692307692308	0.28	0.122448979591837	NA	NA	0.363636363636364	0.0886075949367089	NA	NA	NA
85	NA	NA	0.0918367346938776	NA	NA	NA	0.6	NA	NA	0.5	NA	0.181818181818182	0.666666666666667	0.103896103896104	0.108433734939759	NA	NA	NA	NA	0.148148148148148	0.132075471698113	0.3	NA	0.333333333333333	0.121951219512195	0.152173913043478	NA	0.25	0.128205128205128	NA	0.130434782608696	NA	0.205882352941176	0.159090909090909	NA	NA	NA	NA	NA	NA	0.228571428571429	0.277777777777778	0.298245614035088	NA	NA	0.263157894736842	0.0526315789473684	NA	NA	NA
90	NA	NA	0.114583333333333	NA	NA	NA	0.8	NA	NA	0.5	NA	0.125	0.3	0.105263157894737	0.175257731958763	NA	NA	NA	NA	0.166666666666667	0.215686274509804	0.233333333333333	NA	0.454545454545455	0.204081632653061	0.121212121212121	NA	0.4	0.153846153846154	NA	0.152777777777778	NA	0.181818181818182	0.25531914893617	NA	NA	NA	NA	NA	NA	0.238095238095238	0.631578947368421	0.125	NA	NA	0.235294117647059	0.0884955752212389	NA	NA	NA
95	NA	NA	0.0821917808219178	NA	NA	NA	0.375	NA	NA	NA	NA	0.104347826086957	0.421052631578947	0.133333333333333	0.0879120879120879	NA	NA	NA	NA	0.157894736842105	0.145161290322581	0.189189189189189	NA	0.333333333333333	0.166666666666667	0.1875	NA	0.4	0.14	NA	0.155172413793103	NA	0.104166666666667	0.15625	NA	NA	NA	NA	NA	NA	0.18	0.5	0.230769230769231	NA	NA	0.411764705882353	0.0746268656716418	NA	NA	NA
100	NA	NA	0.0689655172413793	NA	NA	NA	0.375	NA	NA	NA	NA	0.0655737704918033	0.285714285714286	0.0987654320987654	0.121621621621622	NA	NA	NA	NA	0.1	0.0843373493975904	0.235294117647059	NA	0.416666666666667	0.136363636363636	0.24	NA	0.3	0.169230769230769	NA	0.13953488372093	NA	0.12962962962963	0.191489361702128	NA	NA	NA	NA	NA	NA	0.1	1	0.428571428571429	NA	NA	0.470588235294118	0.0635838150289017	NA	NA	NA
105	NA	NA	0.0666666666666667	NA	NA	NA	0.272727272727273	NA	NA	NA	NA	0.0697674418604651	0.384615384615385	0.0789473684210526	0.142857142857143	NA	NA	NA	NA	0.170731707317073	0.114583333333333	0.235294117647059	NA	0.315789473684211	0.188679245283019	0.3	NA	0.545454545454545	0.0987654320987654	NA	0.181818181818182	NA	0.103448275862069	0.121951219512195	NA	NA	NA	NA	NA	NA	0.127659574468085	1	0.428571428571429	NA	NA	0.333333333333333	0.0670391061452514	NA	NA	NA
110	NA	NA	0.0774647887323944	NA	NA	NA	0.238095238095238	NA	NA	NA	NA	0.0743801652892562	0.428571428571429	0.192307692307692	0.177777777777778	NA	NA	NA	NA	0.264150943396226	0.0843373493975904	0.2	NA	0.869565217391304	0.161764705882353	0.241379310344828	NA	0.545454545454545	0.180327868852459	NA	0.196428571428571	NA	0.125	0.125	NA	NA	NA	NA	NA	NA	0.145454545454545	1	0.4	NA	NA	0.333333333333333	0.0601092896174863	NA	NA	NA
115	NA	NA	0.0852272727272727	NA	NA	NA	0.318181818181818	NA	NA	NA	NA	0.0680272108843537	1	0.0978260869565217	0.216216216216216	NA	NA	NA	NA	0.103448275862069	0.104166666666667	0.288461538461538	NA	0.303030303030303	0.136363636363636	0.290322580645161	NA	0.416666666666667	0.0833333333333333	NA	0.138461538461538	NA	0.0813953488372093	0.106060606060606	NA	NA	NA	NA	NA	NA	0.155555555555556	0.5	1	NA	NA	0.5625	0.0463917525773196	NA	NA	NA
120	NA	NA	0.0522875816993464	NA	NA	NA	0.206896551724138	NA	NA	NA	NA	0.0656934306569343	0.4	0.074468085106383	0.146341463414634	NA	NA	NA	NA	0.0923076923076923	0.0810810810810811	0.180555555555556	NA	0.178571428571429	0.11864406779661	0.366666666666667	NA	0.375	0.116883116883117	NA	0.10958904109589	NA	0.175925925925926	0.0909090909090909	NA	NA	NA	NA	NA	NA	0.136363636363636	0.888888888888889	0.777777777777778	NA	NA	0.272727272727273	0.0451977401129944	NA	NA	NA
125	NA	NA	0.0545454545454545	NA	NA	NA	0.208333333333333	NA	NA	NA	NA	0.0780141843971631	0.583333333333333	0.0714285714285714	0.2	NA	NA	NA	NA	0.161764705882353	0.100917431192661	0.0864197530864197	NA	0.419354838709677	0.120689655172414	0.21875	NA	0.266666666666667	0.115942028985507	NA	0.0666666666666667	NA	0.114285714285714	0.135135135135135	NA	NA	NA	NA	NA	NA	0.37037037037037	0.333333333333333	0.363636363636364	NA	NA	0.6	0.0518134715025907	NA	NA	NA
130	NA	NA	0.0460526315789474	NA	NA	NA	0.208333333333333	NA	NA	NA	NA	0.135802469135802	0.5	0.0538461538461538	0.204081632653061	NA	NA	NA	NA	0.0851063829787234	0.062015503875969	0.0886075949367089	NA	0.222222222222222	0.114285714285714	0.148148148148148	NA	0.285714285714286	0.099009900990099	NA	0.0606060606060606	NA	0.0592592592592593	0.146666666666667	NA	NA	NA	NA	NA	NA	0.25	0.333333333333333	0.375	NA	NA	0.428571428571429	0.039426523297491	NA	NA	NA
135	NA	NA	0.0797546012269939	NA	NA	NA	0.444444444444444	NA	NA	NA	NA	0.150326797385621	0.416666666666667	0.0604026845637584	0.105263157894737	NA	NA	NA	NA	0.115384615384615	0.0740740740740741	0.134020618556701	NA	0.162790697674419	0.145454545454545	0.32258064516129	NA	0.216216216216216	0.0930232558139535	NA	0.103896103896104	NA	0.0625	0.130952380952381	NA	NA	NA	NA	NA	NA	0.333333333333333	0.5	0.25	NA	NA	0.454545454545455	0.0366666666666667	NA	NA	NA
140	NA	NA	0.0921985815602837	NA	NA	NA	0.6	NA	NA	NA	NA	0.062992125984252	0.333333333333333	0.0993377483443709	0.109375	NA	NA	NA	NA	0.114285714285714	0.0934579439252336	0.0786516853932584	NA	0.13953488372093	0.148648648648649	0.25	NA	0.266666666666667	0.0703125	NA	0.168831168831169	NA	0.0575539568345324	0.144329896907216	NA	NA	NA	NA	NA	NA	0.304347826086957	0.5	0.5	NA	NA	0.421052631578947	0.0520446096654275	NA	NA	NA
145	NA	NA	0.0909090909090909	NA	NA	NA	0.6	NA	NA	NA	NA	0.0887096774193548	0.416666666666667	0.0533333333333333	0.0972222222222222	NA	NA	NA	NA	0.0853658536585366	0.0618556701030928	0.111111111111111	NA	0.222222222222222	0.0777777777777778	0.173913043478261	NA	0.166666666666667	0.0854700854700855	NA	0.106796116504854	NA	0.0729166666666667	0.0886075949367089	NA	NA	NA	NA	NA	NA	0.3	0.8	0.5	NA	NA	0.238095238095238	0.039568345323741	NA	NA	NA
150	NA	NA	0.0989010989010989	NA	NA	NA	0.6	NA	NA	NA	NA	0.0925925925925926	0.333333333333333	0.0662251655629139	0.103448275862069	NA	NA	NA	NA	0.0675675675675676	0.141025641025641	0.108333333333333	NA	0.193548387096774	0.0714285714285714	0.318181818181818	NA	0.150943396226415	0.0583333333333333	NA	0.0695652173913043	NA	0.0416666666666667	0.105263157894737	NA	NA	NA	NA	NA	NA	0.222222222222222	0.625	0.833333333333333	NA	NA	0.3125	0.0245614035087719	NA	NA	NA
155	NA	NA	0.0833333333333333	NA	NA	NA	0.227272727272727	NA	NA	NA	NA	0.0642201834862385	0.4375	0.0769230769230769	0.0806451612903226	NA	NA	NA	NA	0.111111111111111	0.0970873786407767	0.0731707317073171	NA	0.15625	0.11864406779661	0.266666666666667	NA	0.116666666666667	0.082089552238806	NA	0.0660377358490566	NA	0.075	0.112359550561798	NA	NA	NA	NA	NA	NA	0.434782608695652	0.5	0.454545454545455	NA	NA	0.208333333333333	0.035031847133758	NA	NA	NA
160	NA	NA	0.0852713178294574	NA	NA	NA	0.392857142857143	NA	NA	NA	NA	0.0952380952380952	0.416666666666667	0.0610687022900763	0.0952380952380952	NA	NA	NA	NA	0.145161290322581	0.0642201834862385	0.058252427184466	NA	0.166666666666667	0.206896551724138	0.277777777777778	NA	0.126760563380282	0.0535714285714286	NA	0.0909090909090909	NA	0.0857142857142857	0.0961538461538462	NA	NA	NA	NA	NA	NA	0.36	0.777777777777778	0.555555555555556	NA	NA	0.35	0.0252100840336134	NA	NA	NA
165	NA	NA	0.0555555555555556	NA	NA	NA	0.272727272727273	NA	NA	NA	NA	0.0697674418604651	0.4	0.0873015873015873	0.186440677966102	NA	NA	NA	NA	0.148648648648649	0.0655737704918033	0.0859375	NA	0.129032258064516	0.152173913043478	0.333333333333333	NA	0.0923076923076923	0.0588235294117647	NA	0.0666666666666667	NA	0.0650887573964497	0.0761904761904762	NA	NA	NA	NA	NA	NA	0.256410256410256	0.25	0.454545454545455	NA	NA	0.2	0.0263157894736842	NA	NA	NA
170	NA	NA	0.0869565217391304	NA	NA	NA	0.214285714285714	NA	NA	NA	NA	0.0810810810810811	0.6	0.0814814814814815	0.135593220338983	NA	NA	NA	NA	0.103896103896104	0.0840336134453782	0.0522388059701493	NA	0.361111111111111	0.185714285714286	0.2	NA	0.108108108108108	0.0578034682080925	NA	0.0595238095238095	NA	0.0564971751412429	0.0806451612903226	NA	NA	NA	NA	NA	NA	0.166666666666667	0.428571428571429	0.555555555555556	NA	NA	0.333333333333333	0.0324324324324324	NA	NA	NA
175	NA	NA	0.0782608695652174	NA	NA	NA	0.166666666666667	NA	NA	NA	NA	0.11304347826087	0.571428571428571	0.0723684210526316	0.117647058823529	NA	NA	NA	NA	0.118421052631579	0.104761904761905	0.0566037735849057	NA	0.173913043478261	0.0945945945945946	0.307692307692308	NA	0.0875	0.0561797752808989	NA	0.0730337078651685	NA	0.0483091787439614	0.078125	NA	NA	NA	NA	NA	NA	0.111111111111111	0.333333333333333	0.666666666666667	NA	NA	0.4	0.0328638497652582	NA	NA	NA
180	NA	NA	0.16793893129771	NA	NA	NA	0.160714285714286	NA	NA	NA	NA	0.101851851851852	0.5	0.05	0.147540983606557	NA	NA	NA	NA	0.117647058823529	0.0689655172413793	0.0606060606060606	NA	0.151515151515152	0.136363636363636	0.290322580645161	NA	0.117117117117117	0.0462962962962963	NA	0.0625	NA	0.0806451612903226	0.0614035087719298	NA	NA	NA	NA	NA	NA	0.147058823529412	0.4	1	NA	NA	0.428571428571429	0.0253456221198157	NA	NA	NA
185	NA	NA	0.0650406504065041	NA	NA	NA	0.155555555555556	NA	NA	NA	NA	0.0849056603773585	1	0.0588235294117647	0.220779220779221	NA	NA	NA	NA	0.115789473684211	0.0686274509803922	0.0568181818181818	NA	0.164556962025316	0.0819672131147541	0.4	NA	0.094017094017094	0.0547945205479452	NA	0.0657276995305164	NA	0.0402010050251256	0.0888888888888889	NA	NA	NA	NA	NA	NA	0.222222222222222	0.375	NA	NA	NA	1	0.0260521042084168	NA	NA	NA
190	NA	NA	0.048	NA	NA	NA	0.127659574468085	NA	NA	NA	NA	0.0957446808510638	0.5	0.0416666666666667	0.115942028985507	NA	NA	NA	NA	0.0945945945945946	0.0952380952380952	0.0540540540540541	NA	0.0779220779220779	0.104	0.260869565217391	NA	0.0560747663551402	0.046218487394958	NA	0.0516431924882629	NA	0.0425531914893617	0.0747663551401869	NA	NA	NA	NA	NA	NA	0.444444444444444	0.411764705882353	NA	NA	NA	1	0.0210970464135021	NA	NA	NA
195	NA	NA	0.0714285714285714	NA	NA	NA	0.153846153846154	NA	NA	NA	NA	0.0707964601769911	NA	0.0687830687830688	0.0819672131147541	NA	NA	NA	NA	0.0888888888888889	0.0679611650485437	0.0738636363636364	NA	0.08	0.0782608695652174	0.217391304347826	NA	0.0564516129032258	0.0501930501930502	NA	0.046875	NA	0.0483271375464684	0.103448275862069	NA	NA	NA	NA	NA	NA	0.290322580645161	0.4375	NA	NA	NA	NA	0.0205223880597015	NA	NA	NA
200	NA	NA	0.0941176470588235	NA	NA	NA	0.132352941176471	NA	NA	NA	NA	0.0967741935483871	NA	0.0423728813559322	0.135593220338983	NA	NA	NA	NA	0.115044247787611	0.0806451612903226	0.06	NA	0.106796116504854	0.0746268656716418	0.189189189189189	NA	0.120300751879699	0.0537634408602151	NA	0.0490196078431373	NA	0.0352112676056338	0.104838709677419	NA	NA	NA	NA	NA	NA	0.1875	0.375	NA	NA	NA	NA	0.01953125	NA	NA	NA
205	NA	NA	0.0769230769230769	NA	NA	NA	0.128205128205128	NA	NA	NA	NA	0.0671641791044776	NA	0.0447284345047923	0.192307692307692	NA	NA	NA	NA	0.0952380952380952	0.0719424460431655	0.0588235294117647	NA	0.0795454545454545	0.0975609756097561	0.294117647058824	NA	0.0633802816901408	0.0498220640569395	NA	0.0552763819095477	NA	0.0458015267175573	0.0970873786407767	NA	NA	NA	NA	NA	NA	0.233333333333333	0.388888888888889	NA	NA	NA	NA	0.0219966159052453	NA	NA	NA
210	NA	NA	0.0947368421052632	NA	NA	NA	0.0810810810810811	NA	NA	NA	NA	0.0654761904761905	NA	0.0398671096345515	0.230769230769231	NA	NA	NA	NA	0.131313131313131	0.0510948905109489	0.0551181102362205	NA	0.0804597701149425	0.0892857142857143	0.285714285714286	NA	0.0555555555555556	0.0443037974683544	NA	0.0588235294117647	NA	0.0429042904290429	0.106382978723404	NA	NA	NA	NA	NA	NA	0.2	0.285714285714286	NA	NA	NA	NA	0.0190174326465927	NA	NA	NA
215	NA	NA	0.135135135135135	NA	NA	NA	0.135802469135802	NA	NA	NA	NA	0.0621761658031088	NA	0.033003300330033	0.194444444444444	NA	NA	NA	NA	0.0736842105263158	0.0703125	0.0819672131147541	NA	0.114583333333333	0.0423728813559322	0.36	NA	0.072289156626506	0.0313479623824451	NA	0.0531914893617021	NA	0.0408163265306122	0.0909090909090909	NA	NA	NA	NA	NA	NA	0.117647058823529	0.375	NA	NA	NA	NA	0.0203442879499218	NA	NA	NA
220	NA	NA	0.0841121495327103	NA	NA	NA	0.118421052631579	NA	NA	NA	NA	0.0441176470588235	NA	0.0343137254901961	0.162790697674419	NA	NA	NA	NA	0.0841121495327103	0.047244094488189	0.0648148148148148	NA	0.106060606060606	0.072	0.380952380952381	NA	0.0561224489795918	0.0264900662251656	NA	0.039647577092511	NA	0.0362537764350453	0.137931034482759	NA	NA	NA	NA	NA	NA	0.166666666666667	0.310344827586207	NA	NA	NA	NA	0.0146103896103896	NA	NA	NA
225	NA	NA	0.101694915254237	NA	NA	NA	0.12987012987013	NA	NA	NA	NA	0.0779816513761468	NA	0.0238726790450928	0.145833333333333	NA	NA	NA	NA	0.094488188976378	0.048951048951049	0.0686274509803922	NA	0.113924050632911	0.0769230769230769	0.15625	NA	0.065989847715736	0.0335570469798658	NA	0.0558139534883721	NA	0.0372670807453416	0.0863309352517986	NA	NA	NA	NA	NA	NA	0.170731707317073	0.277777777777778	NA	NA	NA	NA	0.0195488721804511	NA	NA	NA
230	NA	NA	0.0676691729323308	NA	NA	NA	0.0930232558139535	NA	NA	NA	NA	0.0368663594470046	NA	0.0224438902743142	0.130434782608696	NA	NA	NA	NA	0.0787878787878788	0.063953488372093	0.0655737704918033	NA	0.0821917808219178	0.0814814814814815	0.14	NA	0.0465116279069767	0.0508474576271186	NA	0.0517241379310345	NA	0.0449438202247191	0.0601503759398496	NA	NA	NA	NA	NA	NA	0.195121951219512	0.238095238095238	NA	NA	NA	NA	0.0216049382716049	NA	NA	NA
235	NA	NA	0.0814814814814815	NA	NA	NA	0.0869565217391304	NA	NA	NA	NA	0.0454545454545455	NA	0.0240174672489083	0.18	NA	NA	NA	NA	0.0535714285714286	0.032258064516129	0.134228187919463	NA	0.0645161290322581	0.0512820512820513	0.134328358208955	NA	0.0521739130434783	0.0454545454545455	NA	0.0614525139664804	NA	0.0379008746355685	0.05625	NA	NA	NA	NA	NA	NA	0.148936170212766	0.405405405405405	NA	NA	NA	NA	0.0192616372391653	NA	NA	NA
240	NA	NA	0.0684931506849315	NA	NA	NA	0.134146341463415	NA	NA	NA	NA	0.0288808664259928	NA	0.0170454545454545	0.146666666666667	NA	NA	NA	NA	0.074468085106383	0.0619469026548673	0.0723684210526316	NA	0.0833333333333333	0.0654761904761905	0.107142857142857	NA	0.036036036036036	0.036	NA	0.0625	NA	0.0277008310249307	0.0533333333333333	NA	NA	NA	NA	NA	NA	0.128205128205128	0.228571428571429	NA	NA	NA	NA	0.0182094081942337	NA	NA	NA
245	NA	NA	0.0714285714285714	NA	NA	NA	0.0865384615384615	NA	NA	NA	NA	0.0408921933085502	NA	0.0303030303030303	0.103448275862069	NA	NA	NA	NA	0.0427350427350427	0.0513833992094862	0.0575539568345324	NA	0.0645161290322581	0.0483870967741935	0.129032258064516	NA	0.0380952380952381	0.0285714285714286	NA	0.0541871921182266	NA	0.0275482093663912	0.0726256983240224	NA	NA	NA	NA	NA	NA	0.145161290322581	0.288888888888889	NA	NA	NA	NA	0.0225464190981432	NA	NA	NA
250	NA	NA	0.046242774566474	NA	NA	NA	0.0943396226415094	NA	NA	NA	NA	0.0509803921568627	NA	0.0161290322580645	0.107142857142857	NA	NA	NA	NA	0.0353982300884956	0.0364238410596026	0.0580645161290323	NA	0.0625	0.0747126436781609	0.223880597014925	NA	0.0528846153846154	0.037344398340249	NA	0.051948051948052	NA	0.0265486725663717	0.0967741935483871	NA	NA	NA	NA	NA	NA	0.111111111111111	0.166666666666667	NA	NA	NA	NA	0.0192307692307692	NA	NA	NA
255	NA	NA	0.0452488687782805	NA	NA	NA	0.0588235294117647	NA	NA	NA	NA	0.0561056105610561	NA	0.0256410256410256	0.142857142857143	NA	NA	NA	NA	0.0625	0.0380116959064327	0.0604395604395604	NA	0.0733333333333333	0.0540540540540541	0.125	NA	0.0574162679425837	0.0691244239631336	NA	0.0473933649289099	NA	0.02088772845953	0.0514705882352941	NA	NA	NA	NA	NA	NA	0.113207547169811	0.236842105263158	NA	NA	NA	NA	0.0191616766467066	NA	NA	NA
260	NA	NA	0.0357142857142857	NA	NA	NA	0.13265306122449	NA	NA	NA	NA	0.0315186246418338	NA	0.0272232304900181	0.0921052631578947	NA	NA	NA	NA	0.0425531914893617	0.0273972602739726	0.0726256983240224	NA	0.0520231213872832	0.0487804878048781	0.0857142857142857	NA	0.0529100529100529	0.0414746543778802	NA	0.0397727272727273	NA	0.0283687943262411	0.0869565217391304	NA	NA	NA	NA	NA	NA	0.0769230769230769	0.173076923076923	NA	NA	NA	NA	0.0174966352624495	NA	NA	NA
265	NA	NA	0.0522388059701493	NA	NA	NA	0.0833333333333333	NA	NA	NA	NA	0.0295698924731183	NA	0.0330739299610895	0.128712871287129	NA	NA	NA	NA	0.0448430493273543	0.038659793814433	0.0585106382978723	NA	0.0621468926553672	0.0357142857142857	0.0947368421052632	NA	0.0833333333333333	0.0416666666666667	NA	0.0495495495495495	NA	0.027027027027027	0.0608108108108108	NA	NA	NA	NA	NA	NA	0.130434782608696	0.135135135135135	NA	NA	NA	NA	0.0166898470097357	NA	NA	NA
270	NA	NA	0.0355871886120996	NA	NA	NA	0.132352941176471	NA	NA	NA	NA	0.0263852242744063	NA	0.0194003527336861	0.0769230769230769	NA	NA	NA	NA	0.0735294117647059	0.0248756218905473	0.0714285714285714	NA	0.0494505494505494	0.047808764940239	0.0813953488372093	NA	0.0714285714285714	0.0636942675159236	NA	0.0567685589519651	NA	0.0208333333333333	0.0482758620689655	NA	NA	NA	NA	NA	NA	0.0495867768595041	0.25	NA	NA	NA	NA	0.0185414091470952	NA	NA	NA
275	NA	NA	0.0568181818181818	NA	NA	NA	0.0945945945945946	NA	NA	NA	NA	0.0383561643835616	NA	0.0230414746543779	0.0964912280701754	NA	NA	NA	NA	0.0442176870748299	0.023094688221709	0.0637254901960784	NA	0.0631578947368421	0.0489795918367347	0.0857142857142857	NA	0.0523255813953488	0.0708661417322835	NA	0.0514285714285714	NA	0.0284463894967177	0.0807453416149068	NA	NA	NA	NA	NA	NA	0.0671641791044776	0.36	NA	NA	NA	NA	0.0190839694656489	NA	NA	NA
280	NA	NA	0.0652173913043478	NA	NA	NA	0.072463768115942	NA	NA	NA	NA	0.0275482093663912	NA	0.0183356840620592	0.10077519379845	NA	NA	NA	NA	0.0491803278688525	0.0300230946882217	0.0588235294117647	NA	0.1375	0.0521172638436482	0.131578947368421	NA	0.0730593607305936	0.0774193548387097	NA	0.0384615384615385	NA	0.0269058295964126	0.0759493670886076	NA	NA	NA	NA	NA	NA	0.0983606557377049	0.352941176470588	NA	NA	NA	NA	0.0266666666666667	NA	NA	NA
285	NA	NA	0.037914691943128	NA	NA	NA	0.106060606060606	NA	NA	NA	NA	0.0433734939759036	NA	0.0212164073550212	0.0961538461538462	NA	NA	NA	NA	0.037037037037037	0.0267639902676399	0.0368098159509202	NA	0.0742857142857143	0.0352112676056338	0.115789473684211	NA	0.0473372781065089	0.0588235294117647	NA	0.0551724137931034	NA	0.0188235294117647	0.0532544378698225	NA	NA	NA	NA	NA	NA	0.0526315789473684	0.375	NA	NA	NA	NA	0.0150684931506849	NA	NA	NA
290	NA	NA	0.0460251046025105	NA	NA	NA	0.15625	NA	NA	NA	NA	0.0255813953488372	NA	0.0206794682422452	0.087719298245614	NA	NA	NA	NA	0.0633802816901408	0.023454157782516	0.0485436893203883	NA	0.0494505494505494	0.0514705882352941	0.10958904109589	NA	0.0569620253164557	0.0481283422459893	NA	0.0414201183431953	NA	0.0291479820627803	0.0502092050209205	NA	NA	NA	NA	NA	NA	0.0393258426966292	0.428571428571429	NA	NA	NA	NA	0.0256739409499358	NA	NA	NA
295	NA	NA	0.0395256916996047	NA	NA	NA	0.114754098360656	NA	NA	NA	NA	0.0242825607064018	NA	0.0273775216138329	0.0514705882352941	NA	NA	NA	NA	0.041958041958042	0.0334029227557411	0.0396341463414634	NA	0.0441176470588235	0.0293159609120521	0.163934426229508	NA	0.0502793296089385	0.0734463276836158	NA	0.079136690647482	NA	0.0359168241965974	0.0505836575875486	NA	NA	NA	NA	NA	NA	0.0407239819004525	0.454545454545455	NA	NA	NA	NA	0.0145888594164456	NA	NA	NA
300	NA	NA	0.0436363636363636	NA	NA	NA	0.12	NA	NA	NA	NA	0.0275423728813559	NA	0.02	0.0558659217877095	NA	NA	NA	NA	0.0469798657718121	0.0253164556962025	0.0303030303030303	NA	0.0954545454545455	0.0337837837837838	0.222222222222222	NA	0.0738636363636364	0.0681818181818182	NA	0.0714285714285714	NA	0.0190274841437632	0.0539419087136929	NA	NA	NA	NA	NA	NA	0.0418410041841004	0.461538461538462	NA	NA	NA	NA	0.0161073825503356	NA	NA	NA
305	NA	NA	0.0590062111801242	NA	NA	NA	0.133333333333333	NA	NA	NA	NA	0.03515625	NA	0.0211565585331453	0.0852272727272727	NA	NA	NA	NA	0.0441640378548896	0.0294840294840295	0.0257234726688103	NA	0.0950413223140496	0.0318471337579618	0.132075471698113	NA	0.0543933054393305	0.0466321243523316	NA	0.0903954802259887	NA	0.0266666666666667	0.0493827160493827	NA	NA	NA	NA	NA	NA	0.0403225806451613	0.272727272727273	NA	NA	NA	NA	0.0124653739612188	NA	NA	NA
310	NA	NA	0.0383561643835616	NA	NA	NA	0.105263157894737	NA	NA	NA	NA	0.0251046025104603	NA	0.0259579728059332	0.0735294117647059	NA	NA	NA	NA	0.0314465408805031	0.033096926713948	0.0277777777777778	NA	0.037037037037037	0.0481099656357388	0.137254901960784	NA	0.0441176470588235	0.0541666666666667	NA	0.0521327014218009	NA	0.0269151138716356	0.0613718411552347	NA	NA	NA	NA	NA	NA	0.0444444444444444	0.470588235294118	NA	NA	NA	NA	0.0169902912621359	NA	NA	NA
315	NA	NA	0.0405797101449275	NA	NA	NA	0.12280701754386	NA	NA	NA	NA	0.0298804780876494	NA	0.0184397163120567	0.0530973451327434	NA	NA	NA	NA	0.0365853658536585	0.036117381489842	0.0269461077844311	NA	0.0327868852459016	0.0353260869565217	0.155555555555556	NA	0.0427046263345196	0.0438247011952191	NA	0.0922330097087379	NA	0.0238095238095238	0.041044776119403	NA	NA	NA	NA	NA	NA	0.0584192439862543	0.785714285714286	NA	NA	NA	NA	0.0169050715214564	NA	NA	NA
320	NA	NA	0.0291545189504373	NA	NA	NA	0.0961538461538462	NA	NA	NA	NA	0.0324543610547667	NA	0.0163690476190476	0.05	NA	NA	NA	NA	0.0441640378548896	0.0349344978165939	0.0332326283987915	NA	0.0441176470588235	0.0265486725663717	0.138888888888889	NA	0.0493421052631579	0.0355731225296443	NA	0.0364583333333333	NA	0.0220588235294118	0.0347490347490347	NA	NA	NA	NA	NA	NA	0.037037037037037	0.538461538461538	NA	NA	NA	NA	0.0188205771643664	NA	NA	NA
325	NA	NA	0.0410094637223975	NA	NA	NA	0.181818181818182	NA	NA	NA	NA	0.0257352941176471	NA	0.0224215246636771	0.0506912442396313	NA	NA	NA	NA	0.053125	0.0591966173361522	0.0571428571428571	NA	0.0432692307692308	0.0373563218390805	0.131578947368421	NA	0.0396341463414634	0.0437956204379562	NA	0.0495495495495495	NA	0.0188034188034188	0.0327868852459016	NA	NA	NA	NA	NA	NA	0.0377358490566038	0.454545454545455	NA	NA	NA	NA	0.0146082337317397	NA	NA	NA
330	NA	NA	0.0408805031446541	NA	NA	NA	0.228571428571429	NA	NA	NA	NA	0.0252707581227437	NA	0.0202808112324493	0.0481927710843374	NA	NA	NA	NA	0.0282131661442006	0.0205992509363296	0.0421052631578947	NA	0.0392156862745098	0.0289017341040462	0.127272727272727	NA	0.0286532951289398	0.0358208955223881	NA	0.0635593220338983	NA	0.0224719101123595	0.0493273542600897	NA	NA	NA	NA	NA	NA	0.0344827586206897	0.357142857142857	NA	NA	NA	NA	0.0275650842266462	NA	NA	NA
335	NA	NA	0.0397727272727273	NA	NA	NA	0.236842105263158	NA	NA	NA	NA	0.024390243902439	NA	0.0183639398998331	0.0476190476190476	NA	NA	NA	NA	0.0429042904290429	0.0181518151815182	0.0357142857142857	NA	0.0476190476190476	0.0354223433242507	0.150943396226415	NA	0.0438356164383562	0.0464396284829721	NA	0.0571428571428571	NA	0.0178041543026706	0.0489795918367347	NA	NA	NA	NA	NA	NA	0.0280701754385965	0.266666666666667	NA	NA	NA	NA	0.0169753086419753	NA	NA	NA
340	NA	NA	0.0268456375838926	NA	NA	NA	0.346153846153846	NA	NA	NA	NA	0.0281195079086116	NA	0.0206349206349206	0.0488888888888889	NA	NA	NA	NA	0.0293333333333333	0.0177993527508091	0.0250696378830084	NA	0.0710659898477157	0.0380116959064327	0.166666666666667	NA	0.0337837837837838	0.0419161676646707	NA	0.0392156862745098	NA	0.0176282051282051	0.036	NA	NA	NA	NA	NA	NA	0.0347826086956522	0.375	NA	NA	NA	NA	0.018018018018018	NA	NA	NA
345	NA	NA	0.0318471337579618	NA	NA	NA	0.28125	NA	NA	NA	NA	0.0225442834138486	NA	0.0245183887915937	0.0585365853658537	NA	NA	NA	NA	0.0270935960591133	0.0246153846153846	0.0376884422110553	NA	0.0561224489795918	0.0247678018575851	0.155555555555556	NA	0.0221729490022173	0.041958041958042	NA	0.0406779661016949	NA	0.0180623973727422	0.0454545454545455	NA	NA	NA	NA	NA	NA	0.0264705882352941	0.375	NA	NA	NA	NA	0.0223367697594502	NA	NA	NA
350	NA	NA	0.0373831775700935	NA	NA	NA	0.27027027027027	NA	NA	NA	NA	0.0242718446601942	NA	0.0180505415162455	0.0482456140350877	NA	NA	NA	NA	0.0313152400835073	0.0217706821480406	0.0292792792792793	NA	0.0483091787439614	0.0303867403314917	0.136363636363636	NA	0.0216867469879518	0.0564263322884013	NA	0.0321428571428571	NA	0.0247787610619469	0.0524590163934426	NA	NA	NA	NA	NA	NA	0.0415512465373961	0.166666666666667	NA	NA	NA	NA	0.0225442834138486	NA	NA	NA
355	NA	NA	0.0297619047619048	NA	NA	NA	0.121951219512195	NA	NA	NA	NA	0.0228013029315961	NA	0.0214285714285714	0.0557768924302789	NA	NA	NA	NA	0.0234042553191489	0.0274809160305344	0.0223713646532438	NA	0.0378378378378378	0.0392670157068063	0.111111111111111	NA	0.0212765957446809	0.0356083086053412	NA	0.0298013245033113	NA	0.0219224283305228	0.0263157894736842	NA	NA	NA	NA	NA	NA	0.0300230946882217	0.571428571428571	NA	NA	NA	NA	0.0217391304347826	NA	NA	NA
360	NA	NA	0.0425531914893617	NA	NA	NA	0.155555555555556	NA	NA	NA	NA	0.0161812297734628	NA	0.0175131348511384	0.0460251046025105	NA	NA	NA	NA	0.0359408033826638	0.0201149425287356	0.0313807531380753	NA	0.0698924731182796	0.0268096514745308	0.155844155844156	NA	0.0226130653266332	0.0378548895899054	NA	0.0289389067524116	NA	0.0231788079470199	0.0295081967213115	NA	NA	NA	NA	NA	NA	0.0263157894736842	0.5	NA	NA	NA	NA	0.0179738562091503	NA	NA	NA
365	NA	NA	0.0352564102564103	NA	NA	NA	0.111111111111111	NA	NA	NA	NA	0.0236886632825719	NA	0.0201863354037267	0.04	NA	NA	NA	NA	0.0192678227360308	0.0225988700564972	0.0261904761904762	NA	0.0306122448979592	0.0271493212669683	0.128571428571429	NA	0.0291970802919708	0.0296495956873315	NA	0.0347826086956522	NA	0.0197044334975369	0.0501567398119122	NA	NA	NA	NA	NA	NA	0.0199115044247788	NA	NA	NA	NA	NA	0.0198347107438017	NA	NA	NA
370	NA	NA	0.0473186119873817	NA	NA	NA	0.264705882352941	NA	NA	NA	NA	0.0185810810810811	NA	0.0187713310580205	0.0441767068273092	NA	NA	NA	NA	0.0230769230769231	0.0176282051282051	0.025844930417495	NA	0.0344827586206897	0.0250521920668058	0.164383561643836	NA	0.0263157894736842	0.032345013477089	NA	0.0241935483870968	NA	0.0158478605388273	0.0367892976588629	NA	NA	NA	NA	NA	NA	0.0224032586558045	NA	NA	NA	NA	NA	0.0225988700564972	NA	NA	NA
375	NA	NA	0.0491803278688525	NA	NA	NA	0.185185185185185	NA	NA	NA	NA	0.0157232704402516	NA	0.0216606498194946	0.0355731225296443	NA	NA	NA	NA	0.0255402750491159	0.0192307692307692	0.0246045694200351	NA	0.0549450549450549	0.0452674897119342	0.115384615384615	NA	0.0229885057471264	0.0320366132723112	NA	0.035	NA	0.0215384615384615	0.0316455696202532	NA	NA	NA	NA	NA	NA	0.0204081632653061	NA	NA	NA	NA	NA	0.0252951096121417	NA	NA	NA
380	NA	NA	0.0323624595469256	NA	NA	NA	0.111111111111111	NA	NA	NA	NA	0.0282574568288854	NA	0.0256410256410256	0.0381679389312977	NA	NA	NA	NA	0.0315789473684211	0.0188679245283019	0.019672131147541	NA	0.0483091787439614	0.0241935483870968	0.1125	NA	0.0260869565217391	0.0238970588235294	NA	0.027906976744186	NA	0.0222882615156018	0.0264705882352941	NA	NA	NA	NA	NA	NA	0.017741935483871	NA	NA	NA	NA	NA	0.0258175559380379	NA	NA	NA
385	NA	NA	0.0377358490566038	NA	NA	NA	0.109090909090909	NA	NA	NA	NA	0.0307941653160454	NA	0.0323974082073434	0.0392156862745098	NA	NA	NA	NA	0.018348623853211	0.0207182320441989	0.0182328190743338	NA	0.0460829493087558	0.0225303292894281	0.0857142857142857	NA	0.0224032586558045	0.0187713310580205	NA	0.0278422273781903	NA	0.0220913107511046	0.0241691842900302	NA	NA	NA	NA	NA	NA	0.0235690235690236	NA	NA	NA	NA	NA	0.0193548387096774	NA	NA	NA
390	NA	NA	0.0291545189504373	NA	NA	NA	0.122448979591837	NA	NA	NA	NA	0.0151260504201681	NA	0.0212765957446809	0.0492957746478873	NA	NA	NA	NA	0.0210325047801147	0.0192307692307692	0.0176991150442478	NA	0.0365853658536585	0.0250447227191413	0.0945945945945946	NA	0.024390243902439	0.0286677908937605	NA	0.0377358490566038	NA	0.0178306092124814	0.0442708333333333	NA	NA	NA	NA	NA	NA	0.0195439739413681	NA	NA	NA	NA	NA	0.0224719101123595	NA	NA	NA
395	NA	NA	0.0472222222222222	NA	NA	NA	0.121212121212121	NA	NA	NA	NA	0.0170015455950541	NA	0.018348623853211	0.0366666666666667	NA	NA	NA	NA	0.0178861788617886	0.0217391304347826	0.0158730158730159	NA	0.044280442804428	0.0204841713221601	0.0958904109589041	NA	0.028391167192429	0.0228571428571429	NA	0.032183908045977	NA	0.0170697012802276	0.0364145658263305	NA	NA	NA	NA	NA	NA	0.0255102040816327	NA	NA	NA	NA	NA	0.0240174672489083	NA	NA	NA
400	NA	NA	0.0275229357798165	NA	NA	NA	0.111111111111111	NA	NA	NA	NA	0.0142450142450142	NA	0.0226244343891403	0.0379746835443038	NA	NA	NA	NA	0.0188087774294671	0.0254350736278447	0.0205761316872428	NA	0.0454545454545455	0.0215827338129496	0.0952380952380952	NA	0.0193740685543964	0.0165441176470588	NA	0.0261282660332542	NA	0.0199430199430199	0.0229885057471264	NA	NA	NA	NA	NA	NA	0.0229132569558101	NA	NA	NA	NA	NA	0.0337078651685393	NA	NA	NA
405	NA	NA	0.0369318181818182	NA	NA	NA	0.1875	NA	NA	NA	NA	0.019774011299435	NA	0.0224719101123595	0.0318471337579618	NA	NA	NA	NA	0.0251677852348993	0.0156657963446475	0.0207667731629393	NA	0.0318181818181818	0.0313075506445672	0.0666666666666667	NA	0.0183767228177642	0.0195729537366548	NA	0.0361990950226244	NA	0.0171277997364954	0.024330900243309	NA	NA	NA	NA	NA	NA	0.0227642276422764	NA	NA	NA	NA	NA	0.0267857142857143	NA	NA	NA
410	NA	NA	0.0283505154639175	NA	NA	NA	0.155555555555556	NA	NA	NA	NA	0.020125786163522	NA	0.0340136054421769	0.028328611898017	NA	NA	NA	NA	0.0176565008025682	0.0266666666666667	0.0154320987654321	NA	0.0478260869565217	0.0198198198198198	0.0636363636363636	NA	0.0196969696969697	0.0244698205546493	NA	0.0286396181384248	NA	0.0152990264255911	0.0292682926829268	NA	NA	NA	NA	NA	NA	0.0181219110378913	NA	NA	NA	NA	NA	0.0398860398860399	NA	NA	NA
415	NA	NA	0.0227848101265823	NA	NA	NA	0.153846153846154	NA	NA	NA	NA	0.0152354570637119	NA	0.0258823529411765	0.0350404312668464	NA	NA	NA	NA	0.0359937402190923	0.0150478796169631	0.018361581920904	NA	0.0427350427350427	0.0192982456140351	0.0747663551401869	NA	0.017725258493353	0.0196629213483146	NA	0.0262582056892779	NA	0.0206985769728331	0.0271604938271605	NA	NA	NA	NA	NA	NA	0.0218579234972678	NA	NA	NA	NA	NA	0.0410094637223975	NA	NA	NA
420	NA	NA	0.0417690417690418	NA	NA	NA	0.234042553191489	NA	NA	NA	NA	0.022911051212938	NA	0.0254452926208651	0.0335365853658537	NA	NA	NA	NA	0.0178326474622771	0.0159786950732357	0.0167832167832168	NA	0.0411985018726592	0.0170542635658915	0.0672268907563025	NA	0.0189189189189189	0.0235109717868339	NA	0.0193050193050193	NA	0.0200945626477541	0.0340632603406326	NA	NA	NA	NA	NA	NA	0.0234113712374582	NA	NA	NA	NA	NA	0.0229508196721311	NA	NA	NA
425	NA	NA	0.0273972602739726	NA	NA	NA	0.192307692307692	NA	NA	NA	NA	0.019047619047619	NA	0.032345013477089	0.0294985250737463	NA	NA	NA	NA	0.0173267326732673	0.0178117048346056	0.0185979971387697	NA	0.0429042904290429	0.0196399345335516	0.0693069306930693	NA	0.014760147601476	0.0204081632653061	NA	0.0184049079754601	NA	0.0161073825503356	0.0256410256410256	NA	NA	NA	NA	NA	NA	0.0259067357512953	NA	NA	NA	NA	NA	0.0313588850174216	NA	NA	NA
430	NA	NA	0.0231481481481481	NA	NA	NA	0.189189189189189	NA	NA	NA	NA	0.0167364016736402	NA	0.0476190476190476	0.0508905852417303	NA	NA	NA	NA	0.0156028368794326	0.015645371577575	0.0174165457184325	NA	0.0442477876106195	0.0245614035087719	0.0980392156862745	NA	0.0221948212083847	0.0222882615156018	NA	0.0202429149797571	NA	0.0199733688415446	0.0410677618069815	NA	NA	NA	NA	NA	NA	0.0188034188034188	NA	NA	NA	NA	NA	0.03	NA	NA	NA
435	NA	NA	0.0245535714285714	NA	NA	NA	0.184210526315789	NA	NA	NA	NA	0.0165061898211829	NA	0.0257879656160458	0.0305164319248826	NA	NA	NA	NA	0.0203488372093023	0.0180722891566265	0.0217076700434153	NA	0.0300751879699248	0.0236886632825719	0.0697674418604651	NA	0.0124153498871332	0.0168539325842697	NA	0.0264765784114053	NA	0.0213414634146341	0.0273684210526316	NA	NA	NA	NA	NA	NA	0.0195694716242661	NA	NA	NA	NA	NA	0.036231884057971	NA	NA	NA
440	NA	NA	0.0336787564766839	NA	NA	NA	0.148936170212766	NA	NA	NA	NA	0.026536312849162	NA	0.036745406824147	0.0297482837528604	NA	NA	NA	NA	0.0173160173160173	0.0143229166666667	0.0141643059490085	NA	0.0294117647058824	0.0273752012882448	0.0691823899371069	NA	0.0142517814726841	0.0142487046632124	NA	0.0216110019646365	NA	0.0178282009724473	0.0232558139534884	NA	NA	NA	NA	NA	NA	0.0177935943060498	NA	NA	NA	NA	NA	0.0358565737051793	NA	NA	NA
445	NA	NA	0.025062656641604	NA	NA	NA	0.18	NA	NA	NA	NA	0.0167364016736402	NA	0.032171581769437	0.0246406570841889	NA	NA	NA	NA	0.0164383561643836	0.0166435506241331	0.0183767228177642	NA	0.0452961672473868	0.0214168039538715	0.0915032679738562	NA	0.0179856115107914	0.0169712793733681	NA	0.0247933884297521	NA	0.0191387559808612	0.0203252032520325	NA	NA	NA	NA	NA	NA	0.0171821305841924	NA	NA	NA	NA	NA	0.0470588235294118	NA	NA	NA
450	NA	NA	0.027972027972028	NA	NA	NA	0.127659574468085	NA	NA	NA	NA	0.0225763612217795	NA	0.0343915343915344	0.0167364016736402	NA	NA	NA	NA	0.0187919463087248	0.0202808112324493	0.016750418760469	NA	0.0411392405063291	0.0222929936305732	0.0657894736842105	NA	0.016969696969697	0.0154440154440154	NA	0.0324427480916031	NA	0.0175746924428823	0.0351239669421488	NA	NA	NA	NA	NA	NA	0.0225988700564972	NA	NA	NA	NA	NA	0.0496894409937888	NA	NA	NA
455	NA	NA	0.0278422273781903	NA	NA	NA	0.290322580645161	NA	NA	NA	NA	0.0342857142857143	NA	0.0435835351089588	0.0221327967806841	NA	NA	NA	NA	0.026525198938992	0.0214067278287462	0.0155979202772964	NA	0.0373831775700935	0.0227963525835866	0.0592592592592593	NA	0.0171052631578947	0.0170109356014581	NA	0.0216919739696312	NA	0.0298769771528998	0.0216962524654832	NA	NA	NA	NA	NA	NA	0.0245183887915937	NA	NA	NA	NA	NA	0.0662251655629139	NA	NA	NA
460	NA	NA	0.0317073170731707	NA	NA	NA	0.285714285714286	NA	NA	NA	NA	0.0212121212121212	NA	0.024330900243309	0.0210727969348659	NA	NA	NA	NA	0.0152990264255911	0.024390243902439	0.0170015455950541	NA	0.0258064516129032	0.016597510373444	0.103703703703704	NA	0.0207792207792208	0.0181818181818182	NA	0.0210526315789474	NA	0.023121387283237	0.0203252032520325	NA	NA	NA	NA	NA	NA	0.0189982728842832	NA	NA	NA	NA	NA	0.0482758620689655	NA	NA	NA
465	NA	NA	0.0256410256410256	NA	NA	NA	0.6	NA	NA	NA	NA	0.0157728706624606	NA	0.0320855614973262	0.0280777537796976	NA	NA	NA	NA	0.0280373831775701	0.0224032586558045	0.0170697012802276	NA	0.0333333333333333	0.0179487179487179	0.082089552238806	NA	0.0151324085750315	0.0166880616174583	NA	0.024896265560166	NA	0.0232067510548523	0.0158730158730159	NA	NA	NA	NA	NA	NA	0.0233333333333333	NA	NA	NA	NA	NA	0.0625	NA	NA	NA
470	NA	NA	0.0190930787589499	NA	NA	NA	0.5	NA	NA	NA	NA	0.0196399345335516	NA	0.026246719160105	0.0225409836065574	NA	NA	NA	NA	0.0204081632653061	0.0329896907216495	0.018978102189781	NA	0.027027027027027	0.0191082802547771	0.0620689655172414	NA	0.01468788249694	0.0201511335012594	NA	0.0230125523012552	NA	0.0310880829015544	0.0169491525423729	NA	NA	NA	NA	NA	NA	0.0292207792207792	NA	NA	NA	NA	NA	0.0752688172043011	NA	NA	NA
475	NA	NA	0.0255813953488372	NA	NA	NA	0.4	NA	NA	NA	NA	0.0186125211505922	NA	0.0421836228287841	0.0317460317460317	NA	NA	NA	NA	0.0185643564356436	0.020746887966805	0.0169252468265162	NA	0.0291005291005291	0.0231404958677686	0.0641025641025641	NA	0.0197044334975369	0.0188205771643664	NA	0.0215982721382289	NA	0.0236486486486486	0.0162721893491124	NA	NA	NA	NA	NA	NA	0.0225806451612903	NA	NA	NA	NA	NA	0.0434782608695652	NA	NA	NA
480	NA	NA	0.0214797136038186	NA	NA	NA	1	NA	NA	NA	NA	0.0195121951219512	NA	0.0464547677261614	0.0336538461538462	NA	NA	NA	NA	0.0196078431372549	0.0211132437619962	0.0272596843615495	NA	0.0220385674931129	0.017741935483871	0.0702702702702703	NA	0.0272614622057001	0.015406162464986	NA	0.03	NA	0.0332225913621262	0.02	NA	NA	NA	NA	NA	NA	0.0202492211838006	NA	NA	NA	NA	NA	0.0487804878048781	NA	NA	NA
485	NA	NA	0.0357941834451902	NA	NA	NA	NA	NA	NA	NA	NA	0.03420523138833	NA	0.028169014084507	0.0204545454545455	NA	NA	NA	NA	0.0205761316872428	0.0281425891181989	0.0207336523125997	NA	0.0264900662251656	0.0153609831029186	0.0609137055837563	NA	0.0222513089005236	0.0176282051282051	NA	0.0261569416498994	NA	0.0576923076923077	0.0175913396481732	NA	NA	NA	NA	NA	NA	0.0233236151603499	NA	NA	NA	NA	NA	0.0597826086956522	NA	NA	NA
490	NA	NA	0.0236559139784946	NA	NA	NA	NA	NA	NA	NA	NA	0.0386740331491713	NA	0.03125	0.0415800415800416	NA	NA	NA	NA	0.0185676392572944	0.0173745173745174	0.0186757215619694	NA	0.0328638497652582	0.0217729393468118	0.046875	NA	0.0178837555886736	0.0178571428571429	NA	0.0288659793814433	NA	0.051063829787234	0.0155367231638418	NA	NA	NA	NA	NA	NA	0.0172661870503597	NA	NA	NA	NA	NA	0.0613496932515337	NA	NA	NA
495	NA	NA	0.0245901639344262	NA	NA	NA	NA	NA	NA	NA	NA	0.0271084337349398	NA	0.032994923857868	0.0196463654223969	NA	NA	NA	NA	0.0163487738419619	0.0303605313092979	0.0221327967806841	NA	0.0262582056892779	0.0192307692307692	0.05078125	NA	0.0245775729646697	0.0188323917137476	NA	0.0228690228690229	NA	0.0804020100502513	0.0177514792899408	NA	NA	NA	NA	NA	NA	0.0192023633677991	NA	NA	NA	NA	NA	0.0584415584415584	NA	NA	NA
500	NA	NA	0.0245901639344262	NA	NA	NA	NA	NA	NA	NA	NA	0.032967032967033	NA	0.0337662337662338	0.0218818380743982	NA	NA	NA	NA	0.0181347150259067	0.0239410681399632	0.0178970917225951	NA	0.0251572327044025	0.0202702702702703	0.0391459074733096	NA	0.0227617602427921	0.0188323917137476	NA	0.0244988864142539	NA	0.0526315789473684	0.0272727272727273	NA	NA	NA	NA	NA	NA	0.0246153846153846	NA	NA	NA	NA	NA	0.0559440559440559	NA	NA	NA
505	NA	NA	0.0315533980582524	NA	NA	NA	NA	NA	NA	NA	NA	0.029940119760479	NA	0.0278551532033426	0.0317124735729387	NA	NA	NA	NA	0.018842530282638	0.0257936507936508	0.024330900243309	NA	0.0208768267223382	0.0269360269360269	0.040133779264214	NA	0.0188172043010753	0.0210325047801147	NA	0.0254237288135593	NA	0.06282722513089	0.0292072322670376	NA	NA	NA	NA	NA	NA	0.0179558011049724	NA	NA	NA	NA	NA	0.0540540540540541	NA	NA	NA
510	NA	NA	0.0204081632653061	NA	NA	NA	NA	NA	NA	NA	NA	0.0350877192982456	NA	0.021978021978022	0.029585798816568	NA	NA	NA	NA	0.0203527815468114	0.01953125	0.0221238938053097	NA	0.0272536687631027	0.0230326295585413	0.0324483775811209	NA	0.0144300144300144	0.0279441117764471	NA	0.0277136258660508	NA	0.0575916230366492	0.0200267022696929	NA	NA	NA	NA	NA	NA	0.0239774330042313	NA	NA	NA	NA	NA	0.0851063829787234	NA	NA	NA
515	NA	NA	0.030812324929972	NA	NA	NA	NA	NA	NA	NA	NA	0.0296610169491525	NA	0.0393939393939394	0.0209923664122137	NA	NA	NA	NA	0.019690576652602	0.0340425531914894	0.0208333333333333	NA	0.0260303687635575	0.0182421227197347	0.0194647201946472	NA	0.0189228529839884	0.0362903225806452	NA	0.0252293577981651	NA	0.0578947368421053	0.0173482032218092	NA	NA	NA	NA	NA	NA	0.0194029850746269	NA	NA	NA	NA	NA	0.101123595505618	NA	NA	NA
520	NA	NA	0.030379746835443	NA	NA	NA	NA	NA	NA	NA	NA	0.0389105058365759	NA	0.0316901408450704	0.0224913494809689	NA	NA	NA	NA	0.0200534759358289	0.0288065843621399	0.0263157894736842	NA	0.0229166666666667	0.0225988700564972	0.0240384615384615	NA	0.0181268882175227	0.0274599542334096	NA	0.0245535714285714	NA	0.0412371134020619	0.0147058823529412	NA	NA	NA	NA	NA	NA	0.0189274447949527	NA	NA	NA	NA	NA	0.10752688172043	NA	NA	NA
525	NA	NA	0.0283018867924528	NA	NA	NA	NA	NA	NA	NA	NA	0.0488888888888889	NA	0.0354838709677419	0.0220994475138122	NA	NA	NA	NA	0.015130674002751	0.0264650283553875	0.037328094302554	NA	0.0259433962264151	0.0198412698412698	0.0412621359223301	NA	0.016	0.0296803652968037	NA	0.0163934426229508	NA	0.0483091787439614	0.0195652173913043	NA	NA	NA	NA	NA	NA	0.0162866449511401	NA	NA	NA	NA	NA	0.0804597701149425	NA	NA	NA
530	NA	NA	0.0310344827586207	NA	NA	NA	NA	NA	NA	NA	NA	0.0390243902439024	NA	0.03125	0.0273722627737226	NA	NA	NA	NA	0.0147651006711409	0.0305206463195691	0.0283842794759825	NA	0.0330396475770925	0.0298804780876494	0.0301624129930394	NA	0.0198198198198198	0.0298850574712644	NA	0.0392156862745098	NA	0.0516431924882629	0.014018691588785	NA	NA	NA	NA	NA	NA	0.0152801358234295	NA	NA	NA	NA	NA	0.0860215053763441	NA	NA	NA
535	NA	NA	0.0358306188925081	NA	NA	NA	NA	NA	NA	NA	NA	0.0360824742268041	NA	0.040133779264214	0.0314685314685315	NA	NA	NA	NA	0.0132978723404255	0.0293542074363992	0.0347222222222222	NA	0.0289855072463768	0.0264227642276423	0.0292134831460674	NA	0.0362976406533575	0.0354767184035477	NA	0.0248138957816377	NA	0.0597826086956522	0.0145903479236813	NA	NA	NA	NA	NA	NA	0.0199667221297837	NA	NA	NA	NA	NA	0.139784946236559	NA	NA	NA
540	NA	NA	0.0274914089347079	NA	NA	NA	NA	NA	NA	NA	NA	0.0394736842105263	NA	0.0424028268551237	0.0231660231660232	NA	NA	NA	NA	0.0203488372093023	0.026615969581749	0.0222222222222222	NA	0.0221774193548387	0.025369978858351	0.0277777777777778	NA	0.0246212121212121	0.0204081632653061	NA	0.0228426395939086	NA	0.0833333333333333	0.0126315789473684	NA	NA	NA	NA	NA	NA	0.0209059233449477	NA	NA	NA	NA	NA	0.0879120879120879	NA	NA	NA
545	NA	NA	0.0482758620689655	NA	NA	NA	NA	NA	NA	NA	NA	0.0336538461538462	NA	0.039568345323741	0.0262237762237762	NA	NA	NA	NA	0.0225563909774436	0.0213270142180095	0.0290135396518375	NA	0.021505376344086	0.0358649789029536	0.018140589569161	NA	0.0192678227360308	0.0256410256410256	NA	0.0300546448087432	NA	0.0583941605839416	0.0188053097345133	NA	NA	NA	NA	NA	NA	0.027027027027027	NA	NA	NA	NA	NA	0.0990990990990991	NA	NA	NA
550	NA	NA	0.0321428571428571	NA	NA	NA	NA	NA	NA	NA	NA	0.0486725663716814	NA	0.0336700336700337	0.021978021978022	NA	NA	NA	NA	0.0199146514935989	0.0278422273781903	0.0380761523046092	NA	0.0213178294573643	0.0221327967806841	0.0288461538461538	NA	0.0299785867237687	0.0485175202156334	NA	0.0277078085642317	NA	0.0647482014388489	0.0124716553287982	NA	NA	NA	NA	NA	NA	0.0217391304347826	NA	NA	NA	NA	NA	0.0707070707070707	NA	NA	NA
555	NA	NA	0.0305084745762712	NA	NA	NA	NA	NA	NA	NA	NA	0.0462962962962963	NA	0.0375	0.0201465201465201	NA	NA	NA	NA	0.0234604105571848	0.0427807486631016	0.0222772277227723	NA	0.0330578512396694	0.0172786177105832	0.0230769230769231	NA	0.0205338809034908	0.0332541567695962	NA	0.0290697674418605	NA	0.0645161290322581	0.01323706377858	NA	NA	NA	NA	NA	NA	0.0246636771300448	NA	NA	NA	NA	NA	0.1625	NA	NA	NA
560	NA	NA	0.043046357615894	NA	NA	NA	NA	NA	NA	NA	NA	0.0607476635514019	NA	0.0392156862745098	0.0194690265486726	NA	NA	NA	NA	0.0305206463195691	0.0373831775700935	0.0296495956873315	NA	0.0247619047619048	0.029045643153527	0.0194931773879142	NA	0.0262008733624454	0.0368421052631579	NA	0.0347593582887701	NA	0.094488188976378	0.0135467980295567	NA	NA	NA	NA	NA	NA	0.0199556541019956	NA	NA	NA	NA	NA	0.116666666666667	NA	NA	NA
565	NA	NA	0.0263157894736842	NA	NA	NA	NA	NA	NA	NA	NA	0.0980392156862745	NA	0.0285714285714286	0.021978021978022	NA	NA	NA	NA	0.0310679611650485	0.0277008310249307	0.032258064516129	NA	0.0204841713221601	0.0254237288135593	0.0181518151815182	NA	0.0237580993520518	0.0340314136125654	NA	0.0447761194029851	NA	0.0806451612903226	0.0238393977415307	NA	NA	NA	NA	NA	NA	0.0372093023255814	NA	NA	NA	NA	NA	0.166666666666667	NA	NA	NA
570	NA	NA	0.0445859872611465	NA	NA	NA	NA	NA	NA	NA	NA	0.0411764705882353	NA	0.033195020746888	0.0245283018867925	NA	NA	NA	NA	0.0237068965517241	0.0352941176470588	0.0408805031446541	NA	0.0264150943396226	0.0225409836065574	0.028391167192429	NA	0.0234192037470726	0.0321782178217822	NA	0.0208768267223382	NA	0.122137404580153	0.0184453227931489	NA	NA	NA	NA	NA	NA	0.0249433106575964	NA	NA	NA	NA	NA	0.35	NA	NA	NA
575	NA	NA	0.0381944444444444	NA	NA	NA	NA	NA	NA	NA	NA	0.069364161849711	NA	0.0353982300884956	0.0218687872763419	NA	NA	NA	NA	0.02	0.0316901408450704	0.0441767068273092	NA	0.0260223048327138	0.0293453724604966	0.014827018121911	NA	0.0252808988764045	0.0337662337662338	NA	0.0318725099601594	NA	0.0636363636363636	0.0173410404624277	NA	NA	NA	NA	NA	NA	0.0244897959183673	NA	NA	NA	NA	NA	0.230769230769231	NA	NA	NA
580	NA	NA	0.0296052631578947	NA	NA	NA	NA	NA	NA	NA	NA	0.0699300699300699	NA	0.0448430493273543	0.030060120240481	NA	NA	NA	NA	0.0251889168765743	0.0398550724637681	0.0454545454545455	NA	0.0237691001697793	0.026530612244898	0.0180806675938804	NA	0.0337078651685393	0.0310734463276836	NA	0.0271398747390397	NA	0.0666666666666667	0.020746887966805	NA	NA	NA	NA	NA	NA	0.0196936542669584	NA	NA	NA	NA	NA	0.210526315789474	NA	NA	NA
585	NA	NA	0.0418006430868167	NA	NA	NA	NA	NA	NA	NA	NA	0.0683760683760684	NA	0.065	0.0195729537366548	NA	NA	NA	NA	0.0348525469168901	0.041044776119403	0.0436681222707424	NA	0.0183150183150183	0.0264227642276423	0.0293706293706294	NA	0.0309597523219814	0.0279187817258883	NA	0.0385487528344671	NA	0.0727272727272727	0.0151260504201681	NA	NA	NA	NA	NA	NA	0.0277136258660508	NA	NA	NA	NA	NA	0.214285714285714	NA	NA	NA
590	NA	NA	0.0380952380952381	NA	NA	NA	NA	NA	NA	NA	NA	0.0866141732283465	NA	0.0456852791878173	0.0222222222222222	NA	NA	NA	NA	0.0257731958762887	0.0490566037735849	0.0637254901960784	NA	0.0174216027874564	0.0244498777506112	0.0139064475347661	NA	0.0233918128654971	0.0295566502463054	NA	0.0254041570438799	NA	0.0666666666666667	0.0235507246376812	NA	NA	NA	NA	NA	NA	0.0222772277227723	NA	NA	NA	NA	NA	0.257142857142857	NA	NA	NA
595	NA	NA	0.0289855072463768	NA	NA	NA	NA	NA	NA	NA	NA	0.0884955752212389	NA	0.0540540540540541	0.0244328097731239	NA	NA	NA	NA	0.043360433604336	0.0523809523809524	0.0526315789473684	NA	0.0425867507886435	0.0537084398976982	0.0160550458715596	NA	0.0299727520435967	0.0308483290488432	NA	0.0226628895184136	NA	0.0747663551401869	0.0281030444964871	NA	NA	NA	NA	NA	NA	0.0404312668463612	NA	NA	NA	NA	NA	0.291666666666667	NA	NA	NA
600	NA	NA	0.0462962962962963	NA	NA	NA	NA	NA	NA	NA	NA	0.0697674418604651	NA	0.0495049504950495	0.0211267605633803	NA	NA	NA	NA	0.0293159609120521	0.0735294117647059	0.0517241379310345	NA	0.0283806343906511	0.0230769230769231	0.0168269230769231	NA	0.0425531914893617	0.0378378378378378	NA	0.0263157894736842	NA	0.0925925925925926	0.0277777777777778	NA	NA	NA	NA	NA	NA	0.0300546448087432	NA	NA	NA	NA	NA	0.25	NA	NA	NA
605	NA	NA	0.0443786982248521	NA	NA	NA	NA	NA	NA	NA	NA	0.0857142857142857	NA	0.0442477876106195	0.0230496453900709	NA	NA	NA	NA	0.0316205533596838	0.0604026845637584	0.05	NA	0.0159857904085258	0.0280898876404494	0.0131578947368421	NA	0.0422077922077922	0.0389221556886228	NA	0.0698412698412698	NA	0.0793650793650794	0.0171149144254279	NA	NA	NA	NA	NA	NA	0.0341207349081365	NA	NA	NA	NA	NA	0.384615384615385	NA	NA	NA
610	NA	NA	0.0287206266318538	NA	NA	NA	NA	NA	NA	NA	NA	0.106060606060606	NA	0.0476190476190476	0.0218253968253968	NA	NA	NA	NA	0.0416666666666667	0.0943396226415094	0.0514285714285714	NA	0.0150943396226415	0.0306748466257669	0.0150214592274678	NA	0.0319148936170213	0.0318471337579618	NA	0.0521472392638037	NA	0.0869565217391304	0.0358208955223881	NA	NA	NA	NA	NA	NA	0.028169014084507	NA	NA	NA	NA	NA	0.473684210526316	NA	NA	NA
615	NA	NA	0.0380116959064327	NA	NA	NA	NA	NA	NA	NA	NA	0.0840336134453782	NA	0.0405405405405405	0.0374707259953162	NA	NA	NA	NA	0.103734439834025	0.0625	0.0634920634920635	NA	0.0166358595194085	0.0303030303030303	0.0175257731958763	NA	0.0466926070038911	0.0338983050847458	NA	0.0571428571428571	NA	0.0989010989010989	0.0378006872852234	NA	NA	NA	NA	NA	NA	0.0471380471380471	NA	NA	NA	NA	NA	0.3125	NA	NA	NA
620	NA	NA	0.0422535211267606	NA	NA	NA	NA	NA	NA	NA	NA	0.133333333333333	NA	0.0515021459227468	0.0197530864197531	NA	NA	NA	NA	0.0489795918367347	0.0824742268041237	0.054421768707483	NA	0.017274472168906	0.0361842105263158	0.0164835164835165	NA	0.0739130434782609	0.0431654676258993	NA	0.0474452554744526	NA	0.0666666666666667	0.0307167235494881	NA	NA	NA	NA	NA	NA	0.05	NA	NA	NA	NA	NA	0.454545454545455	NA	NA	NA
625	NA	NA	0.0377358490566038	NA	NA	NA	NA	NA	NA	NA	NA	0.118811881188119	NA	0.0413223140495868	0.0368271954674221	NA	NA	NA	NA	0.037037037037037	0.0769230769230769	0.065359477124183	NA	0.0204081632653061	0.0384615384615385	0.0201729106628242	NA	0.0541871921182266	0.0389105058365759	NA	0.0378006872852234	NA	0.152941176470588	0.0392857142857143	NA	NA	NA	NA	NA	NA	0.0413793103448276	NA	NA	NA	NA	NA	0.166666666666667	NA	NA	NA
630	NA	NA	0.0528455284552846	NA	NA	NA	NA	NA	NA	NA	NA	0.0849056603773585	NA	0.0425531914893617	0.0367231638418079	NA	NA	NA	NA	0.0495495495495495	0.0819672131147541	0.0484848484848485	NA	0.0286259541984733	0.0398550724637681	0.0120259019426457	NA	0.0414507772020725	0.0308370044052863	NA	0.032258064516129	NA	0.0952380952380952	0.0391304347826087	NA	NA	NA	NA	NA	NA	0.0394736842105263	NA	NA	NA	NA	NA	0.285714285714286	NA	NA	NA
635	NA	NA	0.0421940928270042	NA	NA	NA	NA	NA	NA	NA	NA	0.0833333333333333	NA	0.0386740331491713	0.0275229357798165	NA	NA	NA	NA	0.0568720379146919	0.1	0.0769230769230769	NA	0.0286225402504472	0.0333333333333333	0.0135396518375242	NA	0.0869565217391304	0.0454545454545455	NA	0.0407407407407407	NA	0.145161290322581	0.0591397849462366	NA	NA	NA	NA	NA	NA	0.0511182108626198	NA	NA	NA	NA	NA	0.235294117647059	NA	NA	NA
640	NA	NA	0.0517241379310345	NA	NA	NA	NA	NA	NA	NA	NA	0.1	NA	0.0691489361702128	0.0250783699059561	NA	NA	NA	NA	0.0487804878048781	0.12280701754386	0.04	NA	0.0318725099601594	0.027027027027027	0.0160481444332999	NA	0.0583941605839416	0.0468085106382979	NA	0.0506756756756757	NA	0.105263157894737	0.069364161849711	NA	NA	NA	NA	NA	NA	0.0311526479750779	NA	NA	NA	NA	NA	0.75	NA	NA	NA
645	NA	NA	0.05	NA	NA	NA	NA	NA	NA	NA	NA	0.150684931506849	NA	0.0827586206896552	0.023936170212766	NA	NA	NA	NA	0.0559006211180124	0.142857142857143	0.0613496932515337	NA	0.0237154150197628	0.0246153846153846	0.0140086206896552	NA	0.0552147239263804	0.0529411764705882	NA	0.0441176470588235	NA	0.0731707317073171	0.0710382513661202	NA	NA	NA	NA	NA	NA	0.0390879478827362	NA	NA	NA	NA	NA	0.285714285714286	NA	NA	NA
650	NA	NA	0.0478260869565217	NA	NA	NA	NA	NA	NA	NA	NA	0.12280701754386	NA	0.0844155844155844	0.0281329923273657	NA	NA	NA	NA	0.102803738317757	0.186440677966102	0.04375	NA	0.0202952029520295	0.037542662116041	0.0178359096313912	NA	0.0787878787878788	0.0526315789473684	NA	0.033112582781457	NA	0.0694444444444444	0.0595238095238095	NA	NA	NA	NA	NA	NA	0.0592885375494071	NA	NA	NA	NA	NA	0.357142857142857	NA	NA	NA
655	NA	NA	0.0448430493273543	NA	NA	NA	NA	NA	NA	NA	NA	0.134328358208955	NA	0.0536912751677852	0.0284090909090909	NA	NA	NA	NA	0.0967741935483871	0.130434782608696	0.0469798657718121	NA	0.0225563909774436	0.0410094637223975	0.0176263219741481	NA	0.0707964601769911	0.0613496932515337	NA	0.0357142857142857	NA	0.138888888888889	0.106666666666667	NA	NA	NA	NA	NA	NA	0.0476190476190476	NA	NA	NA	NA	NA	0.8	NA	NA	NA
660	NA	NA	0.0678733031674208	NA	NA	NA	NA	NA	NA	NA	NA	0.15	NA	0.0810810810810811	0.0301204819277108	NA	NA	NA	NA	0.127272727272727	0.116883116883117	0.054421768707483	NA	0.0258620689655172	0.0268199233716475	0.0204865556978233	NA	0.0697674418604651	0.065359477124183	NA	0.045643153526971	NA	0.129032258064516	0.0763888888888889	NA	NA	NA	NA	NA	NA	0.0353356890459364	NA	NA	NA	NA	NA	0.5	NA	NA	NA
665	NA	NA	0.0452488687782805	NA	NA	NA	NA	NA	NA	NA	NA	0.21875	NA	0.0734463276836158	0.0304054054054054	NA	NA	NA	NA	0.166666666666667	0.151515151515152	0.0847457627118644	NA	0.0281385281385281	0.0547945205479452	0.0174731182795699	NA	0.109489051094891	0.0733333333333333	NA	0.0607287449392713	NA	0.145454545454545	0.0714285714285714	NA	NA	NA	NA	NA	NA	0.0456140350877193	NA	NA	NA	NA	NA	0.5	NA	NA	NA
670	NA	NA	0.0428571428571429	NA	NA	NA	NA	NA	NA	NA	NA	0.5	NA	0.0740740740740741	0.0506756756756757	NA	NA	NA	NA	0.114754098360656	0.121212121212121	0.074468085106383	NA	0.0230607966457023	0.0523560209424084	0.0166666666666667	NA	0.0689655172413793	0.0584415584415584	NA	0.0493273542600897	NA	0.166666666666667	0.0990990990990991	NA	NA	NA	NA	NA	NA	0.0432900432900433	NA	NA	NA	NA	NA	0.571428571428571	NA	NA	NA
675	NA	NA	0.0582959641255605	NA	NA	NA	NA	NA	NA	NA	NA	0.533333333333333	NA	0.0507246376811594	0.0264900662251656	NA	NA	NA	NA	0.123076923076923	0.114754098360656	0.118279569892473	NA	0.0296610169491525	0.0466666666666667	0.0162962962962963	NA	0.0769230769230769	0.0552147239263804	NA	0.0441176470588235	NA	0.104166666666667	0.0869565217391304	NA	NA	NA	NA	NA	NA	0.0458333333333333	NA	NA	NA	NA	NA	0.444444444444444	NA	NA	NA
680	NA	NA	0.031390134529148	NA	NA	NA	NA	NA	NA	NA	NA	0.222222222222222	NA	0.0948275862068965	0.0299003322259136	NA	NA	NA	NA	0.0862068965517241	0.127272727272727	0.155844155844156	NA	0.0228690228690229	0.0725806451612903	0.0222551928783383	NA	0.0769230769230769	0.0491803278688525	NA	0.0390243902439024	NA	0.214285714285714	0.0689655172413793	NA	NA	NA	NA	NA	NA	0.0458715596330275	NA	NA	NA	NA	NA	0.75	NA	NA	NA
685	NA	NA	0.0430622009569378	NA	NA	NA	NA	NA	NA	NA	NA	0.411764705882353	NA	0.0866141732283465	0.0645161290322581	NA	NA	NA	NA	0.21875	0.153846153846154	0.0985915492957746	NA	0.0286975717439294	0.0594059405940594	0.0214395099540582	NA	0.0727272727272727	0.136752136752137	NA	0.0685714285714286	NA	0.148148148148148	0.0509554140127389	NA	NA	NA	NA	NA	NA	0.0740740740740741	NA	NA	NA	NA	NA	0.714285714285714	NA	NA	NA
690	NA	NA	0.0476190476190476	NA	NA	NA	NA	NA	NA	NA	NA	0.4	NA	0.0666666666666667	0.034965034965035	NA	NA	NA	NA	0.166666666666667	0.108108108108108	0.111111111111111	NA	0.0250569476082005	0.106796116504854	0.0253731343283582	NA	0.0775193798449612	0.145454545454545	NA	0.0443349753694581	NA	0.115384615384615	0.062992125984252	NA	NA	NA	NA	NA	NA	0.0473372781065089	NA	NA	NA	NA	NA	0.705882352941177	NA	NA	NA
695	NA	NA	0.0421686746987952	NA	NA	NA	NA	NA	NA	NA	NA	0.428571428571429	NA	0.0847457627118644	0.0468227424749164	NA	NA	NA	NA	0.175	0.115384615384615	0.188679245283019	NA	0.0456989247311828	0.101694915254237	0.0196078431372549	NA	0.102564102564103	0.0869565217391304	NA	0.0489130434782609	NA	0.169230769230769	0.108843537414966	NA	NA	NA	NA	NA	NA	0.0649350649350649	NA	NA	NA	NA	NA	0.3	NA	NA	NA
700	NA	NA	0.0514705882352941	NA	NA	NA	NA	NA	NA	NA	NA	0.222222222222222	NA	0.09375	0.0486725663716814	NA	NA	NA	NA	0.225806451612903	0.114285714285714	0.142857142857143	NA	0.0343007915567282	0.156862745098039	0.0236486486486486	NA	0.0743801652892562	0.0793650793650794	NA	0.0526315789473684	NA	0.109090909090909	0.0756302521008403	NA	NA	NA	NA	NA	NA	0.113636363636364	NA	NA	NA	NA	NA	0.25	NA	NA	NA
705	NA	NA	0.0609756097560976	NA	NA	NA	NA	NA	NA	NA	NA	1	NA	0.111111111111111	0.0580357142857143	NA	NA	NA	NA	0.216216216216216	0.140625	0.151515151515152	NA	0.039039039039039	0.128205128205128	0.0256849315068493	NA	0.0747663551401869	0.169811320754717	NA	0.0575539568345324	NA	0.188679245283019	0.073394495412844	NA	NA	NA	NA	NA	NA	0.0503597122302158	NA	NA	NA	NA	NA	0.428571428571429	NA	NA	NA
710	NA	NA	0.102564102564103	NA	NA	NA	NA	NA	NA	NA	NA	1	NA	0.12987012987013	0.047008547008547	NA	NA	NA	NA	0.178571428571429	0.205882352941176	0.340909090909091	NA	0.0238805970149254	0.212765957446809	0.0176282051282051	NA	0.0737704918032787	0.087719298245614	NA	0.0845070422535211	NA	0.173913043478261	0.0824742268041237	NA	NA	NA	NA	NA	NA	0.0674157303370786	NA	NA	NA	NA	NA	0.379310344827586	NA	NA	NA
715	NA	NA	0.10752688172043	NA	NA	NA	NA	NA	NA	NA	NA	NA	NA	0.114942528735632	0.0483091787439614	NA	NA	NA	NA	0.28	0.0847457627118644	0.191489361702128	NA	0.0670926517571885	0.166666666666667	0.0309090909090909	NA	0.0683760683760684	0.107142857142857	NA	0.0883977900552486	NA	0.13953488372093	0.115384615384615	NA	NA	NA	NA	NA	NA	0.0658682634730539	NA	NA	NA	NA	NA	0.242424242424242	NA	NA	NA
720	NA	NA	0.0793650793650794	NA	NA	NA	NA	NA	NA	NA	NA	NA	NA	0.115942028985507	0.0972222222222222	NA	NA	NA	NA	0.333333333333333	0.147540983606557	0.145454545454545	NA	0.0316455696202532	0.2	0.0234657039711191	NA	0.0731707317073171	0.128205128205128	NA	0.037037037037037	NA	0.135593220338983	0.104477611940299	NA	NA	NA	NA	NA	NA	0.0538922155688623	NA	NA	NA	NA	NA	0.314285714285714	NA	NA	NA
725	NA	NA	0.126984126984127	NA	NA	NA	NA	NA	NA	NA	NA	NA	NA	0.14	0.0794701986754967	NA	NA	NA	NA	0.333333333333333	0.230769230769231	0.157894736842105	NA	0.0389221556886228	0.225806451612903	0.0357852882703777	NA	0.0819672131147541	0.240740740740741	NA	0.0808823529411765	NA	0.120689655172414	0.0777777777777778	NA	NA	NA	NA	NA	NA	0.0975609756097561	NA	NA	NA	NA	NA	0.2	NA	NA	NA
730	NA	NA	0.208333333333333	NA	NA	NA	NA	NA	NA	NA	NA	NA	NA	0.11864406779661	0.0606060606060606	NA	NA	NA	NA	0.3	0.222222222222222	0.195121951219512	NA	0.0409356725146199	0.382352941176471	0.02	NA	0.0642201834862385	0.134615384615385	NA	0.0943396226415094	NA	0.126760563380282	0.0824742268041237	NA	NA	NA	NA	NA	NA	0.0909090909090909	NA	NA	NA	NA	NA	0.259259259259259	NA	NA	NA
735	NA	NA	0.109375	NA	NA	NA	NA	NA	NA	NA	NA	NA	NA	0.16	0.103092783505155	NA	NA	NA	NA	0.363636363636364	0.241379310344828	0.210526315789474	NA	0.0276923076923077	0.277777777777778	0.0282608695652174	NA	0.0707070707070707	0.113636363636364	NA	0.0674157303370786	NA	0.131578947368421	0.079646017699115	NA	NA	NA	NA	NA	NA	0.0973451327433628	NA	NA	NA	NA	NA	0.305555555555556	NA	NA	NA
740	NA	NA	0.112903225806452	NA	NA	NA	NA	NA	NA	NA	NA	NA	NA	0.0943396226415094	0.0804597701149425	NA	NA	NA	NA	0.25	0.230769230769231	0.176470588235294	NA	0.0470914127423823	0.25	0.0232558139534884	NA	0.121495327102804	0.220338983050847	NA	0.0776699029126214	NA	0.2	0.0714285714285714	NA	NA	NA	NA	NA	NA	0.0689655172413793	NA	NA	NA	NA	NA	0.433333333333333	NA	NA	NA
745	NA	NA	0.125	NA	NA	NA	NA	NA	NA	NA	NA	NA	NA	0.18	0.130434782608696	NA	NA	NA	NA	0.206896551724138	0.166666666666667	0.294117647058824	NA	0.0285714285714286	0.416666666666667	0.0326086956521739	NA	0.103448275862069	0.145833333333333	NA	0.0810810810810811	NA	0.130434782608696	0.0898876404494382	NA	NA	NA	NA	NA	NA	0.153846153846154	NA	NA	NA	NA	NA	0.227272727272727	NA	NA	NA
750	NA	NA	0.117647058823529	NA	NA	NA	NA	NA	NA	NA	NA	NA	NA	0.0909090909090909	0.0888888888888889	NA	NA	NA	NA	0.3	0.235294117647059	0.3	NA	0.0258620689655172	0.555555555555556	0.033175355450237	NA	0.0952380952380952	0.113636363636364	NA	0.0638297872340425	NA	0.45	0.0864197530864197	NA	NA	NA	NA	NA	NA	0.12	NA	NA	NA	NA	NA	0.260869565217391	NA	NA	NA
755	NA	NA	0.0862068965517241	NA	NA	NA	NA	NA	NA	NA	NA	NA	NA	0.219512195121951	0.103896103896104	NA	NA	NA	NA	0.25	0.315789473684211	0.434782608695652	NA	0.0420711974110032	0.428571428571429	0.0269058295964126	NA	0.118811881188119	0.146341463414634	NA	0.133333333333333	NA	0.19047619047619	0.0909090909090909	NA	NA	NA	NA	NA	NA	0.103896103896104	NA	NA	NA	NA	NA	0.263157894736842	NA	NA	NA
760	NA	NA	0.0857142857142857	NA	NA	NA	NA	NA	NA	NA	NA	NA	NA	0.166666666666667	0.16	NA	NA	NA	NA	0.285714285714286	0.235294117647059	0.235294117647059	NA	0.0389105058365759	0.222222222222222	0.025706940874036	NA	0.075	0.134615384615385	NA	0.128205128205128	NA	0.266666666666667	0.108108108108108	NA	NA	NA	NA	NA	NA	0.106060606060606	NA	NA	NA	NA	NA	0.275862068965517	NA	NA	NA
765	NA	NA	0.163636363636364	NA	NA	NA	NA	NA	NA	NA	NA	NA	NA	0.208333333333333	0.183673469387755	NA	NA	NA	NA	0.3	0.222222222222222	0.25	NA	0.0383275261324042	1	0.0248447204968944	NA	0.0701754385964912	0.169811320754717	NA	0.158536585365854	NA	0.225806451612903	0.115942028985507	NA	NA	NA	NA	NA	NA	0.127659574468085	NA	NA	NA	NA	NA	0.166666666666667	NA	NA	NA
770	NA	NA	0.140350877192982	NA	NA	NA	NA	NA	NA	NA	NA	NA	NA	0.282608695652174	0.161290322580645	NA	NA	NA	NA	0.7	0.333333333333333	0.428571428571429	NA	0.0290322580645161	0.666666666666667	0.0404040404040404	NA	0.073394495412844	0.222222222222222	NA	0.125	NA	0.5	0.1875	NA	NA	NA	NA	NA	NA	0.133333333333333	NA	NA	NA	NA	NA	0.151515151515152	NA	NA	NA
775	NA	NA	0.245614035087719	NA	NA	NA	NA	NA	NA	NA	NA	NA	NA	0.205128205128205	0.227272727272727	NA	NA	NA	NA	0.666666666666667	0.466666666666667	0.428571428571429	NA	0.033434650455927	0.875	0.0358565737051793	NA	0.0810810810810811	0.25	NA	0.109090909090909	NA	0.259259259259259	0.206896551724138	NA	NA	NA	NA	NA	NA	0.176470588235294	NA	NA	NA	NA	NA	0.153846153846154	NA	NA	NA
780	NA	NA	0.125	NA	NA	NA	NA	NA	NA	NA	NA	NA	NA	0.241379310344828	0.318181818181818	NA	NA	NA	NA	0.5	0.333333333333333	0.5	NA	0.041958041958042	0.666666666666667	0.047808764940239	NA	0.123893805309735	0.266666666666667	NA	0.142857142857143	NA	0.225	0.125	NA	NA	NA	NA	NA	NA	0.131578947368421	NA	NA	NA	NA	NA	0.333333333333333	NA	NA	NA
785	NA	NA	0.112676056338028	NA	NA	NA	NA	NA	NA	NA	NA	NA	NA	0.222222222222222	0.24	NA	NA	NA	NA	0.941176470588235	0.571428571428571	0.333333333333333	NA	0.037037037037037	0.5	0.0433070866141732	NA	0.092436974789916	0.217391304347826	NA	0.151515151515152	NA	0.170731707317073	0.131578947368421	NA	NA	NA	NA	NA	NA	0.146341463414634	NA	NA	NA	NA	NA	0.259259259259259	NA	NA	NA
790	NA	NA	0.1125	NA	NA	NA	NA	NA	NA	NA	NA	NA	NA	0.2	0.235294117647059	NA	NA	NA	NA	0.714285714285714	1	1	NA	0.0374531835205993	0.4	0.0483870967741935	NA	0.087378640776699	0.161290322580645	NA	0.162162162162162	NA	0.1875	0.12	NA	NA	NA	NA	NA	NA	0.138888888888889	NA	NA	NA	NA	NA	0.225	NA	NA	NA
795	NA	NA	0.142857142857143	NA	NA	NA	NA	NA	NA	NA	NA	NA	NA	0.214285714285714	0.8	NA	NA	NA	NA	1	NA	NA	NA	0.0376569037656904	0.625	0.0670103092783505	NA	0.1	0.307692307692308	NA	0.125	NA	0.217391304347826	0.142857142857143	NA	NA	NA	NA	NA	NA	0.142857142857143	NA	NA	NA	NA	NA	0.108108108108108	NA	NA	NA
800	NA	NA	0.1	NA	NA	NA	NA	NA	NA	NA	NA	NA	NA	0.4	0.25	NA	NA	NA	NA	1	NA	NA	NA	0.0412844036697248	NA	0.0425531914893617	NA	0.118279569892473	0.5	NA	0.242424242424242	NA	0.3	0.642857142857143	NA	NA	NA	NA	NA	NA	0.176470588235294	NA	NA	NA	NA	NA	0.163265306122449	NA	NA	NA
805	NA	NA	0.0941176470588235	NA	NA	NA	NA	NA	NA	NA	NA	NA	NA	1	1	NA	NA	NA	NA	0.5	NA	NA	NA	0.0502283105022831	NA	0.062015503875969	NA	0.136986301369863	1	NA	0.235294117647059	NA	0.291666666666667	0.142857142857143	NA	NA	NA	NA	NA	NA	0.138888888888889	NA	NA	NA	NA	NA	0.106382978723404	NA	NA	NA
810	NA	NA	0.155555555555556	NA	NA	NA	NA	NA	NA	NA	NA	NA	NA	NA	NA	NA	NA	NA	NA	0.277777777777778	NA	NA	NA	0.0495495495495495	NA	0.118110236220472	NA	0.113924050632911	1	NA	0.212121212121212	NA	0.142857142857143	0.5	NA	NA	NA	NA	NA	NA	0.193548387096774	NA	NA	NA	NA	NA	0.12280701754386	NA	NA	NA
815	NA	NA	0.111111111111111	NA	NA	NA	NA	NA	NA	NA	NA	NA	NA	NA	NA	NA	NA	NA	NA	0.176470588235294	NA	NA	NA	0.0393013100436681	NA	0.096	NA	0.151515151515152	NA	NA	0.193548387096774	NA	0.291666666666667	0.75	NA	NA	NA	NA	NA	NA	0.235294117647059	NA	NA	NA	NA	NA	0.173913043478261	NA	NA	NA
820	NA	NA	0.102941176470588	NA	NA	NA	NA	NA	NA	NA	NA	NA	NA	NA	NA	NA	NA	NA	NA	0.384615384615385	NA	NA	NA	0.0441176470588235	NA	0.0943396226415094	NA	0.12	NA	NA	0.166666666666667	NA	0.230769230769231	1	NA	NA	NA	NA	NA	NA	0.714285714285714	NA	NA	NA	NA	NA	0.192307692307692	NA	NA	NA
825	NA	NA	0.162790697674419	NA	NA	NA	NA	NA	NA	NA	NA	NA	NA	NA	NA	NA	NA	NA	NA	0.5	NA	NA	NA	0.058252427184466	NA	0.0808080808080808	NA	0.171428571428571	NA	NA	0.185185185185185	NA	0.363636363636364	0.8	NA	NA	NA	NA	NA	NA	1	NA	NA	NA	NA	NA	0.183673469387755	NA	NA	NA
830	NA	NA	0.162162162162162	NA	NA	NA	NA	NA	NA	NA	NA	NA	NA	NA	NA	NA	NA	NA	NA	NA	NA	NA	NA	0.0497237569060773	NA	0.0795454545454545	NA	0.134615384615385	NA	NA	0.2	NA	0.142857142857143	0.4	NA	NA	NA	NA	NA	NA	NA	NA	NA	NA	NA	NA	0.145161290322581	NA	NA	NA
835	NA	NA	0.205128205128205	NA	NA	NA	NA	NA	NA	NA	NA	NA	NA	NA	NA	NA	NA	NA	NA	NA	NA	NA	NA	0.0397350993377483	NA	0.173333333333333	NA	0.159090909090909	NA	NA	0.307692307692308	NA	0.263157894736842	0.454545454545455	NA	NA	NA	NA	NA	NA	NA	NA	NA	NA	NA	NA	0.104166666666667	NA	NA	NA
840	NA	NA	0.216216216216216	NA	NA	NA	NA	NA	NA	NA	NA	NA	NA	NA	NA	NA	NA	NA	NA	NA	NA	NA	NA	0.0552147239263804	NA	0.12962962962963	NA	0.233333333333333	NA	NA	0.192307692307692	NA	0.363636363636364	0.666666666666667	NA	NA	NA	NA	NA	NA	NA	NA	NA	NA	NA	NA	0.151515151515152	NA	NA	NA
845	NA	NA	0.217391304347826	NA	NA	NA	NA	NA	NA	NA	NA	NA	NA	NA	NA	NA	NA	NA	NA	NA	NA	NA	NA	0.0714285714285714	NA	0.194444444444444	NA	0.3	NA	NA	0.363636363636364	NA	0.421052631578947	0.5	NA	NA	NA	NA	NA	NA	NA	NA	NA	NA	NA	NA	0.0985915492957746	NA	NA	NA
850	NA	NA	0.25	NA	NA	NA	NA	NA	NA	NA	NA	NA	NA	NA	NA	NA	NA	NA	NA	NA	NA	NA	NA	0.0760233918128655	NA	0.131578947368421	NA	0.433333333333333	NA	NA	0.5	NA	0.222222222222222	1	NA	NA	NA	NA	NA	NA	NA	NA	NA	NA	NA	NA	0.0923076923076923	NA	NA	NA
855	NA	NA	0.272727272727273	NA	NA	NA	NA	NA	NA	NA	NA	NA	NA	NA	NA	NA	NA	NA	NA	NA	NA	NA	NA	0.0592592592592593	NA	0.0857142857142857	NA	0.25	NA	NA	0.294117647058824	NA	0.318181818181818	0.75	NA	NA	NA	NA	NA	NA	NA	NA	NA	NA	NA	NA	0.132075471698113	NA	NA	NA
860	NA	NA	0.75	NA	NA	NA	NA	NA	NA	NA	NA	NA	NA	NA	NA	NA	NA	NA	NA	NA	NA	NA	NA	0.0650406504065041	NA	0.108695652173913	NA	0.36	NA	NA	0.321428571428571	NA	0.5	NA	NA	NA	NA	NA	NA	NA	NA	NA	NA	NA	NA	NA	0.193548387096774	NA	NA	NA
865	NA	NA	0.375	NA	NA	NA	NA	NA	NA	NA	NA	NA	NA	NA	NA	NA	NA	NA	NA	NA	NA	NA	NA	0.0743801652892562	NA	0.142857142857143	NA	0.352941176470588	NA	NA	0.166666666666667	NA	0.833333333333333	NA	NA	NA	NA	NA	NA	NA	NA	NA	NA	NA	NA	NA	0.1	NA	NA	NA
870	NA	NA	0.523809523809524	NA	NA	NA	NA	NA	NA	NA	NA	NA	NA	NA	NA	NA	NA	NA	NA	NA	NA	NA	NA	0.0725806451612903	NA	0.166666666666667	NA	0.5	NA	NA	0.210526315789474	NA	1	NA	NA	NA	NA	NA	NA	NA	NA	NA	NA	NA	NA	NA	0.103448275862069	NA	NA	NA
875	NA	NA	0.25	NA	NA	NA	NA	NA	NA	NA	NA	NA	NA	NA	NA	NA	NA	NA	NA	NA	NA	NA	NA	0.114583333333333	NA	0.354838709677419	NA	1	NA	NA	0.15625	NA	0.6	NA	NA	NA	NA	NA	NA	NA	NA	NA	NA	NA	NA	NA	0.114754098360656	NA	NA	NA
880	NA	NA	0.294117647058824	NA	NA	NA	NA	NA	NA	NA	NA	NA	NA	NA	NA	NA	NA	NA	NA	NA	NA	NA	NA	0.102272727272727	NA	0.193548387096774	NA	NA	NA	NA	0.166666666666667	NA	0.375	NA	NA	NA	NA	NA	NA	NA	NA	NA	NA	NA	NA	NA	0.142857142857143	NA	NA	NA
885	NA	NA	0.227272727272727	NA	NA	NA	NA	NA	NA	NA	NA	NA	NA	NA	NA	NA	NA	NA	NA	NA	NA	NA	NA	0.0793650793650794	NA	0.285714285714286	NA	NA	NA	NA	0.212121212121212	NA	0.857142857142857	NA	NA	NA	NA	NA	NA	NA	NA	NA	NA	NA	NA	NA	0.101694915254237	NA	NA	NA
890	NA	NA	0.290322580645161	NA	NA	NA	NA	NA	NA	NA	NA	NA	NA	NA	NA	NA	NA	NA	NA	NA	NA	NA	NA	0.0779220779220779	NA	0.205128205128205	NA	NA	NA	NA	0.15625	NA	1	NA	NA	NA	NA	NA	NA	NA	NA	NA	NA	NA	NA	NA	0.105263157894737	NA	NA	NA
895	NA	NA	0.365853658536585	NA	NA	NA	NA	NA	NA	NA	NA	NA	NA	NA	NA	NA	NA	NA	NA	NA	NA	NA	NA	0.106060606060606	NA	0.179487179487179	NA	NA	NA	NA	0.136363636363636	NA	0.833333333333333	NA	NA	NA	NA	NA	NA	NA	NA	NA	NA	NA	NA	NA	0.1	NA	NA	NA
900	NA	NA	0.136363636363636	NA	NA	NA	NA	NA	NA	NA	NA	NA	NA	NA	NA	NA	NA	NA	NA	NA	NA	NA	NA	0.0727272727272727	NA	0.214285714285714	NA	NA	NA	NA	0.2	NA	0.25	NA	NA	NA	NA	NA	NA	NA	NA	NA	NA	NA	NA	NA	0.168831168831169	NA	NA	NA
905	NA	NA	0.225	NA	NA	NA	NA	NA	NA	NA	NA	NA	NA	NA	NA	NA	NA	NA	NA	NA	NA	NA	NA	0.0689655172413793	NA	0.176470588235294	NA	NA	NA	NA	0.155172413793103	NA	0.75	NA	NA	NA	NA	NA	NA	NA	NA	NA	NA	NA	NA	NA	0.114754098360656	NA	NA	NA
910	NA	NA	0.138888888888889	NA	NA	NA	NA	NA	NA	NA	NA	NA	NA	NA	NA	NA	NA	NA	NA	NA	NA	NA	NA	0.106060606060606	NA	0.15625	NA	NA	NA	NA	0.148148148148148	NA	1	NA	NA	NA	NA	NA	NA	NA	NA	NA	NA	NA	NA	NA	0.132352941176471	NA	NA	NA
915	NA	NA	0.204081632653061	NA	NA	NA	NA	NA	NA	NA	NA	NA	NA	NA	NA	NA	NA	NA	NA	NA	NA	NA	NA	0.111111111111111	NA	0.238095238095238	NA	NA	NA	NA	0.133333333333333	NA	1	NA	NA	NA	NA	NA	NA	NA	NA	NA	NA	NA	NA	NA	0.137931034482759	NA	NA	NA
920	NA	NA	0.179487179487179	NA	NA	NA	NA	NA	NA	NA	NA	NA	NA	NA	NA	NA	NA	NA	NA	NA	NA	NA	NA	0.078125	NA	0.214285714285714	NA	NA	NA	NA	0.127272727272727	NA	1	NA	NA	NA	NA	NA	NA	NA	NA	NA	NA	NA	NA	NA	0.25	NA	NA	NA
925	NA	NA	0.129032258064516	NA	NA	NA	NA	NA	NA	NA	NA	NA	NA	NA	NA	NA	NA	NA	NA	NA	NA	NA	NA	0.0921052631578947	NA	0.2	NA	NA	NA	NA	0.127659574468085	NA	1	NA	NA	NA	NA	NA	NA	NA	NA	NA	NA	NA	NA	NA	0.173913043478261	NA	NA	NA
930	NA	NA	0.137931034482759	NA	NA	NA	NA	NA	NA	NA	NA	NA	NA	NA	NA	NA	NA	NA	NA	NA	NA	NA	NA	0.171052631578947	NA	0.411764705882353	NA	NA	NA	NA	0.246376811594203	NA	1	NA	NA	NA	NA	NA	NA	NA	NA	NA	NA	NA	NA	NA	0.176470588235294	NA	NA	NA
935	NA	NA	0.257142857142857	NA	NA	NA	NA	NA	NA	NA	NA	NA	NA	NA	NA	NA	NA	NA	NA	NA	NA	NA	NA	0.111111111111111	NA	0.285714285714286	NA	NA	NA	NA	0.134615384615385	NA	1	NA	NA	NA	NA	NA	NA	NA	NA	NA	NA	NA	NA	NA	0.228571428571429	NA	NA	NA
940	NA	NA	0.157894736842105	NA	NA	NA	NA	NA	NA	NA	NA	NA	NA	NA	NA	NA	NA	NA	NA	NA	NA	NA	NA	0.111111111111111	NA	0.571428571428571	NA	NA	NA	NA	0.135135135135135	NA	NA	NA	NA	NA	NA	NA	NA	NA	NA	NA	NA	NA	NA	NA	0.175	NA	NA	NA
945	NA	NA	0.125	NA	NA	NA	NA	NA	NA	NA	NA	NA	NA	NA	NA	NA	NA	NA	NA	NA	NA	NA	NA	0.145833333333333	NA	0.5	NA	NA	NA	NA	0.111111111111111	NA	NA	NA	NA	NA	NA	NA	NA	NA	NA	NA	NA	NA	NA	NA	0.285714285714286	NA	NA	NA
950	NA	NA	1	NA	NA	NA	NA	NA	NA	NA	NA	NA	NA	NA	NA	NA	NA	NA	NA	NA	NA	NA	NA	0.142857142857143	NA	0.333333333333333	NA	NA	NA	NA	0.1875	NA	NA	NA	NA	NA	NA	NA	NA	NA	NA	NA	NA	NA	NA	NA	0.142857142857143	NA	NA	NA
955	NA	NA	0.666666666666667	NA	NA	NA	NA	NA	NA	NA	NA	NA	NA	NA	NA	NA	NA	NA	NA	NA	NA	NA	NA	0.125	NA	0.318181818181818	NA	NA	NA	NA	0.24	NA	NA	NA	NA	NA	NA	NA	NA	NA	NA	NA	NA	NA	NA	NA	0.4	NA	NA	NA
960	NA	NA	0.368421052631579	NA	NA	NA	NA	NA	NA	NA	NA	NA	NA	NA	NA	NA	NA	NA	NA	NA	NA	NA	NA	0.135135135135135	NA	0.304347826086957	NA	NA	NA	NA	0.413793103448276	NA	NA	NA	NA	NA	NA	NA	NA	NA	NA	NA	NA	NA	NA	NA	0.363636363636364	NA	NA	NA
965	NA	NA	0.411764705882353	NA	NA	NA	NA	NA	NA	NA	NA	NA	NA	NA	NA	NA	NA	NA	NA	NA	NA	NA	NA	0.214285714285714	NA	0.294117647058824	NA	NA	NA	NA	0.352941176470588	NA	NA	NA	NA	NA	NA	NA	NA	NA	NA	NA	NA	NA	NA	NA	0.4375	NA	NA	NA
970	NA	NA	0.444444444444444	NA	NA	NA	NA	NA	NA	NA	NA	NA	NA	NA	NA	NA	NA	NA	NA	NA	NA	NA	NA	0.242424242424242	NA	0.6	NA	NA	NA	NA	0.307692307692308	NA	NA	NA	NA	NA	NA	NA	NA	NA	NA	NA	NA	NA	NA	NA	0.5	NA	NA	NA
975	NA	NA	0.571428571428571	NA	NA	NA	NA	NA	NA	NA	NA	NA	NA	NA	NA	NA	NA	NA	NA	NA	NA	NA	NA	0.333333333333333	NA	0.625	NA	NA	NA	NA	0.434782608695652	NA	NA	NA	NA	NA	NA	NA	NA	NA	NA	NA	NA	NA	NA	NA	0.266666666666667	NA	NA	NA
980	NA	NA	0.5	NA	NA	NA	NA	NA	NA	NA	NA	NA	NA	NA	NA	NA	NA	NA	NA	NA	NA	NA	NA	0.5	NA	0.6	NA	NA	NA	NA	0.307692307692308	NA	NA	NA	NA	NA	NA	NA	NA	NA	NA	NA	NA	NA	NA	NA	0.315789473684211	NA	NA	NA
985	NA	NA	0.428571428571429	NA	NA	NA	NA	NA	NA	NA	NA	NA	NA	NA	NA	NA	NA	NA	NA	NA	NA	NA	NA	0.375	NA	0.333333333333333	NA	NA	NA	NA	0.304347826086957	NA	NA	NA	NA	NA	NA	NA	NA	NA	NA	NA	NA	NA	NA	NA	0.222222222222222	NA	NA	NA
990	NA	NA	0.8	NA	NA	NA	NA	NA	NA	NA	NA	NA	NA	NA	NA	NA	NA	NA	NA	NA	NA	NA	NA	0.428571428571429	NA	0.466666666666667	NA	NA	NA	NA	0.25	NA	NA	NA	NA	NA	NA	NA	NA	NA	NA	NA	NA	NA	NA	NA	0.5	NA	NA	NA
995	NA	NA	0.666666666666667	NA	NA	NA	NA	NA	NA	NA	NA	NA	NA	NA	NA	NA	NA	NA	NA	NA	NA	NA	NA	0.571428571428571	NA	0.384615384615385	NA	NA	NA	NA	0.407407407407407	NA	NA	NA	NA	NA	NA	NA	NA	NA	NA	NA	NA	NA	NA	NA	0.153846153846154	NA	NA	NA
1000	NA	NA	NA	NA	NA	NA	NA	NA	NA	NA	NA	NA	NA	NA	NA	NA	NA	NA	NA	NA	NA	NA	NA	0.5	NA	0.6	NA	NA	NA	NA	0.4	NA	NA	NA	NA	NA	NA	NA	NA	NA	NA	NA	NA	NA	NA	NA	0.421052631578947	NA	NA	NA
1005	NA	NA	NA	NA	NA	NA	NA	NA	NA	NA	NA	NA	NA	NA	NA	NA	NA	NA	NA	NA	NA	NA	NA	0.411764705882353	NA	0.625	NA	NA	NA	NA	0.263157894736842	NA	NA	NA	NA	NA	NA	NA	NA	NA	NA	NA	NA	NA	NA	NA	0.357142857142857	NA	NA	NA
1010	NA	NA	NA	NA	NA	NA	NA	NA	NA	NA	NA	NA	NA	NA	NA	NA	NA	NA	NA	NA	NA	NA	NA	0.363636363636364	NA	0.285714285714286	NA	NA	NA	NA	0.25	NA	NA	NA	NA	NA	NA	NA	NA	NA	NA	NA	NA	NA	NA	NA	0.5	NA	NA	NA
1015	NA	NA	NA	NA	NA	NA	NA	NA	NA	NA	NA	NA	NA	NA	NA	NA	NA	NA	NA	NA	NA	NA	NA	0.375	NA	0.7	NA	NA	NA	NA	0.3	NA	NA	NA	NA	NA	NA	NA	NA	NA	NA	NA	NA	NA	NA	NA	0.285714285714286	NA	NA	NA
1020	NA	NA	NA	NA	NA	NA	NA	NA	NA	NA	NA	NA	NA	NA	NA	NA	NA	NA	NA	NA	NA	NA	NA	0.363636363636364	NA	0.5	NA	NA	NA	NA	0.380952380952381	NA	NA	NA	NA	NA	NA	NA	NA	NA	NA	NA	NA	NA	NA	NA	0.2	NA	NA	NA
1025	NA	NA	NA	NA	NA	NA	NA	NA	NA	NA	NA	NA	NA	NA	NA	NA	NA	NA	NA	NA	NA	NA	NA	0.733333333333333	NA	0.75	NA	NA	NA	NA	0.222222222222222	NA	NA	NA	NA	NA	NA	NA	NA	NA	NA	NA	NA	NA	NA	NA	0.428571428571429	NA	NA	NA
1030	NA	NA	NA	NA	NA	NA	NA	NA	NA	NA	NA	NA	NA	NA	NA	NA	NA	NA	NA	NA	NA	NA	NA	0.416666666666667	NA	1	NA	NA	NA	NA	0.461538461538462	NA	NA	NA	NA	NA	NA	NA	NA	NA	NA	NA	NA	NA	NA	NA	1	NA	NA	NA
1035	NA	NA	NA	NA	NA	NA	NA	NA	NA	NA	NA	NA	NA	NA	NA	NA	NA	NA	NA	NA	NA	NA	NA	0.333333333333333	NA	1	NA	NA	NA	NA	0.714285714285714	NA	NA	NA	NA	NA	NA	NA	NA	NA	NA	NA	NA	NA	NA	NA	NA	NA	NA	NA
1040	NA	NA	NA	NA	NA	NA	NA	NA	NA	NA	NA	NA	NA	NA	NA	NA	NA	NA	NA	NA	NA	NA	NA	0.352941176470588	NA	1	NA	NA	NA	NA	1	NA	NA	NA	NA	NA	NA	NA	NA	NA	NA	NA	NA	NA	NA	NA	NA	NA	NA	NA
1045	NA	NA	NA	NA	NA	NA	NA	NA	NA	NA	NA	NA	NA	NA	NA	NA	NA	NA	NA	NA	NA	NA	NA	0.2	NA	1	NA	NA	NA	NA	0.4	NA	NA	NA	NA	NA	NA	NA	NA	NA	NA	NA	NA	NA	NA	NA	NA	NA	NA	NA
1050	NA	NA	NA	NA	NA	NA	NA	NA	NA	NA	NA	NA	NA	NA	NA	NA	NA	NA	NA	NA	NA	NA	NA	0.1875	NA	NA	NA	NA	NA	NA	0.666666666666667	NA	NA	NA	NA	NA	NA	NA	NA	NA	NA	NA	NA	NA	NA	NA	NA	NA	NA	NA
1055	NA	NA	NA	NA	NA	NA	NA	NA	NA	NA	NA	NA	NA	NA	NA	NA	NA	NA	NA	NA	NA	NA	NA	0.411764705882353	NA	NA	NA	NA	NA	NA	0.375	NA	NA	NA	NA	NA	NA	NA	NA	NA	NA	NA	NA	NA	NA	NA	NA	NA	NA	NA
1060	NA	NA	NA	NA	NA	NA	NA	NA	NA	NA	NA	NA	NA	NA	NA	NA	NA	NA	NA	NA	NA	NA	NA	0.5	NA	NA	NA	NA	NA	NA	0.615384615384615	NA	NA	NA	NA	NA	NA	NA	NA	NA	NA	NA	NA	NA	NA	NA	NA	NA	NA	NA
1065	NA	NA	NA	NA	NA	NA	NA	NA	NA	NA	NA	NA	NA	NA	NA	NA	NA	NA	NA	NA	NA	NA	NA	1	NA	NA	NA	NA	NA	NA	1	NA	NA	NA	NA	NA	NA	NA	NA	NA	NA	NA	NA	NA	NA	NA	NA	NA	NA	NA
1070	NA	NA	NA	NA	NA	NA	NA	NA	NA	NA	NA	NA	NA	NA	NA	NA	NA	NA	NA	NA	NA	NA	NA	1	NA	NA	NA	NA	NA	NA	0.5	NA	NA	NA	NA	NA	NA	NA	NA	NA	NA	NA	NA	NA	NA	NA	NA	NA	NA	NA
