0	1	1	1	1	1	1	1	1	1	1	1	1	1	1	1	1	1	1	1	1
10	0.8125	0.411764705882353	0.692307692307692	NA	0.75	0.666666666666667	0.285714285714286	0.923076923076923	0.5	0.875	0.941176470588235	0.666666666666667	0.75	1	0.384615384615385	0.5	1	0.461538461538462	0.75	0.5625
20	0.416666666666667	0.357142857142857	0.256410256410256	NA	0.28	0.526315789473684	0.25	0.444444444444444	0.4	0.5	0.217391304347826	0.666666666666667	0.444444444444444	0.6	0.387096774193548	0.555555555555556	0.727272727272727	0.32	0.263157894736842	0.428571428571429
30	0.225806451612903	0.127659574468085	0.119402985074627	NA	0.416666666666667	0.166666666666667	0.106382978723404	0.378378378378378	0.18	NA	0.388888888888889	0.388888888888889	0.2	0.347826086956522	0.344827586206897	0.5	0.5	0.181818181818182	0.2	0.391304347826087
40	0.132352941176471	0.177215189873418	0.122222222222222	NA	0.26	0.215686274509804	0.131578947368421	0.323076923076923	0.105769230769231	NA	0.28125	0.45	0.285714285714286	0.275862068965517	0.318181818181818	0.214285714285714	0.333333333333333	0.125	0.1875	0.16304347826087
50	0.123809523809524	0.137931034482759	0.0862068965517241	NA	0.113924050632911	0.137931034482759	0.0729166666666667	0.206896551724138	0.0740740740740741	NA	0.217391304347826	0.377777777777778	0.186046511627907	0.25974025974026	0.354166666666667	0.191489361702128	0.5	0.3125	0.14	0.0718954248366013
60	0.0785714285714286	0.132530120481928	0.108108108108108	NA	0.0774193548387097	0.114754098360656	0.0807453416149068	0.112903225806452	0.0656934306569343	NA	0.115384615384615	0.133333333333333	0.144736842105263	0.0927835051546392	0.377777777777778	0.211267605633803	0.6	0.150684931506849	0.17910447761194	0.0738636363636364
70	0.0526315789473684	0.138613861386139	0.0536912751677852	NA	0.0559701492537313	0.108108108108108	0.0535714285714286	0.121019108280255	0.050125313283208	NA	0.094488188976378	0.0857142857142857	0.159420289855072	0.08	0.174418604651163	0.0975609756097561	0.571428571428571	0.136842105263158	0.133333333333333	0.0688073394495413
80	0.0590551181102362	0.0810810810810811	0.0422885572139304	NA	0.050531914893617	0.0747126436781609	0.0487804878048781	0.0792079207920792	0.0235690235690236	NA	0.0795454545454545	0.0814814814814815	0.0635838150289017	0.0615384615384615	0.157894736842105	0.0538922155688623	0.294117647058824	0.0934579439252336	0.0844155844155844	0.0693430656934307
90	0.0520231213872832	0.046218487394958	0.0443262411347518	NA	0.032319391634981	0.078125	0.0285714285714286	0.0569395017793594	0.0229468599033816	NA	0.0604651162790698	0.1	0.0621468926553672	0.0599250936329588	0.12	0.0528169014084507	0.324324324324324	0.0555555555555556	0.0537190082644628	0.0392156862745098
100	0.0367816091954023	0.0568475452196382	0.0201342281879195	NA	0.0229885057471264	0.0568181818181818	0.0201660735468565	0.0390455531453362	0.0224913494809689	NA	0.11965811965812	0.0929203539823009	0.0355871886120996	0.0397022332506203	0.0764331210191083	0.0442477876106195	0.227848101265823	0.101214574898785	0.0536277602523659	0.0422264875239923
110	0.0285714285714286	0.0289193302891933	0.0146386093321134	NA	0.0227655986509275	0.030952380952381	0.0163934426229508	0.0263543191800878	0.0166964818127609	NA	0.0455764075067024	0.0596026490066225	0.0718232044198895	0.0458553791887125	0.068421052631579	0.0366492146596859	0.123595505617978	0.0456989247311828	0.0311890838206628	0.0223978919631094
120	0.0223804679552391	0.0199556541019956	0.0132241813602015	NA	0.0112479914301018	0.03125	0.0106837606837607	0.0187018701870187	0.00859375	NA	0.0408163265306122	0.0390243902439024	0.0342741935483871	0.0164102564102564	0.0540540540540541	0.0240096038415366	0.108527131782946	0.0301624129930394	0.02275600505689	0.0191235059760956
130	0.0128012048192771	0.0149355057705363	0.0103806228373702	NA	0.00669721536834685	0.0209150326797386	0.0108818011257036	0.0199572344975053	0.00557258289217052	NA	0.023696682464455	0.0236363636363636	0.0227576974564926	0.0153284671532847	0.0805369127516778	0.0226739640344019	0.0483091787439614	0.0272873194221509	0.0158730158730159	0.0106026785714286
140	0.0109132682366456	0.00925925925925926	0.0108058042605743	NA	0.00652741514360313	0.0154545454545455	0.00806885422270038	0.015158924205379	0.00601659751037344	NA	0.0326876513317191	0.0195402298850575	0.0166666666666667	0.0106571936056838	0.054673721340388	0.00923411189570885	0.0532786885245902	0.0185830429732869	0.0103469263542301	0.00942655145326002
150	0.00700116686114352	0.00673076923076923	0.00963693411026446	NA	0.00625978090766823	0.0167633784655061	0.00541795665634675	0.00911960715538408	0.005	NA	0.0160060975609756	0.0153714773697694	0.0111940298507463	0.00764119601328904	0.0297029702970297	0.00960472848171407	0.0650406504065041	0.0141732283464567	0.0118803768947153	0.00617283950617284
160	0.00721709006928406	0.00707547169811321	0.00563620836891546	NA	0.00382521700750331	0.0112570356472795	0.00398818316100443	0.00571725571725572	0.00320512820512821	NA	0.0131434830230011	0.0105496946141033	0.0103448275862069	0.00522193211488251	0.0187376725838264	0.00521648408972353	0.0506108202443281	0.014985590778098	0.00668216153399187	0.00475059382422803
170	0.00605012964563526	0.00496014171833481	0.00394310660470356	NA	0.0038046146293569	0.0118741976893453	0.00412706353176588	0.00532319391634981	0.00407424173834314	NA	0.0100347356233115	0.00655200655200655	0.00882456759618779	0.00559364850234572	0.0167714884696017	0.00699444558732771	0.0191846522781775	0.00916630292448712	0.00571065989847716	0.00614822200066467
180	0.00478468899521531	0.00399724328049621	0.00392975561832249	NA	0.00359128822984245	0.00796999531176746	0.00349903474903475	0.00343232353380093	0.00324094769780957	NA	0.0084411930219471	0.00597269624573379	0.00644828475625484	0.00374307531067525	0.012227538543328	0.00467666505402354	0.016793893129771	0.00779473855147775	0.00566718186501803	0.00455886296594261
190	0.00416294974724948	0.00322878228782288	0.00412844036697248	NA	0.00370842507822459	0.00712811855186644	0.00315752543562156	0.00334406737676492	0.00465657741559953	NA	0.00515039142974866	0.00651260504201681	0.00448692937963324	0.00286425902864259	0.0075214899713467	0.00307692307692308	0.0089938167509837	0.00487923883874116	0.00381787330316742	0.00342304060434372
200	0.00317540962784199	0.00333082625980445	0.00346420323325635	NA	0.00357006247609333	0.00429843414184833	0.00292861500915192	0.00401868143803628	0.00336889387984278	NA	0.00440875452684617	0.00452771272443404	0.00379087032064445	0.00330145719489982	0.00593792172739541	0.0031616982836495	0.00872534142640364	0.00408163265306122	0.00492362075495518	0.00364640883977901
210	0.00421200421200421	0.00292726863319072	0.00385852090032154	NA	0.0041341295360588	0.00719239660929874	0.00426910054467835	0.00260357708852162	0.00541624874623872	NA	0.00411304232453231	0.0034009321073183	0.00389942180986957	0.0030759090409755	0.00587282300526529	0.0031114568285365	0.0132730866986727	0.00347322720694645	0.00390006093845216	0.00315457413249211
220	0.00391737891737892	0.00352112676056338	0.00512312014543051	NA	0.0046027616569942	0.00445852399389886	0.00727344210733242	0.00318007155160991	0.00682805710738672	NA	0.00348513011152416	0.00419426048565121	0.00256035113386979	0.00385284613472533	0.00426001893341748	0.00369179468857925	0.00517104216388226	0.00483399058643938	0.00294533459000942	0.00458963282937365
230	0.00542686962276638	0.00411240575736806	0.00630517023959647	NA	0.00878992089071198	0.00363892475642681	0.0103866128101558	0.00430891614186278	0.00792079207920792	NA	0.00389149593682042	0.00321371183717193	0.00546979457882582	0.00446703635243376	0.00342987804878049	0.00362268357252334	0.00502907433600503	0.00295020061364173	0.00378688952729172	0.00587911078449385
240	0.00457782299084435	0.00487578360807987	0.0099009900990099	NA	0.0092277804759592	0.00326200417536534	0.0105990783410138	0.00467601870407482	0.0189491817398794	NA	0.00372104189172968	0.00309450130921209	0.0037368210329641	0.00522875816993464	0.00448998388210914	0.0056785917092561	0.00553724456163481	0.00440222428174235	0.00393056010481494	0.0097059663145875
250	0.00759301442672741	0.00753768844221105	0.0105721393034826	NA	0.0181674565560821	0.00453074433656958	0.0274678111587983	0.00671817265703729	0.0255639097744361	NA	0.00359604435121366	0.00526711813393529	0.00667390966940866	0.00648414985590778	0.00337685727149932	0.00788321167883212	0.00336739433348816	0.0034740092640247	0.00583232077764277	0.0105355575065847
260	0.00920368147258904	0.0107889413351315	0.0184182015167931	NA	0.0390117035110533	0.0051511758118701	0.0309597523219814	0.0146024878312601	0.0559210526315789	NA	0.00675675675675676	0.00508543531326282	0.00609880056922139	0.0139393939393939	0.00388679703631726	0.00897308075772682	0.00456033676333021	0.00420984455958549	0.00759493670886076	0.0157998683344305
270	0.0189873417721519	0.0231660231660232	0.026	NA	0.0318627450980392	0.00660169757937755	0.0279898218829517	0.0261121856866538	0.0648148148148148	NA	0.009366391184573	0.00696336663639116	0.00571085061617072	0.0170068027210884	0.00409776086638373	0.0215686274509804	0.00366882719823896	0.00709740577581987	0.011183048852266	0.0179028132992327
280	0.0228658536585366	0.0305676855895196	0.0355731225296443	NA	0.0670103092783505	0.00960994912379876	0.0948275862068965	0.0214669051878354	0.305555555555556	NA	0.0120203421174295	0.0134099616858238	0.00969162995594714	0.0402930402930403	0.00443101711983887	0.025844930417495	0.00525240735337029	0.00908014212396368	0.0185792349726776	0.0449101796407186
290	0.0402684563758389	0.0466101694915254	0.0645161290322581	NA	0.144144144144144	0.0194741966893866	0.0725806451612903	0.0507246376811594	0.238095238095238	NA	0.0163170163170163	0.0142737195633921	0.0193452380952381	0.0373134328358209	0.00542437779195916	0.0478260869565217	0.0039607695209355	0.0137362637362637	0.0305498981670061	0.0555555555555556
300	0.0869565217391304	0.0720720720720721	0.162162162162162	NA	0.111111111111111	0.0344827586206897	0.103448275862069	0.110236220472441	0.27027027027027	NA	0.0308641975308642	0.0242510699001427	0.0372093023255814	0.0549450549450549	0.00994152046783626	0.0636363636363636	0.00719026548672566	0.0189349112426036	0.0666666666666667	0.0849056603773585
310	0.0701754385964912	0.116666666666667	0.142857142857143	NA	0.285714285714286	0.0714285714285714	0.285714285714286	0.111111111111111	0.307692307692308	NA	0.0507936507936508	0.0350877192982456	0.0298850574712644	0.112244897959184	0.0417136414881623	0.138461538461538	0.00693842150910668	0.0285132382892057	0.0648148148148148	0.0909090909090909
320	0.148648648648649	0.235294117647059	1	NA	NA	0.0747126436781609	0.357142857142857	0.207547169811321	0.35	NA	0.0506912442396313	0.0597014925373134	0.0649819494584837	0.228070175438596	0.0337268128161889	0.166666666666667	0.0176678445229682	0.0891472868217054	0.107142857142857	0.268292682926829
330	0.241379310344828	0.578947368421053	NA	NA	NA	0.0814814814814815	0.454545454545455	0.179487179487179	0.5	NA	0.075187969924812	0.16	0.062111801242236	0.55	0.0671140939597315	0.454545454545455	0.0259515570934256	0.0699300699300699	0.111111111111111	0.473684210526316
340	0.466666666666667	0.4	NA	NA	NA	0.0625	0.428571428571429	0.227272727272727	NA	NA	0.183098591549296	0.159420289855072	0.0714285714285714	0.5	0.0487804878048781	0.5	0.0376344086021505	0.0769230769230769	0.363636363636364	0.466666666666667
350	0.454545454545455	1	NA	NA	NA	0.181818181818182	0.8	0.212121212121212	NA	NA	0.214285714285714	0.162162162162162	0.087719298245614	NA	0.0659340659340659	NA	0.0478723404255319	0.0892857142857143	1	0.444444444444444
360	0.454545454545455	1	NA	NA	NA	0.153846153846154	0.4	0.5	NA	NA	0.263157894736842	0.25	0.217391304347826	NA	0.19047619047619	NA	0.0888888888888889	0.161290322580645	NA	0.5
370	0.444444444444444	0.625	NA	NA	NA	0.666666666666667	NA	1	NA	NA	0.666666666666667	0.4	0.384615384615385	NA	0.25	NA	0.109090909090909	0.4	NA	0.3125
380	1	0.333333333333333	NA	NA	NA	NA	NA	NA	NA	NA	1	0.333333333333333	0.466666666666667	NA	1	NA	0.215686274509804	0.25	NA	0.538461538461538
390	NA	1	NA	NA	NA	NA	NA	NA	NA	NA	0.571428571428571	0.25	0.428571428571429	NA	1	NA	0.318181818181818	1	NA	0.615384615384615
400	NA	NA	NA	NA	NA	NA	NA	NA	NA	NA	NA	1	NA	NA	NA	NA	0.5	NA	NA	0.5
410	NA	NA	NA	NA	NA	NA	NA	NA	NA	NA	NA	NA	NA	NA	NA	NA	1	NA	NA	0.714285714285714
