0	1	1	1	1	1	1	1	1	1	1	1	1	1	1	1	1	1	1	1	1	1	1	1	1	1	1	1	1	1	1	1	1	1	1	1	1	1	1	1	1	1	1	1	1	1	1	1	1	1	1
5	NA	0.6	0.555555555555556	0.5	1	1	0.625	0.666666666666667	0.5	1	0.909090909090909	1	0.8	0.571428571428571	0.6	0.5	0.461538461538462	1	1	1	0.625	NA	1	0.5	1	1	0.75	0.5	1	0.875	0.5	0.6	0.714285714285714	0.571428571428571	1	1	1	0.538461538461538	1	0.4	1	0.666666666666667	0.777777777777778	0.777777777777778	1	0.666666666666667	1	0.769230769230769	0.666666666666667	0.444444444444444
10	NA	0.411764705882353	0.391304347826087	1	0.583333333333333	0.5	0.461538461538462	NA	NA	NA	0.4	0.428571428571429	0.5	0.571428571428571	0.8	0.307692307692308	0.333333333333333	0.5	0.444444444444444	0.388888888888889	1	NA	1	0.461538461538462	0.625	0.833333333333333	0.333333333333333	0.272727272727273	0.5	0.625	0.5	0.3	0.363636363636364	0.5	0.714285714285714	NA	0.333333333333333	0.611111111111111	0.666666666666667	0.307692307692308	1	0.4375	0.428571428571429	0.571428571428571	1	0.538461538461538	1	0.235294117647059	1	0.260869565217391
15	NA	0.354838709677419	0.25	0.666666666666667	0.277777777777778	0.35	0.307692307692308	NA	NA	NA	1	0.5	1	0.571428571428571	1	0.2	0.3125	0.307692307692308	1	0.375	NA	NA	0.666666666666667	0.4	0.357142857142857	0.4	1	0.315789473684211	0.428571428571429	0.384615384615385	NA	0.461538461538462	0.315789473684211	0.4	0.333333333333333	NA	1	0.347826086956522	0.583333333333333	0.5	0.8	0.5	0.277777777777778	0.444444444444444	1	0.619047619047619	1	0.5	0.5	0.142857142857143
20	NA	0.176470588235294	0.241379310344828	0.875	0.333333333333333	0.4	0.473684210526316	NA	NA	NA	0.4	0.666666666666667	0.555555555555556	0.333333333333333	NA	0.333333333333333	0.263157894736842	0.421052631578947	1	0.625	NA	NA	0.666666666666667	0.3	0.44	NA	0.625	0.238095238095238	1	0.444444444444444	NA	0.323529411764706	0.225806451612903	0.357142857142857	0.416666666666667	NA	1	0.285714285714286	0.28	0.44	0.3	0.5	0.28125	0.384615384615385	NA	0.230769230769231	1	0.230769230769231	NA	0.2
25	NA	0.153846153846154	0.175	0.625	0.714285714285714	0.264705882352941	0.235294117647059	NA	NA	NA	0.25	1	0.333333333333333	0.916666666666667	NA	0.6	0.372093023255814	0.4	NA	0.5	NA	NA	0.5	0.5	0.268292682926829	NA	0.3	0.241379310344828	0.333333333333333	0.2	NA	0.333333333333333	0.105263157894737	0.333333333333333	0.428571428571429	NA	1	0.571428571428571	0.25	0.176470588235294	0.294117647058824	0.217391304347826	0.285714285714286	0.363636363636364	NA	0.222222222222222	1	0.368421052631579	NA	0.0978260869565217
30	NA	0.146341463414634	0.142857142857143	0.333333333333333	0.75	0.240740740740741	0.473684210526316	NA	NA	NA	0.5	1	0.25	0.384615384615385	NA	0.428571428571429	0.152173913043478	0.259259259259259	NA	1	NA	NA	0.416666666666667	0.533333333333333	0.1875	NA	0.352941176470588	0.16	0.263157894736842	0.209302325581395	NA	0.259259259259259	0.119047619047619	0.142857142857143	0.363636363636364	NA	1	0.6	0.166666666666667	0.333333333333333	0.19047619047619	0.515151515151515	0.153846153846154	0.214285714285714	NA	0.4375	0.571428571428571	0.25	NA	0.101010101010101
35	NA	0.295081967213115	0.166666666666667	0.636363636363636	1	0.133333333333333	0.37037037037037	NA	NA	NA	1	NA	0.5	0.357142857142857	NA	0.363636363636364	0.160714285714286	0.4375	NA	0.666666666666667	NA	NA	0.6875	0.212121212121212	0.135135135135135	NA	0.368421052631579	0.3	0.25	0.210526315789474	NA	0.206896551724138	0.133333333333333	0.470588235294118	0.3	NA	0.666666666666667	0.5	0.127272727272727	0.2	0.3125	0.181818181818182	0.307692307692308	0.176470588235294	NA	0.5	0.347826086956522	0.176470588235294	NA	0.0754716981132075
40	NA	0.1875	0.111111111111111	0.384615384615385	0.6	0.212765957446809	0.260869565217391	NA	NA	NA	0.833333333333333	NA	0.416666666666667	0.916666666666667	NA	0.307692307692308	0.125	0.176470588235294	NA	0.666666666666667	NA	NA	0.217391304347826	0.195652173913043	0.28	NA	0.333333333333333	0.151515151515152	0.15625	0.238095238095238	NA	0.2	0.0909090909090909	0.208333333333333	0.227272727272727	NA	0.714285714285714	1	0.156862745098039	0.212121212121212	0.4375	0.157894736842105	0.259259259259259	0.307692307692308	NA	0.333333333333333	0.3	0.217391304347826	NA	0.0583941605839416
45	NA	0.295774647887324	0.125	0.294117647058824	0.5625	0.224137931034483	0.363636363636364	NA	NA	NA	0.8	NA	0.5	0.777777777777778	NA	0.857142857142857	0.144578313253012	0.636363636363636	NA	1	NA	NA	0.185185185185185	0.153846153846154	0.2	NA	0.391304347826087	0.216666666666667	0.225806451612903	0.137254901960784	NA	0.176470588235294	0.0869565217391304	0.5	0.157894736842105	NA	0.857142857142857	0.75	0.142857142857143	0.171428571428571	0.615384615384615	0.183673469387755	0.241379310344828	0.291666666666667	NA	0.736842105263158	0.260869565217391	0.24	NA	0.0828402366863905
50	NA	0.163934426229508	0.180327868852459	0.333333333333333	0.611111111111111	0.176470588235294	0.161290322580645	NA	NA	NA	0.571428571428571	NA	0.571428571428571	NA	NA	NA	0.105882352941176	0.25	NA	NA	NA	NA	0.212121212121212	0.106382978723404	0.181818181818182	NA	0.25	0.156862745098039	0.209302325581395	0.166666666666667	NA	0.181818181818182	0.0860215053763441	0.37037037037037	0.571428571428571	NA	0.666666666666667	NA	0.105769230769231	0.166666666666667	0.352941176470588	0.0961538461538462	0.181818181818182	0.206896551724138	NA	0.272727272727273	0.235294117647059	0.357142857142857	NA	0.0520231213872832
55	NA	0.142857142857143	0.185185185185185	0.5	0.333333333333333	0.176470588235294	0.142857142857143	NA	NA	NA	0.5	NA	0.583333333333333	NA	NA	NA	0.108433734939759	0.291666666666667	NA	NA	NA	NA	0.166666666666667	0.169491525423729	0.150943396226415	NA	0.275862068965517	0.125	0.161290322580645	0.142857142857143	NA	0.159420289855072	0.109756097560976	0.291666666666667	0.272727272727273	NA	0.333333333333333	NA	0.0827067669172932	0.205882352941176	0.375	0.162790697674419	0.15	0.157894736842105	NA	0.571428571428571	0.266666666666667	0.304347826086957	NA	0.0691489361702128
60	NA	0.114754098360656	0.155555555555556	0.285714285714286	0.217391304347826	0.0963855421686747	0.285714285714286	NA	NA	NA	0.555555555555556	NA	0.333333333333333	NA	NA	NA	0.129032258064516	0.44	NA	NA	NA	NA	0.173913043478261	0.194029850746269	0.216666666666667	NA	0.264705882352941	0.0505050505050505	0.1875	0.173076923076923	NA	0.1	0.0720720720720721	0.5	0.5	NA	1	NA	0.0757575757575758	0.170731707317073	0.272727272727273	0.259259259259259	0.148148148148148	0.196428571428571	NA	0.666666666666667	0.461538461538462	0.333333333333333	NA	0.0673076923076923
65	NA	0.242424242424242	0.114285714285714	0.333333333333333	0.1875	0.141304347826087	0.159090909090909	NA	NA	NA	0.363636363636364	NA	0.409090909090909	NA	NA	NA	0.112903225806452	0.222222222222222	NA	NA	NA	NA	0.132352941176471	0.171875	0.106666666666667	NA	0.28	0.0673076923076923	0.207547169811321	0.171875	NA	0.0909090909090909	0.079646017699115	0.2	0.5	NA	NA	NA	0.072463768115942	0.134615384615385	0.35	0.164179104477612	0.155172413793103	0.196969696969697	NA	0.583333333333333	0.444444444444444	0.163265306122449	NA	0.0378787878787879
70	NA	0.154929577464789	0.162162162162162	0.146341463414634	0.13953488372093	0.171717171717172	0.178571428571429	NA	NA	NA	0.8	NA	0.28125	NA	NA	NA	0.119402985074627	0.296296296296296	NA	NA	NA	NA	0.166666666666667	0.123076923076923	0.129032258064516	NA	0.384615384615385	0.0463576158940397	0.285714285714286	0.141304347826087	NA	0.0902777777777778	0.0612244897959184	0.615384615384615	NA	NA	NA	NA	0.072463768115942	0.13953488372093	0.266666666666667	0.123456790123457	0.150943396226415	0.144927536231884	NA	0.25	0.75	0.285714285714286	NA	0.0431893687707641
75	NA	0.16304347826087	0.163265306122449	0.131147540983607	0.1	0.142857142857143	0.140350877192982	NA	NA	NA	1	NA	0.195121951219512	NA	NA	NA	0.106666666666667	0.352941176470588	NA	NA	NA	NA	0.128571428571429	0.09375	0.108333333333333	NA	0.210526315789474	0.0677083333333333	0.285714285714286	0.117647058823529	NA	0.0773480662983425	0.0819672131147541	0.285714285714286	NA	NA	NA	NA	0.0632911392405063	0.166666666666667	0.291666666666667	0.123287671232877	0.232558139534884	0.148936170212766	NA	0.583333333333333	0.545454545454545	0.2	NA	0.0723270440251572
80	NA	0.0759493670886076	0.136363636363636	0.0967741935483871	0.137254901960784	0.0469798657718121	0.148148148148148	NA	NA	NA	0.75	NA	0.215686274509804	NA	NA	NA	0.0731707317073171	0.357142857142857	NA	NA	NA	NA	0.0943396226415094	0.102941176470588	0.0852713178294574	NA	0.225	0.0468085106382979	0.12962962962963	0.0808823529411765	NA	0.0631578947368421	0.104347826086957	0.357142857142857	NA	NA	NA	NA	0.0526315789473684	0.12	0.161290322580645	0.148648648648649	0.24390243902439	0.170212765957447	NA	0.352941176470588	0.571428571428571	0.127659574468085	NA	0.0315789473684211
85	NA	0.110091743119266	0.121951219512195	0.0909090909090909	0.125	0.0594059405940594	0.173076923076923	NA	NA	NA	1	NA	0.25	NA	NA	NA	0.0982142857142857	0.285714285714286	NA	NA	NA	NA	0.0972222222222222	0.0529801324503311	0.0666666666666667	NA	0.166666666666667	0.046875	0.121212121212121	0.0721649484536082	NA	0.0564516129032258	0.0618556701030928	0.222222222222222	NA	NA	NA	NA	0.0505050505050505	0.115384615384615	0.161290322580645	0.119047619047619	0.117647058823529	0.155555555555556	NA	0.24	0.571428571428571	0.0775193798449612	NA	0.0357142857142857
90	NA	0.055045871559633	0.0803571428571429	0.141509433962264	0.152777777777778	0.0517241379310345	0.140625	NA	NA	NA	1	NA	0.184210526315789	NA	NA	NA	0.099236641221374	0.666666666666667	NA	NA	NA	NA	0.0769230769230769	0.0494505494505494	0.101351351351351	NA	0.121621621621622	0.03515625	0.231884057971014	0.0443349753694581	NA	0.040983606557377	0.073394495412844	0.421052631578947	NA	NA	NA	NA	0.0717703349282297	0.0588235294117647	0.344827586206897	0.09	0.183098591549296	0.128205128205128	NA	0.266666666666667	0.4	0.0793650793650794	NA	0.0234833659491194
95	NA	0.0737704918032787	0.0671641791044776	0.155172413793103	0.102941176470588	0.0535714285714286	0.136363636363636	NA	NA	NA	NA	NA	0.225806451612903	NA	NA	NA	0.0888888888888889	0.5	NA	NA	NA	NA	0.0792079207920792	0.0483870967741935	0.0471204188481675	NA	0.241379310344828	0.0555555555555556	0.0707070707070707	0.0427350427350427	NA	0.0242214532871972	0.0833333333333333	0.388888888888889	NA	NA	NA	NA	0.0945945945945946	0.0758620689655172	0.151515151515152	0.0601503759398496	0.116279069767442	0.205882352941176	NA	0.4	0.5	0.0680272108843537	NA	0.0252427184466019
100	NA	0.0738255033557047	0.0806451612903226	0.0681818181818182	0.0983606557377049	0.0663265306122449	0.12280701754386	NA	NA	NA	NA	NA	0.157894736842105	NA	NA	NA	0.0726256983240224	0.6875	NA	NA	NA	NA	0.124087591240876	0.0504201680672269	0.050561797752809	NA	0.2	0.0342465753424658	0.087719298245614	0.0570342205323194	NA	0.033003300330033	0.0909090909090909	0.2	NA	NA	NA	NA	0.0313725490196078	0.0718562874251497	0.133333333333333	0.0945945945945946	0.0952380952380952	0.163265306122449	NA	0.294117647058824	0.136363636363636	0.0772946859903382	NA	0.0241635687732342
105	NA	0.126666666666667	0.0714285714285714	0.128571428571429	0.127659574468085	0.0546448087431694	0.155844155844156	NA	NA	NA	NA	NA	0.128205128205128	NA	NA	NA	0.0742574257425743	0.5	NA	NA	NA	NA	0.125827814569536	0.046242774566474	0.0666666666666667	NA	0.0824742268041237	0.0426229508196721	0.0666666666666667	0.0729483282674772	NA	0.0416666666666667	0.0559006211180124	0.257142857142857	NA	NA	NA	NA	0.0445205479452055	0.0476190476190476	0.102040816326531	0.0789473684210526	0.0775862068965517	0.12962962962963	NA	0.222222222222222	0.235294117647059	0.0858585858585859	NA	0.0264650283553875
110	NA	0.0662650602409639	0.0540540540540541	0.0930232558139535	0.131578947368421	0.0612244897959184	0.119047619047619	NA	NA	NA	NA	NA	0.192307692307692	NA	NA	NA	0.0298507462686567	NA	NA	NA	NA	NA	0.116564417177914	0.0279329608938547	0.0502092050209205	NA	0.128440366972477	0.0244498777506112	0.083969465648855	0.0507042253521127	NA	0.0344827586206897	0.085427135678392	0.147058823529412	NA	NA	NA	NA	0.0325732899022801	0.0613496932515337	0.160714285714286	0.046875	0.139130434782609	0.150943396226415	NA	0.3	0.159420289855072	0.0720720720720721	NA	0.01875
115	NA	0.0714285714285714	0.0504587155963303	0.0745341614906832	0.168831168831169	0.0669856459330144	0.0851063829787234	NA	NA	NA	NA	NA	0.191489361702128	NA	NA	NA	0.0363128491620112	NA	NA	NA	NA	NA	0.10762331838565	0.0397877984084881	0.0408163265306122	NA	0.0982142857142857	0.0397350993377483	0.075187969924812	0.0445544554455446	NA	0.0255813953488372	0.0520446096654275	0.162790697674419	NA	NA	NA	NA	0.0463215258855586	0.0462962962962963	0.0933333333333333	0.0485436893203883	0.0508474576271186	0.151515151515152	NA	0.222222222222222	0.206896551724138	0.0412698412698413	NA	0.0197869101978691
120	NA	0.0508474576271186	0.045045045045045	0.0621468926553672	0.204819277108434	0.0263157894736842	0.0833333333333333	NA	NA	NA	NA	NA	0.222222222222222	NA	NA	NA	0.0232558139534884	NA	NA	NA	NA	NA	0.055045871559633	0.0204545454545455	0.0531914893617021	NA	0.0961538461538462	0.027027027027027	0.0526315789473684	0.0423387096774194	NA	0.0227272727272727	0.0307692307692308	0.234042553191489	NA	NA	NA	NA	0.0450704225352113	0.0350194552529183	0.0689655172413793	0.088	0.0935251798561151	0.142857142857143	NA	0.1875	0.155172413793103	0.0432432432432432	NA	0.0177215189873418
125	NA	0.047808764940239	0.0498084291187739	0.0441176470588235	0.072289156626506	0.0512820512820513	0.0814814814814815	NA	NA	NA	NA	NA	0.186046511627907	NA	NA	NA	0.0264900662251656	NA	NA	NA	NA	NA	0.0434782608695652	0.0298210735586481	0.0546623794212219	NA	0.0819672131147541	0.0286806883365201	0.0702702702702703	0.0280701754385965	NA	0.0255474452554745	0.0287081339712919	0.245283018867925	NA	NA	NA	NA	0.0452127659574468	0.0610687022900763	0.112903225806452	0.0423728813559322	0.0569105691056911	0.194029850746269	NA	0.230769230769231	0.146067415730337	0.03125	NA	0.0149892933618844
130	NA	0.0431372549019608	0.0239043824701195	0.0476190476190476	0.0909090909090909	0.0331325301204819	0.09375	NA	NA	NA	NA	NA	0.153846153846154	NA	NA	NA	0.0224299065420561	NA	NA	NA	NA	NA	0.0498338870431894	0.0282485875706215	0.0337078651685393	NA	0.0827067669172932	0.0203389830508475	0.102941176470588	0.023961661341853	NA	0.0267295597484277	0.0264650283553875	0.18	NA	NA	NA	NA	0.0242718446601942	0.0337837837837838	0.0909090909090909	0.0491071428571429	0.0555555555555556	0.131578947368421	NA	0.121212121212121	0.06	0.0317124735729387	NA	0.0138203356367226
135	NA	0.0422535211267606	0.0412698412698413	0.0476190476190476	0.133333333333333	0.0398009950248756	0.0671140939597315	NA	NA	NA	NA	NA	0.12280701754386	NA	NA	NA	0.0186335403726708	NA	NA	NA	NA	NA	0.04	0.018018018018018	0.0398860398860399	NA	0.0740740740740741	0.0159651669085631	0.0552995391705069	0.0233576642335766	NA	0.0130434782608696	0.0224913494809689	0.244897959183673	NA	NA	NA	NA	0.0339366515837104	0.0383275261324042	0.163265306122449	0.0642570281124498	0.0666666666666667	0.134328358208955	NA	0.285714285714286	0.0840336134453782	0.0235294117647059	NA	0.0156794425087108
140	NA	0.0421686746987952	0.0346820809248555	0.0470588235294118	0.0618556701030928	0.0304182509505703	0.0598290598290598	NA	NA	NA	NA	NA	0.159090909090909	NA	NA	NA	0.0207100591715976	NA	NA	NA	NA	NA	0.0467532467532468	0.0228758169934641	0.0342105263157895	NA	0.0833333333333333	0.0260631001371742	0.053639846743295	0.0221565731166913	NA	0.0231707317073171	0.015552099533437	0.0980392156862745	NA	NA	NA	NA	0.029723991507431	0.0284090909090909	0.113207547169811	0.0376175548589342	0.0772532188841202	0.0985915492957746	NA	0.242424242424242	0.0743801652892562	0.0335305719921105	NA	0.014274385408406
145	NA	0.0397022332506203	0.04	0.0733333333333333	0.0807453416149068	0.0206677265500795	0.0620689655172414	NA	NA	NA	NA	NA	0.166666666666667	NA	NA	NA	0.018348623853211	NA	NA	NA	NA	NA	0.0308788598574822	0.0203193033381713	0.036117381489842	NA	0.0340909090909091	0.0151133501259446	0.0492307692307692	0.015	NA	0.0313253012048193	0.0168711656441718	0.25	NA	NA	NA	NA	0.0267857142857143	0.0333333333333333	0.120689655172414	0.0254957507082153	0.0508474576271186	0.104166666666667	NA	0.272727272727273	0.0479452054794521	0.0219224283305228	NA	0.0152317880794702
150	NA	0.0386363636363636	0.024330900243309	0.0533807829181495	0.0876288659793814	0.0274809160305344	0.0652173913043478	NA	NA	NA	NA	NA	0.121212121212121	NA	NA	NA	0.0214030915576694	NA	NA	NA	NA	NA	0.0382022471910112	0.0251046025104603	0.0282258064516129	NA	0.0703517587939698	0.0156438026474128	0.0314285714285714	0.0203592814371257	NA	0.0131291028446389	0.020260492040521	0.15	NA	NA	NA	NA	0.0261538461538462	0.0238611713665944	0.213114754098361	0.0258823529411765	0.06	0.113207547169811	NA	0.192307692307692	0.0676691729323308	0.0181818181818182	NA	0.00924321201617562
155	NA	0.0277185501066098	0.0268041237113402	0.0440677966101695	0.064	0.0218340611353712	0.0575221238938053	NA	NA	NA	NA	NA	0.147540983606557	NA	NA	NA	0.0160427807486631	NA	NA	NA	NA	NA	0.024896265560166	0.02	0.0192678227360308	NA	0.0420168067226891	0.013142174432497	0.0515222482435597	0.0153846153846154	NA	0.0124521072796935	0.0157894736842105	0.189189189189189	NA	NA	NA	NA	0.0244604316546763	0.0233009708737864	0.104477611940299	0.0289855072463768	0.0567375886524823	0.0862068965517241	NA	0.184210526315789	0.0552486187845304	0.0154838709677419	NA	0.0128205128205128
160	NA	0.020979020979021	0.0201465201465201	0.032258064516129	0.0574324324324324	0.0167525773195876	0.0382775119617225	NA	NA	NA	NA	NA	0.117647058823529	NA	NA	NA	0.0132248219735504	NA	NA	NA	NA	NA	0.0253164556962025	0.0230664857530529	0.0175131348511384	NA	0.0471014492753623	0.0174418604651163	0.0384615384615385	0.0183044315992293	NA	0.0124888492417484	0.0168067226890756	0.191489361702128	NA	NA	NA	NA	0.0134048257372654	0.0302066772655008	0.123076923076923	0.0295275590551181	0.0454545454545455	0.102189781021898	NA	0.275862068965517	0.0517241379310345	0.0122358175750834	NA	0.00772797527047913
165	NA	0.0328638497652582	0.0197693574958814	0.0452261306532663	0.028125	0.0150987224157956	0.0596330275229358	NA	NA	NA	NA	NA	0.241379310344828	NA	NA	NA	0.0179584120982987	NA	NA	NA	NA	NA	0.0243478260869565	0.017743979721166	0.0244755244755245	NA	0.03003003003003	0.015984015984016	0.0265848670756646	0.0153721682847896	NA	0.00969425801640567	0.0149094781682641	0.108108108108108	NA	NA	NA	NA	0.0179640718562874	0.0239162929745889	0.0958904109589041	0.0315398886827458	0.0372670807453416	0.0635838150289017	NA	0.0967741935483871	0.0428571428571429	0.0128205128205128	NA	0.00933202357563851
170	NA	0.0170542635658915	0.0188133140376266	0.0234833659491194	0.0501672240802676	0.0175257731958763	0.0567685589519651	NA	NA	NA	NA	NA	0.142857142857143	NA	NA	NA	0.0137994480220791	NA	NA	NA	NA	NA	0.0182421227197347	0.025414364640884	0.0289855072463768	NA	0.0379746835443038	0.0115511551155116	0.0282828282828283	0.0121951219512195	NA	0.0114942528735632	0.0119402985074627	0.0879120879120879	NA	NA	NA	NA	0.0141271442986882	0.0226063829787234	0.164556962025316	0.0194003527336861	0.0512820512820513	0.0392156862745098	NA	0.2	0.0422077922077922	0.0111627906976744	NA	0.00651769087523277
175	NA	0.0187590187590188	0.0210803689064559	0.0274725274725275	0.0483383685800604	0.013986013986014	0.0553191489361702	NA	NA	NA	NA	NA	0.282051282051282	NA	NA	NA	0.0114035087719298	NA	NA	NA	NA	NA	0.0292758089368259	0.012987012987013	0.0217054263565891	NA	0.0293398533007335	0.010233918128655	0.0306513409961686	0.015695067264574	NA	0.0115089514066496	0.0161579892280072	0.0779220779220779	NA	NA	NA	NA	0.0126353790613718	0.0268199233716475	0.123287671232877	0.0180995475113122	0.0334190231362468	0.0511627906976744	NA	0.223880597014925	0.0284090909090909	0.0155355682747343	NA	0.00711427301022677
180	NA	0.0185676392572944	0.0170523751522534	0.0256849315068493	0.0397196261682243	0.014519056261343	0.0404411764705882	NA	NA	NA	NA	NA	0.227272727272727	NA	NA	NA	0.0116009280742459	NA	NA	NA	NA	NA	0.0178817056396149	0.00952380952380952	0.0229885057471264	NA	0.0241758241758242	0.00813559322033898	0.0197132616487455	0.0113941018766756	NA	0.00818639798488665	0.0128102481985588	0.146666666666667	NA	NA	NA	NA	0.0135021097046414	0.0190703218116806	0.151162790697674	0.0190995907230559	0.0279187817258883	0.0363636363636364	NA	0.126760563380282	0.027363184079602	0.0178306092124814	NA	0.00697167755991285
185	NA	0.0149253731343284	0.0158061116965227	0.0234260614934114	0.0523364485981308	0.0109335576114382	0.0470219435736677	NA	NA	NA	NA	NA	0.314814814814815	NA	NA	NA	0.0107296137339056	NA	NA	NA	NA	NA	0.0152354570637119	0.011070110701107	0.0206561360874848	NA	0.0230125523012552	0.0140485312899106	0.0168970814132104	0.00882352941176471	NA	0.00872274143302181	0.00968703427719821	0.108108108108108	NA	NA	NA	NA	0.0107066381156317	0.0165562913907285	0.0875	0.026525198938992	0.0335051546391753	0.0452674897119342	NA	0.109090909090909	0.0273109243697479	0.0116518163125428	NA	0.00645161290322581
190	NA	0.0134158926728586	0.0140056022408964	0.0152990264255911	0.0212418300653595	0.0126883425852498	0.0416666666666667	NA	NA	NA	NA	NA	0.135593220338983	NA	NA	NA	0.0101010101010101	NA	NA	NA	NA	NA	0.0174346201743462	0.0123762376237624	0.0133185349611543	NA	0.0272727272727273	0.00742857142857143	0.0149051490514905	0.00812536273940801	NA	0.00941730429664508	0.0128865979381443	0.131868131868132	NA	NA	NA	NA	0.00903808908973531	0.0169491525423729	0.157303370786517	0.0176470588235294	0.0333333333333333	0.03584229390681	NA	0.128571428571429	0.0231023102310231	0.00981675392670157	NA	0.00619067271976888
195	NA	0.0155820348304308	0.0126903553299492	0.0215311004784689	0.0272	0.0114942528735632	0.0501392757660167	NA	NA	NA	NA	NA	0.158730158730159	NA	NA	NA	0.00971502590673575	NA	NA	NA	NA	NA	0.0171306209850107	0.0137096774193548	0.0158259149357072	NA	0.0203735144312394	0.00812567713976165	0.0161290322580645	0.00834260289210234	NA	0.00703812316715543	0.0129107981220657	0.0927835051546392	NA	NA	NA	NA	0.00707395498392283	0.0176715176715177	0.1125	0.0155601659751037	0.0262529832935561	0.043343653250774	NA	0.140845070422535	0.0280898876404494	0.0106194690265487	NA	0.00605082694634933
200	NA	0.0178716490658002	0.0131782945736434	0.018348623853211	0.016602809706258	0.00955631399317406	0.03125	NA	NA	NA	NA	NA	0.0952380952380952	NA	NA	NA	0.0144262295081967	NA	NA	NA	NA	NA	0.0142450142450142	0.00875912408759124	0.0135869565217391	NA	0.0164609053497942	0.0103655210038189	0.0171306209850107	0.00666666666666667	NA	0.00946372239747634	0.00963718820861678	0.104895104895105	NA	NA	NA	NA	0.012448132780083	0.0100824931255729	0.105263157894737	0.0120705663881151	0.029082774049217	0.0451388888888889	NA	0.118279569892473	0.023778071334214	0.00819224467504096	NA	0.0064638783269962
205	NA	0.0142428785607196	0.0106157112526539	0.0203349282296651	0.0204342273307791	0.0113864701942398	0.0360576923076923	NA	NA	NA	NA	NA	0.106060606060606	NA	NA	NA	0.00989486703772418	NA	NA	NA	NA	NA	0.0123456790123457	0.00766016713091922	0.00972447325769854	NA	0.0148331273176761	0.0107307102708227	0.0155642023346304	0.00645161290322581	NA	0.00760649087221095	0.0136131593874078	0.078740157480315	NA	NA	NA	NA	0.0082256169212691	0.0121163166397415	0.25	0.0124888492417484	0.0342960288808664	0.0246913580246914	NA	0.0601503759398496	0.0161849710982659	0.00882658359293873	NA	0.00744514106583072
210	NA	0.00867052023121387	0.0105919003115265	0.0163934426229508	0.0155875299760192	0.00874243443174176	0.0257611241217799	NA	NA	NA	NA	NA	0.102040816326531	NA	NA	NA	0.0084841628959276	NA	NA	NA	NA	NA	0.014003294892916	0.010223642172524	0.00720980533525595	NA	0.0154355016538037	0.00720906282183316	0.0112464854732896	0.00590966652596032	NA	0.00852272727272727	0.00885445489762036	0.0701754385964912	NA	NA	NA	NA	0.00770500825536599	0.0152979066022544	0.126582278481013	0.0120689655172414	0.0237717908082409	0.0334261838440111	NA	0.0604395604395604	0.0136268343815514	0.00799200799200799	NA	0.00760456273764259
215	NA	0.012	0.01230012300123	0.017259978425027	0.0280777537796976	0.0102695763799743	0.0296684118673647	NA	NA	NA	NA	NA	0.181818181818182	NA	NA	NA	0.00642609985170539	NA	NA	NA	NA	NA	0.0128012048192771	0.0126422250316056	0.00997150997150997	NA	0.0148662041625372	0.00983284169124877	0.00988467874794069	0.00756369426751592	NA	0.00897920604914934	0.00951877313590693	0.0543478260869565	NA	NA	NA	NA	0.00668724279835391	0.011783189316575	0.087378640776699	0.0158862876254181	0.0214592274678112	0.0242587601078167	NA	0.0610328638497653	0.0147058823529412	0.00670498084291188	NA	0.00721370604147881
220	NA	0.010223642172524	0.00884955752212389	0.0166015625	0.0160320641282565	0.00982800982800983	0.0257731958762887	NA	NA	NA	NA	NA	0.161290322580645	NA	NA	NA	0.00809716599190283	NA	NA	NA	NA	NA	0.0241648898365316	0.00850822461712989	0.01140174379611	NA	0.0107108081791626	0.00767841011743451	0.0113378684807256	0.00733024691358025	NA	0.00782268578878748	0.00813008130081301	0.0577777777777778	NA	NA	NA	NA	0.00646651270207852	0.0107219442458899	0.0661764705882353	0.0123076923076923	0.0176390773405699	0.0239130434782609	NA	0.0559701492537313	0.0169189670525378	0.00734956361966008	NA	0.00680889695869269
225	NA	0.0112759643916914	0.0124190064794816	0.00998336106489185	0.0137741046831956	0.00920810313075507	0.0191204588910134	NA	NA	NA	NA	NA	0.142857142857143	NA	NA	NA	0.00755891507336594	NA	NA	NA	NA	NA	0.015625	0.00942350332594235	0.00738461538461538	NA	0.0129509713228492	0.00887435777673984	0.00809716599190283	0.00610500610500611	NA	0.00894454382826476	0.0122137404580153	0.0545454545454545	NA	NA	NA	NA	0.0073394495412844	0.0103626943005181	0.0602409638554217	0.00975975975975976	0.0147965474722565	0.0257425742574257	NA	0.0434782608695652	0.01535974130962	0.00775193798449612	NA	0.00894538606403013
230	NA	0.00795755968169761	0.00720906282183316	0.0104011887072808	0.0101867572156197	0.0111111111111111	0.0275590551181102	NA	NA	NA	NA	NA	0.10989010989011	NA	NA	NA	0.00691443388072602	NA	NA	NA	NA	NA	0.0102960102960103	0.0116033755274262	0.0117792932424055	NA	0.0133096716947649	0.00991501416430595	0.0099812850904554	0.00937866354044549	NA	0.0102996254681648	0.00980872976949485	0.0410557184750733	NA	NA	NA	NA	0.00705467372134039	0.0135135135135135	0.0691823899371069	0.0130624092888244	0.0210176991150442	0.0264462809917355	NA	0.0418994413407821	0.0120845921450151	0.00885780885780886	NA	0.00810536980749747
235	NA	0.00687103594080338	0.00923675255226057	0.014344262295082	0.0120967741935484	0.00949868073878628	0.0309278350515464	NA	NA	NA	NA	NA	0.0689655172413793	NA	NA	NA	0.00644606789858186	NA	NA	NA	NA	NA	0.0113493064312736	0.0070281124497992	0.0090689238210399	NA	0.0152365677626303	0.0069617105917454	0.00811594202898551	0.00778369520688243	NA	0.00803023145961266	0.00952380952380952	0.0330788804071247	NA	NA	NA	NA	0.00832177531206657	0.0113700966458215	0.064327485380117	0.00938337801608579	0.0126984126984127	0.0201884253028264	NA	0.0277777777777778	0.00848111025443331	0.00812641083521445	NA	0.00813890396093326
240	NA	0.00998573466476462	0.00956937799043062	0.00944584382871537	0.0110584518167457	0.0108374384236453	0.0227642276422764	NA	NA	NA	NA	NA	0.0892857142857143	NA	NA	NA	0.00592718035563082	NA	NA	NA	NA	NA	0.0078125	0.00531914893617021	0.00922722029988466	NA	0.00947521865889213	0.00812567713976165	0.00692594565796484	0.00748129675810474	NA	0.00658513640639699	0.00683994528043776	0.0262582056892779	NA	NA	NA	NA	0.00837988826815642	0.00794912559618442	0.0449438202247191	0.0122422680412371	0.0201535508637236	0.0172811059907834	NA	0.0469798657718121	0.0114695340501792	0.00857959961868446	NA	0.0103507763082231
245	NA	0.00676284941388638	0.00676895306859206	0.00865551067512983	0.0121602288984263	0.00835791543756145	0.0269461077844311	NA	NA	NA	NA	NA	0.0808823529411765	NA	NA	NA	0.00577081615828524	NA	NA	NA	NA	NA	0.00946185688941455	0.00783545543584721	0.00862564692351926	NA	0.0111034004163775	0.0105790645879733	0.00720906282183316	0.00711892797319933	NA	0.00816326530612245	0.00617011899515205	0.0261282660332542	NA	NA	NA	NA	0.006859382655561	0.0104321907600596	0.0520833333333333	0.0116707616707617	0.0165016501650165	0.0154761904761905	NA	0.0274509803921569	0.00937081659973226	0.00945626477541371	NA	0.0145833333333333
250	NA	0.00751215201060539	0.00883782589482987	0.00886426592797784	0.00941492938802959	0.00921435499515034	0.0190735694822888	NA	NA	NA	NA	NA	0.0710059171597633	NA	NA	NA	0.0115433946130825	NA	NA	NA	NA	NA	0.00883977900552486	0.00860420650095602	0.0143964562569214	NA	0.0089041095890411	0.0119695321001088	0.00780487804878049	0.00859339665309815	NA	0.00830641439778496	0.00970873786407767	0.0204918032786885	NA	NA	NA	NA	0.0102389078498294	0.00987166831194472	0.0573770491803279	0.00957510472770796	0.0118203309692671	0.0201058201058201	NA	0.026266416510319	0.0106649937264743	0.00845864661654135	NA	0.0187861271676301
255	NA	0.00684931506849315	0.00578990901571547	0.0137544574630667	0.00929944203347799	0.00649350649350649	0.0191082802547771	NA	NA	NA	NA	NA	0.05	NA	NA	NA	0.00687757909215956	NA	NA	NA	NA	NA	0.0110468174644924	0.0087719298245614	0.00759109311740891	NA	0.0133164235890932	0.00892325996430696	0.0108286252354049	0.0114503816793893	NA	0.00657606313020605	0.00495049504950495	0.0208333333333333	NA	NA	NA	NA	0.00723589001447178	0.0126182965299685	0.043613707165109	0.0135795763172189	0.0113879003558719	0.0107421875	NA	0.0188034188034188	0.00769230769230769	0.00723589001447178	NA	0.00984102952308857
260	NA	0.00748568912373404	0.00601443464314354	0.00798872180451128	0.00878220140515222	0.00700700700700701	0.0126262626262626	NA	NA	NA	NA	NA	0.0444444444444444	NA	NA	NA	0.00713194090677534	NA	NA	NA	NA	NA	0.00934579439252336	0.0106126386878919	0.00755429650613787	NA	0.0172413793103448	0.00834326579261025	0.00867469879518072	0.00846113167636171	NA	0.0101449275362319	0.00717810677433827	0.0254110612855007	NA	NA	NA	NA	0.00986193293885602	0.0099009900990099	0.0378548895899054	0.0143777887952405	0.0110803324099723	0.0190562613430127	NA	0.0180995475113122	0.00851063829787234	0.00784518828451883	NA	0.0130718954248366
265	NA	0.00624164065983058	0.00856364344102764	0.00647848218417399	0.00825991189427313	0.00717948717948718	0.0180722891566265	NA	NA	NA	NA	NA	0.0506912442396313	NA	NA	NA	0.00738786279683377	NA	NA	NA	NA	NA	0.00943890928159413	0.0110364683301344	0.00769578995020371	NA	0.00889767671774592	0.0117356392835083	0.00813008130081301	0.00910643141718839	NA	0.00748262960983431	0.00681508405270332	0.020260492040521	NA	NA	NA	NA	0.00736377025036819	0.00661914460285132	0.0407608695652174	0.00796626054358013	0.00929235167977126	0.0121488230827639	NA	0.0210803689064559	0.00966921119592875	0.00866738894907909	NA	0.0127326150832517
270	NA	0.00873161764705882	0.00846805234795997	0.00888494002665482	0.00711382113821138	0.00658561296859169	0.0143737166324435	NA	NA	NA	NA	NA	0.0438247011952191	NA	NA	NA	0.00916496945010183	NA	NA	NA	NA	NA	0.00781657113079729	0.00755287009063444	0.0067275348390197	NA	0.0110683349374398	0.00936454849498328	0.00776255707762557	0.00941028858218319	NA	0.00712719298245614	0.00840751730959446	0.0173564753004005	NA	NA	NA	NA	0.0106329113924051	0.00671140939597315	0.0302267002518892	0.00779727095516569	0.0163505559189012	0.011325782811459	NA	0.0201765447667087	0.00909550277918141	0.00728787090057262	NA	0.014207650273224
275	NA	0.00832967996492766	0.00617283950617284	0.00628403854210306	0.00873965041398344	0.00977869274318065	0.0119926199261993	NA	NA	NA	NA	NA	0.0346153846153846	NA	NA	NA	0.00739566825145272	NA	NA	NA	NA	NA	0.00783545543584721	0.00921435499515034	0.00985915492957747	NA	0.00764087870105062	0.0109970674486804	0.00684306569343066	0.0115646258503401	NA	0.00738216922203294	0.0115288220551378	0.0194647201946472	NA	NA	NA	NA	0.00744284954811271	0.0104117368670137	0.0258964143426295	0.00824175824175824	0.0143149284253579	0.00847457627118644	NA	0.0127314814814815	0.00669757856774858	0.00920245398773006	NA	0.025219298245614
280	NA	0.008207343412527	0.00664581704456607	0.00693541395752059	0.00928270042194093	0.0065359477124183	0.0163636363636364	NA	NA	NA	NA	NA	0.039568345323741	NA	NA	NA	0.00929978118161926	NA	NA	NA	NA	NA	0.00718046912398277	0.0105596620908131	0.00729217306757414	NA	0.00852400179452669	0.0144376899696049	0.0102373196835738	0.0112676056338028	NA	0.00929944203347799	0.00809716599190283	0.0141843971631206	NA	NA	NA	NA	0.00684570826750922	0.00551080966511234	0.0217785843920145	0.00620821394460363	0.0146666666666667	0.0096514745308311	NA	0.0138150903294368	0.00816326530612245	0.00727883538633819	NA	0.0188457008244994
285	NA	0.0069060773480663	0.0067810131631432	0.0073360843649702	0.00756302521008403	0.0087431693989071	0.0132547864506627	NA	NA	NA	NA	NA	0.0339622641509434	NA	NA	NA	0.0113186191284663	NA	NA	NA	NA	NA	0.0103578154425612	0.0113268608414239	0.00919305413687436	NA	0.00737527114967462	0.0107941403238242	0.00755891507336594	0.0103092783505155	NA	0.00741656365883807	0.0073782587309395	0.0120481927710843	NA	NA	NA	NA	0.00889382990550306	0.00881445570736007	0.0189655172413793	0.00737667127708621	0.00999412110523222	0.0107584722969338	NA	0.011605415860735	0.00825242718446602	0.00758902510215995	NA	0.0175849941383353
290	NA	0.00720461095100865	0.00877926421404682	0.0058983666061706	0.00693311582381729	0.00894854586129754	0.0119581464872945	NA	NA	NA	NA	NA	0.0383275261324042	NA	NA	NA	0.0115163147792706	NA	NA	NA	NA	NA	0.00883218842001963	0.00742009132420091	0.00782064650677789	NA	0.00594227504244482	0.0115651503469545	0.00684306569343066	0.0152413209144793	NA	0.00921658986175115	0.00822622107969152	0.0144115292233787	NA	NA	NA	NA	0.00887198986058302	0.00785219399538106	0.0296411856474259	0.00658204043253409	0.0101495726495726	0.00907258064516129	NA	0.0106951871657754	0.00986193293885602	0.00912964090079124	NA	0.0204342273307791
295	NA	0.00691699604743083	0.00675067506750675	0.00716674629718108	0.00710619818397158	0.0127758420441347	0.0101845957988542	NA	NA	NA	NA	NA	0.0462962962962963	NA	NA	NA	0.00949598246895544	NA	NA	NA	NA	NA	0.0074147305981216	0.00720720720720721	0.0087361677344205	NA	0.00804743752647183	0.0140105078809107	0.00856734888148501	0.0108991825613079	NA	0.00760193503800968	0.00986078886310905	0.0154679040989946	NA	NA	NA	NA	0.00964187327823691	0.00826848249027237	0.0211038961038961	0.00973709834469328	0.0082389289392379	0.00802644003777148	NA	0.0106820049301561	0.00674698795180723	0.00792079207920792	NA	0.0180305131761442
300	NA	0.00968262506724045	0.00784698381559588	0.00830078125	0.0069359445124439	0.00947567909033481	0.0122343850611719	NA	NA	NA	NA	NA	0.0362116991643454	NA	NA	NA	0.0104417670682731	NA	NA	NA	NA	NA	0.00683850604944766	0.0115163147792706	0.00963718820861678	NA	0.00599315068493151	0.0103626943005181	0.00875912408759124	0.01454898157129	NA	0.012292118582791	0.0111621799080762	0.0130246020260492	NA	NA	NA	NA	0.00839748075577327	0.0108161258603736	0.0190058479532164	0.00929752066115703	0.00843672456575682	0.00680580762250454	NA	0.0117924528301887	0.00927734375	0.0112755461592671	NA	0.0186440677966102
305	NA	0.0108757870635375	0.00673226307612636	0.00979477611940299	0.00709812108559499	0.0115458627325208	0.00825471698113208	NA	NA	NA	NA	NA	0.0341614906832298	NA	NA	NA	0.0127620783956244	NA	NA	NA	NA	NA	0.00805987334484744	0.00935203740814963	0.00965360590573538	NA	0.00684931506849315	0.0137111517367459	0.00693333333333333	0.0132924335378323	NA	0.0122448979591837	0.0153203342618384	0.00998573466476462	NA	NA	NA	NA	0.012214983713355	0.00832925036746693	0.0145985401459854	0.00793650793650794	0.009783728115345	0.00766283524904215	NA	0.0122038765254846	0.00747384155455904	0.0082089552238806	NA	0.023109243697479
310	NA	0.00847457627118644	0.00974770642201835	0.007029053420806	0.00696435886931585	0.0088135593220339	0.0108015918135304	NA	NA	NA	NA	NA	0.0309597523219814	NA	NA	NA	0.0154320987654321	NA	NA	NA	NA	NA	0.0107270560190703	0.00958466453674121	0.0078740157480315	NA	0.00555335184450615	0.0165692007797271	0.00924415443175639	0.0141150922909881	NA	0.0128205128205128	0.00873709293089754	0.0107391029690461	NA	NA	NA	NA	0.0111587982832618	0.0065359477124183	0.0129032258064516	0.0102330869812393	0.00695479384003974	0.00772043884599756	NA	0.0119284294234592	0.0086128739800544	0.0115990057995029	NA	0.0238726790450928
315	NA	0.0118137595552467	0.00924092409240924	0.00886802295253	0.0063752276867031	0.0099601593625498	0.00779220779220779	NA	NA	NA	NA	NA	0.032069970845481	NA	NA	NA	0.017688679245283	NA	NA	NA	NA	NA	0.00905797101449275	0.0114613180515759	0.010552451893234	NA	0.00829187396351575	0.0160771704180064	0.00712166172106825	0.0169286577992745	NA	0.0126849894291755	0.0125	0.00787844682048396	NA	NA	NA	NA	0.0170648464163823	0.00873362445414847	0.0133744855967078	0.0093167701863354	0.00968523002421308	0.00801603206412826	NA	0.0107462686567164	0.00652072659524919	0.0136239782016349	NA	0.0408805031446541
320	NA	0.00921658986175115	0.00918079096045198	0.00954519932622122	0.00803402646502836	0.0098661028893587	0.00831702544031311	NA	NA	NA	NA	NA	0.034965034965035	NA	NA	NA	0.0229007633587786	NA	NA	NA	NA	NA	0.0103559870550162	0.0195439739413681	0.0110893672537508	NA	0.00740740740740741	0.0174346201743462	0.0102739726027397	0.0167130919220056	NA	0.0170648464163823	0.0138728323699422	0.00798722044728434	NA	NA	NA	NA	0.0128644939965695	0.00941619585687382	0.0107421875	0.00972762645914397	0.0084348641049672	0.00729335494327391	NA	0.00846979107848673	0.00673724735322425	0.0104712041884817	NA	0.033457249070632
325	NA	0.0127272727272727	0.0127986348122867	0.00896057347670251	0.00726141078838174	0.012112036336109	0.0110887096774194	NA	NA	NA	NA	NA	0.0234042553191489	NA	NA	NA	0.0161507402422611	NA	NA	NA	NA	NA	0.00916784203102962	0.0151515151515152	0.0110294117647059	NA	0.00785083415112856	0.0221914008321775	0.00968858131487889	0.0189982728842832	NA	0.0153301886792453	0.015063731170336	0.00723140495867769	NA	NA	NA	NA	0.0206896551724138	0.00786885245901639	0.0133096716947649	0.013986013986014	0.0087962962962963	0.00745975657636435	NA	0.0102827763496144	0.00810126582278481	0.0140127388535032	NA	0.0310077519379845
330	NA	0.0148514851485149	0.0157407407407407	0.00999333777481679	0.00947306098283008	0.0121845082680592	0.00744532340623546	NA	NA	NA	NA	NA	0.0246913580246914	NA	NA	NA	0.0284900284900285	NA	NA	NA	NA	NA	0.0141369047619048	0.0166240409207161	0.00941915227629513	NA	0.0127659574468085	0.0236486486486486	0.00899550224887556	0.0230326295585413	NA	0.0197368421052632	0.0184696569920844	0.0066735112936345	NA	NA	NA	NA	0.0153688524590164	0.0128388017118402	0.0132916340891321	0.00905660377358491	0.00654817586529467	0.00598802395209581	NA	0.00704934541792548	0.00993377483443709	0.0226308345120226	NA	0.0423452768729642
335	NA	0.0150537634408602	0.0140997830802603	0.00979020979020979	0.0116635972989564	0.017364657814096	0.010613751730503	NA	NA	NA	NA	NA	0.0211382113821138	NA	NA	NA	0.0213464696223317	NA	NA	NA	NA	NA	0.00935374149659864	0.0161073825503356	0.0130232558139535	NA	0.00898371701291409	0.0184842883548983	0.0111524163568773	0.0339366515837104	NA	0.0185185185185185	0.0164158686730506	0.00602107375815354	NA	NA	NA	NA	0.0165016501650165	0.0109460516028147	0.0121689334287759	0.0103550295857988	0.00920542635658915	0.00781893004115226	NA	0.00694444444444444	0.00953449242849131	0.0175953079178886	NA	0.0342205323193916
340	NA	0.0138248847926267	0.0129198966408269	0.0109409190371991	0.00826446280991736	0.0169109357384442	0.00662565073355419	NA	NA	NA	NA	NA	0.0238805970149254	NA	NA	NA	0.0238095238095238	NA	NA	NA	NA	NA	0.0202764976958525	0.0200286123032904	0.0125260960334029	NA	0.0104102878138396	0.0210526315789474	0.0118764845605701	0.0356083086053412	NA	0.0224358974358974	0.0166919575113809	0.00775569558894813	NA	NA	NA	NA	0.0163727959697733	0.0113744075829384	0.0202513966480447	0.013039934800326	0.0095959595959596	0.00836820083682008	NA	0.00856423173803527	0.00977011494252874	0.0264084507042254	NA	0.0509259259259259
345	NA	0.0130641330166271	0.0167832167832168	0.0147058823529412	0.0115356885364095	0.0136830102622577	0.00728265817023213	NA	NA	NA	NA	NA	0.0184696569920844	NA	NA	NA	0.0235294117647059	NA	NA	NA	NA	NA	0.012565445026178	0.0247933884297521	0.0283842794759825	NA	0.00889801505817933	0.0436893203883495	0.0148601398601399	0.036101083032491	NA	0.0226086956521739	0.0232558139534884	0.00661667401852669	NA	NA	NA	NA	0.0204678362573099	0.0194075587334014	0.00975927130774236	0.0140734949179046	0.0108932461873638	0.00544959128065395	NA	0.00780868716447047	0.0101651842439644	0.0314232902033272	NA	0.0751173708920188
350	NA	0.018018018018018	0.0197693574958814	0.0103833865814696	0.0122887864823349	0.0151324085750315	0.00860507246376812	NA	NA	NA	NA	NA	0.0160891089108911	NA	NA	NA	0.0234657039711191	NA	NA	NA	NA	NA	0.017718715393134	0.0201680672268908	0.0130890052356021	NA	0.0106060606060606	0.027431421446384	0.0118152524167562	0.0353982300884956	NA	0.0386363636363636	0.0245283018867925	0.00772727272727273	NA	NA	NA	NA	0.015358361774744	0.0151515151515152	0.00894568690095847	0.0114566284779051	0.00973499188750676	0.0083210964268233	NA	0.00840728631480617	0.00787918581746553	0.0188284518828452	NA	0.0618556701030928
355	NA	0.0176848874598071	0.0426439232409382	0.0124223602484472	0.0136327185244587	0.019690576652602	0.00732265446224256	NA	NA	NA	NA	NA	0.0199335548172757	NA	NA	NA	0.0201612903225806	NA	NA	NA	NA	NA	0.0141843971631206	0.0196078431372549	0.0182724252491694	NA	0.0110323089046493	0.0175438596491228	0.0216836734693878	0.0441176470588235	NA	0.0394366197183099	0.0324825986078886	0.00628019323671498	NA	NA	NA	NA	0.0277264325323475	0.0135287485907554	0.0101925254813137	0.0163776493256262	0.00937316930287053	0.00700808625336927	NA	0.0066577896138482	0.0126282557221784	0.020979020979021	NA	0.0456852791878173
360	NA	0.0217391304347826	0.0297297297297297	0.0152749490835031	0.0187908496732026	0.0256045519203414	0.00754147812971342	NA	NA	NA	NA	NA	0.0171122994652406	NA	NA	NA	0.0303030303030303	NA	NA	NA	NA	NA	0.0112781954887218	0.0217391304347826	0.0223752151462995	NA	0.0119352088661552	0.0264550264550265	0.0168711656441718	0.0443349753694581	NA	0.0269360269360269	0.0257879656160458	0.00757217226691907	NA	NA	NA	NA	0.0184331797235023	0.0127226463104326	0.00830564784053156	0.0139303482587065	0.0135396518375242	0.0065825562260011	NA	0.00768882858435097	0.0132391879964696	0.0450236966824645	NA	0.117021276595745
365	NA	0.0223214285714286	0.0303951367781155	0.015028901734104	0.016052880075543	0.0169491525423729	0.0103680663556247	NA	NA	NA	NA	NA	0.0103842159916926	NA	NA	NA	0.0304449648711944	NA	NA	NA	NA	NA	0.0194444444444444	0.0307017543859649	0.0167910447761194	NA	0.0115350488021295	0.0316091954022989	0.0197486535008977	0.0588235294117647	NA	0.0561797752808989	0.0308219178082192	0.00723589001447178	NA	NA	NA	NA	0.0324189526184539	0.0228898426323319	0.00778816199376947	0.0159090909090909	0.0170998632010944	0.00887049083382614	NA	0.00746268656716418	0.0137120470127326	0.0290697674418605	NA	0.0511363636363636
370	NA	0.0249307479224377	0.0452830188679245	0.0136645962732919	0.021505376344086	0.0229132569558101	0.012914093206064	NA	NA	NA	NA	NA	0.0127620783956244	NA	NA	NA	0.0267379679144385	NA	NA	NA	NA	NA	0.0178082191780822	0.0313253012048193	0.0254901960784314	NA	0.0176991150442478	0.0363128491620112	0.0274841437632135	0.048951048951049	NA	0.0460251046025105	0.0384615384615385	0.00724987916868052	NA	NA	NA	NA	0.0379008746355685	0.0276422764227642	0.00872938894277401	0.0196078431372549	0.00886917960088692	0.00950570342205323	NA	0.00911270983213429	0.0174825174825175	0.0354838709677419	NA	0.0748299319727891
375	NA	0.0440677966101695	0.0541666666666667	0.0150891632373114	0.0125470514429109	0.0215982721382289	0.0083547557840617	NA	NA	NA	NA	NA	0.0156121610517666	NA	NA	NA	0.039039039039039	NA	NA	NA	NA	NA	0.0192572214580468	0.025062656641604	0.0194805194805195	NA	0.0133744855967078	0.0324483775811209	0.0246636771300448	0.075	NA	0.0383141762452107	0.0361990950226244	0.0076608784473953	NA	NA	NA	NA	0.0342205323193916	0.0170777988614801	0.00839944003733084	0.0225563909774436	0.0120870265914585	0.0108181203515889	NA	0.010941960038059	0.019680196801968	0.06	NA	0.0699300699300699
380	NA	0.0374531835205993	0.0674157303370786	0.0221565731166913	0.0245161290322581	0.026378896882494	0.0131396957123098	NA	NA	NA	NA	NA	0.011094674556213	NA	NA	NA	0.0413533834586466	NA	NA	NA	NA	NA	0.0161030595813204	0.0363128491620112	0.030952380952381	NA	0.0175233644859813	0.0419847328244275	0.0368421052631579	0.118811881188119	NA	0.0458715596330275	0.05	0.00791139240506329	NA	NA	NA	NA	0.0504587155963303	0.0220994475138122	0.00674698795180723	0.0189003436426117	0.011090573012939	0.0133136094674556	NA	0.0105052526263132	0.0281065088757396	0.0514018691588785	NA	0.0776699029126214
385	NA	0.040650406504065	0.0602409638554217	0.0263157894736842	0.02	0.0377358490566038	0.0109739368998628	NA	NA	NA	NA	NA	0.00872727272727273	NA	NA	NA	0.048	NA	NA	NA	NA	NA	0.0192644483362522	0.03003003003003	0.0298913043478261	NA	0.018450184501845	0.0426356589147287	0.0286532951289398	0.126582278481013	NA	0.0659340659340659	0.069364161849711	0.00758902510215995	NA	NA	NA	NA	0.0578947368421053	0.0361990950226244	0.00828460038986355	0.0191570881226054	0.0169660678642715	0.0126582278481013	NA	0.00830078125	0.0182724252491694	0.0404624277456647	NA	0.0833333333333333
390	NA	0.0434782608695652	0.0629370629370629	0.0260521042084168	0.0264084507042254	0.0387323943661972	0.0148305084745763	NA	NA	NA	NA	NA	0.0159074475777296	NA	NA	NA	0.0431372549019608	NA	NA	NA	NA	NA	0.0189328743545611	0.0402684563758389	0.0341880341880342	NA	0.0235783633841886	0.0473933649289099	0.058659217877095	0.115384615384615	NA	0.089041095890411	0.0512820512820513	0.00960384153661465	NA	NA	NA	NA	0.0479452054794521	0.0323529411764706	0.00962861072902338	0.0281030444964871	0.0120614035087719	0.0135746606334842	NA	0.0099290780141844	0.0233009708737864	0.0659340659340659	NA	0.116883116883117
395	NA	0.0485436893203883	0.140845070422535	0.0376940133037694	0.0244328097731239	0.0459183673469388	0.0101325019485581	NA	NA	NA	NA	NA	0.012987012987013	NA	NA	NA	0.036697247706422	NA	NA	NA	NA	NA	0.023121387283237	0.0314685314685315	0.0329341317365269	NA	0.0195729537366548	0.0304568527918782	0.0361842105263158	0.0923076923076923	NA	0.0540540540540541	0.0736196319018405	0.0118898623279099	NA	NA	NA	NA	0.0915492957746479	0.0377358490566038	0.00887705281846427	0.0381471389645777	0.0153677277716795	0.0112474437627812	NA	0.00786575773466177	0.0320366132723112	0.0612244897959184	NA	0.0983606557377049
400	NA	0.0588235294117647	0.062015503875969	0.024390243902439	0.0188034188034188	0.0628571428571429	0.012701100762066	NA	NA	NA	NA	NA	0.01294033069734	NA	NA	NA	0.0412844036697248	NA	NA	NA	NA	NA	0.0435897435897436	0.039426523297491	0.0337837837837838	NA	0.0199600798403194	0.0543478260869565	0.036231884057971	0.135802469135802	NA	0.0780141843971631	0.0955882352941176	0.0100313479623824	NA	NA	NA	NA	0.0596026490066225	0.0506756756756757	0.00664010624169987	0.0491803278688525	0.0189633375474083	0.0179487179487179	NA	0.010850942318675	0.032994923857868	0.0509554140127389	NA	0.144444444444444
405	NA	0.0520231213872832	0.0747663551401869	0.0278745644599303	0.0241796200345423	0.0769230769230769	0.010648596321394	NA	NA	NA	NA	NA	0.0105820105820106	NA	NA	NA	0.0538922155688623	NA	NA	NA	NA	NA	0.0248756218905473	0.0423076923076923	0.0378787878787879	NA	0.0311804008908686	0.054421768707483	0.0324074074074074	0.1	NA	0.0546875	0.0454545454545455	0.0122365737593474	NA	NA	NA	NA	0.05625	0.0592334494773519	0.0115248226950355	0.031700288184438	0.0221914008321775	0.0179063360881543	NA	0.00950570342205323	0.0363636363636364	0.0813008130081301	NA	0.0923076923076923
410	NA	0.0601503759398496	0.078125	0.0403587443946188	0.0276679841897233	0.0592592592592593	0.0114155251141553	NA	NA	NA	NA	NA	0.00906735751295337	NA	NA	NA	0.0431654676258993	NA	NA	NA	NA	NA	0.0294117647058824	0.0357142857142857	0.0441767068273092	NA	0.0255754475703325	0.0869565217391304	0.0574712643678161	0.166666666666667	NA	0.0608695652173913	0.0818181818181818	0.0110132158590308	NA	NA	NA	NA	0.0642857142857143	0.0426356589147287	0.00670540902995083	0.0352112676056338	0.0169779286926995	0.0238095238095238	NA	0.00948905109489051	0.0440251572327044	0.0631578947368421	NA	0.142857142857143
415	NA	0.0661157024793388	0.1	0.041025641025641	0.0333333333333333	0.0989010989010989	0.0203821656050955	NA	NA	NA	NA	NA	0.00987045033929673	NA	NA	NA	0.0681818181818182	NA	NA	NA	NA	NA	0.033033033033033	0.0602409638554217	0.0478260869565217	NA	0.0265957446808511	0.0909090909090909	0.0945945945945946	0.107142857142857	NA	0.123456790123457	0.0865384615384615	0.0127768313458262	NA	NA	NA	NA	0.0917431192660551	0.0405405405405405	0.00849731663685152	0.0352112676056338	0.0196078431372549	0.0222575516693164	NA	0.0116279069767442	0.0268199233716475	0.123456790123457	NA	0.204545454545455
420	NA	0.0784313725490196	0.12	0.0759493670886076	0.0283018867924528	0.12962962962963	0.0250737463126844	NA	NA	NA	NA	NA	0.00828892835997632	NA	NA	NA	0.0859375	NA	NA	NA	NA	NA	0.046594982078853	0.075	0.0363636363636364	NA	0.0377906976744186	0.0909090909090909	0.088	0.176470588235294	NA	0.0886075949367089	0.07	0.0137994480220791	NA	NA	NA	NA	0.112676056338028	0.0572916666666667	0.00851063829787234	0.0413793103448276	0.0255813953488372	0.0296684118673647	NA	0.0136363636363636	0.0373134328358209	0.103448275862069	NA	0.225806451612903
425	NA	0.0761904761904762	0.0804597701149425	0.0612244897959184	0.0332409972299169	0.102040816326531	0.0287081339712919	NA	NA	NA	NA	NA	0.0125958378970427	NA	NA	NA	0.0970873786407767	NA	NA	NA	NA	NA	0.048	0.0687022900763359	0.0414507772020725	NA	0.040983606557377	0.0897435897435897	0.094488188976378	0.12	NA	0.0909090909090909	0.140845070422535	0.0203139427516159	NA	NA	NA	NA	0.113924050632911	0.0470588235294118	0.00864260294865277	0.0421455938697318	0.0275229357798165	0.0273348519362187	NA	0.0129482071713147	0.0572519083969466	0.0740740740740741	NA	0.2
430	NA	0.0869565217391304	0.170454545454545	0.062015503875969	0.0298507462686567	0.153846153846154	0.0236794171220401	NA	NA	NA	NA	NA	0.0078781512605042	NA	NA	NA	0.162162162162162	NA	NA	NA	NA	NA	0.0540540540540541	0.0847457627118644	0.0550847457627119	NA	0.0409090909090909	0.111111111111111	0.079646017699115	0.214285714285714	NA	0.0833333333333333	0.126582278481013	0.0231854838709677	NA	NA	NA	NA	0.0714285714285714	0.0564971751412429	0.00722767165720186	0.0486725663716814	0.026378896882494	0.0287081339712919	NA	0.0147835269271383	0.0566037735849057	0.106060606060606	NA	0.269230769230769
435	NA	0.0862068965517241	0.128205128205128	0.0769230769230769	0.0434782608695652	0.258064516129032	0.0263653483992467	NA	NA	NA	NA	NA	0.00752634219769192	NA	NA	NA	0.169811320754717	NA	NA	NA	NA	NA	0.055	0.106194690265487	0.0898876404494382	NA	0.0418848167539267	0.0886075949367089	0.0898876404494382	0.25	NA	0.125	0.196078431372549	0.0176470588235294	NA	NA	NA	NA	0.126760563380282	0.0645161290322581	0.0100688924218336	0.0560747663551402	0.0407523510971787	0.031055900621118	NA	0.0237529691211401	0.0528846153846154	0.0806451612903226	NA	0.230769230769231
440	NA	0.125	0.0821917808219178	0.108108108108108	0.043010752688172	0.222222222222222	0.0179775280898876	NA	NA	NA	NA	NA	0.00858778625954199	NA	NA	NA	0.230769230769231	NA	NA	NA	NA	NA	0.0869565217391304	0.07	0.0806451612903226	NA	0.0537634408602151	0.211538461538462	0.134328358208955	0.189189189189189	NA	0.0985915492957746	0.163265306122449	0.0157273918741809	NA	NA	NA	NA	0.142857142857143	0.0740740740740741	0.0127241179872759	0.0463917525773196	0.0645161290322581	0.0493421052631579	NA	0.0165745856353591	0.0492610837438424	0.1	NA	0.428571428571429
445	NA	0.145454545454545	0.0987654320987654	0.0823529411764706	0.0368663594470046	0.5	0.018957345971564	NA	NA	NA	NA	NA	0.009765625	NA	NA	NA	0.235294117647059	NA	NA	NA	NA	NA	0.0567375886524823	0.111111111111111	0.0740740740740741	NA	0.0563380281690141	0.150943396226415	0.1	0.333333333333333	NA	0.105263157894737	0.128205128205128	0.0224719101123595	NA	NA	NA	NA	0.12	0.130434782608696	0.0120724346076459	0.050314465408805	0.029045643153527	0.0443548387096774	NA	0.0193740685543964	0.0935672514619883	0.0925925925925926	NA	0.833333333333333
450	NA	0.147540983606557	0.0793650793650794	0.102941176470588	0.0478723404255319	0.285714285714286	0.0334261838440111	NA	NA	NA	NA	NA	0.00717948717948718	NA	NA	NA	0.285714285714286	NA	NA	NA	NA	NA	0.064327485380117	0.104651162790698	0.0573770491803279	NA	0.111111111111111	0.142857142857143	0.323529411764706	0.3	NA	0.0869565217391304	0.212765957446809	0.0309446254071661	NA	NA	NA	NA	0.168831168831169	0.114285714285714	0.0101156069364162	0.0818181818181818	0.0821917808219178	0.0670103092783505	NA	0.0183946488294314	0.0628930817610063	0.230769230769231	NA	0.7
455	NA	0.17910447761194	0.151515151515152	0.132075471698113	0.0617977528089888	0.428571428571429	0.0276923076923077	NA	NA	NA	NA	NA	0.0108342361863489	NA	NA	NA	0.263157894736842	NA	NA	NA	NA	NA	0.0588235294117647	0.102564102564103	0.0833333333333333	NA	0.072	0.254237288135593	0.205882352941176	0.25	NA	0.25	0.217391304347826	0.0302521008403361	NA	NA	NA	NA	0.136363636363636	0.152542372881356	0.0116279069767442	0.103092783505155	0.0691489361702128	0.0529411764705882	NA	0.0186721991701245	0.0755813953488372	0.24	NA	0.666666666666667
460	NA	0.106382978723404	0.103448275862069	0.0967741935483871	0.0671140939597315	0.571428571428571	0.0386904761904762	NA	NA	NA	NA	NA	0.00992282249173098	NA	NA	NA	0.210526315789474	NA	NA	NA	NA	NA	0.0804597701149425	0.131578947368421	0.10377358490566	NA	0.0740740740740741	0.170731707317073	0.255813953488372	0.318181818181818	NA	0.241379310344828	0.285714285714286	0.0235934664246824	NA	NA	NA	NA	0.241935483870968	0.111111111111111	0.0117967332123412	0.074468085106383	0.0432432432432432	0.0642201834862385	NA	0.034324942791762	0.0563380281690141	0.142857142857143	NA	1
465	NA	0.134328358208955	0.203125	0.163636363636364	0.055045871559633	1	0.0255591054313099	NA	NA	NA	NA	NA	0.0117233294255569	NA	NA	NA	0.333333333333333	NA	NA	NA	NA	NA	0.0729166666666667	0.119047619047619	0.0833333333333333	NA	0.05	0.208333333333333	0.305555555555556	0.473684210526316	NA	0.375	0.3	0.0205655526992288	NA	NA	NA	NA	0.181818181818182	0.208333333333333	0.0165198237885463	0.118279569892473	0.05	0.0842105263157895	NA	0.0264550264550265	0.0593220338983051	0.368421052631579	NA	1
470	NA	0.142857142857143	0.116666666666667	0.169811320754717	0.1	0.666666666666667	0.0505836575875486	NA	NA	NA	NA	NA	0.010353227771011	NA	NA	NA	0.235294117647059	NA	NA	NA	NA	NA	0.0531914893617021	0.10126582278481	0.0983606557377049	NA	0.0819672131147541	0.142857142857143	0.235294117647059	0.291666666666667	NA	0.4	0.833333333333333	0.0356164383561644	NA	NA	NA	NA	0.192307692307692	0.173913043478261	0.0167958656330749	0.126436781609195	0.0615384615384615	0.0823529411764706	NA	0.0261780104712042	0.0854700854700855	0.266666666666667	NA	1
475	NA	0.101449275362319	0.140350877192982	0.229508196721311	0.0673076923076923	0.5	0.0423280423280423	NA	NA	NA	NA	NA	0.0101918465227818	NA	NA	NA	1	NA	NA	NA	NA	NA	0.0652173913043478	0.116279069767442	0.171428571428571	NA	0.0571428571428571	0.181818181818182	0.3	0.375	NA	0.5	0.25	0.0298507462686567	NA	NA	NA	NA	0.260869565217391	0.222222222222222	0.0245614035087719	0.0958904109589041	0.0495867768595041	0.149532710280374	NA	0.0373831775700935	0.100917431192661	0.454545454545455	NA	NA
480	NA	0.111111111111111	0.116666666666667	0.138888888888889	0.099009900990099	0.2	0.0535714285714286	NA	NA	NA	NA	NA	0.00855826201448321	NA	NA	NA	NA	NA	NA	NA	NA	NA	0.050314465408805	0.112676056338028	0.304347826086957	NA	0.0648148148148148	0.225	0.285714285714286	0.285714285714286	NA	1	0.529411764705882	0.0434782608695652	NA	NA	NA	NA	0.214285714285714	0.44	0.0255863539445629	0.113207547169811	0.0756302521008403	0.1	NA	0.0294117647058824	0.116504854368932	0.571428571428571	NA	NA
485	NA	0.166666666666667	0.148148148148148	0.261904761904762	0.0909090909090909	0.466666666666667	0.0869565217391304	NA	NA	NA	NA	NA	0.00927766732935719	NA	NA	NA	NA	NA	NA	NA	NA	NA	0.0942028985507246	0.112676056338028	0.380952380952381	NA	0.168831168831169	0.129032258064516	0.5	0.375	NA	0.666666666666667	0.4375	0.03515625	NA	NA	NA	NA	0.333333333333333	0.272727272727273	0.0244444444444444	0.151515151515152	0.0701754385964912	0.111111111111111	NA	0.0425531914893617	0.0857142857142857	0.333333333333333	NA	NA
490	NA	0.176470588235294	0.15	0.233333333333333	0.0694444444444444	0.4	0.0813008130081301	NA	NA	NA	NA	NA	0.0129032258064516	NA	NA	NA	NA	NA	NA	NA	NA	NA	0.053030303030303	0.152173913043478	0.333333333333333	NA	0.111111111111111	0.212765957446809	0.785714285714286	0.6	NA	0.666666666666667	0.304347826086957	0.0616740088105727	NA	NA	NA	NA	0.181818181818182	0.333333333333333	0.0310734463276836	0.19047619047619	0.0952380952380952	0.104166666666667	NA	0.0439024390243902	0.10989010989011	0.357142857142857	NA	NA
495	NA	0.19047619047619	0.260869565217391	0.148148148148148	0.145161290322581	1	0.0925925925925926	NA	NA	NA	NA	NA	0.018312101910828	NA	NA	NA	NA	NA	NA	NA	NA	NA	0.07	0.235294117647059	0.32	NA	0.146341463414634	0.192307692307692	0.666666666666667	0.714285714285714	NA	0.5	0.28125	0.031413612565445	NA	NA	NA	NA	0.210526315789474	0.333333333333333	0.0401234567901235	0.25	0.094488188976378	0.120689655172414	NA	0.0985915492957746	0.115384615384615	0.230769230769231	NA	NA
500	NA	0.176470588235294	0.206896551724138	0.25	0.111111111111111	NA	0.106382978723404	NA	NA	NA	NA	NA	0.00999167360532889	NA	NA	NA	NA	NA	NA	NA	NA	NA	0.0941176470588235	0.166666666666667	0.363636363636364	NA	0.171428571428571	0.269230769230769	0.375	0.285714285714286	NA	0.666666666666667	0.358974358974359	0.0577777777777778	NA	NA	NA	NA	0.294117647058824	0.5	0.0482758620689655	0.454545454545455	0.08	0.155555555555556	NA	0.0575916230366492	0.0918367346938776	0.411764705882353	NA	NA
505	NA	0.368421052631579	0.133333333333333	0.208333333333333	0.146341463414634	NA	0.103448275862069	NA	NA	NA	NA	NA	0.00878734622144113	NA	NA	NA	NA	NA	NA	NA	NA	NA	0.125	0.125	0.4	NA	0.140350877192982	0.222222222222222	0.7	0.5	NA	1	0.304347826086957	0.0621468926553672	NA	NA	NA	NA	0.277777777777778	0.5	0.0386266094420601	0.666666666666667	0.0789473684210526	0.181818181818182	NA	0.0585106382978723	0.102040816326531	0.357142857142857	NA	NA
510	NA	0.25	0.208333333333333	0.277777777777778	0.151515151515152	NA	0.0869565217391304	NA	NA	NA	NA	NA	0.0141093474426808	NA	NA	NA	NA	NA	NA	NA	NA	NA	0.213114754098361	0.161290322580645	0.75	NA	0.150943396226415	0.208333333333333	0.5	1	NA	1	0.4	0.0810810810810811	NA	NA	NA	NA	0.321428571428571	1	0.0505050505050505	0.75	0.104761904761905	0.130434782608696	NA	0.0722222222222222	0.175438596491228	0.777777777777778	NA	NA
515	NA	0.294117647058824	0.241379310344828	0.263157894736842	0.175	NA	0.102941176470588	NA	NA	NA	NA	NA	0.0108803165182987	NA	NA	NA	NA	NA	NA	NA	NA	NA	0.208333333333333	0.216216216216216	1	NA	0.122448979591837	0.333333333333333	NA	1	NA	NA	0.24	0.0869565217391304	NA	NA	NA	NA	0.15	1	0.0963855421686747	0.833333333333333	0.0777777777777778	0.288888888888889	NA	0.0628571428571429	0.214285714285714	0.818181818181818	NA	NA
520	NA	0.5	0.172413793103448	0.304347826086957	0.166666666666667	NA	0.161764705882353	NA	NA	NA	NA	NA	0.0156424581005587	NA	NA	NA	NA	NA	NA	NA	NA	NA	0.166666666666667	0.172413793103448	NA	NA	0.227272727272727	0.379310344827586	NA	1	NA	NA	0.409090909090909	0.0573248407643312	NA	NA	NA	NA	0.464285714285714	1	0.0567375886524823	0.666666666666667	0.114942528735632	0.1875	NA	0.0526315789473684	0.152173913043478	0.307692307692308	NA	NA
525	NA	NA	0.185185185185185	0.25	0.347826086956522	NA	0.113207547169811	NA	NA	NA	NA	NA	0.0123456790123457	NA	NA	NA	NA	NA	NA	NA	NA	NA	0.4	0.2	NA	NA	0.230769230769231	0.333333333333333	NA	NA	NA	NA	0.307692307692308	0.0650406504065041	NA	NA	NA	NA	0.333333333333333	NA	0.0792079207920792	0.666666666666667	0.108108108108108	0.32	NA	0.0564971751412429	0.134615384615385	0.5	NA	NA
530	NA	NA	0.314285714285714	0.291666666666667	0.2	NA	0.11864406779661	NA	NA	NA	NA	NA	0.0135900339750849	NA	NA	NA	NA	NA	NA	NA	NA	NA	0.333333333333333	0.25	NA	NA	0.333333333333333	0.666666666666667	NA	NA	NA	NA	0.384615384615385	0.0740740740740741	NA	NA	NA	NA	0.35	NA	0.074468085106383	0.5	0.125	0.2	NA	0.0680272108843537	0.116666666666667	0.307692307692308	NA	NA
535	NA	NA	0.324324324324324	0.125	0.122448979591837	NA	0.111111111111111	NA	NA	NA	NA	NA	0.0173482032218092	NA	NA	NA	NA	NA	NA	NA	NA	NA	0.666666666666667	0.454545454545455	NA	NA	1	0.4	NA	NA	NA	NA	0.5	0.137614678899083	NA	NA	NA	NA	0.25	NA	0.0760869565217391	1	0.225	0.269230769230769	NA	0.0645161290322581	0.203389830508475	0.384615384615385	NA	NA
540	NA	NA	0.228571428571429	0.192307692307692	0.148148148148148	NA	0.0983606557377049	NA	NA	NA	NA	NA	0.014745308310992	NA	NA	NA	NA	NA	NA	NA	NA	NA	NA	1	NA	NA	NA	1	NA	NA	NA	NA	0.777777777777778	0.0580645161290323	NA	NA	NA	NA	0.266666666666667	NA	0.0987654320987654	NA	0.171428571428571	0.133333333333333	NA	0.102564102564103	0.171428571428571	0.428571428571429	NA	NA
545	NA	NA	0.217391304347826	0.347826086956522	0.2	NA	0.157894736842105	NA	NA	NA	NA	NA	0.0195195195195195	NA	NA	NA	NA	NA	NA	NA	NA	NA	NA	1	NA	NA	NA	1	NA	NA	NA	NA	0.4	0.0516129032258065	NA	NA	NA	NA	0.375	NA	0.102564102564103	NA	0.147058823529412	0.2	NA	0.0943396226415094	0.193548387096774	0.5	NA	NA
550	NA	NA	0.2	0.1875	0.131147540983607	NA	0.272727272727273	NA	NA	NA	NA	NA	0.021523178807947	NA	NA	NA	NA	NA	NA	NA	NA	NA	NA	1	NA	NA	NA	NA	NA	NA	NA	NA	0.318181818181818	0.0548780487804878	NA	NA	NA	NA	0.266666666666667	NA	0.0845070422535211	NA	0.266666666666667	0.4	NA	0.0918367346938776	0.185185185185185	0.833333333333333	NA	NA
555	NA	NA	0.266666666666667	0.4	0.109090909090909	NA	0.130434782608696	NA	NA	NA	NA	NA	0.0247787610619469	NA	NA	NA	NA	NA	NA	NA	NA	NA	NA	NA	NA	NA	NA	NA	NA	NA	NA	NA	0.380952380952381	0.0769230769230769	NA	NA	NA	NA	0.380952380952381	NA	0.131868131868132	NA	0.294117647058824	0.238095238095238	NA	0.152542372881356	0.214285714285714	0.6	NA	NA
560	NA	NA	0.555555555555556	1	0.216216216216216	NA	0.277777777777778	NA	NA	NA	NA	NA	0.0208728652751423	NA	NA	NA	NA	NA	NA	NA	NA	NA	NA	NA	NA	NA	NA	NA	NA	NA	NA	NA	0.470588235294118	0.0909090909090909	NA	NA	NA	NA	0.3	NA	0.159090909090909	NA	0.375	0.382352941176471	NA	0.112903225806452	0.263157894736842	NA	NA	NA
565	NA	NA	1	1	0.208333333333333	NA	0.21875	NA	NA	NA	NA	NA	0.0244444444444444	NA	NA	NA	NA	NA	NA	NA	NA	NA	NA	NA	NA	NA	NA	NA	NA	NA	NA	NA	0.625	0.0660377358490566	NA	NA	NA	NA	0.157894736842105	NA	0.102564102564103	NA	0.666666666666667	0.375	NA	0.1	0.333333333333333	NA	NA	NA
570	NA	NA	0.8	NA	0.183673469387755	NA	0.142857142857143	NA	NA	NA	NA	NA	0.0277136258660508	NA	NA	NA	NA	NA	NA	NA	NA	NA	NA	NA	NA	NA	NA	NA	NA	NA	NA	NA	0.4	0.0840336134453782	NA	NA	NA	NA	0.333333333333333	NA	0.12	NA	0.4	0.333333333333333	NA	0.25	0.307692307692308	NA	NA	NA
575	NA	NA	0.666666666666667	NA	0.162162162162162	NA	0.25	NA	NA	NA	NA	NA	0.0274725274725275	NA	NA	NA	NA	NA	NA	NA	NA	NA	NA	NA	NA	NA	NA	NA	NA	NA	NA	NA	0.5	0.0808080808080808	NA	NA	NA	NA	1	NA	0.111111111111111	NA	0.428571428571429	0.3125	NA	0.275862068965517	0.25	NA	NA	NA
580	NA	NA	0.5	NA	0.181818181818182	NA	0.303030303030303	NA	NA	NA	NA	NA	0.0280373831775701	NA	NA	NA	NA	NA	NA	NA	NA	NA	NA	NA	NA	NA	NA	NA	NA	NA	NA	NA	1	0.133333333333333	NA	NA	NA	NA	0.857142857142857	NA	0.103448275862069	NA	0.4	0.25	NA	0.304347826086957	0.166666666666667	NA	NA	NA
585	NA	NA	1	NA	0.2	NA	0.186046511627907	NA	NA	NA	NA	NA	0.0278637770897833	NA	NA	NA	NA	NA	NA	NA	NA	NA	NA	NA	NA	NA	NA	NA	NA	NA	NA	NA	0.75	0.106382978723404	NA	NA	NA	NA	0.6	NA	0.126436781609195	NA	0.833333333333333	0.4375	NA	0.263157894736842	0.285714285714286	NA	NA	NA
590	NA	NA	NA	NA	0.227272727272727	NA	0.161290322580645	NA	NA	NA	NA	NA	0.0328947368421053	NA	NA	NA	NA	NA	NA	NA	NA	NA	NA	NA	NA	NA	NA	NA	NA	NA	NA	NA	0.5	0.0816326530612245	NA	NA	NA	NA	0.5	NA	0.142857142857143	NA	0.5	0.4375	NA	0.466666666666667	0.413793103448276	NA	NA	NA
595	NA	NA	NA	NA	0.2	NA	0.228571428571429	NA	NA	NA	NA	NA	0.0452961672473868	NA	NA	NA	NA	NA	NA	NA	NA	NA	NA	NA	NA	NA	NA	NA	NA	NA	NA	NA	1	0.0752688172043011	NA	NA	NA	NA	1	NA	0.105263157894737	NA	0.6	0.388888888888889	NA	0.384615384615385	0.333333333333333	NA	NA	NA
600	NA	NA	NA	NA	0.178571428571429	NA	0.155555555555556	NA	NA	NA	NA	NA	0.0441767068273092	NA	NA	NA	NA	NA	NA	NA	NA	NA	NA	NA	NA	NA	NA	NA	NA	NA	NA	NA	NA	0.189473684210526	NA	NA	NA	NA	0.571428571428571	NA	0.0689655172413793	NA	0.4	0.3	NA	0.5	0.297297297297297	NA	NA	NA
605	NA	NA	NA	NA	0.178571428571429	NA	0.162162162162162	NA	NA	NA	NA	NA	0.0478260869565217	NA	NA	NA	NA	NA	NA	NA	NA	NA	NA	NA	NA	NA	NA	NA	NA	NA	NA	NA	NA	0.155172413793103	NA	NA	NA	NA	0.5	NA	0.297297297297297	NA	0.8	0.333333333333333	NA	0.8	0.107142857142857	NA	NA	NA
610	NA	NA	NA	NA	0.189189189189189	NA	0.163265306122449	NA	NA	NA	NA	NA	0.050761421319797	NA	NA	NA	NA	NA	NA	NA	NA	NA	NA	NA	NA	NA	NA	NA	NA	NA	NA	NA	NA	0.146341463414634	NA	NA	NA	NA	0.444444444444444	NA	0.323529411764706	NA	1	0.75	NA	0.5	0.2	NA	NA	NA
615	NA	NA	NA	NA	0.2	NA	0.28125	NA	NA	NA	NA	NA	0.0471204188481675	NA	NA	NA	NA	NA	NA	NA	NA	NA	NA	NA	NA	NA	NA	NA	NA	NA	NA	NA	NA	0.133333333333333	NA	NA	NA	NA	0.666666666666667	NA	0.538461538461538	NA	0.555555555555556	1	NA	0.5	0.263157894736842	NA	NA	NA
620	NA	NA	NA	NA	0.307692307692308	NA	0.192307692307692	NA	NA	NA	NA	NA	0.0972222222222222	NA	NA	NA	NA	NA	NA	NA	NA	NA	NA	NA	NA	NA	NA	NA	NA	NA	NA	NA	NA	0.32258064516129	NA	NA	NA	NA	NA	NA	0.666666666666667	NA	0.25	0.5	NA	0.5	0.210526315789474	NA	NA	NA
625	NA	NA	NA	NA	0.4	NA	0.208333333333333	NA	NA	NA	NA	NA	0.08	NA	NA	NA	NA	NA	NA	NA	NA	NA	NA	NA	NA	NA	NA	NA	NA	NA	NA	NA	NA	0.142857142857143	NA	NA	NA	NA	NA	NA	0.444444444444444	NA	1	NA	NA	0.5	0.175	NA	NA	NA
630	NA	NA	NA	NA	0.3	NA	0.315789473684211	NA	NA	NA	NA	NA	0.0933333333333333	NA	NA	NA	NA	NA	NA	NA	NA	NA	NA	NA	NA	NA	NA	NA	NA	NA	NA	NA	NA	0.181818181818182	NA	NA	NA	NA	NA	NA	0.666666666666667	NA	1	NA	NA	0.75	0.213114754098361	NA	NA	NA
635	NA	NA	NA	NA	0.529411764705882	NA	0.217391304347826	NA	NA	NA	NA	NA	0.0952380952380952	NA	NA	NA	NA	NA	NA	NA	NA	NA	NA	NA	NA	NA	NA	NA	NA	NA	NA	NA	NA	0.163265306122449	NA	NA	NA	NA	NA	NA	1	NA	1	NA	NA	1	0.230769230769231	NA	NA	NA
640	NA	NA	NA	NA	0.5	NA	0.5	NA	NA	NA	NA	NA	0.209302325581395	NA	NA	NA	NA	NA	NA	NA	NA	NA	NA	NA	NA	NA	NA	NA	NA	NA	NA	NA	NA	0.375	NA	NA	NA	NA	NA	NA	0.6	NA	0.666666666666667	NA	NA	NA	0.227272727272727	NA	NA	NA
645	NA	NA	NA	NA	0.666666666666667	NA	0.230769230769231	NA	NA	NA	NA	NA	0.191176470588235	NA	NA	NA	NA	NA	NA	NA	NA	NA	NA	NA	NA	NA	NA	NA	NA	NA	NA	NA	NA	0.303030303030303	NA	NA	NA	NA	NA	NA	1	NA	0.5	NA	NA	NA	0.588235294117647	NA	NA	NA
650	NA	NA	NA	NA	0.444444444444444	NA	0.3	NA	NA	NA	NA	NA	0.136363636363636	NA	NA	NA	NA	NA	NA	NA	NA	NA	NA	NA	NA	NA	NA	NA	NA	NA	NA	NA	NA	0.19047619047619	NA	NA	NA	NA	NA	NA	1	NA	NA	NA	NA	NA	0.8	NA	NA	NA
655	NA	NA	NA	NA	0.4	NA	0.272727272727273	NA	NA	NA	NA	NA	0.184210526315789	NA	NA	NA	NA	NA	NA	NA	NA	NA	NA	NA	NA	NA	NA	NA	NA	NA	NA	NA	NA	0.285714285714286	NA	NA	NA	NA	NA	NA	NA	NA	NA	NA	NA	NA	0.5	NA	NA	NA
660	NA	NA	NA	NA	0.230769230769231	NA	0.625	NA	NA	NA	NA	NA	0.2	NA	NA	NA	NA	NA	NA	NA	NA	NA	NA	NA	NA	NA	NA	NA	NA	NA	NA	NA	NA	0.571428571428571	NA	NA	NA	NA	NA	NA	NA	NA	NA	NA	NA	NA	0.714285714285714	NA	NA	NA
665	NA	NA	NA	NA	0.333333333333333	NA	0.666666666666667	NA	NA	NA	NA	NA	0.243243243243243	NA	NA	NA	NA	NA	NA	NA	NA	NA	NA	NA	NA	NA	NA	NA	NA	NA	NA	NA	NA	0.555555555555556	NA	NA	NA	NA	NA	NA	NA	NA	NA	NA	NA	NA	1	NA	NA	NA
670	NA	NA	NA	NA	0.266666666666667	NA	0.615384615384615	NA	NA	NA	NA	NA	0.25	NA	NA	NA	NA	NA	NA	NA	NA	NA	NA	NA	NA	NA	NA	NA	NA	NA	NA	NA	NA	0.461538461538462	NA	NA	NA	NA	NA	NA	NA	NA	NA	NA	NA	NA	NA	NA	NA	NA
675	NA	NA	NA	NA	0.294117647058824	NA	0.5	NA	NA	NA	NA	NA	0.173913043478261	NA	NA	NA	NA	NA	NA	NA	NA	NA	NA	NA	NA	NA	NA	NA	NA	NA	NA	NA	NA	0.230769230769231	NA	NA	NA	NA	NA	NA	NA	NA	NA	NA	NA	NA	NA	NA	NA	NA
680	NA	NA	NA	NA	0.222222222222222	NA	0.166666666666667	NA	NA	NA	NA	NA	0.227272727272727	NA	NA	NA	NA	NA	NA	NA	NA	NA	NA	NA	NA	NA	NA	NA	NA	NA	NA	NA	NA	0.363636363636364	NA	NA	NA	NA	NA	NA	NA	NA	NA	NA	NA	NA	NA	NA	NA	NA
685	NA	NA	NA	NA	0.333333333333333	NA	0.454545454545455	NA	NA	NA	NA	NA	0.266666666666667	NA	NA	NA	NA	NA	NA	NA	NA	NA	NA	NA	NA	NA	NA	NA	NA	NA	NA	NA	NA	0.333333333333333	NA	NA	NA	NA	NA	NA	NA	NA	NA	NA	NA	NA	NA	NA	NA	NA
690	NA	NA	NA	NA	0.375	NA	0.375	NA	NA	NA	NA	NA	0.411764705882353	NA	NA	NA	NA	NA	NA	NA	NA	NA	NA	NA	NA	NA	NA	NA	NA	NA	NA	NA	NA	0.4	NA	NA	NA	NA	NA	NA	NA	NA	NA	NA	NA	NA	NA	NA	NA	NA
695	NA	NA	NA	NA	0.444444444444444	NA	0.6	NA	NA	NA	NA	NA	0.307692307692308	NA	NA	NA	NA	NA	NA	NA	NA	NA	NA	NA	NA	NA	NA	NA	NA	NA	NA	NA	NA	0.666666666666667	NA	NA	NA	NA	NA	NA	NA	NA	NA	NA	NA	NA	NA	NA	NA	NA
700	NA	NA	NA	NA	0.214285714285714	NA	1	NA	NA	NA	NA	NA	0.333333333333333	NA	NA	NA	NA	NA	NA	NA	NA	NA	NA	NA	NA	NA	NA	NA	NA	NA	NA	NA	NA	NA	NA	NA	NA	NA	NA	NA	NA	NA	NA	NA	NA	NA	NA	NA	NA	NA
705	NA	NA	NA	NA	0.461538461538462	NA	NA	NA	NA	NA	NA	NA	0.357142857142857	NA	NA	NA	NA	NA	NA	NA	NA	NA	NA	NA	NA	NA	NA	NA	NA	NA	NA	NA	NA	NA	NA	NA	NA	NA	NA	NA	NA	NA	NA	NA	NA	NA	NA	NA	NA	NA
710	NA	NA	NA	NA	0.384615384615385	NA	NA	NA	NA	NA	NA	NA	0.375	NA	NA	NA	NA	NA	NA	NA	NA	NA	NA	NA	NA	NA	NA	NA	NA	NA	NA	NA	NA	NA	NA	NA	NA	NA	NA	NA	NA	NA	NA	NA	NA	NA	NA	NA	NA	NA
715	NA	NA	NA	NA	0.3	NA	NA	NA	NA	NA	NA	NA	0.8	NA	NA	NA	NA	NA	NA	NA	NA	NA	NA	NA	NA	NA	NA	NA	NA	NA	NA	NA	NA	NA	NA	NA	NA	NA	NA	NA	NA	NA	NA	NA	NA	NA	NA	NA	NA	NA
720	NA	NA	NA	NA	1	NA	NA	NA	NA	NA	NA	NA	0.666666666666667	NA	NA	NA	NA	NA	NA	NA	NA	NA	NA	NA	NA	NA	NA	NA	NA	NA	NA	NA	NA	NA	NA	NA	NA	NA	NA	NA	NA	NA	NA	NA	NA	NA	NA	NA	NA	NA
725	NA	NA	NA	NA	1	NA	NA	NA	NA	NA	NA	NA	0.666666666666667	NA	NA	NA	NA	NA	NA	NA	NA	NA	NA	NA	NA	NA	NA	NA	NA	NA	NA	NA	NA	NA	NA	NA	NA	NA	NA	NA	NA	NA	NA	NA	NA	NA	NA	NA	NA	NA
730	NA	NA	NA	NA	0.5	NA	NA	NA	NA	NA	NA	NA	1	NA	NA	NA	NA	NA	NA	NA	NA	NA	NA	NA	NA	NA	NA	NA	NA	NA	NA	NA	NA	NA	NA	NA	NA	NA	NA	NA	NA	NA	NA	NA	NA	NA	NA	NA	NA	NA
735	NA	NA	NA	NA	NA	NA	NA	NA	NA	NA	NA	NA	1	NA	NA	NA	NA	NA	NA	NA	NA	NA	NA	NA	NA	NA	NA	NA	NA	NA	NA	NA	NA	NA	NA	NA	NA	NA	NA	NA	NA	NA	NA	NA	NA	NA	NA	NA	NA	NA
740	NA	NA	NA	NA	NA	NA	NA	NA	NA	NA	NA	NA	1	NA	NA	NA	NA	NA	NA	NA	NA	NA	NA	NA	NA	NA	NA	NA	NA	NA	NA	NA	NA	NA	NA	NA	NA	NA	NA	NA	NA	NA	NA	NA	NA	NA	NA	NA	NA	NA
