0	2	1	1	1	1	2	1	2	2	1	1	3	2	2	1	2	1	3	3	1	2	1	2	1	1	1	3	2	2	2	2	1	3	3	1	2	2	2	3	3	1	3	3	1	4	1	3	2	4	1
5	9	15	3	5	14	11	14	14	9	13	8	15	13	1	3	14	6	7	10	7	5	7	8	10	13	5	19	13	10	7	4	12	5	11	10	10	24	18	9	22	7	12	17	7	12	13	17	14	13	8
10	11	26	7	5	34	10	30	18	21	22	23	27	32	3	11	25	21	19	14	23	24	13	30	9	39	4	31	27	24	23	16	25	11	30	15	12	35	39	21	29	20	26	36	19	20	38	28	30	10	19
15	39	42	16	8	67	20	79	46	40	33	37	38	58	13	33	37	27	34	53	36	36	25	66	14	48	8	42	39	29	47	30	35	21	50	30	29	65	45	27	45	48	21	42	45	42	36	49	48	30	27
20	81	54	17	28	108	22	132	78	90	38	56	69	94	35	64	83	55	49	83	73	40	31	103	20	88	11	66	44	44	99	49	47	28	118	41	46	116	54	39	69	75	72	62	61	57	97	70	62	62	55
25	110	109	34	61	146	45	222	95	122	47	74	95	161	55	76	129	100	67	107	117	64	36	132	24	105	22	63	87	62	163	76	74	61	153	77	63	199	103	47	113	107	107	80	97	66	102	83	91	67	84
30	140	122	45	90	261	56	293	135	189	68	116	193	298	95	152	208	137	100	186	151	130	51	187	32	147	40	65	87	82	273	145	77	90	174	118	74	296	136	68	186	158	156	112	128	99	157	110	156	75	125
35	195	160	66	107	400	125	468	252	289	122	199	234	456	154	246	316	195	171	276	269	197	78	296	55	199	68	96	148	102	349	244	131	126	281	147	99	514	195	117	283	257	203	131	180	115	249	195	196	96	252
40	236	259	88	155	535	246	670	374	419	176	306	425	717	247	418	431	287	259	427	391	272	94	450	104	270	86	145	237	161	495	314	211	200	405	256	126	727	267	152	376	403	345	209	257	162	385	283	274	144	382
45	392	484	142	204	723	397	983	578	532	276	415	559	1093	330	732	629	432	360	618	530	347	123	674	152	465	122	223	345	200	721	489	331	221	595	330	169	1060	359	235	587	583	521	332	408	236	480	414	354	204	590
50	598	725	226	314	953	614	1477	815	791	379	594	784	1624	488	1176	837	612	612	879	743	496	180	1009	212	638	183	338	483	295	1025	678	555	316	826	430	237	1606	544	409	808	863	710	564	572	320	675	644	541	333	850
55	969	1060	274	469	1352	920	2277	1231	1167	565	861	1140	2332	790	1685	1138	842	914	1264	1082	703	235	1509	247	900	290	426	700	369	1556	1047	777	475	1164	645	307	2205	832	552	1204	1194	1012	890	848	493	1013	801	792	552	1134
60	1438	1517	356	777	1961	1330	3417	1804	1644	667	1267	1643	3318	1088	2551	1613	1188	1310	1827	1619	1074	343	2142	360	1247	362	608	1019	521	2224	1677	1159	765	1656	861	404	3152	1230	795	1782	1704	1513	1288	1164	730	1458	1132	1103	805	1700
65	2203	2325	476	1153	2805	1935	4829	2628	2231	985	1673	2331	4416	1572	3651	2453	1746	2014	2686	2392	1500	519	3270	555	1876	528	955	1562	792	3301	2344	1710	1172	2496	1217	555	4704	1989	1056	2595	2494	2327	2066	1666	1157	2052	1644	1577	1160	2337
70	3174	3279	662	1703	3993	2831	6339	3581	3236	1483	2285	3319	6152	2117	5382	3570	2454	2845	4090	3412	2159	784	4597	755	2747	786	1376	2203	1128	4779	3381	2506	1629	3596	1693	752	6577	2996	1584	3609	3488	3260	3104	2255	1810	2879	2237	2364	1756	3137
75	4525	4725	1028	2613	5353	4087	8622	4824	4482	2117	3257	4860	8284	3139	7246	5079	3493	3903	5632	4738	3198	1100	5911	1067	3795	1019	1856	3217	1587	6702	4480	3460	2425	4979	2409	1191	8694	4171	2315	5192	4833	4568	4382	3275	2641	4184	3205	3356	2524	4472
80	6113	6885	1550	3689	7354	5658	11112	6594	6063	3385	4558	6504	10547	4435	9382	6862	4972	5261	7791	6439	4530	1663	7746	1519	5469	1550	2585	4642	2385	9053	6301	4798	3447	6723	3381	1744	11317	5589	3148	6956	6732	5959	6162	4416	3653	5707	4309	4680	3604	6047
85	8131	9139	2323	5329	9759	7776	13521	8808	8238	4782	6344	8938	12704	6105	12220	9099	6870	7278	10236	8812	6428	2403	10022	2199	7555	2164	3530	6575	3498	12002	8177	6806	4776	8883	4670	2388	13543	7763	4479	9449	9040	8095	8455	6013	5167	7766	6045	6333	5232	8019
90	10828	11777	3444	7134	11999	10409	15445	10955	10854	6669	8230	11134	14472	8524	14313	11554	9304	9493	12506	11336	8405	3548	12297	3265	9881	3184	5234	8677	5069	14199	10618	9141	6772	11642	6761	3436	15230	9793	6240	11779	11248	10585	11177	8114	7010	10398	8516	8559	7338	10274
95	13248	14160	4829	9652	13982	13283	15733	13301	13325	9085	10536	13620	14865	10938	15824	13567	11827	11759	14860	13824	10807	4961	14396	4374	12282	4490	7124	11192	7004	16021	13070	11541	8947	13818	8596	4703	15576	12426	8267	13793	13378	12859	13487	10323	9483	12742	11164	10577	9960	12560
100	15059	15773	6810	12217	15207	15364	14347	14592	14587	11633	12818	15114	14145	13542	15204	14942	14702	14065	16002	15973	13387	6910	15283	5894	14787	6240	9432	13392	8964	16007	15017	14255	11222	15371	11150	6583	13898	14166	10357	15230	15221	14836	15500	12453	11879	14946	14003	13200	12986	14541
105	15906	15940	8958	14833	14869	16356	11375	15334	14689	13984	14211	15453	12156	15111	13170	15326	15899	15543	15385	15908	15150	9326	14452	8178	16046	8665	11993	15108	11339	13902	15657	15670	13399	15320	13925	8803	11501	15228	12457	15182	15136	15944	16041	14340	14095	16232	15685	14503	15175	14929
110	14277	14084	11389	16310	12789	15454	7778	13973	13570	15661	14815	13715	8793	15766	10063	13821	15154	15463	13190	14499	15535	11951	12232	10541	15449	10786	14529	15438	13395	10513	14770	15481	14749	13323	15764	11356	8122	14554	14587	13462	13138	14913	14543	15193	15394	15097	15470	15124	16239	14316
115	11729	10929	13898	16143	9929	12865	4628	11083	11455	15671	14009	11065	5825	14728	6795	11299	13470	13244	9184	10889	14326	14166	9167	12894	13202	13104	16120	13988	15007	7211	11736	13716	15144	10523	15820	13864	4796	12383	15428	10743	10708	12379	11795	14298	15512	12661	14291	14249	15367	11979
120	8311	7321	15245	13611	6668	8852	2415	7905	8458	14259	11682	7705	3065	11693	3809	7218	10296	10024	5517	6976	11569	15572	5816	14753	9396	14822	15581	11126	15521	4190	8187	10566	13969	7668	13980	15454	2371	9768	14742	7359	7673	8313	8233	11824	13934	8599	11396	11451	12872	8854
125	5373	4104	15800	10193	3709	5396	1084	4617	5695	11029	8551	4549	1453	8096	2049	4074	6963	6590	2891	3979	8233	15465	3594	15625	5865	15433	13360	7912	13953	1967	4865	7230	11674	4396	11204	15441	1034	6526	12285	3994	4843	4962	4972	8604	10705	5023	7775	8100	9551	5600
130	2878	1846	14375	6263	1725	2446	382	2393	3309	7172	5370	2397	622	4830	957	2035	3857	3635	1332	2143	4933	13646	1694	14795	3182	14550	9678	4929	11004	805	2567	4233	8095	2234	7023	13683	385	3658	8633	1758	2673	2553	2547	5466	6906	2740	4517	5202	6045	3133
135	1229	731	11439	2999	710	844	142	1159	1472	3953	2932	1094	254	2453	344	901	1776	1732	437	953	2481	10642	772	12225	1469	11785	6396	2781	7362	340	1152	2175	4598	996	3914	10909	110	1928	4954	783	1249	1003	1198	3213	3616	1239	2323	2885	3281	1489
140	492	247	7474	1400	227	338	47	490	608	1997	1379	416	98	1061	107	324	780	761	144	274	1058	7061	279	8296	647	8317	3342	1335	4165	67	496	923	2267	414	1957	7707	21	779	2569	249	531	341	415	1658	1675	579	1054	1330	1419	726
145	147	67	3897	516	103	98	5	153	236	807	544	152	31	462	47	80	322	275	41	53	346	3957	105	4919	238	4812	1444	577	2191	22	169	280	923	207	906	4541	0	297	1344	83	199	98	123	789	667	196	472	528	580	207
150	25	7	1856	210	30	44	1	58	79	309	224	67	14	125	17	18	105	81	7	11	123	1999	38	2681	75	2547	639	193	1015	2	51	78	334	99	368	2164	NA	109	535	18	56	17	36	313	254	64	161	196	182	67
155	6	1	744	59	3	4	1	16	18	111	111	26	7	38	11	3	30	36	2	0	32	823	4	1278	44	1140	263	47	466	NA	11	16	112	28	116	895	NA	43	270	9	14	2	20	82	103	13	54	46	45	30
160	1	NA	275	22	NA	1	NA	4	3	43	36	9	NA	5	2	NA	15	13	2	NA	3	337	NA	507	6	478	106	12	137	NA	7	2	33	5	31	310	NA	25	125	2	2	NA	13	19	32	4	20	9	11	7
165	NA	NA	102	4	NA	0	NA	2	1	33	7	0	NA	1	NA	NA	5	3	NA	NA	1	112	NA	160	NA	163	37	5	20	NA	4	3	11	1	10	109	NA	9	32	NA	1	NA	2	8	16	NA	4	1	3	5
170	NA	NA	34	NA	NA	NA	NA	1	NA	21	0	NA	NA	NA	NA	NA	1	0	NA	NA	NA	33	NA	78	NA	43	7	2	11	NA	NA	1	NA	NA	11	27	NA	5	15	NA	NA	NA	1	NA	4	NA	1	NA	6	NA
175	NA	NA	6	NA	NA	NA	NA	NA	NA	6	NA	NA	NA	NA	NA	NA	NA	NA	NA	NA	NA	19	NA	45	NA	20	6	NA	0	NA	NA	1	NA	NA	1	5	NA	2	4	NA	NA	NA	1	NA	3	NA	NA	NA	11	NA
180	NA	NA	1	NA	NA	NA	NA	NA	NA	2	NA	NA	NA	NA	NA	NA	NA	NA	NA	NA	NA	1	NA	7	NA	12	2	NA	NA	NA	NA	NA	NA	NA	NA	NA	NA	NA	1	NA	NA	NA	NA	NA	3	NA	NA	NA	3	NA
185	NA	NA	NA	NA	NA	NA	NA	NA	NA	NA	NA	NA	NA	NA	NA	NA	NA	NA	NA	NA	NA	NA	NA	6	NA	2	1	NA	NA	NA	NA	NA	NA	NA	NA	NA	NA	NA	NA	NA	NA	NA	NA	NA	3	NA	NA	NA	NA	NA
190	NA	NA	NA	NA	NA	NA	NA	NA	NA	NA	NA	NA	NA	NA	NA	NA	NA	NA	NA	NA	NA	NA	NA	4	NA	0	NA	NA	NA	NA	NA	NA	NA	NA	NA	NA	NA	NA	NA	NA	NA	NA	NA	NA	NA	NA	NA	NA	NA	NA
195	NA	NA	NA	NA	NA	NA	NA	NA	NA	NA	NA	NA	NA	NA	NA	NA	NA	NA	NA	NA	NA	NA	NA	4	NA	NA	NA	NA	NA	NA	NA	NA	NA	NA	NA	NA	NA	NA	NA	NA	NA	NA	NA	NA	NA	NA	NA	NA	NA	NA
