<<<<<<< HEAD
0	3	2	2	2	1	2	3	1	1	1	4	2	2	1	1	2	1	2	3	1	1	2	3	3	1	1	2	2	3	2	2	2	2	3	1	3	2	2	2	2	2	3	3	1	4	1	2	1	1	1
5	7	7	5	NA	5	6	14	5	9	2	9	5	7	2	14	21	3	6	12	7	6	6	9	12	3	2	6	4	7	11	8	13	9	10	2	4	5	9	NA	6	0	8	6	NA	13	9	4	7	NA	5
10	17	20	9	NA	12	20	16	17	19	13	11	13	18	NA	12	25	7	22	23	9	13	4	9	6	7	7	12	12	8	12	16	9	17	28	7	8	10	5	NA	5	NA	6	19	NA	35	9	4	11	NA	6
15	25	22	20	NA	10	41	16	21	16	9	9	28	19	NA	16	27	6	19	30	14	23	9	12	6	12	18	14	15	8	10	23	7	26	22	14	12	5	9	NA	7	NA	21	24	NA	50	21	5	12	NA	19
20	23	31	30	NA	10	60	22	45	20	7	19	51	34	NA	17	31	5	37	37	34	48	21	12	11	16	23	12	29	15	24	33	23	36	21	18	10	6	9	NA	1	NA	25	25	NA	60	25	8	12	NA	16
25	51	51	22	NA	21	86	51	47	41	4	42	58	52	NA	44	39	15	44	40	30	69	15	12	16	15	35	13	39	14	29	32	36	41	20	20	21	3	14	NA	6	NA	35	42	NA	81	29	11	38	NA	27
30	76	57	30	NA	25	106	50	66	55	2	59	67	56	NA	61	42	19	71	59	32	88	32	3	23	31	36	15	42	25	20	31	57	25	17	34	31	7	19	NA	12	NA	35	71	NA	114	36	17	46	NA	30
35	102	77	39	NA	30	134	45	76	83	0	64	90	59	NA	79	45	19	116	95	41	106	24	3	26	52	41	19	54	33	28	37	75	28	25	50	51	16	25	NA	2	NA	42	86	NA	128	37	43	56	NA	34
40	156	100	58	NA	32	184	73	113	121	NA	71	111	70	NA	105	39	36	128	128	42	155	38	8	23	48	60	26	54	46	43	43	90	33	38	57	52	26	23	NA	4	NA	71	114	NA	164	68	59	97	NA	51
45	141	154	66	NA	57	224	102	159	120	NA	92	182	63	NA	131	58	54	170	123	54	234	39	9	26	77	69	49	55	67	67	46	117	57	36	78	74	32	55	NA	12	NA	83	93	NA	206	61	71	131	NA	67
50	183	189	81	NA	80	209	142	179	163	NA	138	253	72	NA	177	73	77	220	140	85	296	47	10	35	95	98	73	87	92	67	56	121	131	37	90	92	54	70	NA	25	NA	140	127	NA	234	107	86	187	NA	66
55	255	235	135	NA	105	307	203	236	136	NA	210	237	79	NA	209	60	128	288	174	114	317	54	23	44	132	126	89	115	133	68	55	160	184	41	125	150	64	57	NA	24	NA	205	150	NA	333	103	78	191	NA	79
60	314	299	137	NA	138	405	251	283	135	NA	253	322	114	NA	317	84	185	408	225	125	354	45	24	80	154	159	99	201	155	85	59	159	208	44	147	189	66	67	NA	44	NA	265	224	NA	411	143	104	215	NA	98
65	346	381	139	NA	218	521	364	330	166	NA	303	439	165	NA	411	111	224	560	244	173	483	42	21	109	168	233	140	306	187	122	77	187	313	50	199	254	84	78	NA	56	NA	352	332	NA	460	176	129	275	NA	113
70	376	494	170	NA	246	733	437	431	180	NA	425	554	234	NA	513	126	275	676	305	207	600	42	20	125	189	320	168	405	223	153	97	228	422	46	188	308	82	100	NA	30	NA	373	424	NA	565	201	159	364	NA	133
75	506	600	252	NA	277	1006	562	548	215	NA	601	660	284	NA	600	171	326	825	387	276	789	71	22	142	269	445	171	592	287	236	87	342	535	80	242	421	139	130	NA	32	NA	445	575	NA	693	220	171	465	NA	211
80	605	722	249	NA	369	1321	701	630	246	NA	741	867	395	NA	679	236	366	1148	466	340	954	102	23	181	368	557	220	701	338	295	112	400	651	94	297	526	167	136	NA	55	NA	633	609	NA	887	276	212	531	NA	246
85	755	902	306	NA	503	1674	887	798	256	NA	942	1101	514	NA	854	267	461	1369	574	345	1234	85	40	242	440	714	282	970	402	343	138	496	859	151	340	670	282	188	NA	51	NA	845	812	NA	1068	351	228	629	NA	348
90	883	1003	366	NA	579	2169	1071	1125	310	NA	1003	1258	629	NA	1074	307	605	1650	665	446	1480	90	44	295	524	865	428	1165	544	428	159	634	1057	153	429	898	340	205	NA	78	NA	1055	1043	NA	1343	442	327	794	NA	445
95	1167	1198	412	NA	660	2687	1277	1299	380	NA	1302	1526	851	NA	1413	370	685	2066	793	615	1874	133	59	389	660	1098	610	1432	722	543	180	784	1374	183	536	1116	408	280	NA	74	NA	1320	1335	NA	1641	500	461	943	NA	553
100	1424	1487	444	NA	861	3281	1650	1513	465	NA	1502	1990	1106	NA	1815	428	871	2561	981	743	2359	187	59	444	895	1291	780	1822	927	671	234	891	1773	224	606	1345	540	317	NA	85	NA	1681	1706	NA	2020	707	499	1180	NA	733
105	1821	1802	548	NA	1113	3685	1948	1832	604	NA	1882	2407	1425	NA	2115	551	1018	3055	1200	939	3005	232	97	553	1090	1559	993	2233	1117	846	321	1109	2084	265	796	1709	643	467	NA	114	NA	2200	2020	NA	2352	861	557	1528	NA	830
110	2296	2116	671	NA	1382	4323	2340	2224	732	NA	2227	3001	1908	NA	2647	659	1258	3712	1518	1138	3406	278	134	742	1434	1881	1332	2602	1370	1065	430	1398	2568	304	890	2158	746	623	NA	173	NA	2831	2505	NA	2801	993	645	1933	NA	995
115	2895	2469	888	NA	1731	4928	2898	2782	912	NA	2725	3626	2460	NA	3166	822	1618	4559	1866	1389	3819	285	177	965	1827	2271	1682	3288	1702	1380	539	1733	3118	358	1133	2579	1005	753	NA	227	NA	3456	3086	NA	3282	1189	805	2307	NA	1270
120	3218	3014	1092	NA	2094	5871	3640	3379	1104	NA	3205	4495	2984	NA	3777	1013	1940	5378	2253	1669	4624	341	266	1210	2324	2769	2358	3960	1965	1689	675	2137	3629	508	1326	3002	1193	912	NA	290	NA	4099	3714	NA	3935	1433	974	2785	NA	1560
125	3849	3484	1425	NA	2480	6659	4347	4038	1306	NA	3696	5115	3835	NA	4629	1243	2273	5953	2800	2169	5497	451	331	1520	2800	3285	3043	4623	2394	2142	842	2502	4195	570	1686	3428	1607	1099	NA	379	NA	4723	4503	NA	4587	1808	1231	3297	NA	2036
130	4496	4260	1863	NA	2948	7135	4972	4595	1653	NA	4288	5902	4254	NA	5535	1623	2816	6717	3450	2678	6326	599	435	1696	3316	3771	3744	5513	2853	2545	1145	2931	4806	663	2016	4070	2016	1357	NA	497	NA	5645	5143	NA	5159	2378	1447	4067	NA	2393
135	5216	4953	2346	NA	3628	7447	5601	5201	2071	NA	4813	6629	4926	NA	6137	2050	3467	7393	4116	3127	7025	776	523	1903	4047	4503	4482	6107	3411	3172	1500	3351	5501	854	2561	4407	2448	1673	NA	570	NA	6260	5854	NA	5511	2852	1716	4947	NA	2911
140	5817	5528	2717	NA	4224	7514	6256	5791	2428	NA	5336	6948	5755	NA	6794	2585	4105	7554	4885	3504	7213	915	662	2310	4898	4986	5012	6791	3966	3791	1886	3943	5982	1122	3112	5094	3012	2045	NA	651	NA	6896	6539	NA	6162	3406	2081	5707	NA	3470
145	6279	6141	3140	NA	4798	7111	6609	6395	2974	NA	5935	6952	6525	NA	7317	3014	4808	7556	5575	4199	7290	1244	862	2811	5604	5765	5600	7192	4719	4540	2261	4557	6355	1372	3833	5660	3629	2580	NA	890	NA	7300	7110	NA	6767	3705	2478	6457	NA	4342
150	6754	6714	3685	NA	5381	6617	6780	7021	3663	NA	6487	6857	7033	NA	7274	3619	5384	7177	6273	4787	7387	1529	1026	3326	6180	6523	6088	7239	5352	5141	2739	5132	6794	1858	4612	6479	4346	3076	NA	1130	NA	7379	7141	NA	6734	4375	2956	7116	NA	5082
155	7009	6892	4403	NA	6088	5960	6564	7197	4446	NA	6729	6773	7437	NA	7117	4061	6049	6405	6740	5420	6937	1720	1199	3849	6637	6839	6719	7204	6082	5766	3344	5540	6850	2336	5377	6812	5281	3749	NA	1351	NA	7359	7261	NA	6762	4938	3732	7438	NA	5897
160	6950	7116	5266	NA	6593	4964	6359	7002	5183	NA	6895	6312	7711	NA	6640	4754	6414	5591	7073	6134	5820	2226	1483	4716	7012	7220	6912	6861	6625	6266	3927	6000	6902	2856	6299	6940	5900	4527	NA	1660	NA	6926	6832	NA	6470	5664	4544	7456	NA	6703
165	6571	6906	5978	NA	6991	4021	6285	6619	5713	NA	6778	5641	7895	NA	5855	5600	6984	4419	7200	6820	4968	2663	1813	5594	7400	7184	7152	6139	6836	6736	4620	6350	6626	3556	6854	7041	6565	5276	NA	1968	NA	6188	6441	NA	6037	6280	5100	7187	NA	7359
170	5992	6480	6431	NA	6966	2992	5739	5954	6484	NA	6303	4991	6956	NA	5183	6226	7147	3549	7177	7095	4071	3122	2369	6128	7440	7092	7057	5357	7027	7154	5396	6642	5912	4107	7304	6865	6852	6027	NA	2362	NA	5213	5993	NA	5418	6911	5812	6574	NA	7403
175	5442	5523	6722	NA	6934	2233	5017	5234	7014	NA	5561	4084	5969	NA	4370	6927	6836	2779	6801	6822	3075	3850	2812	6887	6956	6455	6702	4416	6885	7015	6029	6705	5276	4790	7505	5940	7132	6663	NA	2826	NA	4310	5030	NA	4597	7023	6515	5823	NA	7316
180	4659	4805	6853	NA	6553	1663	4228	4472	7216	NA	4785	3127	5047	NA	3758	7294	6404	1950	5988	6537	2442	4386	3227	7225	6390	5725	6055	3533	6633	6782	6305	6546	4184	5441	7246	5101	7137	6783	NA	3360	NA	3590	4099	NA	3702	6895	7028	5110	NA	7091
185	3567	3858	6624	NA	6023	1189	3509	3914	7106	NA	4053	2253	3982	NA	2969	7303	5959	1348	5128	6272	1811	5036	3868	7178	5242	4625	5301	2856	5821	6072	6654	5979	3240	6125	6741	4147	7157	6994	NA	3974	NA	2811	3214	NA	2914	6449	7139	4313	NA	6568
190	2895	3114	6268	NA	4968	835	2846	3015	6593	NA	3221	1779	3242	NA	2296	7119	5118	999	4238	5769	1391	5847	4444	7090	4192	3746	4486	2097	4991	5336	6957	5136	2594	6814	5816	3540	6690	6622	NA	4509	NA	2271	2230	NA	2288	5938	6906	3324	NA	5950
195	2323	2411	5935	NA	4267	600	2176	2130	5990	NA	2315	1253	2416	NA	1733	6361	4414	721	3445	4923	1110	6282	5108	6611	3255	2836	3812	1597	4252	4779	6822	4259	2102	7052	4998	2831	5699	6471	NA	5096	NA	1546	1603	NA	1686	5356	6519	2651	NA	4783
200	1856	1885	5296	NA	3414	427	1561	1511	5156	NA	1837	937	1773	NA	1225	5535	3479	602	2641	4192	823	6547	5821	6080	2430	1974	2843	1196	3391	4052	6504	3423	1685	6984	4286	2234	4697	6059	NA	5849	NA	1093	1160	NA	1228	4584	5926	2007	NA	3817
205	1369	1392	4595	NA	2644	325	1176	1163	4474	NA	1397	754	1235	NA	913	4791	2629	465	1806	3366	656	6791	6301	5163	1769	1413	2051	847	2686	3187	6137	2846	1252	6684	3474	1671	3858	5653	NA	6512	NA	782	837	NA	779	3822	5171	1273	NA	3006
210	1026	1075	3938	NA	1881	262	904	772	3525	NA	1057	601	744	NA	630	3850	2077	370	1192	2443	379	6839	6828	4294	1337	1076	1515	566	2047	2524	5683	2204	937	6392	2726	1278	3036	4873	NA	6841	NA	514	574	NA	572	2988	4525	878	NA	2343
215	766	721	3198	NA	1349	208	669	559	2815	NA	772	382	509	NA	470	3154	1622	234	830	1828	314	6921	6973	3433	957	730	1101	376	1594	1957	4769	1619	719	5925	2107	906	2437	4155	NA	6909	NA	342	460	NA	500	2379	3758	578	NA	1748
220	491	503	2519	NA	953	192	438	357	2166	NA	636	343	305	NA	311	2294	1030	181	568	1299	213	6333	7047	2561	673	519	837	263	1197	1464	3809	1218	433	5269	1644	565	1722	3339	NA	6895	NA	207	303	NA	345	1755	2954	375	NA	1097
225	331	339	1766	NA	663	154	321	266	1749	NA	443	297	211	NA	219	1770	708	109	394	920	181	5513	6965	1903	544	331	604	212	882	1055	2975	973	302	4325	1245	418	1369	2396	NA	6681	NA	164	222	NA	227	1297	2304	257	NA	862
230	237	227	1229	NA	434	113	189	194	1444	NA	292	202	162	NA	199	1373	468	80	231	686	137	4674	6581	1412	422	217	441	139	519	674	2307	778	217	3527	930	299	957	1851	NA	6061	NA	116	150	NA	134	961	1657	176	NA	598
235	151	179	863	NA	284	47	158	128	1094	NA	240	139	102	NA	169	982	299	38	152	509	115	3966	5618	1001	339	122	272	92	400	444	1717	611	141	2714	704	197	696	1383	NA	5269	NA	70	94	NA	99	703	1226	120	NA	410
240	131	140	547	NA	236	20	94	70	825	NA	170	84	72	NA	136	723	248	32	99	381	68	3081	4503	666	250	78	157	63	253	355	1202	535	90	2061	466	163	469	975	NA	4490	NA	55	80	NA	53	531	856	88	NA	306
245	97	105	354	NA	198	26	80	61	617	NA	83	57	68	NA	93	509	208	35	84	251	83	2278	3661	478	182	39	84	52	190	238	844	359	85	1445	290	93	329	657	NA	3712	NA	35	53	NA	30	390	613	56	NA	210
250	64	68	257	NA	161	3	64	36	328	NA	76	57	40	NA	65	395	149	16	88	187	49	1608	2790	383	133	20	68	49	136	186	626	260	51	1092	184	82	253	456	NA	2968	NA	41	46	NA	17	293	423	31	NA	149
255	43	23	160	NA	142	NA	59	22	221	NA	52	37	38	NA	63	290	99	18	46	137	36	1319	2079	235	103	11	28	34	115	126	395	227	32	858	130	53	206	317	NA	2179	NA	36	32	NA	1	215	304	14	NA	143
260	45	12	131	NA	97	NA	35	19	164	NA	31	55	24	NA	45	220	80	18	34	103	33	937	1489	145	89	3	14	31	59	100	263	193	16	694	100	35	151	193	NA	1551	NA	38	28	NA	3	156	178	3	NA	89
265	29	5	118	NA	85	NA	32	21	107	NA	18	36	21	NA	34	158	66	12	28	74	38	634	1168	79	52	3	17	15	37	81	186	147	10	473	72	25	142	146	NA	1080	NA	10	22	NA	16	101	140	NA	NA	68
270	7	NA	94	NA	58	NA	26	16	74	NA	9	39	20	NA	42	134	61	4	16	40	9	449	811	59	43	NA	6	15	22	70	155	123	9	300	52	21	92	113	NA	766	NA	5	19	NA	13	82	94	NA	NA	66
275	8	NA	67	NA	30	NA	9	12	57	NA	1	18	5	NA	20	76	41	3	9	32	1	332	583	46	34	NA	5	17	22	74	138	70	4	164	27	9	86	108	NA	619	NA	8	11	NA	20	59	64	NA	NA	38
280	5	NA	41	NA	27	NA	NA	15	52	NA	NA	18	6	NA	17	49	45	NA	5	20	1	196	446	23	32	NA	1	16	17	48	124	59	0	97	12	8	59	90	NA	387	NA	3	2	NA	30	59	45	NA	NA	24
285	6	NA	43	NA	20	NA	NA	11	75	NA	NA	18	3	NA	11	27	51	NA	0	18	NA	156	266	20	20	NA	NA	16	13	28	81	35	NA	80	14	9	46	58	NA	231	NA	3	2	NA	17	46	25	NA	NA	20
290	NA	NA	49	NA	14	NA	NA	7	50	NA	NA	12	2	NA	3	29	48	NA	NA	8	NA	110	183	9	14	NA	NA	22	13	12	43	15	NA	60	10	8	25	72	NA	188	NA	4	2	NA	12	30	10	NA	NA	16
295	NA	NA	26	NA	5	NA	NA	1	21	NA	NA	14	2	NA	NA	18	37	NA	NA	6	NA	89	113	7	9	NA	NA	21	4	1	18	13	NA	55	4	0	7	37	NA	119	NA	2	NA	NA	9	44	3	NA	NA	14
300	NA	NA	41	NA	8	NA	NA	NA	11	NA	NA	20	1	NA	NA	22	18	NA	NA	10	NA	59	88	1	7	NA	NA	24	3	NA	13	6	NA	39	3	NA	5	13	NA	91	NA	0	NA	NA	3	25	NA	NA	NA	4
305	NA	NA	35	NA	10	NA	NA	NA	9	NA	NA	14	NA	NA	NA	12	9	NA	NA	7	NA	37	53	NA	8	NA	NA	17	3	NA	22	6	NA	31	3	NA	3	3	NA	57	NA	NA	NA	NA	NA	13	NA	NA	NA	7
310	NA	NA	20	NA	14	NA	NA	NA	7	NA	NA	21	NA	NA	NA	5	6	NA	NA	11	NA	37	16	NA	15	NA	NA	3	NA	NA	24	2	NA	12	4	NA	2	0	NA	19	NA	NA	NA	NA	NA	15	NA	NA	NA	3
315	NA	NA	16	NA	7	NA	NA	NA	14	NA	NA	15	NA	NA	NA	1	3	NA	NA	1	NA	24	17	NA	17	NA	NA	1	NA	NA	24	1	NA	7	1	NA	NA	NA	NA	28	NA	NA	NA	NA	NA	6	NA	NA	NA	4
320	NA	NA	1	NA	3	NA	NA	NA	2	NA	NA	13	NA	NA	NA	NA	1	NA	NA	NA	NA	11	14	NA	6	NA	NA	NA	NA	NA	28	NA	NA	NA	NA	NA	NA	NA	NA	19	NA	NA	NA	NA	NA	6	NA	NA	NA	0
325	NA	NA	NA	NA	8	NA	NA	NA	6	NA	NA	4	NA	NA	NA	NA	NA	NA	NA	NA	NA	3	4	NA	17	NA	NA	NA	NA	NA	17	NA	NA	NA	NA	NA	NA	NA	NA	7	NA	NA	NA	NA	NA	10	NA	NA	NA	NA
330	NA	NA	NA	NA	11	NA	NA	NA	1	NA	NA	1	NA	NA	NA	NA	NA	NA	NA	NA	NA	2	5	NA	8	NA	NA	NA	NA	NA	13	NA	NA	NA	NA	NA	NA	NA	NA	12	NA	NA	NA	NA	NA	4	NA	NA	NA	NA
335	NA	NA	NA	NA	11	NA	NA	NA	NA	NA	NA	6	NA	NA	NA	NA	NA	NA	NA	NA	NA	0	3	NA	NA	NA	NA	NA	NA	NA	11	NA	NA	NA	NA	NA	NA	NA	NA	7	NA	NA	NA	NA	NA	0	NA	NA	NA	NA
340	NA	NA	NA	NA	12	NA	NA	NA	NA	NA	NA	13	NA	NA	NA	NA	NA	NA	NA	NA	NA	NA	NA	NA	NA	NA	NA	NA	NA	NA	5	NA	NA	NA	NA	NA	NA	NA	NA	3	NA	NA	NA	NA	NA	NA	NA	NA	NA	NA
345	NA	NA	NA	NA	2	NA	NA	NA	NA	NA	NA	9	NA	NA	NA	NA	NA	NA	NA	NA	NA	NA	NA	NA	NA	NA	NA	NA	NA	NA	2	NA	NA	NA	NA	NA	NA	NA	NA	3	NA	NA	NA	NA	NA	NA	NA	NA	NA	NA
350	NA	NA	NA	NA	NA	NA	NA	NA	NA	NA	NA	8	NA	NA	NA	NA	NA	NA	NA	NA	NA	NA	NA	NA	NA	NA	NA	NA	NA	NA	NA	NA	NA	NA	NA	NA	NA	NA	NA	7	NA	NA	NA	NA	NA	NA	NA	NA	NA	NA
355	NA	NA	NA	NA	NA	NA	NA	NA	NA	NA	NA	5	NA	NA	NA	NA	NA	NA	NA	NA	NA	NA	NA	NA	NA	NA	NA	NA	NA	NA	NA	NA	NA	NA	NA	NA	NA	NA	NA	4	NA	NA	NA	NA	NA	NA	NA	NA	NA	NA
360	NA	NA	NA	NA	NA	NA	NA	NA	NA	NA	NA	3	NA	NA	NA	NA	NA	NA	NA	NA	NA	NA	NA	NA	NA	NA	NA	NA	NA	NA	NA	NA	NA	NA	NA	NA	NA	NA	NA	0	NA	NA	NA	NA	NA	NA	NA	NA	NA	NA
=======
0	1	1	1	2	1	2	2	1	1	2	2	2	2	1	1	3	2	2	3	1	3	1	2	2	1	2	2	1	2	3	1	3	2	1	1	3	4	2	3	1	1	1	2	3	4	1	1	1	1	2
5	4	3	11	11	4	7	10	9	5	9	10	14	11	6	3	17	18	6	6	5	13	3	3	12	13	5	12	10	14	6	NA	7	13	10	3	10	10	5	9	9	3	5	7	6	9	5	8	5	5	9
10	5	2	13	18	12	14	23	31	8	14	21	37	14	15	9	21	36	5	23	7	14	NA	12	18	20	9	20	17	19	6	NA	11	18	21	5	20	15	16	6	19	11	3	14	10	11	11	23	15	8	25
15	8	1	21	23	20	12	26	41	24	17	22	42	23	20	16	32	48	15	26	6	9	NA	17	25	29	9	18	20	16	2	NA	14	27	21	7	35	29	12	11	51	8	16	37	25	5	13	23	14	4	28
20	3	NA	35	23	47	16	33	63	26	26	35	54	32	26	17	33	72	13	42	4	19	NA	21	34	36	14	34	33	19	4	NA	18	43	17	8	42	25	11	17	62	18	16	41	33	3	19	24	21	10	49
25	8	NA	49	25	84	19	44	101	38	37	36	62	58	26	33	54	97	18	57	3	12	NA	19	27	30	22	28	32	24	1	NA	35	54	37	17	88	46	12	28	81	32	21	49	34	11	16	38	28	19	54
30	12	NA	77	38	65	19	81	95	48	39	46	80	85	41	49	71	122	11	57	4	18	NA	34	41	40	32	28	36	31	2	NA	43	57	42	24	108	46	14	31	67	55	44	54	59	18	31	52	28	25	87
35	6	NA	83	69	103	22	123	133	59	47	53	118	108	59	56	85	188	16	69	4	27	NA	42	24	33	38	38	39	31	3	NA	70	80	54	26	131	53	24	26	69	79	52	68	53	18	70	48	41	37	122
40	9	NA	136	106	114	26	140	161	62	57	52	164	161	84	69	134	237	15	85	7	38	NA	82	31	50	52	37	36	47	4	NA	62	103	65	27	165	58	29	45	91	144	96	71	83	29	95	75	70	50	167
45	15	NA	157	100	140	41	168	206	74	66	79	193	222	125	103	182	275	29	108	17	54	NA	116	37	36	75	51	48	96	7	NA	103	114	77	50	246	42	32	60	114	178	127	100	116	20	119	102	78	35	249
50	19	NA	204	141	184	54	207	256	107	87	118	238	322	170	122	214	368	39	150	12	57	NA	170	57	44	92	37	45	119	11	NA	143	145	94	60	256	55	40	91	99	220	169	180	147	29	177	145	93	37	285
55	9	NA	228	180	208	91	255	290	167	128	193	262	394	181	179	315	501	62	233	15	70	NA	202	93	62	107	52	44	160	19	NA	186	241	107	72	332	99	89	117	152	272	266	240	193	33	215	183	107	48	361
60	22	NA	314	210	299	119	322	319	238	140	250	397	456	214	196	403	670	44	272	17	91	NA	221	112	58	101	60	60	174	27	NA	231	301	146	60	419	144	106	122	182	340	282	355	245	29	291	233	146	69	477
65	22	NA	398	242	395	213	370	392	280	160	338	480	603	267	209	458	789	95	319	26	98	NA	235	130	40	146	90	87	191	49	NA	324	369	236	79	433	150	141	140	226	449	389	409	322	49	395	276	172	91	592
70	35	NA	489	276	484	271	438	496	369	203	456	520	845	320	335	607	1046	108	419	13	117	NA	323	192	37	152	124	136	241	70	NA	379	473	287	98	513	218	171	201	282	552	487	497	424	74	566	403	238	107	829
75	48	NA	601	357	580	364	547	713	440	247	537	627	999	372	395	740	1386	145	535	26	135	NA	474	237	61	229	156	184	336	83	NA	539	567	346	121	674	295	188	251	334	670	587	552	509	70	748	519	370	142	1026
80	96	NA	777	429	743	500	753	828	587	378	719	793	1232	487	482	875	1609	162	666	41	160	NA	622	257	45	346	148	209	432	121	NA	659	740	408	162	797	323	268	329	425	812	607	708	557	86	883	661	500	252	1276
85	158	NA	1008	476	914	693	961	1121	685	454	912	1012	1448	680	624	1136	1845	193	861	52	180	NA	726	311	33	395	157	289	580	107	NA	798	865	567	171	1047	358	350	392	587	1065	734	832	734	97	1125	889	616	320	1597
90	202	NA	1171	596	1113	880	1166	1430	844	622	1205	1266	1940	860	796	1458	2249	245	1059	48	250	NA	889	348	33	483	266	379	782	124	NA	1068	1037	712	222	1293	423	472	500	682	1221	967	1116	1009	150	1306	1052	744	397	1945
95	267	NA	1508	750	1426	943	1484	1904	1080	758	1458	1605	2324	1127	961	1770	2728	250	1307	79	278	NA	1059	418	40	617	357	465	1008	188	NA	1351	1331	998	275	1548	510	670	638	809	1657	1315	1317	1136	196	1682	1341	880	483	2453
100	315	NA	1799	915	1778	1203	1814	2262	1400	1016	1759	2024	2771	1531	1203	2277	3294	302	1549	114	357	NA	1312	486	40	804	435	591	1255	232	NA	1627	1630	1190	414	1919	639	862	791	975	2110	1568	1691	1533	204	2017	1639	1133	575	2986
105	470	NA	2237	1124	2159	1411	2190	2732	1695	1361	2215	2483	3288	1850	1580	2644	3857	370	1806	94	424	NA	1526	602	46	1048	545	745	1668	309	NA	2014	1966	1424	534	2398	840	1079	960	1266	2535	1815	2078	1867	258	2622	2003	1348	719	3589
110	575	NA	2744	1483	2514	1752	2663	3337	2071	1568	2674	3039	3957	2368	1971	2983	4603	530	2201	119	580	NA	1990	826	44	1319	658	921	2027	353	NA	2634	2338	1742	692	3010	995	1494	1127	1502	2934	2201	2556	2263	329	3182	2389	1636	957	4301
115	710	NA	3227	1832	3208	2267	3138	4118	2488	1873	3211	3634	4564	2839	2241	3486	5320	627	2616	169	760	NA	2433	1034	87	1658	826	1205	2556	407	NA	3223	2708	2006	786	3625	1216	1813	1518	1784	3567	2799	3220	2854	422	3812	2931	1973	1273	4837
120	903	NA	3961	2311	3663	2831	3647	4799	2980	2246	3849	4178	5191	3435	2669	4167	5924	716	3124	159	957	NA	2794	1271	83	2115	938	1459	3244	563	NA	4047	3139	2459	1009	4141	1493	2193	1741	2236	4233	3549	3788	3407	585	4576	3469	2494	1599	5447
125	1102	NA	4480	2752	4369	3465	4471	5435	3538	2705	4531	4949	5852	3898	3073	4835	6510	814	3687	195	1235	NA	3381	1594	99	2555	1186	1830	3833	715	NA	4814	3572	2965	1280	4746	1873	2578	2080	2551	5034	4049	4408	3938	824	5152	4163	2985	2039	6041
130	1336	NA	5129	3304	4873	4211	5386	6043	4021	3309	5121	5554	6473	4648	4026	5563	7008	1038	4066	292	1559	NA	4085	1870	96	3078	1470	2293	4432	987	NA	5338	4265	3708	1589	5503	2334	2998	2490	3111	5653	4625	4751	4589	1036	5682	4818	3327	2431	6538
135	1711	NA	5882	3725	5668	4900	6103	6850	4763	4135	5869	6199	6974	5493	4628	6125	7214	1298	4781	427	1917	NA	4818	2407	91	3463	1789	2637	5195	1231	NA	5862	4993	4383	2109	6406	2958	3688	2953	3742	6022	5511	5561	5339	1203	6257	5501	4057	2936	6691
140	2139	NA	6408	4565	6352	5765	6891	7238	5499	4655	6683	6776	7113	6046	5371	6371	7088	1589	5419	554	2423	NA	5436	2910	118	3953	2259	3226	5726	1561	NA	6409	5485	5042	2523	6955	3571	4451	3696	4410	6570	6269	6247	5885	1555	6749	6066	4765	3553	6855
145	2548	NA	6874	5315	6672	6273	7173	7143	6249	5481	6984	6890	7005	6757	6067	6623	6546	1965	6168	587	2855	NA	6081	3537	145	4737	2750	3755	6389	1779	NA	6539	6340	5744	3081	7273	4447	5382	4255	5102	7038	6740	6721	6274	1991	7231	6300	5367	4108	6716
150	2970	NA	6928	5907	6827	6869	7459	7077	6770	5669	7018	6906	6633	6731	6726	6779	6154	2570	6472	778	3389	NA	6652	3899	129	5497	3348	4369	7007	2072	NA	6705	6771	6217	3849	7079	5154	5862	4865	6015	7104	7032	6923	6733	2360	7225	6642	6165	4807	6415
155	3626	NA	6938	6234	6777	7426	7339	6729	7198	6215	7258	7060	6254	6931	7098	6671	5269	3043	6991	1013	3802	NA	6751	4437	201	6263	3821	4881	7434	2561	NA	6750	6676	6404	4465	7132	5724	6375	5548	6756	6888	7100	6997	7021	2710	6903	6506	6517	5376	5747
160	4328	NA	6837	6806	6725	7518	6837	5995	7001	6812	6996	6586	5431	6927	7306	6145	4460	3576	7146	1186	4333	NA	6921	5098	245	7077	4726	5732	7446	2826	NA	6727	6645	6760	5087	6555	6383	6663	6282	6995	6276	7352	6458	6888	3343	6704	6688	6959	6116	5059
165	5038	NA	6113	6690	6239	7237	6229	5110	6651	7008	6417	6098	4653	6511	7024	5787	3607	4128	6751	1394	5215	NA	7024	5891	330	7255	5484	6194	7076	3428	NA	6371	6306	6869	5793	5924	6738	7022	6721	7334	5684	7078	6008	6702	3964	6078	6488	6736	6739	4486
170	5776	NA	5425	6670	5674	6548	5469	4257	6225	7035	5715	5234	3755	6139	6527	5084	2712	4725	6225	1613	5814	NA	6566	6328	384	7332	6343	6705	6622	4069	NA	5619	5953	6664	6554	5038	7150	7020	7052	7138	4971	6234	5359	6303	4480	4928	6178	6737	6985	3601
175	6592	NA	4757	6718	5020	6004	4657	3506	5486	6834	4906	4361	3056	5276	5847	4335	2043	5374	5527	1945	6270	NA	5917	6774	449	7225	6909	7085	5717	4672	NA	4897	5280	6186	7032	4062	6981	7040	6999	6783	4021	5367	4589	5465	5088	4051	5394	6499	6841	2764
180	7198	NA	3932	6219	4160	5252	3803	2855	4836	6176	3712	3549	2218	4403	5108	3417	1470	5957	4615	2432	6317	NA	5053	7120	511	6738	7077	7060	4936	5378	NA	4051	4563	5701	7423	3224	6689	6422	6972	6303	3239	4332	3930	4924	5876	3346	4523	5757	6627	2210
185	7456	NA	3064	5400	3240	4603	2856	2124	4101	5335	2921	2751	1716	3809	4224	2713	1075	6374	3736	2917	6624	NA	4393	7143	625	5932	6968	6842	3860	5986	NA	3148	3755	5025	7259	2330	6363	5649	6417	5448	2547	3365	3291	3917	6306	2589	3626	4993	6568	1620
190	7364	NA	2481	4716	2645	3582	2072	1634	3132	4511	2217	1955	1288	3116	3316	2180	830	6770	3170	3511	6558	NA	3664	6659	813	5237	6869	6115	3099	6452	NA	2422	2996	4297	6938	1730	5894	4678	5876	4639	1945	2612	2757	3069	6735	1774	2805	4104	5953	1238
195	7059	NA	1952	3840	1942	2737	1562	1262	2589	3832	1607	1364	945	2315	2683	1533	636	6634	2252	4155	6348	NA	2848	6066	922	4255	6381	5117	2386	6630	NA	1989	2519	3468	6101	1211	5212	3812	4928	3776	1500	1944	2173	2322	7023	1164	2020	3338	5298	872
200	6469	NA	1385	2947	1472	1928	1090	970	1968	2939	1128	975	590	1664	2233	1020	504	6477	1684	4891	5975	NA	2166	5418	1102	3266	5788	4352	1795	6863	NA	1485	2041	2627	5450	871	4238	3176	4174	2918	1145	1412	1567	1654	7028	894	1493	2663	4579	588
205	5742	NA	956	2321	1013	1356	817	747	1557	2185	825	711	435	1388	1600	714	382	6132	1277	5795	5611	NA	1614	4616	1568	2354	5354	3714	1256	6581	NA	1120	1590	1940	4574	614	3233	2377	3247	2243	758	1038	1021	1197	6685	503	1068	2013	3465	353
210	4771	NA	582	1825	698	982	529	543	1243	1595	568	517	317	908	1229	503	285	5514	1001	6401	4931	NA	1154	3708	1960	1801	4661	3081	893	6030	NA	734	1235	1461	3688	461	2508	1852	2431	1515	508	674	787	788	6032	335	741	1474	2722	226
215	4144	NA	369	1276	458	610	375	389	920	1132	430	351	188	626	942	340	234	5035	835	6763	4016	NA	812	2823	2427	1340	3711	2481	636	5672	NA	561	934	1066	2929	325	1792	1397	1821	1079	369	476	586	556	5532	194	553	1112	2127	160
220	3198	NA	297	912	291	440	308	271	663	810	354	209	106	427	690	261	160	4420	529	6760	3113	NA	514	2116	2800	900	2789	1977	413	5061	NA	361	665	833	2202	278	1383	1070	1298	695	279	272	392	393	4641	140	394	802	1631	122
225	2273	NA	219	641	212	305	191	192	474	618	231	133	84	354	504	172	125	3661	415	6939	2547	NA	410	1518	3261	552	1915	1458	285	4297	NA	251	480	595	1712	194	1041	775	961	466	180	149	305	317	3602	91	303	596	1200	57
230	1485	NA	168	432	151	222	126	123	297	449	164	88	65	239	392	117	89	2666	250	6532	1868	NA	259	1122	3742	358	1355	1073	203	3280	NA	171	348	420	1359	150	802	525	661	314	135	100	219	208	2958	68	252	416	805	49
235	1130	NA	83	313	105	141	80	81	193	295	109	47	26	189	284	100	59	2088	179	5932	1260	NA	176	781	4339	299	948	715	151	2688	NA	122	206	315	1042	125	499	414	461	167	95	65	170	155	2300	49	197	280	563	25
240	774	NA	46	222	77	95	31	40	133	240	81	23	15	133	168	92	58	1689	128	5365	918	NA	117	555	4938	181	670	493	132	2126	NA	103	109	221	736	69	346	290	326	108	75	38	113	146	1840	42	135	213	438	24
245	608	NA	27	134	60	61	20	44	77	154	69	12	6	106	85	71	59	1226	97	4576	679	NA	85	379	5470	113	532	347	85	1710	NA	71	73	142	550	62	228	233	200	89	58	47	93	86	1414	14	79	157	299	10
250	442	NA	15	103	50	45	15	35	68	97	58	NA	1	58	50	53	45	936	62	3883	474	NA	40	258	6174	82	397	239	89	1276	NA	45	57	92	382	49	142	151	122	49	59	19	91	63	885	7	46	100	232	10
255	274	NA	16	70	42	27	14	26	57	42	34	NA	NA	36	39	48	14	682	39	3097	351	NA	7	211	6789	69	284	115	61	913	NA	34	30	69	272	28	127	119	88	21	63	12	73	17	597	14	33	62	157	17
260	148	NA	13	64	34	16	15	25	26	36	16	NA	NA	18	30	36	12	485	32	2478	228	NA	NA	152	7129	53	194	84	33	635	NA	12	19	42	196	24	74	76	71	11	45	8	36	11	449	16	32	35	96	5
265	152	NA	6	41	30	9	5	24	21	16	27	NA	NA	7	30	36	14	387	6	1852	160	NA	NA	119	7205	41	152	55	32	421	NA	3	14	23	171	23	26	64	73	3	32	14	20	6	320	8	25	22	67	1
270	86	NA	4	26	6	6	2	14	22	13	26	NA	NA	3	26	21	21	222	4	1433	134	NA	NA	111	6661	42	117	67	40	345	NA	NA	7	17	100	15	15	31	34	11	21	12	21	3	233	3	32	29	52	NA
275	47	NA	6	10	NA	2	3	5	3	4	23	NA	NA	3	31	13	12	124	4	1042	73	NA	NA	85	6028	22	80	47	34	259	NA	NA	18	6	56	9	5	18	37	10	8	7	12	2	181	3	20	16	53	NA
280	32	NA	3	6	NA	3	5	9	2	1	19	NA	NA	NA	37	3	8	99	3	781	41	NA	NA	55	5151	15	52	37	14	155	NA	NA	18	7	37	13	1	15	42	7	1	2	18	1	152	2	11	14	27	NA
285	17	NA	NA	9	NA	NA	5	12	NA	NA	11	NA	NA	NA	32	1	4	86	1	605	38	NA	NA	55	4270	9	31	9	8	107	NA	NA	13	2	29	6	NA	10	48	4	NA	NA	28	NA	100	3	7	16	10	NA
290	9	NA	NA	14	NA	NA	3	6	NA	NA	6	NA	NA	NA	22	2	4	79	6	416	39	NA	NA	31	3466	10	26	9	10	71	NA	NA	21	2	5	14	NA	11	45	NA	NA	NA	26	NA	71	NA	5	19	0	NA
295	2	NA	NA	12	NA	NA	0	5	NA	NA	6	NA	NA	NA	21	NA	1	83	NA	320	41	NA	NA	18	2875	6	20	4	5	55	NA	NA	14	NA	1	6	NA	7	40	NA	NA	NA	15	NA	53	NA	12	23	NA	NA
300	NA	NA	NA	1	NA	NA	NA	5	NA	NA	2	NA	NA	NA	24	NA	NA	74	NA	205	27	NA	NA	16	2206	1	9	NA	NA	29	NA	NA	6	NA	NA	1	NA	6	31	NA	NA	NA	11	NA	58	NA	6	30	NA	NA
305	NA	NA	NA	0	NA	NA	NA	1	NA	NA	NA	NA	NA	NA	7	NA	NA	48	NA	152	15	NA	NA	12	1727	NA	2	NA	NA	29	NA	NA	5	NA	NA	NA	NA	6	24	NA	NA	NA	5	NA	31	NA	5	21	NA	NA
310	NA	NA	NA	NA	NA	NA	NA	NA	NA	NA	NA	NA	NA	NA	5	NA	NA	23	NA	124	10	NA	NA	3	1204	NA	1	NA	NA	29	NA	NA	0	NA	NA	NA	NA	2	8	NA	NA	NA	4	NA	31	NA	4	3	NA	NA
315	NA	NA	NA	NA	NA	NA	NA	NA	NA	NA	NA	NA	NA	NA	1	NA	NA	11	NA	98	9	NA	NA	3	864	NA	1	NA	NA	33	NA	NA	NA	NA	NA	NA	NA	4	6	NA	NA	NA	5	NA	20	NA	0	2	NA	NA
320	NA	NA	NA	NA	NA	NA	NA	NA	NA	NA	NA	NA	NA	NA	NA	NA	NA	2	NA	80	6	NA	NA	2	665	NA	NA	NA	NA	24	NA	NA	NA	NA	NA	NA	NA	10	0	NA	NA	NA	6	NA	16	NA	NA	4	NA	NA
325	NA	NA	NA	NA	NA	NA	NA	NA	NA	NA	NA	NA	NA	NA	NA	NA	NA	4	NA	51	5	NA	NA	NA	441	NA	NA	NA	NA	7	NA	NA	NA	NA	NA	NA	NA	1	NA	NA	NA	NA	3	NA	11	NA	NA	3	NA	NA
330	NA	NA	NA	NA	NA	NA	NA	NA	NA	NA	NA	NA	NA	NA	NA	NA	NA	7	NA	38	4	NA	NA	NA	335	NA	NA	NA	NA	6	NA	NA	NA	NA	NA	NA	NA	NA	NA	NA	NA	NA	4	NA	1	NA	NA	3	NA	NA
335	NA	NA	NA	NA	NA	NA	NA	NA	NA	NA	NA	NA	NA	NA	NA	NA	NA	NA	NA	34	3	NA	NA	NA	204	NA	NA	NA	NA	1	NA	NA	NA	NA	NA	NA	NA	NA	NA	NA	NA	NA	10	NA	NA	NA	NA	NA	NA	NA
340	NA	NA	NA	NA	NA	NA	NA	NA	NA	NA	NA	NA	NA	NA	NA	NA	NA	NA	NA	39	NA	NA	NA	NA	113	NA	NA	NA	NA	0	NA	NA	NA	NA	NA	NA	NA	NA	NA	NA	NA	NA	0	NA	NA	NA	NA	NA	NA	NA
345	NA	NA	NA	NA	NA	NA	NA	NA	NA	NA	NA	NA	NA	NA	NA	NA	NA	NA	NA	30	NA	NA	NA	NA	89	NA	NA	NA	NA	NA	NA	NA	NA	NA	NA	NA	NA	NA	NA	NA	NA	NA	NA	NA	NA	NA	NA	NA	NA	NA
350	NA	NA	NA	NA	NA	NA	NA	NA	NA	NA	NA	NA	NA	NA	NA	NA	NA	NA	NA	12	NA	NA	NA	NA	53	NA	NA	NA	NA	NA	NA	NA	NA	NA	NA	NA	NA	NA	NA	NA	NA	NA	NA	NA	NA	NA	NA	NA	NA	NA
355	NA	NA	NA	NA	NA	NA	NA	NA	NA	NA	NA	NA	NA	NA	NA	NA	NA	NA	NA	10	NA	NA	NA	NA	33	NA	NA	NA	NA	NA	NA	NA	NA	NA	NA	NA	NA	NA	NA	NA	NA	NA	NA	NA	NA	NA	NA	NA	NA	NA
360	NA	NA	NA	NA	NA	NA	NA	NA	NA	NA	NA	NA	NA	NA	NA	NA	NA	NA	NA	8	NA	NA	NA	NA	39	NA	NA	NA	NA	NA	NA	NA	NA	NA	NA	NA	NA	NA	NA	NA	NA	NA	NA	NA	NA	NA	NA	NA	NA	NA
365	NA	NA	NA	NA	NA	NA	NA	NA	NA	NA	NA	NA	NA	NA	NA	NA	NA	NA	NA	12	NA	NA	NA	NA	25	NA	NA	NA	NA	NA	NA	NA	NA	NA	NA	NA	NA	NA	NA	NA	NA	NA	NA	NA	NA	NA	NA	NA	NA	NA
370	NA	NA	NA	NA	NA	NA	NA	NA	NA	NA	NA	NA	NA	NA	NA	NA	NA	NA	NA	5	NA	NA	NA	NA	13	NA	NA	NA	NA	NA	NA	NA	NA	NA	NA	NA	NA	NA	NA	NA	NA	NA	NA	NA	NA	NA	NA	NA	NA	NA
375	NA	NA	NA	NA	NA	NA	NA	NA	NA	NA	NA	NA	NA	NA	NA	NA	NA	NA	NA	NA	NA	NA	NA	NA	12	NA	NA	NA	NA	NA	NA	NA	NA	NA	NA	NA	NA	NA	NA	NA	NA	NA	NA	NA	NA	NA	NA	NA	NA	NA
380	NA	NA	NA	NA	NA	NA	NA	NA	NA	NA	NA	NA	NA	NA	NA	NA	NA	NA	NA	NA	NA	NA	NA	NA	11	NA	NA	NA	NA	NA	NA	NA	NA	NA	NA	NA	NA	NA	NA	NA	NA	NA	NA	NA	NA	NA	NA	NA	NA	NA
385	NA	NA	NA	NA	NA	NA	NA	NA	NA	NA	NA	NA	NA	NA	NA	NA	NA	NA	NA	NA	NA	NA	NA	NA	23	NA	NA	NA	NA	NA	NA	NA	NA	NA	NA	NA	NA	NA	NA	NA	NA	NA	NA	NA	NA	NA	NA	NA	NA	NA
390	NA	NA	NA	NA	NA	NA	NA	NA	NA	NA	NA	NA	NA	NA	NA	NA	NA	NA	NA	NA	NA	NA	NA	NA	26	NA	NA	NA	NA	NA	NA	NA	NA	NA	NA	NA	NA	NA	NA	NA	NA	NA	NA	NA	NA	NA	NA	NA	NA	NA
395	NA	NA	NA	NA	NA	NA	NA	NA	NA	NA	NA	NA	NA	NA	NA	NA	NA	NA	NA	NA	NA	NA	NA	NA	24	NA	NA	NA	NA	NA	NA	NA	NA	NA	NA	NA	NA	NA	NA	NA	NA	NA	NA	NA	NA	NA	NA	NA	NA	NA
400	NA	NA	NA	NA	NA	NA	NA	NA	NA	NA	NA	NA	NA	NA	NA	NA	NA	NA	NA	NA	NA	NA	NA	NA	19	NA	NA	NA	NA	NA	NA	NA	NA	NA	NA	NA	NA	NA	NA	NA	NA	NA	NA	NA	NA	NA	NA	NA	NA	NA
405	NA	NA	NA	NA	NA	NA	NA	NA	NA	NA	NA	NA	NA	NA	NA	NA	NA	NA	NA	NA	NA	NA	NA	NA	12	NA	NA	NA	NA	NA	NA	NA	NA	NA	NA	NA	NA	NA	NA	NA	NA	NA	NA	NA	NA	NA	NA	NA	NA	NA
410	NA	NA	NA	NA	NA	NA	NA	NA	NA	NA	NA	NA	NA	NA	NA	NA	NA	NA	NA	NA	NA	NA	NA	NA	9	NA	NA	NA	NA	NA	NA	NA	NA	NA	NA	NA	NA	NA	NA	NA	NA	NA	NA	NA	NA	NA	NA	NA	NA	NA
415	NA	NA	NA	NA	NA	NA	NA	NA	NA	NA	NA	NA	NA	NA	NA	NA	NA	NA	NA	NA	NA	NA	NA	NA	6	NA	NA	NA	NA	NA	NA	NA	NA	NA	NA	NA	NA	NA	NA	NA	NA	NA	NA	NA	NA	NA	NA	NA	NA	NA
420	NA	NA	NA	NA	NA	NA	NA	NA	NA	NA	NA	NA	NA	NA	NA	NA	NA	NA	NA	NA	NA	NA	NA	NA	1	NA	NA	NA	NA	NA	NA	NA	NA	NA	NA	NA	NA	NA	NA	NA	NA	NA	NA	NA	NA	NA	NA	NA	NA	NA
>>>>>>> 84192eb01fc0766d51556ad82ee05ffbfeb71e70
