0	1	1	1	1	1	1	1	1	1	1	1	1	1	1	1	1	1	1	1	1	1	1	1	1	1	1	1	1	1	1	1	1	1	1	1	1	1	1	1	1	1	1	1	1	1	1	1	1	1	1
5	3	1	1	4	1	1	1	2	3	6	2	3	2	2	1	2	3	1	3	1	3	4	2	1	2	2	NA	NA	3	1	2	2	2	1	2	2	2	1	4	1	3	2	3	2	3	4	1	2	1	3
10	3	3	3	1	2	3	3	4	4	5	5	3	3	4	1	1	8	0	2	5	3	6	4	2	2	4	NA	NA	4	2	1	3	3	3	6	5	5	NA	3	3	3	6	3	5	4	13	1	2	2	3
15	5	7	8	3	6	2	7	5	3	3	7	9	4	4	2	2	5	NA	4	10	3	8	7	4	7	3	NA	NA	5	4	NA	4	3	4	7	2	3	NA	6	4	6	8	4	10	4	19	1	3	1	5
20	8	10	10	2	10	2	11	6	3	3	5	14	8	3	1	1	7	NA	3	4	6	9	10	6	4	5	NA	NA	9	5	NA	1	9	6	10	4	4	NA	11	4	1	8	5	12	4	17	2	12	1	6
25	16	7	9	4	7	3	10	4	5	3	6	13	8	6	NA	3	7	NA	7	8	3	15	8	6	5	8	NA	NA	8	5	NA	3	8	10	11	5	10	NA	11	7	1	6	6	15	10	25	6	15	1	11
30	17	18	12	5	15	4	11	7	7	2	8	17	8	3	NA	14	8	NA	5	14	6	20	13	13	9	10	NA	NA	13	7	NA	1	6	8	17	5	13	NA	5	8	NA	10	7	17	15	38	7	23	2	10
35	18	29	12	5	17	4	18	7	8	6	15	13	7	2	NA	11	16	NA	4	16	4	21	17	8	6	14	NA	NA	19	7	NA	2	12	10	20	6	12	NA	4	11	NA	13	13	13	15	32	8	29	2	10
40	20	45	18	8	16	3	20	10	7	11	15	19	7	2	NA	17	14	NA	3	23	6	31	18	4	6	15	NA	NA	20	10	NA	4	12	13	31	8	13	NA	7	12	NA	24	13	31	12	40	8	37	1	9
45	18	45	15	3	15	5	25	17	9	15	20	19	14	2	NA	19	15	NA	2	23	5	38	14	6	7	22	NA	NA	28	14	NA	3	13	21	24	7	14	NA	7	23	NA	25	22	41	14	40	11	52	2	17
50	23	51	23	2	16	8	37	21	8	19	32	21	9	2	NA	17	18	NA	3	26	5	59	12	11	14	23	NA	NA	27	17	NA	5	23	26	25	16	15	NA	10	28	NA	28	27	47	14	48	11	59	1	26
55	24	68	28	4	20	6	42	29	7	28	30	36	7	4	NA	25	19	NA	5	37	4	64	18	14	20	26	NA	NA	37	25	NA	4	34	27	27	16	18	NA	12	35	NA	35	30	60	14	56	11	66	1	32
60	27	91	32	3	23	8	44	38	7	39	34	38	9	7	NA	34	34	NA	7	50	11	74	22	14	25	25	NA	NA	36	32	NA	6	37	30	40	17	28	NA	13	38	NA	42	35	63	17	63	16	86	2	41
65	33	93	42	2	30	8	54	52	7	48	34	41	14	8	NA	32	46	NA	10	49	6	95	27	20	23	26	NA	NA	43	29	NA	3	52	29	38	20	25	NA	19	45	NA	62	42	75	24	84	13	96	1	56
70	42	111	51	5	27	12	53	63	5	77	50	41	21	10	NA	42	65	NA	9	55	9	126	36	24	26	30	NA	NA	46	29	NA	12	51	29	46	20	45	NA	16	60	NA	63	63	108	27	98	20	107	1	63
75	51	116	56	5	31	16	61	76	9	99	57	40	14	11	NA	54	67	NA	5	73	15	122	37	37	41	37	NA	NA	40	42	NA	13	50	37	51	25	53	NA	18	76	NA	72	76	118	31	110	26	134	2	75
80	51	123	75	7	44	18	91	81	5	127	72	60	15	6	NA	56	96	NA	6	101	14	150	42	50	54	50	NA	NA	50	53	NA	19	58	45	68	35	75	NA	25	83	NA	107	76	146	37	123	32	144	NA	68
85	58	132	102	11	38	19	113	77	8	127	83	63	15	6	NA	66	97	NA	6	131	20	178	36	47	54	64	NA	NA	71	56	NA	27	62	41	93	32	92	NA	22	103	NA	109	106	160	39	136	35	172	NA	67
90	61	156	104	13	39	14	131	85	16	131	96	80	16	7	NA	63	116	NA	10	149	21	199	39	45	55	91	NA	NA	70	47	NA	28	84	46	120	44	103	NA	38	104	NA	111	127	163	39	180	41	213	NA	87
95	75	169	102	14	40	17	138	127	18	183	114	88	21	10	NA	87	148	NA	18	196	24	255	54	67	72	115	NA	NA	91	57	NA	38	103	62	145	43	113	NA	42	107	NA	112	143	198	53	185	53	238	NA	117
100	79	211	127	12	59	20	176	110	24	186	116	94	30	14	NA	99	194	NA	14	216	31	271	49	61	92	129	NA	NA	101	75	NA	53	120	65	172	48	134	NA	53	116	NA	127	173	225	62	213	61	239	NA	146
105	100	247	132	16	77	22	225	144	26	235	123	131	25	9	NA	122	192	NA	14	267	41	311	63	70	111	160	NA	NA	121	92	NA	62	154	70	179	61	128	NA	56	117	NA	135	187	284	55	275	70	279	NA	187
110	123	285	139	17	105	31	250	169	29	256	130	152	28	13	NA	149	203	NA	17	327	52	391	77	83	146	169	NA	NA	161	104	NA	79	182	75	230	75	173	NA	50	125	NA	158	204	322	70	322	81	305	NA	203
115	148	329	156	17	128	21	320	189	39	306	162	181	31	11	NA	192	255	NA	28	391	55	409	93	97	191	218	NA	NA	207	114	NA	95	216	103	298	103	204	NA	69	140	NA	213	280	367	64	397	88	373	NA	233
120	190	406	183	25	128	26	344	213	36	353	203	233	34	14	NA	248	296	NA	29	450	73	452	118	104	219	267	NA	NA	269	141	NA	117	254	109	344	129	240	NA	67	165	NA	288	334	414	91	446	91	442	NA	279
125	215	446	190	28	158	31	440	225	37	411	204	262	41	23	NA	287	332	NA	37	534	98	494	138	117	237	309	NA	NA	306	174	NA	129	277	129	398	156	276	NA	67	183	NA	314	378	478	118	492	135	506	NA	315
130	252	530	232	31	187	44	544	268	37	454	233	300	42	21	NA	313	421	NA	43	608	106	577	162	140	284	335	NA	NA	348	193	NA	168	297	137	460	187	316	NA	79	209	NA	364	442	566	150	561	156	575	NA	388
135	304	582	289	48	227	47	585	305	42	518	270	336	40	29	NA	369	491	NA	49	692	151	652	174	172	297	397	NA	NA	434	216	NA	192	328	171	521	209	386	NA	93	235	NA	451	506	626	192	612	180	651	NA	408
140	347	726	333	55	272	70	710	363	43	583	303	384	57	40	NA	385	537	NA	61	795	187	710	235	178	366	421	NA	NA	470	266	NA	198	428	221	576	233	424	NA	106	252	NA	515	607	712	213	688	185	799	NA	454
145	393	835	378	62	317	68	813	413	45	668	378	421	71	42	NA	455	633	NA	70	839	193	863	250	219	418	549	NA	NA	501	314	NA	262	486	266	638	271	498	NA	130	310	NA	596	700	815	225	808	241	940	NA	556
150	461	943	381	72	389	104	965	460	58	749	441	454	84	53	NA	490	717	NA	98	913	251	965	310	249	503	627	NA	NA	586	358	NA	311	556	289	758	342	517	NA	143	319	NA	656	792	873	261	897	294	1030	NA	603
155	518	1038	481	76	454	130	1065	566	59	858	531	513	90	47	NA	562	896	NA	120	1017	280	1056	332	289	603	702	NA	NA	689	401	NA	353	639	342	835	399	578	NA	193	385	NA	755	877	1023	286	971	350	1110	NA	666
160	614	1101	571	96	563	152	1114	636	72	948	600	599	115	70	NA	677	993	NA	138	1073	345	1151	429	337	618	764	NA	NA	757	503	NA	384	706	418	869	447	697	NA	209	458	NA	911	945	1084	351	1077	374	1203	NA	740
165	682	1221	675	116	632	149	1154	718	98	1105	642	652	116	94	NA	740	1030	NA	148	1206	368	1219	525	385	717	912	NA	NA	870	593	NA	438	786	499	982	465	807	NA	241	534	NA	1016	1034	1190	386	1108	429	1334	NA	845
170	763	1309	830	137	758	190	1221	794	121	1219	732	728	117	100	NA	814	1104	NA	200	1280	417	1300	583	464	809	1002	NA	NA	874	695	NA	455	867	601	1091	488	845	NA	247	641	NA	1063	1113	1241	455	1211	508	1358	NA	943
175	899	1321	949	152	821	231	1258	896	122	1290	835	816	140	130	NA	913	1213	NA	233	1415	480	1345	647	528	870	1116	NA	NA	994	727	NA	555	987	649	1194	579	992	NA	287	712	NA	1237	1193	1273	560	1245	616	1444	NA	1034
180	971	1397	1078	145	980	278	1333	906	149	1407	905	853	137	141	NA	1035	1347	NA	248	1466	573	1337	730	559	991	1228	NA	NA	1019	806	NA	585	1120	754	1321	657	1132	NA	358	760	NA	1305	1330	1422	659	1342	677	1514	NA	1092
185	1076	1513	1149	176	1091	339	1389	963	175	1475	959	948	164	178	NA	1159	1407	NA	287	1530	664	1361	840	647	1102	1349	NA	NA	1166	897	NA	641	1197	855	1420	710	1205	NA	387	854	NA	1415	1405	1400	740	1350	777	1543	NA	1138
190	1233	1468	1314	192	1167	408	1415	1028	186	1522	1106	1052	161	208	NA	1291	1416	NA	326	1485	727	1382	939	718	1206	1391	NA	NA	1232	997	NA	733	1243	999	1486	770	1263	NA	485	956	NA	1476	1435	1462	826	1311	915	1486	NA	1136
195	1372	1455	1463	231	1286	468	1404	1099	227	1478	1184	1179	209	246	NA	1311	1460	NA	398	1504	818	1395	1111	817	1275	1455	NA	NA	1299	1077	NA	808	1325	1081	1492	878	1321	NA	569	1089	NA	1513	1458	1400	964	1383	995	1472	NA	1218
200	1387	1323	1459	280	1439	548	1340	1191	269	1546	1249	1240	258	274	NA	1366	1456	NA	441	1501	914	1403	1142	889	1384	1534	NA	NA	1310	1141	NA	891	1366	1246	1462	996	1364	NA	650	1180	NA	1427	1390	1347	1041	1330	1105	1357	NA	1138
205	1430	1303	1512	312	1479	648	1359	1277	305	1546	1350	1282	307	302	NA	1364	1426	NA	511	1379	970	1342	1256	995	1393	1515	NA	NA	1443	1270	NA	968	1408	1368	1353	1026	1410	NA	741	1274	NA	1504	1406	1295	1183	1337	1151	1293	NA	1254
210	1458	1172	1592	399	1529	754	1263	1264	348	1451	1386	1407	344	335	NA	1383	1391	NA	547	1233	1108	1252	1265	1088	1444	1444	NA	NA	1391	1342	NA	1100	1414	1449	1381	1138	1413	NA	847	1355	NA	1451	1456	1177	1248	1183	1304	1156	NA	1355
215	1472	1089	1579	445	1580	827	1223	1297	445	1390	1398	1439	392	368	NA	1398	1283	NA	614	1200	1195	1139	1271	1164	1483	1416	NA	NA	1383	1395	NA	1186	1500	1527	1282	1229	1445	NA	927	1437	NA	1366	1279	1107	1296	1122	1386	1066	NA	1321
220	1438	977	1492	549	1511	876	1148	1272	481	1265	1384	1487	457	429	NA	1384	1221	NA	731	1030	1236	1026	1349	1239	1469	1326	NA	NA	1299	1411	NA	1289	1508	1471	1155	1269	1369	NA	1040	1423	NA	1209	1182	1036	1331	1009	1409	955	NA	1310
225	1503	921	1502	596	1514	1058	992	1246	572	1153	1387	1486	551	500	NA	1414	1111	NA	841	938	1340	923	1388	1344	1417	1263	NA	NA	1280	1428	NA	1306	1427	1519	1065	1294	1361	NA	1155	1410	NA	1195	1086	938	1377	866	1491	824	NA	1242
230	1462	788	1341	719	1466	1218	896	1247	649	1053	1325	1464	598	596	NA	1296	1030	NA	944	795	1402	893	1411	1373	1380	1150	NA	NA	1206	1418	NA	1405	1338	1465	1000	1322	1245	NA	1260	1509	NA	1102	1040	777	1418	825	1563	684	NA	1242
235	1311	746	1203	781	1387	1301	812	1210	720	917	1265	1393	656	662	NA	1210	909	NA	1068	668	1453	775	1373	1439	1272	1007	NA	NA	1094	1452	NA	1473	1246	1441	895	1303	1168	NA	1288	1446	NA	968	898	705	1362	740	1557	568	NA	1141
240	1245	622	1096	845	1304	1385	737	1098	791	771	1135	1373	758	789	NA	1070	849	NA	1179	602	1497	668	1315	1439	1197	899	NA	NA	968	1398	NA	1410	1055	1362	841	1307	1080	NA	1367	1376	NA	893	816	618	1398	638	1465	467	NA	1085
245	1081	585	1004	966	1146	1433	671	1036	885	611	1095	1245	866	867	NA	993	713	NA	1288	493	1481	539	1240	1382	1122	793	NA	NA	866	1310	NA	1377	939	1284	745	1254	981	NA	1447	1373	NA	741	697	584	1408	515	1385	356	NA	1025
250	1001	494	877	1051	1012	1497	566	963	965	527	992	1120	963	967	NA	882	613	NA	1378	399	1412	422	1145	1348	956	716	NA	NA	767	1170	NA	1280	861	1172	612	1176	867	NA	1515	1187	NA	621	618	552	1355	501	1357	313	NA	859
255	931	393	737	1138	935	1477	488	884	1068	462	918	970	1131	1084	NA	770	565	NA	1459	325	1348	339	1131	1274	835	615	NA	NA	641	1067	NA	1251	711	1055	545	1128	717	NA	1496	1044	NA	553	497	442	1278	441	1278	265	NA	732
260	767	336	563	1199	776	1442	392	813	1145	430	769	891	1196	1144	NA	714	486	NA	1469	263	1281	275	1014	1169	714	571	NA	NA	578	952	NA	1161	584	928	500	1038	630	NA	1437	946	NA	499	438	375	1183	409	1130	237	NA	640
265	595	278	492	1277	635	1417	337	742	1172	325	645	788	1256	1251	NA	582	400	NA	1542	216	1129	229	962	1072	609	467	NA	NA	541	853	NA	1077	539	842	418	1004	526	NA	1424	869	NA	430	348	285	1028	338	964	198	NA	555
270	512	240	424	1410	570	1405	289	636	1238	261	601	602	1282	1323	NA	525	325	NA	1505	186	1046	174	802	917	551	410	NA	NA	450	772	NA	998	415	686	355	939	422	NA	1358	774	NA	338	302	244	942	297	868	145	NA	431
275	413	217	311	1434	456	1314	222	559	1265	201	485	478	1314	1370	NA	447	275	NA	1527	140	952	127	747	837	465	380	NA	NA	356	644	NA	870	324	591	286	825	350	NA	1263	641	NA	287	294	213	805	228	733	131	NA	356
280	350	179	278	1474	370	1285	183	471	1364	183	417	400	1390	1504	NA	348	224	NA	1394	115	854	101	615	725	408	309	NA	NA	304	592	NA	801	266	552	227	762	272	NA	1138	553	NA	235	252	183	681	200	640	111	NA	312
285	282	153	240	1419	340	1222	151	426	1275	138	352	343	1399	1485	NA	268	187	NA	1298	112	749	73	497	678	319	241	NA	NA	263	480	NA	729	213	480	196	682	212	NA	1023	459	NA	183	245	151	589	151	593	83	NA	249
290	227	126	200	1404	266	1046	101	394	1281	113	307	260	1369	1451	NA	201	146	NA	1261	90	630	46	442	579	254	227	NA	NA	206	436	NA	633	162	405	163	577	180	NA	926	419	NA	120	177	113	475	125	503	71	NA	212
295	177	92	157	1364	218	960	78	307	1302	86	268	223	1359	1469	NA	182	134	NA	1152	77	534	44	367	521	240	179	NA	NA	165	353	NA	529	146	367	115	497	153	NA	779	337	NA	88	146	89	394	92	429	57	NA	182
300	135	69	149	1259	160	880	72	270	1242	72	237	178	1298	1383	NA	164	94	NA	1015	61	463	38	297	449	175	169	NA	NA	138	286	NA	444	127	324	100	410	146	NA	695	251	NA	68	105	78	354	76	333	55	NA	131
305	80	70	127	1118	150	756	60	241	1221	48	212	127	1241	1341	NA	137	68	NA	895	48	390	28	218	374	134	122	NA	NA	114	252	NA	357	113	257	84	327	106	NA	568	205	NA	53	79	68	293	70	270	39	NA	114
310	55	54	104	1092	139	657	49	212	1127	40	164	107	1201	1225	NA	117	41	NA	793	47	306	19	187	299	116	101	NA	NA	79	189	NA	281	90	230	78	262	88	NA	493	201	NA	49	91	53	240	51	221	36	NA	120
315	44	46	78	1016	113	562	48	177	1029	33	120	75	1049	1131	NA	96	25	NA	695	37	275	14	167	300	92	67	NA	NA	59	161	NA	240	77	204	52	227	73	NA	419	152	NA	45	77	54	217	38	212	29	NA	86
320	32	36	45	890	94	476	39	168	945	25	112	57	858	961	NA	81	19	NA	636	35	202	14	139	254	68	59	NA	NA	48	122	NA	202	60	150	46	181	58	NA	302	120	NA	34	56	45	194	39	145	33	NA	67
325	35	35	36	788	71	403	20	151	865	25	104	43	835	865	NA	89	15	NA	491	28	177	15	118	194	56	36	NA	NA	41	82	NA	155	52	116	41	175	43	NA	268	108	NA	30	44	35	143	31	108	30	NA	73
330	26	25	34	742	56	297	19	120	751	19	110	29	774	737	NA	84	5	NA	397	21	146	12	102	162	45	32	NA	NA	35	70	NA	122	42	113	35	131	32	NA	225	82	NA	26	37	27	108	29	96	29	NA	67
335	20	15	32	628	43	266	16	80	647	17	97	30	675	606	NA	62	2	NA	312	15	109	4	86	143	31	27	NA	NA	41	63	NA	100	32	83	23	100	36	NA	185	67	NA	16	33	27	82	20	82	19	NA	69
340	5	6	23	554	31	205	11	64	564	13	91	34	575	502	NA	55	6	NA	231	11	80	3	75	141	26	26	NA	NA	33	62	NA	87	29	62	19	94	18	NA	179	46	NA	12	28	19	69	16	53	10	NA	59
345	5	6	18	450	21	158	5	54	488	13	67	21	457	471	NA	43	2	NA	200	10	71	4	54	95	18	22	NA	NA	32	56	NA	68	20	54	17	79	15	NA	147	43	NA	12	28	18	56	17	34	8	NA	42
350	1	4	10	379	24	150	2	40	439	12	62	21	400	412	NA	34	1	NA	141	10	60	6	47	89	11	15	NA	NA	33	47	NA	57	17	50	14	73	10	NA	110	31	NA	9	27	16	52	11	28	10	NA	30
355	1	2	6	306	14	125	2	17	350	12	55	14	345	334	NA	27	2	NA	126	8	45	2	32	68	8	14	NA	NA	23	45	NA	50	16	40	19	59	5	NA	91	25	NA	4	21	5	38	11	27	12	NA	18
360	3	1	5	259	15	104	1	7	293	7	51	6	298	255	NA	32	NA	NA	108	3	37	4	32	62	4	10	NA	NA	22	36	NA	54	11	34	12	51	NA	NA	63	14	NA	2	20	6	25	13	26	8	NA	14
365	1	1	12	210	7	75	3	7	257	2	46	2	237	228	NA	26	NA	NA	88	2	27	2	27	47	2	13	NA	NA	18	37	NA	40	6	32	8	48	NA	NA	52	20	NA	3	10	2	15	8	16	12	NA	17
370	1	2	8	185	3	65	1	8	188	2	32	4	223	191	NA	34	NA	NA	55	0	24	1	19	43	1	12	NA	NA	22	32	NA	45	8	22	6	41	NA	NA	35	13	NA	3	16	NA	11	4	19	12	NA	14
375	NA	0	5	142	4	39	1	4	161	1	29	1	177	175	NA	24	NA	NA	50	NA	18	NA	14	40	NA	8	NA	NA	17	29	NA	39	10	9	2	38	NA	NA	29	7	NA	0	16	NA	10	4	18	15	NA	11
380	NA	NA	3	119	5	29	1	1	129	1	17	NA	129	143	NA	22	NA	NA	42	NA	14	NA	7	33	NA	6	NA	NA	15	23	NA	30	10	4	4	29	NA	NA	22	6	NA	NA	9	NA	9	3	20	14	NA	4
385	NA	NA	2	94	8	15	1	1	106	1	12	NA	99	107	NA	16	NA	NA	34	NA	8	NA	6	23	NA	10	NA	NA	8	23	NA	22	8	2	2	18	NA	NA	14	7	NA	NA	11	NA	14	NA	12	9	NA	8
390	NA	NA	0	89	6	11	NA	1	84	1	13	NA	110	88	NA	13	NA	NA	27	NA	2	NA	6	17	NA	13	NA	NA	7	18	NA	21	9	5	2	23	NA	NA	5	5	NA	NA	8	NA	9	NA	14	7	NA	8
395	NA	NA	NA	71	8	5	NA	2	70	5	11	NA	64	81	NA	9	NA	NA	30	NA	1	NA	5	17	NA	11	NA	NA	1	20	NA	21	8	1	NA	16	NA	NA	6	2	NA	NA	7	NA	6	NA	15	6	NA	10
400	NA	NA	NA	58	7	6	NA	NA	63	2	6	NA	53	55	NA	6	NA	NA	25	NA	2	NA	6	22	NA	14	NA	NA	NA	12	NA	20	3	NA	NA	16	NA	NA	4	2	NA	NA	8	NA	2	NA	19	7	NA	10
405	NA	NA	NA	46	3	3	NA	NA	57	3	5	NA	56	66	NA	1	NA	NA	22	NA	2	NA	7	15	NA	9	NA	NA	NA	8	NA	13	1	NA	NA	23	NA	NA	5	2	NA	NA	7	NA	2	NA	10	5	NA	3
410	NA	NA	NA	44	NA	3	NA	NA	48	1	2	NA	54	46	NA	NA	NA	NA	17	NA	0	NA	8	8	NA	7	NA	NA	NA	5	NA	13	1	NA	NA	14	NA	NA	5	1	NA	NA	3	NA	4	NA	13	7	NA	3
415	NA	NA	NA	32	NA	0	NA	NA	46	2	7	NA	40	34	NA	NA	NA	NA	11	NA	NA	NA	1	10	NA	8	NA	NA	NA	5	NA	13	NA	NA	NA	20	NA	NA	4	NA	NA	NA	3	NA	3	NA	11	8	NA	4
420	NA	NA	NA	29	NA	NA	NA	NA	35	2	9	NA	41	35	NA	NA	NA	NA	10	NA	NA	NA	NA	11	NA	4	NA	NA	NA	1	NA	12	NA	NA	NA	16	NA	NA	5	NA	NA	NA	3	NA	5	NA	12	3	NA	3
425	NA	NA	NA	19	NA	NA	NA	NA	35	3	10	NA	38	27	NA	NA	NA	NA	8	NA	NA	NA	NA	7	NA	3	NA	NA	NA	NA	NA	16	NA	NA	NA	11	NA	NA	6	NA	NA	NA	2	NA	4	NA	10	6	NA	2
430	NA	NA	NA	14	NA	NA	NA	NA	28	4	8	NA	28	21	NA	NA	NA	NA	2	NA	NA	NA	NA	8	NA	1	NA	NA	NA	NA	NA	16	NA	NA	NA	9	NA	NA	2	NA	NA	NA	2	NA	1	NA	10	3	NA	3
435	NA	NA	NA	8	NA	NA	NA	NA	34	5	8	NA	17	14	NA	NA	NA	NA	1	NA	NA	NA	NA	4	NA	NA	NA	NA	NA	NA	NA	12	NA	NA	NA	14	NA	NA	2	NA	NA	NA	3	NA	NA	NA	8	4	NA	3
440	NA	NA	NA	11	NA	NA	NA	NA	32	3	5	NA	12	9	NA	NA	NA	NA	NA	NA	NA	NA	NA	5	NA	NA	NA	NA	NA	NA	NA	9	NA	NA	NA	16	NA	NA	1	NA	NA	NA	1	NA	NA	NA	5	0	NA	1
445	NA	NA	NA	11	NA	NA	NA	NA	23	1	1	NA	18	8	NA	NA	NA	NA	NA	NA	NA	NA	NA	5	NA	NA	NA	NA	NA	NA	NA	11	NA	NA	NA	22	NA	NA	2	NA	NA	NA	NA	NA	NA	NA	7	NA	NA	1
450	NA	NA	NA	16	NA	NA	NA	NA	20	NA	NA	NA	14	6	NA	NA	NA	NA	NA	NA	NA	NA	NA	8	NA	NA	NA	NA	NA	NA	NA	8	NA	NA	NA	11	NA	NA	1	NA	NA	NA	NA	NA	NA	NA	3	NA	NA	NA
455	NA	NA	NA	13	NA	NA	NA	NA	18	NA	NA	NA	10	1	NA	NA	NA	NA	NA	NA	NA	NA	NA	2	NA	NA	NA	NA	NA	NA	NA	7	NA	NA	NA	12	NA	NA	NA	NA	NA	NA	NA	NA	NA	NA	2	NA	NA	NA
460	NA	NA	NA	14	NA	NA	NA	NA	12	NA	NA	NA	9	1	NA	NA	NA	NA	NA	NA	NA	NA	NA	3	NA	NA	NA	NA	NA	NA	NA	5	NA	NA	NA	13	NA	NA	NA	NA	NA	NA	NA	NA	NA	NA	3	NA	NA	NA
465	NA	NA	NA	12	NA	NA	NA	NA	10	NA	NA	NA	7	4	NA	NA	NA	NA	NA	NA	NA	NA	NA	0	NA	NA	NA	NA	NA	NA	NA	9	NA	NA	NA	8	NA	NA	NA	NA	NA	NA	NA	NA	NA	NA	NA	NA	NA	NA
470	NA	NA	NA	12	NA	NA	NA	NA	9	NA	NA	NA	7	5	NA	NA	NA	NA	NA	NA	NA	NA	NA	NA	NA	NA	NA	NA	NA	NA	NA	9	NA	NA	NA	7	NA	NA	NA	NA	NA	NA	NA	NA	NA	NA	NA	NA	NA	NA
475	NA	NA	NA	6	NA	NA	NA	NA	5	NA	NA	NA	10	4	NA	NA	NA	NA	NA	NA	NA	NA	NA	NA	NA	NA	NA	NA	NA	NA	NA	13	NA	NA	NA	5	NA	NA	NA	NA	NA	NA	NA	NA	NA	NA	NA	NA	NA	NA
480	NA	NA	NA	5	NA	NA	NA	NA	7	NA	NA	NA	10	4	NA	NA	NA	NA	NA	NA	NA	NA	NA	NA	NA	NA	NA	NA	NA	NA	NA	17	NA	NA	NA	8	NA	NA	NA	NA	NA	NA	NA	NA	NA	NA	NA	NA	NA	NA
485	NA	NA	NA	3	NA	NA	NA	NA	5	NA	NA	NA	6	10	NA	NA	NA	NA	NA	NA	NA	NA	NA	NA	NA	NA	NA	NA	NA	NA	NA	12	NA	NA	NA	4	NA	NA	NA	NA	NA	NA	NA	NA	NA	NA	NA	NA	NA	NA
490	NA	NA	NA	1	NA	NA	NA	NA	4	NA	NA	NA	3	3	NA	NA	NA	NA	NA	NA	NA	NA	NA	NA	NA	NA	NA	NA	NA	NA	NA	13	NA	NA	NA	6	NA	NA	NA	NA	NA	NA	NA	NA	NA	NA	NA	NA	NA	NA
495	NA	NA	NA	1	NA	NA	NA	NA	5	NA	NA	NA	7	4	NA	NA	NA	NA	NA	NA	NA	NA	NA	NA	NA	NA	NA	NA	NA	NA	NA	13	NA	NA	NA	7	NA	NA	NA	NA	NA	NA	NA	NA	NA	NA	NA	NA	NA	NA
500	NA	NA	NA	0	NA	NA	NA	NA	3	NA	NA	NA	9	5	NA	NA	NA	NA	NA	NA	NA	NA	NA	NA	NA	NA	NA	NA	NA	NA	NA	14	NA	NA	NA	5	NA	NA	NA	NA	NA	NA	NA	NA	NA	NA	NA	NA	NA	NA
505	NA	NA	NA	NA	NA	NA	NA	NA	3	NA	NA	NA	4	4	NA	NA	NA	NA	NA	NA	NA	NA	NA	NA	NA	NA	NA	NA	NA	NA	NA	10	NA	NA	NA	5	NA	NA	NA	NA	NA	NA	NA	NA	NA	NA	NA	NA	NA	NA
510	NA	NA	NA	NA	NA	NA	NA	NA	2	NA	NA	NA	3	6	NA	NA	NA	NA	NA	NA	NA	NA	NA	NA	NA	NA	NA	NA	NA	NA	NA	7	NA	NA	NA	1	NA	NA	NA	NA	NA	NA	NA	NA	NA	NA	NA	NA	NA	NA
515	NA	NA	NA	NA	NA	NA	NA	NA	3	NA	NA	NA	4	4	NA	NA	NA	NA	NA	NA	NA	NA	NA	NA	NA	NA	NA	NA	NA	NA	NA	12	NA	NA	NA	NA	NA	NA	NA	NA	NA	NA	NA	NA	NA	NA	NA	NA	NA	NA
520	NA	NA	NA	NA	NA	NA	NA	NA	4	NA	NA	NA	1	4	NA	NA	NA	NA	NA	NA	NA	NA	NA	NA	NA	NA	NA	NA	NA	NA	NA	8	NA	NA	NA	NA	NA	NA	NA	NA	NA	NA	NA	NA	NA	NA	NA	NA	NA	NA
525	NA	NA	NA	NA	NA	NA	NA	NA	5	NA	NA	NA	2	1	NA	NA	NA	NA	NA	NA	NA	NA	NA	NA	NA	NA	NA	NA	NA	NA	NA	10	NA	NA	NA	NA	NA	NA	NA	NA	NA	NA	NA	NA	NA	NA	NA	NA	NA	NA
530	NA	NA	NA	NA	NA	NA	NA	NA	2	NA	NA	NA	2	NA	NA	NA	NA	NA	NA	NA	NA	NA	NA	NA	NA	NA	NA	NA	NA	NA	NA	10	NA	NA	NA	NA	NA	NA	NA	NA	NA	NA	NA	NA	NA	NA	NA	NA	NA	NA
535	NA	NA	NA	NA	NA	NA	NA	NA	1	NA	NA	NA	5	NA	NA	NA	NA	NA	NA	NA	NA	NA	NA	NA	NA	NA	NA	NA	NA	NA	NA	7	NA	NA	NA	NA	NA	NA	NA	NA	NA	NA	NA	NA	NA	NA	NA	NA	NA	NA
540	NA	NA	NA	NA	NA	NA	NA	NA	3	NA	NA	NA	3	NA	NA	NA	NA	NA	NA	NA	NA	NA	NA	NA	NA	NA	NA	NA	NA	NA	NA	3	NA	NA	NA	NA	NA	NA	NA	NA	NA	NA	NA	NA	NA	NA	NA	NA	NA	NA
545	NA	NA	NA	NA	NA	NA	NA	NA	3	NA	NA	NA	3	NA	NA	NA	NA	NA	NA	NA	NA	NA	NA	NA	NA	NA	NA	NA	NA	NA	NA	5	NA	NA	NA	NA	NA	NA	NA	NA	NA	NA	NA	NA	NA	NA	NA	NA	NA	NA
550	NA	NA	NA	NA	NA	NA	NA	NA	3	NA	NA	NA	3	NA	NA	NA	NA	NA	NA	NA	NA	NA	NA	NA	NA	NA	NA	NA	NA	NA	NA	3	NA	NA	NA	NA	NA	NA	NA	NA	NA	NA	NA	NA	NA	NA	NA	NA	NA	NA
555	NA	NA	NA	NA	NA	NA	NA	NA	3	NA	NA	NA	0	NA	NA	NA	NA	NA	NA	NA	NA	NA	NA	NA	NA	NA	NA	NA	NA	NA	NA	0	NA	NA	NA	NA	NA	NA	NA	NA	NA	NA	NA	NA	NA	NA	NA	NA	NA	NA
560	NA	NA	NA	NA	NA	NA	NA	NA	2	NA	NA	NA	NA	NA	NA	NA	NA	NA	NA	NA	NA	NA	NA	NA	NA	NA	NA	NA	NA	NA	NA	NA	NA	NA	NA	NA	NA	NA	NA	NA	NA	NA	NA	NA	NA	NA	NA	NA	NA	NA
565	NA	NA	NA	NA	NA	NA	NA	NA	4	NA	NA	NA	NA	NA	NA	NA	NA	NA	NA	NA	NA	NA	NA	NA	NA	NA	NA	NA	NA	NA	NA	NA	NA	NA	NA	NA	NA	NA	NA	NA	NA	NA	NA	NA	NA	NA	NA	NA	NA	NA
570	NA	NA	NA	NA	NA	NA	NA	NA	4	NA	NA	NA	NA	NA	NA	NA	NA	NA	NA	NA	NA	NA	NA	NA	NA	NA	NA	NA	NA	NA	NA	NA	NA	NA	NA	NA	NA	NA	NA	NA	NA	NA	NA	NA	NA	NA	NA	NA	NA	NA
575	NA	NA	NA	NA	NA	NA	NA	NA	6	NA	NA	NA	NA	NA	NA	NA	NA	NA	NA	NA	NA	NA	NA	NA	NA	NA	NA	NA	NA	NA	NA	NA	NA	NA	NA	NA	NA	NA	NA	NA	NA	NA	NA	NA	NA	NA	NA	NA	NA	NA
580	NA	NA	NA	NA	NA	NA	NA	NA	4	NA	NA	NA	NA	NA	NA	NA	NA	NA	NA	NA	NA	NA	NA	NA	NA	NA	NA	NA	NA	NA	NA	NA	NA	NA	NA	NA	NA	NA	NA	NA	NA	NA	NA	NA	NA	NA	NA	NA	NA	NA
585	NA	NA	NA	NA	NA	NA	NA	NA	1	NA	NA	NA	NA	NA	NA	NA	NA	NA	NA	NA	NA	NA	NA	NA	NA	NA	NA	NA	NA	NA	NA	NA	NA	NA	NA	NA	NA	NA	NA	NA	NA	NA	NA	NA	NA	NA	NA	NA	NA	NA
590	NA	NA	NA	NA	NA	NA	NA	NA	1	NA	NA	NA	NA	NA	NA	NA	NA	NA	NA	NA	NA	NA	NA	NA	NA	NA	NA	NA	NA	NA	NA	NA	NA	NA	NA	NA	NA	NA	NA	NA	NA	NA	NA	NA	NA	NA	NA	NA	NA	NA
