2.425	1.13137084989848
2.25	0.235702260395516
2.30952380952381	1.21218305346265
2.48290598290598	1.3228756555323
2.2469696969697	1.03190640892324
2.93928571428571	1.23743686707646
2.68668831168831	1.43075230357844
3.03939393939394	0.321412173266613
1.95	1.15470053837925
3.24444444444444	0.707106781186548
4.11346153846154	0.707106781186548
3.38095238095238	2.12132034355964
2.07777777777778	1.19737366920427
2.98106060606061	0.449977042573258
2.44166666666667	1.25548456645179
2.26666666666667	1.31993265821489
2.07454004329004	0.917873063524473
2.21428571428571	0.824786098842323
2.17777777777778	0.917928424547684
2.90328054298643	0.707106781186548
