2.01666666666667	0.808290376865476
1.8	0.692820323027551
4.25	2.12132034355964
4	2.12132034355964
4.33333333333333	1.73205080756888
1	0
1.42222222222222	0.461880215351701
4.56666666666667	2.82842712474619
3.16666666666667	3.53553390593274
1.21666666666667	0.542115198909687
2.73701298701299	2.02059204388026
3.07575757575758	2.40225588423326
2.6875	1.85615530061469
2.3	1.96196471822394
1.24545454545455	0.218560277821297
1.06666666666667	0.547722557505166
1.49382716049383	1.13387937705073
3.0625	1.97246672975744
1.25	0.5
2.65	1.76776695296637
