2.04166666666667	0.176776695296637
2.80854700854701	1.25830573921179
2.45416666666667	1.32582521472478
1.91666666666667	0.58925565098879
2.25	0
3.58333333333333	0.707106781186548
3.37317251461988	1
2.97222222222222	0.707106781186548
1.83333333333333	1.42156017576933
1.78333333333333	0.707106781186548
1.60555555555556	1.0335125292652
2.29761904761905	0.757614408414158
2.33333333333333	1.4142135623731
2.58571428571429	0.871750526006057
2.35606060606061	1.1282538903716
2.45	1.22474487139159
2.33333333333333	0.353553390593274
1.85555555555556	0.846780394811451
2.37714285714286	0.840144950240711
2.02857142857143	0.869516344567132
2.63003663003663	1.2302376533883
1.95238095238095	2.12132034355964
1.25	0.763762615825973
2.26666666666667	1.4142135623731
1.85	0.763762615825973
2.80476190476191	1.20208152801713
2.90833333333333	1.69705627484771
2.28888888888889	0.408550584685561
2.41666666666667	0.117851130197758
2.78928571428571	0.409111780543645
2.31084656084656	0.502769060280305
2.65416666666667	0.972271824131503
1.79166666666667	0.294627825494395
2.65454545454545	1.62707803135258
0.791666666666667	0.176776695296637
1.86666666666667	0.707106781186548
1.66666666666667	0
2.29166666666667	1.1195857368787
2.36666666666667	1.88561808316413
2.46845238095238	1.54616460960662
2.33333333333333	0.707106781186548
2.3125	0.698460608926676
2.7	1.25830573921179
1.31746031746032	0.192450089729875
2.61904761904762	0.505076272276105
1.56666666666667	2.22044604925031e-16
3.33333333333333	0.707106781186548
1.83333333333333	0.707106781186548
1.5	0
2.08484848484848	1.05264326874762
