1.95	1.42959784554958
1.25	0.5
2.32539682539683	1.21622938123749
1.80555555555556	0.962250448649376
1.21212121212121	0.682323045405921
2.33333333333333	1.41421356237309
2.2202380952381	1.88324434652211
1.4375	0.265165042944955
1.4	0
2.29227053140097	1.47893710259806
2.63333333333333	3.11769145362398
1.5	0.707106781186548
1.68627450980392	1.67194090501132
2.39285714285714	1.76776695296637
2.63492063492063	2.01599799637569
2.94444444444444	0.864241621450225
1.53333333333333	0.989949493661167
4.15	2.82842712474619
2.26190476190476	2.00254939555374
1.4547619047619	1.03424690798023
