2.33333333333333	0.942809041582063
2.0952380952381	0.942809041582063
2	0
3	1.4142135623731
2.32986111111111	2.74413568747908
2.75	2.12132034355964
2.66666666666667	1.4142135623731
3	2.12132034355964
3	1.73205080756888
2.73333333333333	2.3094010767585
1.65	0.636396103067893
1.77777777777778	0.838870492807861
0.8	0
2.11111111111111	0.769800358919501
2	1.4142135623731
2.33333333333333	0.942809041582063
1.4	0.547722557505166
2.3	0.989949493661166
1.77777777777778	0.838870492807861
2.875	1.59099025766973
