2.95465367965368	0.275190041682557
2.34821187584345	0.661223915878972
3.20154584822435	1.30259712085482
2.98571428571429	0.707106781186548
2.94063109392703	0.77091284208699
3.78507506747638	0.433442858660023
3.65428580051652	1.37872008530394
3.09703907203907	1.06066017177982
3.62654363180679	0.546400694553241
2.91666666666667	0.353553390593274
3.76528632186527	1.4142135623731
2.37955655455655	0
3.44607418725066	1.02494770808353
3.89862444318966	0.461156596426009
2.95631875938781	1.11548493000698
4.46722999222999	1.54261922089756
3.72535292068761	0.176613707379159
3.63120157620158	0.748630849049215
3.23158015230384	0.462875820579351
4.46620172225435	0.278294072361723
