1	0
1.93333333333333	0.0942809041582065
1.75	0.707106781186548
NA	NA
1	0
1	0.763762615825973
NA	NA
1.70833333333333	0.883883476483184
1.33333333333333	0.707106781186548
1.33333333333333	0.707106781186548
1	0
1.5	0.471404520791032
1.83333333333333	0.707106781186547
1	NA
1	NA
1.66666666666667	0.707106781186548
1.5	0.707106781186548
1.25	0.353553390593274
1	0.707106781186548
1.33333333333333	0.707106781186548
1	0
1	NA
1.86666666666667	0.707106781186548
1	NA
1.66666666666667	0.707106781186548
2	NA
2.08333333333333	1.83847763108502
1.76666666666667	0.801387685344754
1	0
1.63333333333333	0.525198375219624
2.23333333333333	0.471404520791032
2.23809523809524	1.31319830791787
NA	NA
NA	NA
1.16666666666667	0
NA	NA
1.66666666666667	0.707106781186548
3	NA
2	0.707106781186547
1.5	0.471404520791032
1.25	0.353553390593274
1	0
1.41666666666667	0.117851130197758
NA	NA
1	1.15470053837925
1.08333333333333	1.06066017177982
NA	NA
2.06666666666667	0.424264068711929
1.5	0.471404520791032
1	0.707106781186548
