3.06084373143197	0.804173000588824
3.15156945451063	1.02990800871961
2.72199883449883	0.204591210290863
3.13791921274759	0.784177394912929
3.93451208525487	1.4142135623731
4.49830589059027	1.1748284541589
4.04997501249375	1.01348438203049
3.01092796092796	1.22565175405668
3.11846886773357	0.101986554978829
4.76938969159893	0.707106781186548
3.52435261527333	1.03378901444674
2.28201045278251	0.11972196581413
3.48481642785132	1.12731243820572
2.2259324009324	1.0338758240076
3.37241345374338	2.13140785609789
4.77295546657723	0.635197616998085
3.81578601122612	0.853404735914798
3.16142857142857	1.71321871556055
3.49260037348273	0.913989983693368
3.51040371879312	1.25803949395743
