1.57777777777778	0.989013724954385
1.5	0.707106781186548
1.53333333333333	0.763762615825973
1.95	0.707106781186548
1.66666666666667	0.235702260395516
1.55555555555556	0.693888666488711
0.75	0.353553390593274
NA	NA
1.5	0
1.5	0.471404520791032
1.5	0.707106781186548
NA	NA
2.06666666666667	0.838649708360608
1	0.707106781186548
1.5	0.471404520791032
1.88809523809524	1.00339559550978
1.25	0.353553390593274
2.18636363636364	1.06750999720052
1	NA
NA	NA
1.83333333333333	0.707106781186547
1	NA
1.55555555555556	0.254587538608658
1	0
2.08333333333333	0.824957911384306
1.25	1.06066017177982
1	0.5
1	0
NA	NA
1	1.15470053837925
1.66666666666667	0.942809041582063
1.78333333333333	0.707106781186548
NA	NA
1.66666666666667	0.707106781186548
1.83333333333333	1.06066017177982
2.11309523809524	0.0757614408414159
1.25	0.353553390593274
NA	NA
1	0
1.33333333333333	1.4142135623731
1	0
1	NA
0.80952380952381	0
2.13571428571429	0.795394908975718
1	NA
2	NA
1	NA
1	1.06718737290547
1.22222222222222	0.585314097380708
2	0.707106781186548
