2.59821428571429	0.618718433538229
2.82142857142857	0.707106781186548
2.8625	0.265165042944955
1.6547619047619	0.252538136138053
2.1	0.848528137423857
NA	NA
1.61666666666667	1.73205080756888
3.22727272727273	0.385694607919935
2.30793650793651	0
1.66666666666667	1.3228756555323
1.92094017094017	1.76172330526392
2.05151515151515	0.97996458023359
1.67111111111111	1.21659309772499
2.78754578754579	2.12342992234462
2.16666666666667	0.707106781186547
2.53333333333333	2.82842712474619
2.45	1.4142135623731
2.26888888888889	1.43788092108139
2.11111111111111	0.509175077217316
1.33333333333333	0
1.25	0.763762615825973
1.96753246753247	0.0459160247523733
2.6	0.707106781186548
1.70649350649351	0.692820323027551
2.11666666666667	1.53206469257085
2.97142857142857	0.707106781186548
2.33333333333333	1.4142135623731
2.72222222222222	1.09994388184574
3.64126984126984	0.707106781186548
2.45	2.59272486435067
2.48333333333333	0.58925565098879
1.36904761904762	0
1.25	1.73205080756888
2.31428571428571	1.26509031880701
1.33333333333333	0.707106781186548
1.64772727272727	1.41421356237309
1.3375	1.54616460960662
1	0
2.38951048951049	1.5790292376436
2	1
2.37222222222222	1.90918830920368
2.27222222222222	1.18205133998925
1.75	0.353553390593274
1.9	0.577350269189626
2.70833333333333	0.707106781186548
1.93392857142857	1.1959736164132
2	1.17851130197758
1.70178571428571	0.884972327481579
2.54343434343434	1.69213868619961
2.18392857142857	0.47804549399724
