1.33333333333333	0.707106781186548
1.5	1.4142135623731
1	NA
2.03333333333333	0.707106781186548
1.58333333333333	1.4142135623731
1.725	0.153206469257085
2.11666666666667	0.707106781186548
1.83333333333333	1.17851130197758
2.29285714285714	0.707106781186548
1.38809523809524	0.134687005940295
1.33333333333333	0.942809041582063
1.78968253968254	0.639467843761387
1.80833333333333	0.388908729652601
1.57896825396825	0.353553390593274
1	NA
0.833333333333333	0.353553390593274
1.3547619047619	0.572419775246253
1.44444444444444	0.693888666488711
NA	NA
1	NA
