2.77597402597403	1.41421356237309
3.16666666666667	1.49026825467748
4.1	2.82842712474619
3.51960784313725	1.81909644605396
3.11825396825397	1.20281306081172
3.45421245421245	1.40536710127369
2.76883116883117	0.726566892333949
3.41524216524217	1.85453509309547
3.63095238095238	1.01036297108185
3.00681818181818	1.15009315442299
3.07310924369748	1.39065612289084
3.35191993464052	1.61067369807165
3.5030303030303	0.707106781186548
3.21515151515151	1.87744331164213
3.55947712418301	1.26197963240006
3.08082497212932	1.43694635070862
3.90359477124183	1.4142135623731
2.94872469635628	1.06866344152242
2.14310383244207	0.967717032570076
4.07443058031293	1.25830573921179
3.78132798573975	1.6431676725155
3.07857142857143	1.73205080756888
2.5	1.4142135623731
3.75	1.4142135623731
2.54285714285714	0.30017946257292
3.19444444444444	2.21160658881812
4.49411764705882	0.707106781186548
2.13095238095238	0.577350269189626
3.07228260869565	2.97574103749339
2.92640692640693	3.12841181979503
3.39565826330532	1.94592408139813
2.58666666666667	1.23773987574126
1.33333333333333	0.707106781186548
4.15860566448802	1.73205080756888
4.28333333333333	1.4142135623731
3.22619047619048	2.12132034355964
2.94509803921569	1.83711730708738
2.66483516483516	1.98431348329844
2.84610814022579	2.2194427061598
4.02777777777778	0.707106781186548
2.62213059136698	0.919216090145626
3.39123931623932	1.83585684909537
3.21428571428571	2.47487373415292
3.23245614035088	1.0823651473029
3.88095238095238	1.41421356237309
2.66666666666667	0
2.70223665223665	1.19111292495716
2.53360566448802	1.18145390656315
3.02222222222222	1.4142135623731
3.25	1.32404169864589
