1.11111111111111	0.947706783846221
2.71349206349206	0.707106781186548
2.08478057889823	1.89657123424706
1.48015873015873	0.58925565098879
1.48006341484602	1.02507525259673
2.07521367521367	0.0942809041582063
2.38333333333333	1.06066017177982
2.32342995169082	0.256198109125561
2.05833333333333	1.53206469257085
2.49011266511266	0.0642824346533224
1.65555555555556	0.69139329716018
2.06374447535738	1.24164042104551
1.89537037037037	1.30385626211764
1.1294733044733	0.897352177077214
0.884523809523809	0.129636243217534
2.35535714285714	1.17430233304194
2.93151459524457	1.18095418106622
2.02916666666667	0.748354676755763
1.06904761904762	0.437732769305958
2.17755602240896	1.55559771768258
