1.75	0.353553390593274
1.16666666666667	1.04527154012371
1.33333333333333	0.166666666666667
NA	NA
1	0.763762615825973
1.52142857142857	0.493394577003822
NA	NA
1.16666666666667	0.577350269189626
1.16666666666667	0.360041149911548
NA	NA
1.66666666666667	0.793725393319377
1	0.866025403784439
1	0
1.77777777777778	1.05847549351431
NA	NA
1.33333333333333	0.5
1.36111111111111	1.07151675122144
1.77142857142857	1.01714330301399
1	0.707106781186548
NA	NA
1.55952380952381	1.25830573921179
1	1.15470053837925
NA	NA
1.375	0.682112730989371
1.97222222222222	0.30142408908626
1.36666666666667	1.06718737290547
1.16666666666667	0.304290309725092
1.36111111111111	0.838870492807861
1.27083333333333	0.695138542013455
1.9672619047619	0.542603411184611
1.56666666666667	0.642910050732864
1	0.707106781186548
1.5	0.854400374531753
1.16666666666667	0.577350269189626
1	0.805076485899413
2.04497354497355	1.34652706270444
1.71666666666667	1.02632028788938
1.29166666666667	0.473853391923111
1.375	0.5464532103585
1.16666666666667	0.304290309725092
NA	NA
1.78928571428571	0.317596201077367
2.03928571428571	0.584701990105695
2.05555555555556	0.693888666488711
1.73333333333333	0.763762615825973
1.68785714285714	1.19587833829366
1.35416666666667	0.767918663709949
NA	NA
1.70634920634921	0.612068102465676
2.55	0.981495457622364
