1.62222222222222	0.365655170486763
1.16666666666667	0.288675134594813
NA	NA
1.16666666666667	0.288675134594813
1	0
NA	NA
NA	NA
1.25	0.353553390593274
NA	NA
1.16666666666667	0.288675134594813
1	1.15470053837925
NA	NA
NA	NA
1	0.707106781186548
1	0.707106781186548
1	0
1.25	0.763762615825973
NA	NA
NA	NA
1	0.5
NA	NA
1.55	0.952627944162882
NA	NA
NA	NA
1	0.707106781186548
1.89285714285714	0.602220946187702
1.13968253968254	0.35100546646819
NA	NA
1.41666666666667	0.629152869605896
NA	NA
NA	NA
1	0
1.16666666666667	0.288675134594813
NA	NA
1	0
NA	NA
NA	NA
1.16666666666667	0.763762615825973
1.16666666666667	0.490653381462658
NA	NA
NA	NA
1	0
NA	NA
NA	NA
1.5	0.707106781186548
NA	NA
NA	NA
1	0.763762615825973
1.33333333333333	0.726483157256779
NA	NA
