1.65	0.763762615825973
1.7711038961039	1.62550358497356
1.77047619047619	0.601023314808428
1.78035714285714	0.756499614452424
1.87619047619048	1.15470053837925
1.82619047619048	0.729727270728419
2.00535714285714	1.19678388469542
1.62222222222222	0.516756264632599
2.15555555555556	0.704220083444037
2.18615384615385	1.16410482322157
2.20952380952381	1.57527187541754
1.94444444444444	0.614259566319333
1.16666666666667	0.561083607686782
1.83630952380952	1.11617856628621
1.98333333333333	0.296155927398614
1.78174603174603	1.26197963240006
1	0.763762615825973
NA	NA
1.79285714285714	0.813714642411194
2.41904761904762	0.734059627969667
1	0
2.10549450549451	1.50176887209712
1.77777777777778	0.254587538608658
1.66666666666667	1.2114423604087
1.51666666666667	0.998331942124796
2.16190476190476	0.73282810879294
1.1875	0.850857410694256
2.00634920634921	0.495245726436931
NA	NA
1.52777777777778	0.502309481111809
2.35238095238095	0.866025403784438
1.9	1.05830052442584
1.94047619047619	0.567321550354469
1.5	1.08972473588517
2.41798941798942	0.606938271717687
1.47222222222222	0.816723354041647
2.58809523809524	1.37870712384224
1.6875	1.20257247413848
2.18542568542569	1.16904519445001
1.33333333333333	0.440958551844098
1.66666666666667	0.850490054811538
1.33333333333333	0.881917103688197
1.46666666666667	1.23468394516348
1.72222222222222	0.26787918780536
2.0962962962963	0.266743816000457
2.41993006993007	1.28927136262556
1	0.707106781186548
2.14563492063492	0.783720949647858
1.8	0.540575824674228
2.20833333333333	0.7806247497998
