NA	NA
1	0.5
NA	NA
1	0.707106781186548
NA	NA
2	NA
NA	NA
NA	NA
1	0.408248290463863
2.02857142857143	0.869516344567132
NA	NA
1.11111111111111	0.346944333244355
NA	NA
1.16666666666667	0.577350269189626
NA	NA
1.5	1.4142135623731
NA	NA
NA	NA
1	0.707106781186548
NA	NA
NA	NA
NA	NA
1.5	1.15108644332213
NA	NA
NA	NA
NA	NA
NA	NA
NA	NA
1	0.763762615825973
NA	NA
1	0.707106781186548
NA	NA
NA	NA
NA	NA
1	0.866025403784439
NA	NA
NA	NA
NA	NA
NA	NA
NA	NA
1.30555555555556	0.936650850004853
NA	NA
NA	NA
NA	NA
1.8	0.778888096369862
1.5	0.707106781186548
1.33333333333333	0.63098981620003
1.66666666666667	0.707106781186548
1	0.5
2	NA
