1.87857142857143	1.64957219768465
1.9875	0.850857410694256
2.09444444444444	0.206883846459616
2.62857142857143	0.938989180061255
1.42	0.61907188597125
2.00299145299145	2.11695098702863
2.17857142857143	0.599035505971863
1.33333333333333	0.942072184070839
1.63333333333333	1.03923048454133
1.89583333333333	0.943729304408844
1.15555555555556	0.655178799458025
1.55555555555556	0.346944333244355
2.2	1.01036297108185
1.76777777777778	0.993780038757118
1.43333333333333	1.12051575426477
2.0719696969697	1.1826191924157
1.8484126984127	0.917928424547684
2.63412698412698	1.1097213530799
1.44444444444444	0.53575837561072
2.06746031746032	0.45942716312401
1.55	0.89489291724392
1.86666666666667	0.520416499866533
1.53333333333333	0.763762615825973
1.27777777777778	0.481125224324688
1.45	0.763762615825973
1.55	0.57662812973354
1.75	0.353553390593274
2.24166666666667	0.505616601930898
1.5625	0.773923984208613
1.47222222222222	0.53575837561072
2.88888888888889	1.04083299973307
2.21507936507937	0.4827250061835
2.225	0.587130498460285
1.11666666666667	0.577350269189626
2.07089947089947	0.126947746111203
1.7	0.577350269189626
2.74725274725275	1.36986977843755
2.03333333333333	0.784101278416771
1.75555555555556	0.442635206378713
2.13095238095238	1.10852874515548
2.50324675324675	1.73205080756888
1.55555555555556	1.08440118310795
1.88888888888889	1.02758256404336
2.28571428571429	0.846159792567469
2.17592592592593	0.666859540001142
1.60555555555556	0.211037999035806
2.00454545454545	1.12189654581166
1.36111111111111	0.800751961411087
2.74444444444444	0.838870492807861
1.8375	0.525881094855031
