1.45	1.15470053837925
2.17857142857143	0.846159792567469
1.72222222222222	0.26787918780536
NA	NA
1.22222222222222	0.962250448649376
1	0.763762615825973
NA	NA
1.9047619047619	0.929486728378244
NA	NA
1	0.866025403784439
2.17698412698413	0.86302654351695
NA	NA
1.16666666666667	0.763762615825973
2.18571428571429	0.563656219102862
0.472222222222222	0.192450089729875
1.41666666666667	0.629152869605896
1.8952380952381	0.51136738128224
1.65	0.723417813807024
1	1.15470053837925
1.45	0.707106781186548
1	0
1	0.5
NA	NA
1.61666666666667	1
1	0.707106781186548
1.11111111111111	1.07151675122144
1.44444444444444	0.769800358919501
1	0.763762615825973
1.58333333333333	0.877971146071062
1	0.5
NA	NA
1.33333333333333	0.166666666666667
NA	NA
NA	NA
1	0.652630006915041
1.66666666666667	0.726483157256779
2	NA
1.27777777777778	0.254587538608658
1.22222222222222	0.822147143719374
1.58333333333333	0.75
1	0.5
NA	NA
1.75	0.808290376865476
1	0
NA	NA
1.36111111111111	1.07151675122144
1.53333333333333	0.312694383988229
NA	NA
1.22222222222222	0.673575314054563
1.16666666666667	0.757676760943659
