1.33333333333333	0.881917103688197
1.41666666666667	1.23322071557906
NA	NA
NA	NA
NA	NA
1	0.5
1.44444444444444	0.509175077217316
NA	NA
1.16666666666667	0.787635937708768
1.25	0.763762615825973
2	NA
1	1.15470053837925
1.5	0.707106781186548
1.25	0.763762615825973
1.58333333333333	0.433012701892219
NA	NA
1.16666666666667	0.288675134594813
NA	NA
1	0.707106781186548
1	0.763762615825973
1	0.763762615825973
1.5	0.25
1	0.707106781186548
NA	NA
NA	NA
NA	NA
1.39444444444444	0.958635218152078
1	0.707106781186548
NA	NA
1.29166666666667	1.10867789130417
1.41666666666667	0.363241578628389
NA	NA
NA	NA
1.53888888888889	0.505891219459209
1	0.5
NA	NA
1.16666666666667	0.304290309725092
1.52777777777778	1.00115673838556
1	0.763762615825973
1.87301587301587	0.408479658173262
1	0
1	0
1.22222222222222	0.838870492807861
1	0
NA	NA
1.33333333333333	0.763762615825973
1	0.707106781186548
NA	NA
1	0.5
1.80952380952381	1
