2.3772264063168	1.13143171520334
2.63561253561254	0.772888423359642
2.80503663003663	0.797829607102037
3.11574074074074	1.19345705400485
2.78154761904762	0.928038677554463
2.49015151515152	0.867217455833587
3.03571428571429	1.23322071557906
2.81102564102564	0.641953399139429
2.67057396626362	1.56359782305568
2.56565656565657	1.08440118310795
2.73102453102453	0.708784403254903
2.93352007469655	0.609644179737229
1.90608465608466	1.61029273595618
2.25555555555556	0.52097220370864
2.39814814814815	0.643901431507915
3.11386860507913	1.02668190751093
2.73803418803419	0.637823197176845
2.82557367149758	0.283606682893731
3.01986531986532	1.15830335692627
3.26893622946255	1.28380222314348
