1.66666666666667	0.5
1.55	0.925562891794321
2.1	0.630255680039635
2.85555555555556	1.09751402589536
3.54761904761905	1.15470053837925
1.96103896103896	1.17580889788466
2.8037518037518	1.29457557752567
1.40677361853832	0.722165141328132
2.36904761904762	1
2.11746031746032	0.348183928944036
1.77281746031746	0.650909582847274
2.33142857142857	1.00895986045036
1.9534632034632	1.22710207476126
2.20833333333333	1.06311256851442
1.93968253968254	0.962250448649376
2.67857142857143	1.15774365486077
2.40984848484848	1.29704846121639
2.24074074074074	0.642101423984659
1.41883116883117	0.90539019486555
2.27079365079365	0.953061661495333
