2.03055555555556	0.899817082463433
2.69343229869546	1.11834365057241
1.91666666666667	1.30946969585162
1.77222222222222	0.472973258973172
2.1247619047619	0.465170910324955
1.65079365079365	0.908929416013994
2.06666666666667	0.866025403784439
2.61111111111111	1.15470053837925
2.46031746031746	0.340345740355422
2.52063492063492	0.250637886126992
2.18888888888889	1.61658075373095
2.0375	1.12079460899647
1.9	0.940744386111339
2.31944444444444	1.52979664589049
1.71785714285714	0.761630655058022
1.73333333333333	0.637123163859176
1.97047619047619	0.784323444317536
2.03869047619048	1.02749620767676
2.48148148148148	1.05018125027836
2.69285714285714	1.01632926262507
1.91666666666667	0.25
1.92857142857143	0.585714285714286
2.16277056277056	0.804855744839137
1.16666666666667	0.763762615825973
2.04761904761905	0.814411017927956
2.65	1.21428571428571
3.3	1.15470053837925
2.28956043956044	1.26391069229406
1.84444444444444	1.05847549351431
2	0.288675134594813
1.57777777777778	0.989013724954385
2.53621212121212	1.9774281838343
2.31481481481481	0.394144382477644
2.52407407407407	0.312315789327685
1.935	0.462083145476367
2.86410256410256	1.52752523165195
3.1	0.321455025366432
1.71739926739927	1.30373350351312
1.86666666666667	1.44337567297406
1.94590909090909	1.18613547091886
2.94197860962567	1.16847877037268
3.14444444444444	1.60150392282217
2.50396825396825	0.693888666488711
2.57761904761905	0.850685997690491
2.25277777777778	0.958635218152078
1.25	0.300462606288666
1.0952380952381	0
2.12040404040404	1.10312104188881
2.48285714285714	0.874928568512881
2	0.166666666666667
