1.55555555555556	1.26197963240006
1.44444444444444	0.769800358919501
1.3125	0.850857410694256
1.22222222222222	0.346944333244355
1.71111111111111	0.271484260508236
1.53333333333333	1.15470053837925
1.87619047619048	0.763762615825973
1	0.707106781186548
1.88392857142857	0.492035489474585
NA	NA
1	0.408248290463863
NA	NA
1.16666666666667	0.288675134594813
1.27777777777778	0.254587538608658
NA	NA
1.84761904761905	0.768822759401769
1.93650793650794	0.0901414023142901
1.16666666666667	0.763762615825973
1.33333333333333	0.726483157256779
NA	NA
NA	NA
1.71111111111111	0.309719108105919
1	0.5
1.5	0.629152869605896
1	0.799305253885453
1.16666666666667	1.04083299973307
1.66666666666667	1.15470053837925
1.5	0.440958551844098
NA	NA
1.2	0.912870929175277
NA	NA
1.5	0.707106781186548
NA	NA
1.41666666666667	0.682112730989371
1.22222222222222	0.962250448649376
1.52777777777778	0.591216573716466
NA	NA
1	0
1.47222222222222	0.673575314054563
1.39166666666667	0.609264887962292
1.43333333333333	0.357977859857489
1	0.707106781186548
1	0.707106781186548
NA	NA
NA	NA
NA	NA
1.08888888888889	1.539600717839
1	0.707106781186548
1.63333333333333	1.05251022692313
NA	NA
