1.52777777777778	0.554860676539949
1.22222222222222	0.751541625470482
1.5	1.73205080756888
NA	NA
1.47777777777778	1.08440118310795
1.95714285714286	0.61446564363753
1	0.866025403784439
1.4375	0.387148885132399
NA	NA
1.44	0.736131026984251
1.70833333333333	0.864687912015188
1.44444444444444	0.63098981620003
NA	NA
1	0.5
1	0
1.33333333333333	0.763762615825973
1.61666666666667	1.04083299973307
1.53333333333333	0.763762615825973
2.12380952380952	0.178619041271534
2.06363636363636	1.34164078649987
1.7	1.25830573921179
1.57	0.905952537388135
1.63333333333333	0.698675996544999
1.76984126984127	0.511950902313338
1.80952380952381	1
1.85	0.912414379544733
1.16666666666667	0.763762615825973
2.11111111111111	1.07151675122144
2.15833333333333	1.23322071557906
1	0.5
2.2968253968254	1.08759844169177
NA	NA
NA	NA
1.38888888888889	0.458964212273842
1	0.707106781186548
1	0.5
NA	NA
1.5922619047619	0.622500671620361
1.16666666666667	0.288675134594813
1	1.15470053837925
1.6952380952381	1.0238316719642
1.53333333333333	0.877971146071062
1.51666666666667	0.561413559851546
1	0.707106781186548
1.88888888888889	0.375770812735241
1	0.5
1	0
1.25	1
1	0.707106781186548
1.11111111111111	0.346944333244355
