2.99241036741037	0.52097220370864
3.55204527984002	0.805113368660905
3.7370851700648	1.23154419406222
2.8630576771309	0.515169550868784
4.09778992936888	0.625166644450369
2.46948051948052	0.512823142218999
2.69348845598846	0.378659146337642
3.34201595308153	1.28613453095386
2.3744019138756	0.385712847060684
4.05019532267984	1.15470053837925
2.38040794163358	0.221255805090919
3.01943851639504	0.899321112644885
2.75034651622887	0.782793805386078
3.45643115942029	0.854818431858824
3.38056926733397	1.36682077097356
3.59782597265435	0.680454077421313
3.53590270840271	0.797836609547118
2.91808549506759	0.47155099842478
3.37122911012971	0.624798141538639
3.34544736981808	1.17298934799912
