4.16419049608888	1.95322786622553
3.86374578170074	2.60960230799479
5.77072018443154	0.831129125508605
5.2369560535669	2.05927992453593
5.69979817778659	1.80603878901446
5.29508957832184	2.16502827665603
5.88518985779734	2.06373909406061
5.53887260549675	2.25354435423992
4.92767501933668	1.11237947005482
4.74501611927796	2.42277203817141
5.81960195055074	1.81792726589895
4.94191693975585	1.75238623305533
5.07406551623374	1.99241151415101
5.05123377215065	2.31693757869208
5.47574128832232	2.50847750155646
4.74266686831107	1.45122208387126
4.96966003382485	0.90267093384844
3.36514216206774	1.75526925748417
4.80430175624585	2.3898725806012
5.52472536513177	3.09321541514551
