1.94444444444444	0.776804947155929
2.06482683982684	1.28903780289807
1.91053724053724	1.04733953428693
2.37098326510091	1.22789620023825
1.22222222222222	0.965852147261873
2.11035353535354	0.90782740478456
1.88888888888889	0.822147143719374
1.23968253968254	0.867151388520047
2.0547619047619	0.554434810580715
1.22222222222222	0.917928424547684
1.47222222222222	0.976577546180386
1.22222222222222	0.976577546180386
1.76031746031746	0.870498896928677
1.93333333333333	0.697415865096923
1.61428571428571	1.06158440608704
1.82059829059829	0.830307315484705
1.25	0.763762615825973
2.29729591537372	0.748596194509137
1.74411976911977	0.992268666963749
1.70833333333333	1.02655708289624
