NA	NA
2.1	2.38047614284762
2.5	1.98431348329844
1.24761904761905	0.234254740499978
1.1875	0.590726953281576
1.71428571428571	1.34960311626366
2.14242424242424	1.75056858138341
2.28571428571429	1.31449273731831
1.34642857142857	0.655938337072027
1.74025974025974	1.1595753451064
1.86666666666667	1.10151410945722
2.04166666666667	1.64077104729137
2.19047619047619	1.76340562415846
2.21428571428571	1.91218790526298
2.33333333333333	2.3094010767585
1.33333333333333	0.97182531580755
2.25	1.63393790776142
1.86111111111111	1.08680000886053
2.12037037037037	1.06875278258729
2.4287012987013	2.3623195186469
