1.34285714285714	1.26197963240006
2.25	1.75
NA	NA
1.88857142857143	1.12827301660547
2.0976800976801	1.41299268344581
1.41666666666667	0.5464532103585
2.44166666666667	1.13578166916005
1	0.799305253885453
2.11111111111111	1.57527187541754
2.63636363636364	0.783788918568337
1.56666666666667	1.0610529361598
2.35277777777778	1.09865237315405
2	0.440958551844098
1	0.707106781186548
2.06547619047619	1.31711813064282
1.98658008658009	1.26197963240006
2.125	0.629152869605896
2.04444444444444	0.947706783846221
1.76111111111111	1.00461896222362
1.98103896103896	1.33840434596098
2.73232323232323	0.964593578327091
1.4	0.924662100445347
1.16666666666667	0.360041149911548
1.80952380952381	0.668555996294556
2.14714285714286	1.10699102901604
2.1741452991453	0.754018473385977
1.39166666666667	0.384900179459751
2.16666666666667	1.12697015417227
2.30705128205128	1.62250415218756
2.5020757020757	1.57527187541754
1.66964285714286	1.08576715096859
2.5025641025641	0.346160968587693
2.21428571428571	1.35023303607217
1.75	0.913783344124853
1.25	0.763762615825973
2.25	0.260208249933267
1.26190476190476	0.501697797754892
1.33333333333333	0.763762615825973
1.64583333333333	1.32574664497658
1.375	1.25
2.25793650793651	1
2.05753968253968	1.40674649816038
2.21904761904762	0.53611096424751
1.91666666666667	1.4142135623731
1.63333333333333	1.30416001063264
2.15277777777778	0.277430338269975
2.11428571428571	1.15470053837925
2.13968253968254	0.991216569709084
1.68888888888889	0.279549902786869
1.65	0.735402152927643
