2.80208333333333	1.68375355728404
2.78575757575758	2.44575530424948
1.58333333333333	0.0962250448649377
2.25892857142857	1.44289692307255
2.5	1.57527187541754
1.25	0.433012701892219
2.22222222222222	1.83585684909537
2.9375	1.17924764150708
1.16666666666667	0.192450089729875
2.08888888888889	1.97616975829007
1.59	0.766811580507233
2.76666666666667	2.53294953233051
1.58823529411765	0.989564931838866
1.25	0.649519052838329
2.15873015873016	1.54914454729707
1.51904761904762	1.06391545706097
2.73333333333333	2.3094010767585
1.61363636363636	0.977360813507281
2.49409888357257	2.2929683930098
1.575	0.618465843842649
