1	0
NA	NA
1.33333333333333	0.288675134594813
1.27777777777778	0.254587538608658
1.75	0.608276253029822
NA	NA
1.38888888888889	0.346944333244355
1.41666666666667	0.5464532103585
1.16666666666667	1.04083299973307
1.36111111111111	0.63098981620003
NA	NA
1.52777777777778	0.554860676539949
1.33333333333333	0.881917103688197
1.54166666666667	0.51144312887561
NA	NA
NA	NA
2.275	1.18462370959446
1	0.5
1.92777777777778	0.442948872561725
1.22222222222222	0.585314097380708
1	0.5
1.25	0.763762615825973
1.27777777777778	0.254587538608658
1.16666666666667	0.288675134594813
1	0.866025403784439
1	0
1.33333333333333	0.288675134594813
NA	NA
1.58333333333333	0.721687836487032
1	0.5
1.65714285714286	0.857380919321352
1	0
NA	NA
1.65555555555556	0.283986175980712
1.82222222222222	0.87960428813399
NA	NA
NA	NA
1.63333333333333	0.851958527942137
NA	NA
1.33333333333333	0.288675134594813
1.22222222222222	0.822147143719374
1.36111111111111	0.63098981620003
1.525	1.52979664589048
1	0.763762615825973
1	0.763762615825973
NA	NA
1	0.5
1.25	1.15470053837925
1.58333333333333	0.629152869605896
1.33333333333333	0.288675134594813
