2.2037037037037	0.986972758660262
1.29166666666667	0.2590938625858
2.32908496732026	1.48754924898845
1.63888888888889	0.708741712342949
2.13333333333333	0.799305253885453
NA	NA
1.47777777777778	0.767813152425144
2.72142857142857	0.450924975282289
2.57954545454545	0.755061536036858
2.35515873015873	0.903952227515165
1.95555555555556	0.53575837561072
1.94761904761905	0.626796737116479
1.33333333333333	1.15470053837925
1	0
1.77896825396825	1.15470053837925
2.08412698412698	0.591576036621721
1.93492063492063	0.89553671986629
1.61666666666667	1.092906420717
2.07936507936508	1.19554476556511
1	0
