2.3906105388864	1.28405763513839
1.31242424242424	0.52665318661481
2.4125	1.90613046073277
2.90643216746158	1.00678788016138
3.31868131868132	0.95257934441568
2.91156688139447	1.64116463504265
2.47410588993818	1.76239688988097
2.29426767676768	2.00241911020311
2.51659777424483	1.84904792726999
2.55833796905276	1.64440060039308
2.50273647920707	2.36102363843022
2.88888888888889	1.68655357547958
3.07721284135918	1.77738557905466
2.59342283012496	1.56236851839286
2.90267995310012	1.03921979833436
3.27015984015984	1.56158010477219
1.78609986504723	1.05077549545319
3.00753221873912	1.98474838385231
3.46369047619048	2.20354827494203
1.8070987654321	0.558640099580781
