1.34285714285714	1.26197963240006
2.28125	1.19101922138742
NA	NA
1.88857142857143	1.12827301660547
2.0976800976801	1.41299268344581
1.41666666666667	0.446177177894695
1.26010101010101	1.06497510554763
1	0.799305253885453
1.82142857142857	1.41066823982183
2.36839826839827	0.687784654880647
1.48	0.759605160593318
2.17083333333333	0.968042603133499
1.69047619047619	0.716135171792418
NA	NA
1.73690476190476	1.04932052034722
1.98658008658009	1.26197963240006
2.125	0.629152869605896
1.65142857142857	0.885262301469812
1.41333333333333	0.859780333702872
1.98103896103896	1.33840434596098
2.18686868686869	0.873232177179533
1.4	0.924662100445347
1.16666666666667	0.360041149911548
1.80952380952381	0.668555996294556
2.14714285714286	1.10699102901604
2.30384615384615	0.563892443383893
2.16944444444444	1.30703226177984
2.16666666666667	1.12697015417227
2.30705128205128	1.62250415218756
2.5020757020757	1.57527187541754
1.66964285714286	1.08576715096859
1.96346153846154	0.861987348717551
1.91468253968254	1.25477796843226
1.75	0.913783344124853
1	0.799305253885453
2.10229098386993	0.456428329945086
1.90238095238095	1.4212647967388
1.48809523809524	0.696199596057783
1.64583333333333	1.32574664497658
1.375	1.25
1.65793650793651	1.08397416943394
2.05753968253968	1.40674649816038
2.16050738477209	0.408752170917046
1.91666666666667	1.4142135623731
1.4625	1.11831346231725
1.85858585858586	0.517666912938967
2.11428571428571	1.15470053837925
2.13968253968254	0.991216569709084
1.29333333333333	0.622896460095897
1.65	0.735402152927643
