2.03174603174603	1.09393158788474
1.97726942628903	0.716542730580028
1.77380952380952	1.24509620120879
1.35416666666667	0.727677049857208
1.95695045695046	1.27178333280486
1.8125	1.38631706330118
1.80059523809524	0.843650700324025
2.075	0.310465600169953
1.70833333333333	0.64370167923647
2.45844155844156	0.638164839050081
2.08064102564103	0.722875494766281
2.0152380952381	0.703783104085607
2.39551282051282	1.05943989270701
1.94642857142857	0.491567210049109
2.08412698412698	0.908548190001528
2.19791666666667	0.301184006141687
1.92619047619048	1.18109848126605
1.945	0.650176258153638
1.80790043290043	1.25098238540488
2.57916666666667	1.12795907136149
1.72261904761905	0.673237179097922
1.46666666666667	0.77817450199525
2.81534090909091	0.559796072299533
1.3	1.10302614051829
2.03558441558442	1.11127806788972
2.26948051948052	1.32105225610529
2.26666666666667	1.13038833052088
2.06813186813187	0.734178283170573
2.24189814814815	0.901146139486784
1.58730158730159	0.950156131499053
1.80952380952381	1.08279683209355
1.74404761904762	1.25
1.9	0.442907063238629
2.03383190883191	0.968972606774454
1.64410589410589	0.802684947191599
2.04318181818182	0.63587079580867
2.19166666666667	0.550672988933306
2.75909090909091	0.899908167950376
1.28293650793651	0.883647742787438
1.74285714285714	0.640737245434566
2.4107905982906	1.17924764150708
2.37222222222222	0.96972695660705
1.95408163265306	1.66967173207961
1.80952380952381	1.08672937092157
1.85416666666667	1.22686932202795
1.96190476190476	0.883201761475781
2.17651515151515	0.95258269158521
1.64489795918367	0.418446151529483
2.44282051282051	0.845598885610174
2.8048951048951	0.984094413456179
