2.09121417797888	0.907482452163791
1.54583333333333	1.35974704891647
2.01717948717949	1.38773882035871
1.89151515151515	0.780377570726223
1	0.671854812358212
1.88125	0.960333058544447
1.22222222222222	0.917928424547684
1.57407407407407	1.18095309210879
1.40119047619048	0.956604721184561
1.42294372294372	1.20542831141736
2.075	1.3690697030655
1.80132575757576	1.2276309451962
1.5625	0.515388203202208
0.916666666666667	0.884537962671703
1.23666666666667	1.01517308321729
1	0.652630006915041
1.71031746031746	1.19435874817827
1.225	0.899536917900909
1.18710317460317	0.991076230981262
1.63492063492063	1.26136256695735
