3.76646674864141	0.957427107756338
3.37849968967909	1.57826611721354
3.47791175696269	1.24752945890478
3.63480679451268	0.962749237690976
3.68847875637548	1.41615833645692
3.49157849646605	1.19621823514285
4.16937177306332	1.06624399736587
4.22177251469704	1.50117749093939
3.6966438058223	1.29858099124815
3.24426647426647	0.994564436931527
3.62763887537731	0.793065393667702
3.84399253855776	1.30815418094012
3.1488413260902	0.563776951540057
4.13474729082964	0.526665965819579
3.6091282136117	1.16904519445001
3.58786109090369	0.975525302222981
3.54938192568588	1.20084954290618
3.38474379147173	0.743756132236692
3.74156399753602	1.26331636254713
3.48221767395711	1.38254042733743
