2.425	1.14703220110438
2.09157363104732	1.29590455440782
1.89107142857143	1.5427923817978
2.30089285714286	0.870641273616329
2.5786858974359	0.93591252841712
2.31569307885097	1.27919559247513
2.36960784313725	1.29104722572048
1.69047619047619	0.599059164094973
2	0.660387091871965
1.675	1.10176625873589
2.12666666666667	0.959716393293121
2.33831908831909	0.553180601917527
1.83914141414141	1.24751743066879
1.67083333333333	0.852053619422141
2.6557486631016	1.29099444873581
2.27669552669553	0.954094028103143
1.65	0.717247826378334
2.32965367965368	0.564130447113116
2.41269841269841	1.09406424327145
2.4784965034965	1.1027131682178
2.40763125763126	0.970459270860229
1.86746031746032	0.977643614532943
1.98089668615984	1.00786169629796
1.99583333333333	1.01407912979288
1.81868131868132	0.748877952821442
1.77888777888778	1.42845401978318
2.22558356676004	1.05903840838299
1.99025974025974	0.98513049575369
2.01666666666667	0.828049917979989
2.04194139194139	1.2828990710321
1.89809523809524	1.01961266043741
2.24094370541739	1.66915893331076
2.44047619047619	0.33730625580336
1.9239010989011	1.00395208722613
2.44642375168691	1.30775433366031
2.19246031746032	0.874915501804925
1	0.408248290463863
2.51212121212121	0.74324835728035
2.9231684981685	1.10600214318994
2.36904761904762	1.5
2.01607142857143	1.18071894294206
2.58809523809524	1.31930116181089
2.18730158730159	1.54838198532751
2.20785714285714	0.617179300621502
2.96904761904762	1.0403426960238
1.8125	0.752772652709081
2.29340659340659	1.6082783686988
2.43482905982906	1.11389157365958
1.66666666666667	1.12010250853644
2.18070124320124	1.36312837927472
