1.86969696969697	0.571032244003314
1.83414502164502	1.14917450509436
1.91053724053724	1.04733953428693
2.20742117359764	1.05459136642938
1.375	0.845740963757685
2.11035353535354	0.90782740478456
1.66666666666667	0.805076485899413
1.4203373015873	0.794887157025215
1.67714285714286	0.688388881157068
1.20833333333333	0.75
1.5625	0.817559036264524
1.34166666666667	0.8323883530963
1.95416666666667	0.809622718047259
1.93333333333333	0.697415865096923
1.38809523809524	0.97773010603227
1.82059829059829	0.830307315484705
1	0.799305253885453
2.29729591537372	0.748596194509137
1.74411976911977	0.992268666963749
1.47916666666667	0.719640149272151
