2.2390142021721	1.09544511501033
2.81629622645957	1.4760081510112
1.66071428571429	0.919137054617029
3.08067765567766	1.38234740703685
2.678125	1.12618090027264
3.50462695199537	0.987465491133893
2.88515426497278	2.24433942464862
2.59887334887335	1.4827316175837
2.1519696969697	1.36394037015308
2.59833333333333	0.375238350178183
2.41190476190476	1.83711730708738
2.31969696969697	0.426115394171681
2.84563873626374	1.89157502630206
2.42571428571429	1.05126680950266
2.82080808080808	1.72149805563514
2.68213859020311	1.53598343997873
2.40190476190476	1.72355059881242
2.98650793650794	1.53287030045751
3.05097402597403	2.06471819493358
2.93055555555556	1.0487249754221
2.9675933210945	1.67503629197012
3.15194805194805	1.78175633782594
3.80606060606061	0.838989072034655
3.26364734299517	0.805140619872936
3.25396825396825	1.35653425507253
2.37460933954623	1.60735679534244
3.59027777777778	1.10867789130417
2.74870580808081	1.51217569985178
3.25595238095238	1.43183599653999
3.06814270699791	1.3218605459446
3.20079365079365	1.62305613719606
3.10028467908903	1.61511416005185
2.64833333333333	0.75
1.94371505687295	0.494543344094836
1.48333333333333	0.521038848341927
2.91809523809524	2.00798406368178
2.94633838383838	0.954184635989927
2.98966131907308	1.14658914466633
3.55826186009113	1.68628406108889
3.46242877492877	1.73011383602397
2.77575757575758	1.13587868440029
3.14221190686708	1.46631425234018
2.86179529282978	1.30753847785518
2.49245169082126	1.57280545721052
3.29599567099567	1.60078105935821
2.62655723905724	1.77644192426357
2.96055029388363	1.66923380339283
3.86105228105228	1.34656024365638
2.70873397435897	1.4951388362281
2.84787014061208	1.75599553591393
