1.69036845507434	1.81230793892687
1.12	1.22963409191515
2.10777777777778	1.12943638298484
1.65367965367965	1.71325750165487
1.6875	0.846869234297716
1.49333333333333	0.732727022081818
1.39059829059829	0.920394488025407
2.67619047619048	1.50928719791993
1.64423076923077	1.32394686665286
2.147804576376	1.49091401104029
1.43076923076923	0.783936357759832
1.42487684729064	1.02469887553179
1.58333333333333	0.816496580927726
1.9	0.838318422663953
2.04487179487179	2.14133269715874
2.38179422916265	1.61926352120883
1.99636363636364	1.19062453227687
2.60714285714286	1.42718186387102
1.46	0.837705198742374
1.91666666666667	1.52588771976621
