1.2	0.912870929175277
1.675	0.940990415978273
NA	NA
1.125	0.853912563829967
1	0.90267093384844
NA	NA
1.29166666666667	0.914137926216907
1	0.408248290463863
1.5	0.235702260395516
1.29166666666667	0.473853391923111
1.5	1.08012344973464
1.20833333333333	0.629152869605896
1.82916666666667	1.19048115078332
1.375	0.924211375534118
1	1.12216721537356
1.48	0.649615270756469
1.25	0.942809041582063
1.61666666666667	1.092906420717
1	0.707106781186547
1.125	0.478713553878169
1	0.408248290463863
1.4	0.318852107828483
1.21666666666667	0.69372184627558
1	0.5
NA	NA
1.2	0.942072184070838
1.16666666666667	0.645497224367903
1.33333333333333	0.430331482911935
1	0.871354841186562
NA	NA
1.44166666666667	0.809835374217089
1.49583333333333	0.635101697893075
1.66666666666667	0.949853789918334
1.54166666666667	0.84299949474964
NA	NA
NA	NA
1	0.652630006915041
1.20833333333333	0.284637521276656
1.34761904761905	0.807525544901791
NA	NA
1.5375	0.497284291594523
1.4375	0.613788327610676
NA	NA
1.4625	0.669905327750234
1	0.957427107756338
1.125	0.64370167923647
1.16666666666667	0.645497224367903
2	0.707106781186548
1.58333333333333	1.04562580942388
1.675	0.645093662450139
