2.20505952380952	1.21329455930608
0.847768897768898	0.600924689739783
1.94047619047619	0.689997097061384
2.12083333333333	1.02806677618543
2.37648809523809	1.22919228870127
1.08611111111111	0.791486334237017
1.9711038961039	1.24083119961109
1.22619047619048	1.092906420717
2.41523378582202	1.69693884031281
1.91413919413919	1.04335676520806
1.66666666666667	0.819326733541813
1.55375735375735	1.23991337590375
1.68700396825397	1.30404434718419
1.94543650793651	1.12911417725173
1.93452380952381	1.05554093557127
2.28511904761905	1.58922150753128
1.97045454545455	1.03047941152147
2.05990842490842	1.30119634648283
1.64166666666667	0.77381929175764
2.10301587301587	1.35619332326109
