2.1770202020202	0.765780486227234
1.8125	0.393082547169025
1	0.866025403784439
1.95833333333333	0.84299949474964
1.44444444444444	0.702904029063765
2.26607142857143	1.21977343069204
1.875	1.12256707617584
1	0.799305253885453
1	0.763762615825973
1.85178571428571	1.19466465564851
1.27083333333333	0.590726953281576
1.33333333333333	0.97182531580755
1.58095238095238	0.564127464247547
1.8	0.94809751022186
1.15	0.802340326794061
1.33333333333333	0.518187725171601
1.45428571428571	0.868969990009675
2.74166666666667	1.29903810567666
1.1	1.09036181558641
1.9982683982684	1.30455630634044
1.35416666666667	0.590726953281576
1.25	0.215165741455968
2.1375	0.800390529679106
1.56666666666667	0.446384653924459
1.29166666666667	0.695554668086051
1.70952380952381	1.0363754503432
0.958333333333333	0.946484724300046
1.78214285714286	0.274305968167547
1.64880952380952	0.622510157706256
1.85142857142857	0.791811837745911
1.86666666666667	1.48674700829249
1.57325396825397	1.19404417698787
1.45	0.577350269189626
1.66666666666667	0.781735959970571
1.58712121212121	1.24994260657955
2.05800865800866	0.702204001216331
1.125	0.799305253885453
1.90833333333333	0.694088797820033
1.92777777777778	0.993800225844656
2.06071428571429	1.26412428347913
1.51666666666667	0.871142289691465
NA	NA
2.20357142857143	1.20330468995627
NA	NA
1.06666666666667	0.450102868900647
1.4	0.811377429642539
1.7015873015873	0.496731569820701
1.44	0.774919350642375
1.55833333333333	1.12130050156718
1.56666666666667	0.728773703635848
