3.20497835497835	0.507336575268023
2.98765787987756	1.51082133269749
3.81993288574171	1.20491614507677
3.42417012928722	0.623407530402777
3.78395407122457	0.707866889939899
2.83704447370346	0.972845115710732
3.4489033841975	1.07856278335725
2.79094886243843	0.445079901828685
2.63909345077744	0.802587516699861
3.19989633173844	0.878138613103145
2.93340183899647	0.943358801088385
3.74679472027804	1.06343312347909
3.1981608336447	0.746551874593019
3.265386002886	0.833036781485808
3.21530193549842	1.15705994339138
3.31307201006927	0.60904388228302
2.89971841883607	1.33819073299355
3.1268562592092	1.31889895643698
3.06259915711529	0.999665110564022
3.15757575757576	1.06200665097812
