3.11646746972834	0.938370823588674
2.63162393162393	0.957427107756338
2.93466451139085	1.09445860709307
3.6688443670151	1.45308003985359
2.75271347010477	1.14774556883451
3.25574324324324	1.53256824712597
2.65440524035701	1.50268269624905
2.09132281117575	0.528898258294434
3.19738678319303	1.32453094744867
2.2839433528288	0.852503008075104
2.62447478991597	0.700247285645179
2.93468280613681	1.50461409708495
3.09752164502165	1.20148056811401
2.49499700677719	1.0125562086629
2.49811259593868	0.891302127035235
2.51225127813363	1.38389466159864
3.3076560536238	0.843200120507897
2.9250788427259	0.669593494710668
2.68863304093567	1.24325530044062
3.18794394011785	0.908158144028388
