<<<<<<< HEAD
2.30213675213675	1.34448461831621
2.89166666666667	0.713883484631512
1.96165739022882	0.897120404038747
1.90277777777778	1.19450904218087
2.47782561641257	0.960025494564826
2.54366883116883	1.21271440267352
2.43333333333333	0.714402106919045
2.28412698412698	0.883164318746962
2.50706252811516	1.59523760304131
2.42215909090909	1.08522727272727
1.73333333333333	0.535412613473634
2.84722222222222	1.10565791448726
1.85333333333333	0.90562031124978
1.6375	0.594009446239891
1.93789173789174	1.10747012473968
1.90714285714286	0.802009946726676
2.05	1.21277917748176
2.28571428571429	1.46201915172135
2.30965909090909	0.975408207852866
2.15361721611722	0.601138693194065
2.2374025974026	0.519552132509777
2.58988095238095	0.798537436215133
2.01769733534439	1.23527834134761
2.13665223665224	0.980020514653396
2.04251165501165	0.686636709640169
2.35953282828283	1.46948042798442
2.15457875457875	0.966098032898103
1.70909090909091	0.754207664441252
2.3	0.77567175188134
2.28787878787879	0.779383099976466
NA	NA
2.03333333333333	0.505525029603437
2.29305555555556	1.02824688993776
1.86313131313131	1.33196167393302
2.35	1.14309521329882
2.17151515151515	0.944816857920472
1.4375	0.764898322945242
1.6	0.60184900284226
2.27333333333333	0.775456854591752
2.16507936507936	1.25578329562195
1.79571428571429	0.562704737242537
2.12916666666667	0.983509871158732
2.94166666666667	0.885845484394554
1.6468253968254	1.19111292495716
1.76666666666667	1.23228183404549
2.48298139768728	1.34906283180487
2.29437229437229	0.55259702107515
1.8464590964591	0.536210457291569
1.74583333333333	1.13475197159425
2.06904761904762	0.715871256112996
=======
1.86071428571429	0.566731688946574
2.16666666666667	0.774297770264798
1.40816326530612	0.766704693357018
1.91666666666667	0.967049732529401
2.02380952380952	1.05465171949469
2.43594346829641	0.91983146807009
1.95777777777778	1.02371268152787
2.22412698412698	1.28464505804914
2.46025641025641	0.815203172845734
1.8125	1.35893000542235
2.05077030812325	1.3554920213408
2.42456140350877	0.874053299889612
2.13733766233766	0.919072419238278
1.22	1.03255346915628
2.08798701298701	0.930727146842674
1.9625	0.462105687767059
1.72714285714286	0.631570564189798
2.39772727272727	0.735160820845947
2.63142857142857	1.5448201797475
1.48333333333333	0.319504825211347
1.68148148148148	1.26545100859102
2.22	1.48559752288431
1.55416666666667	0.413515864714246
1.67142857142857	0.762815675705501
2.11011904761905	1.18598856552288
2.28769230769231	1.31312286807696
2.18968253968254	0.875022045577661
1.8	0.640312423743285
2.15773809523809	0.915719207326496
1.94285714285714	0.971533607766818
1.56666666666667	0.854725426997206
2.325	0.797892188484412
2.06424242424242	1.18987811029339
1.7	0.648074069840786
2.35844155844156	0.470623500145367
2.03624338624339	1.3533190847086
2.36136363636364	1.02807245173863
2.2647619047619	0.742301888537527
1.125	0.671854812358212
1.57772260419319	0.674341277966543
1.70833333333333	0.975391659226636
1.66666666666667	0.462174687944797
2.21111111111111	1.5
1.75714285714286	0.524661104310599
2.04583333333333	1.04092566236399
1.85	0.707106781186548
1.59166666666667	1.30384048104053
2.44666666666667	0.302282980003837
1.76428571428571	0.881718528566821
2.02380952380952	0.993530661128873
>>>>>>> 84192eb01fc0766d51556ad82ee05ffbfeb71e70
