1.91692307692308	0.822072902552778
2.55839160839161	1.46860361683131
1.8375	0.951059350876111
1.93680555555556	0.89667703594445
1.97959183673469	1.10043870275284
2.02445887445887	0.853437082285383
1.91746031746032	1.18738222287934
2.01994301994302	1.00007183125265
1.76963512677798	0.63913227118262
1.73809523809524	0.550887417113596
1.35	1.03165185772893
1.9212987012987	0.735687119086696
1.4875	0.801431011794943
1.51666666666667	0.750555349946513
2.62916666666667	0.687908128017537
2.15625	1.05265042472165
1.64	0.610737259384099
1.87619047619048	0.892999988573257
NA	NA
1.81758241758242	0.757340335868634
2.21547619047619	0.156353234981535
1.525	0.683333333333333
1.57333333333333	1.03142296529277
1.77857142857143	0.690706037277779
1.91792929292929	1.16897449818654
2.36839826839827	1.29647211280517
2.0297619047619	0.715178014089314
2.03174603174603	0.401904009628424
2.89772727272727	0.957427107756338
1.96527777777778	0.941488429542797
1.86846486846487	0.989701768622726
1.93576066790352	0.655427368224389
2.09243697478992	1.00074234177271
1.97424242424242	0.195409516385385
2.19545454545455	0.740198684435164
1.95089285714286	0.836606031152384
1.77261904761905	0.791136891602663
1.23333333333333	0.494413232473044
1.35416666666667	0.834374349770866
2.46103506629822	0.890098232243048
2.23463203463203	0.596684586396268
2.54404761904762	1.13894419422157
2.31889338731444	1.20431924313916
1.62083333333333	1.59770524097439
2.47301587301587	1.22196967087699
1.74222222222222	0.857515791885685
2.11590909090909	1.17520683758695
1.76388888888889	0.762205215229768
2.03878787878788	1.23139487303356
2.42176870748299	0.990638432261412
