5.3768611056596	1.25830573921179
4.5903520745428	1.07501340659694
4.61881233480811	0.873212945449878
4.85653547042204	1.29891739508318
5.20010213146301	1.21861445387664
4.56254201361076	1.48509771422429
5.08511690395727	1.23866616937131
6.23968395675804	1.19923942622648
4.83366259154091	0.656890479487119
5.33275863956336	1.27547112771621
5.08240083393146	1.41010706612721
4.76890369515667	1.36242518523721
4.96327389436182	1.489850665288
4.96546011990602	1.11538286758046
4.69939963577412	1.22444993638053
5.37077786633778	1.56276976430154
4.50172325110704	1.52905094173119
4.31533923607931	1.45716109243903
4.6486685224974	1.10895504294728
4.86056426309815	1.06459867391863
