1.3125	0.554338945652086
1	0.5
1	0.408248290463863
NA	NA
1.16666666666667	1.20329408984947
NA	NA
NA	NA
NA	NA
1.1875	0.621285256842918
1	0.90267093384844
1	0.763762615825973
NA	NA
NA	NA
NA	NA
NA	NA
NA	NA
NA	NA
1	0.5
1	0.5
1	0.408248290463863
1.33333333333333	0.304290309725092
NA	NA
1.6125	0.532877409291605
NA	NA
NA	NA
1	0.577350269189626
NA	NA
NA	NA
NA	NA
1.125	0.515949322805742
1.44166666666667	0.362731407620121
1.34583333333333	0.551659952963511
1.25	0.552770798392567
NA	NA
NA	NA
1	0.577350269189626
NA	NA
NA	NA
NA	NA
NA	NA
1.16666666666667	0.652630006915041
1	0.957427107756338
NA	NA
1	0.5
NA	NA
NA	NA
NA	NA
2	2.12132034355964
1.125	0.75
1.66666666666667	0.440958551844098
