1	0.5
1.43333333333333	0.313876597596123
NA	NA
NA	NA
1.5	0.707106781186548
1.59166666666667	0.161875580937038
1	0.408248290463863
1.46666666666667	0.506257144439756
1.42	0.624099351065197
1.54166666666667	0.308070458511373
1.1875	0.850857410694256
NA	NA
NA	NA
1.125	0.343592135468138
1.33333333333333	0.763762615825973
1.47916666666667	0.415971642551998
1.57619047619048	0.851569179824641
1.29166666666667	0.497679801865803
1	0.816496580927726
1.125	0.478713553878169
1.575	0.351056606177324
1.125	0.515949322805742
NA	NA
NA	NA
1.33333333333333	0.577350269189626
1.27083333333333	0.545923444639821
1.725	0.51720402163943
1.7875	1.01375950468212
1.25	0.739118594202782
1.76666666666667	1.12315692647176
1.725	0.912870929175277
NA	NA
1.16666666666667	0.793492047615872
1.20833333333333	0.831943285103997
1.4375	0.71483940180321
1.5	0.89938250421547
1.4	0.821583836257749
1.58452380952381	0.9322910847298
NA	NA
1.76071428571429	0.756862032377382
1.125	1.10029457335213
1.16666666666667	0.793492047615872
NA	NA
1.1875	0.554338945652086
1.35	0.85107774811314
1.5	0.456435464587638
1.61111111111111	1.01835015443463
1.75	1.24733275522916
NA	NA
NA	NA
