1.25	0.481125224324688
1.325	0.627229357306135
1.21	0.778941589594496
1.59285714285714	1.10929897578925
1	0.866025403784439
1.16666666666667	0.45133546692422
1.56349206349206	0.901994095574074
1.4625	1.08733236255832
1.125	0.478713553878169
1.23333333333333	0.678540099527409
1.77857142857143	0.783546793900206
NA	NA
NA	NA
1.1875	0.850857410694256
NA	NA
1	0.799305253885453
NA	NA
NA	NA
1	0.5
1.66666666666667	0.693888666488711
1.33333333333333	0.408248290463863
NA	NA
1.3375	1.10833333333333
1.29166666666667	0.695554668086051
NA	NA
1.16666666666667	0.59317101400174
1.98363095238095	1.2965298235418
1.6	0.489897948556635
1.4	0.810349718742881
1	0.577350269189626
1.3125	0.578851832893742
NA	NA
NA	NA
1.904329004329	0.645730166661183
1	1.15470053837925
1.2	1.06718737290548
1.38	0.43928603690787
1.33333333333333	0.623609564462324
NA	NA
1.38	0.522334503295861
1.78690476190476	1.26121246733257
NA	NA
1.33333333333333	0.781735959970572
1	0.408248290463863
1.36666666666667	0.776208734813001
1.125	0.25
1	0.408248290463863
1.78928571428571	1.10017778402519
1	0.408248290463863
NA	NA
