1.27083333333333	0.875
NA	NA
1.125	0.478713553878169
1.66666666666667	0.544331053951817
NA	NA
1.13333333333333	0.447213595499958
1	0.763762615825973
NA	NA
NA	NA
1.125	0.75
1.29166666666667	0.695554668086051
NA	NA
NA	NA
NA	NA
NA	NA
1	0.912870929175277
NA	NA
1.25	0.5
NA	NA
1	0.577350269189626
NA	NA
NA	NA
NA	NA
1.125	0.629152869605896
1.15	0.870823365174209
1.16666666666667	0.561083607686782
1.16666666666667	0.838870492807861
1.125	0.75
NA	NA
1.32	0.871970947528261
1	0.577350269189626
NA	NA
1.27083333333333	0.545923444639821
NA	NA
NA	NA
NA	NA
1.06944444444444	0.54113221496606
1.4375	0.314576434802948
1	0.623609564462324
1.84375	0.600323022614893
1.09333333333333	0.812198662068996
NA	NA
1	0.5
1.16666666666667	0.304290309725092
NA	NA
NA	NA
1.78730158730159	0.954872732355585
NA	NA
1.20833333333333	0.75
NA	NA
