NA	NA
NA	NA
1	0.459468291736341
NA	NA
1	0.53575837561072
NA	NA
NA	NA
NA	NA
NA	NA
NA	NA
NA	NA
NA	NA
1.2	0.836660026534076
1.23809523809524	0.792658109342785
NA	NA
NA	NA
NA	NA
1.13333333333333	0.451155922787972
NA	NA
NA	NA
NA	NA
1.11428571428571	0.627415965409547
1.14285714285714	0.97386482553417
NA	NA
NA	NA
NA	NA
NA	NA
NA	NA
NA	NA
NA	NA
NA	NA
NA	NA
NA	NA
NA	NA
NA	NA
1.16666666666667	0.735980072193987
NA	NA
NA	NA
NA	NA
NA	NA
NA	NA
NA	NA
NA	NA
NA	NA
NA	NA
NA	NA
1	0.516397779494322
NA	NA
1.08888888888889	0.626054665699765
NA	NA
