2.60749250749251	1.20297042632534
2.88262484480972	0.99705802189048
2.37453617810761	1.35836029048834
2.25381507381507	1.10319262348434
2.13906296013119	1.39753194925433
2.56623931623932	1.27101673438812
2.31635802469136	0.986550610632227
2.7807981492192	0.993617865092647
2.30569432831661	1.31345044317643
2.45061728395062	0.903202654055862
2.64115646258503	1.50796932772495
2.18109243697479	1.69111731110751
2.29199689199689	1.03992762354824
2.73320197644275	0.939652418363203
2.71319102353585	1.27288731078541
2.42307692307692	0.784860444384709
2.6042822109036	1.08152728556272
2.58790474044024	1.0919626491099
2.2525623885918	1.13775107700565
2.63173400673401	1.0053627424105
