1.66856060606061	1.46202167527867
1.82828282828283	1.26069347016301
1.77916666666667	0.958272944957248
1.44444444444444	1.02401714395371
1.38835978835979	1.41365348044045
1.89676173499703	1.81623342783767
1.33279220779221	1.25343734988052
1.78846371882086	1.35134757427365
1.39259259259259	1.01986443059366
1.66428571428571	1.21027348345814
2.02495543672014	1.69620798309624
1.85395622895623	1.11196238517429
1.51892551892552	1.22328479985403
1.84859049332734	1.36484607758746
1.73541666666667	0.923764905443534
1.85650522317189	1.13847905940905
1.57142857142857	0.540265791273572
1.48663967611336	0.794599398698399
1.95128205128205	0.945566201593226
1.71428571428571	1.1852265204432
