3.04680339240638	1.41009898765808
3.90031836250321	1.86630690137491
3.79582629879907	1.92727487948021
3.26912474449239	2.28036661502207
3.26891209488418	2.05411086639663
2.75197199995715	1.40851580639595
4.85682441753073	2.20362539574868
3.10640223524496	1.68346611174237
3.43768035516093	1.43613327939372
3.43452132547736	1.93220558176478
3.63758925094821	2.01494785031717
3.18941116147264	2.74061467934915
3.00934522159108	2.06892214658136
2.9015026155549	2.30791130608678
3.14526288801922	1.29408311447125
3.30795805343315	1.32631081727248
2.85074835416566	0.995486062035384
3.58371892733757	1.96608419261169
2.2818487050177	1.24201703266469
3.60534788225191	2.18117416527406
