3.1391068917056	0.787909475659773
3.5010188141339	0.923602424644186
3.53401413757909	0.912557549416605
3.54799327498314	0.982599508688251
3.67641960851094	1.13815044052284
3.69630544731029	1.0106061806511
4.26532908151759	1.03572284289977
3.36800426461925	0.721053317358366
3.61689714524328	0.955048433379642
3.57239382576358	0.578009031393039
4.14566567639221	1.30217769743493
3.92394862809192	0.858965564940249
4.36651430174652	0.871441648535312
3.56198667674073	1.14033218082777
3.79883891918727	0.980722684950358
3.32239224012494	0.859200264400991
3.31294850473219	0.589724075921615
3.4210384971597	0.648225151386637
3.37484042350149	0.634519913095086
4.0146891201052	0.351453733666426
