1.50850340136054	0.630829363783101
1.35625	0.419933620982824
1.68200371057514	0.410411251578893
1.74263038548753	0.770108598417372
NA	NA
NA	NA
1.16666666666667	0.396512575112344
1.65555555555556	0.676585168114062
NA	NA
1.14285714285714	0.694079269065164
1.50714285714286	0.654160979653776
1.44642857142857	0.63821072160382
NA	NA
NA	NA
NA	NA
NA	NA
NA	NA
1.2	0.701189465598754
1.5297619047619	0.94798826355151
1.70191713048856	0.455173266509012
1.41964285714286	0.40576656030004
1.11428571428571	0.743703730053331
NA	NA
1.71825396825397	0.381688827402819
NA	NA
1.07142857142857	0.572172135271329
1.1	0.777051815395552
1.38095238095238	1.05366110281092
1.19642857142857	1.00741299990667
1.325	0.611904247215315
1.59744897959184	0.944122784836498
NA	NA
1.16666666666667	1.44498507238325
1.125	0.781291665555615
NA	NA
NA	NA
1.28571428571429	0.958462724184302
1.59400123685838	0.725764662851401
1.60425170068027	0.811068939689416
NA	NA
1.52604166666667	0.799285860568521
1.1	0.726046043404175
NA	NA
NA	NA
1.14285714285714	0.599603043290984
NA	NA
1.31904761904762	0.420144218121783
1.56462585034014	0.638992048121523
NA	NA
1.38367346938776	0.5161258755838
