2.40488267770876	0.73483704024267
2.62684757688605	0.920858569246501
1.8807674963925	0.960499560166095
2.34599067599068	1.30640679735279
2.03618927368927	1.03274295481062
1.98203659331479	1.29273538974343
2.66382259699605	1.01993138624729
1.86226273726274	1.00573716747187
1.78706303095401	0.968466093262247
2.07552629662005	1.2053276607025
2.12777777777778	0.934383231045901
2.73291708291708	1.17771588709528
2.44919217687075	1.05988616722411
2.82173937173937	0.830089383304989
2.31993067118057	1.29564413217367
2.50538167714638	1.13356673968744
2.19323593073593	1.08415632674793
2.31010873087486	1.12744848648045
2.28395694584052	0.962686808453795
2.46931420709616	0.974172182107058
