5.48197201423977	1.32552941239246
5.43032409446112	1.83720130687285
5.13940848678915	1.52385380220978
6.03274622891259	1.41418007619752
5.67471369892569	1.62441234880525
5.91496335082212	1.78598300871081
5.31247426414219	1.67545508596447
5.31089791452956	1.4372691685164
5.91855276322126	1.27739579460622
6.73735666575898	1.255866392107
5.71644314477898	1.64766986762114
6.06898916769491	1.58519852153557
5.3229426869695	1.4664448666994
4.65755161891131	1.27241172933101
6.33151498313562	1.6989191488151
5.16664819053764	1.73180525808956
5.72991957472238	1.8678941012872
4.74575324836488	1.47471819188101
5.28349338389025	1.55457985843002
5.00087287470358	1.35587970259629
