2.52130083739365	1.66577172385187
2.71348568208687	1.72109354244106
3.3816578065174	1.75620953236402
3.62140861177602	1.89595864661973
3.4391439129685	2.19185030665272
3.08821443142741	1.79144133303487
4.19218212925495	1.76945782682456
3.19844185842331	2.02011332100002
2.92359058263101	2.26736437474299
2.86924873411726	1.89906726423341
2.75058384719975	2.33995251074721
2.79597343867625	1.38457505752903
3.63399423138826	2.07542595468787
3.19409292074635	2.10270246010975
2.75135217272792	1.86882365718534
2.5084845069081	0.867094644546511
3.22944880794436	2.27491665935072
3.5093998493041	1.67415422992449
3.20052324782881	1.17344115289232
2.45423194547053	1.25673514998767
