1.48888888888889	1.03206527417539
NA	NA
1.29583333333333	0.529281483606681
1.4	0.651920240520265
1.10714285714286	0.626783170528009
NA	NA
1.175	0.842944574426786
1.60770975056689	0.750625521501485
1.16666666666667	1.03279555898864
1.28154761904762	0.675099423984597
1.49107142857143	0.863098874024713
1.21875	0.692272396841425
1.36607142857143	0.746217923167552
1.38214285714286	0.477343841331532
NA	NA
NA	NA
1.20238095238095	0.336296354567275
1.36527777777778	1.08366803946277
NA	NA
1.68452380952381	0.755557014471047
NA	NA
1.125	0.494011760029677
1.07142857142857	0.521368772391862
NA	NA
NA	NA
1.24166666666667	0.638388347747421
1.07142857142857	1.0231448562278
1.63690476190476	0.836468968400503
1.47448979591837	0.432435652887628
1.18571428571429	0.769946400938052
1.22592592592593	0.791759253845121
1.43097643097643	0.780916298416991
1.21428571428571	0.562848951139595
1.48299319727891	0.829193908710628
1	1.08067439261655
1.07142857142857	0.79992559177773
NA	NA
1.31666666666667	0.69693205243717
1.10714285714286	0.983494740586804
NA	NA
1.44270833333333	0.543968324168248
NA	NA
1.2891156462585	0.833296889387748
1.44356532356532	1.00989955829811
1.525	0.544288526426931
1.28571428571429	0.567674745018807
NA	NA
1	0.52704627669473
1.45918367346939	0.704424560741025
1.85172466422466	0.75208630751363
