2.49891304347826	0.87485271319306
2.6867180438609	0.92625551507486
2.12244897959184	1.53624812743186
2.52106227106227	1.19545914817526
2.12090541037909	0.960741504069515
2.23089285714286	1.11544926632686
2.2990897990898	0.896524146030036
2.45079365079365	0.894052374598981
2.32244071717756	1.35032103470771
2.4015873015873	1.20696204149696
2.19243779383098	1.13658205615301
2.27291666666667	0.863266645914257
2.12205306655067	0.99163650105881
2.45089285714286	1.3197595867661
2.31133322087269	1.37366538928738
2.4551282051282	0.833549328633898
2.15596321241483	1.0649126578119
1.87016648764769	0.993395165299762
2.09319727891156	1.2037674141936
2.57082525317819	1.28162536677795
2.5480303030303	0.690551064168616
2.35961538461538	1.2224230780782
1.88260224623861	0.425939389016089
2.46247563352826	1.03177850107369
2.28571428571429	1.22979705384701
2.51812349033816	0.994564806758951
2.19047619047619	1.00198216250004
2.73357475857476	1.08275411061273
2.58717948717949	0.751726022829931
2.41416186153028	1.50972968959842
2.53209649376992	0.934341991990804
2.19438181251946	1.38288801970688
2.31339285714286	1.44962263864105
2.356524427953	1.47461636031713
2.25456678397855	0.874381124089757
2.10393508280505	1.07351523745784
2.81289951878187	1.37500480288103
3.01899058149058	0.924896946077723
2.11228875291375	1.2094777805029
2.17984693877551	1.10343595749526
2.06244343891403	0.635720461324787
3.02915152074816	1.45650865927836
2.5099186527758	1.15663689782571
1.81953463203463	0.663094910476734
2.30112347969491	1.03135407149141
2.51701808870001	0.931748711846185
2.59804792795995	0.894115602616972
2.09487795118047	1.4464490026258
2.55776515151515	0.993491945677484
2.23057679812066	1.14546018989716
