1	0.641179468722378
NA	NA
NA	NA
NA	NA
NA	NA
NA	NA
NA	NA
NA	NA
1	0.408248290463863
1.14583333333333	0.444878260501305
NA	NA
NA	NA
1	0.408248290463863
NA	NA
NA	NA
NA	NA
NA	NA
NA	NA
1.26428571428571	0.54035555607778
1	0.408248290463863
NA	NA
1.2	0.811377429642539
1.5	1.06718737290547
NA	NA
NA	NA
NA	NA
NA	NA
NA	NA
NA	NA
NA	NA
NA	NA
1.0952380952381	0.50787450018337
NA	NA
NA	NA
1	0.408248290463863
NA	NA
1	1.06144555520604
NA	NA
1	0.625261849909605
1.35714285714286	0.801783725737273
NA	NA
1.21428571428571	0.4352977452091
NA	NA
NA	NA
NA	NA
1.1547619047619	0.566071115617559
NA	NA
1.16666666666667	0.333333333333333
NA	NA
NA	NA
