2.6119150519873	1.06382361175174
2.85374356685011	1.48122968883183
2.9043543719634	1.09984556512956
2.9557599889412	1.30209504784421
2.45197970349773	1.43278574410479
2.99922475015804	0.821375694556827
2.83014013907715	0.834921661591564
3.25503574462261	1.27341662436577
3.12707263775488	0.970427913436108
3.06026651027442	0.86700773418954
2.64444394717425	0.835850952141077
3.23856522757886	1.18888254348718
2.63726508785332	1.44514759197316
2.91137512591088	0.871783968330971
2.71148854190506	0.827065598521801
2.87825333847267	0.908704062366376
2.80914432958946	1.4112296562047
3.07842567329962	0.995589335248157
3.10402352277352	1.28281575368153
3.20281300398947	1.06633710723807
