1.0952380952381	0.479748611419283
1.35714285714286	0.511639703565881
1.08571428571429	0.717469096729542
NA	NA
1.21428571428571	0.336296354567275
NA	NA
NA	NA
NA	NA
1	0.632455532033676
NA	NA
NA	NA
NA	NA
NA	NA
NA	NA
1	0.781735959970572
NA	NA
1	0.447213595499958
NA	NA
NA	NA
NA	NA
NA	NA
1	0.816496580927726
NA	NA
1.56349206349206	0.938047312314839
1.2	0.670820393249937
NA	NA
NA	NA
NA	NA
NA	NA
NA	NA
NA	NA
NA	NA
NA	NA
NA	NA
1	0.610750254208603
NA	NA
1.16666666666667	0.759202798262025
NA	NA
1.38988095238095	0.59407198701265
1.15925925925926	0.613511699104648
1.07142857142857	0.695735308179496
NA	NA
NA	NA
NA	NA
NA	NA
NA	NA
NA	NA
1.28571428571429	0.675046539645846
1	0.408248290463863
1.25	0.761941963377497
