3.0654363283775	1.24380552418263
3.15342270669685	0.926105141321395
2.76241563819204	1.13097506435251
2.89353059912523	0.625733306037347
3.09362442387358	1.0399580971001
3.07246608776214	1.24580591165562
2.61979188204678	0.859456690399479
2.47196522929661	1.06090153135798
3.08208596077012	0.989535288091616
3.24294202529497	1.41698190055878
2.87769357197725	1.15351372695535
2.92975801697606	0.367780560358668
2.5668821667463	1.21809865791733
2.41673853487883	1.04458984486511
2.98474729922049	1.32563002704972
3.13739495279276	0.972608269342754
2.61219808658833	1.33670615526837
2.70063759149229	1.05071114007617
2.76261243455382	0.753879240326188
2.73845235452378	0.877876738285214
