NA	NA
NA	NA
NA	NA
NA	NA
NA	NA
1	0.434613493680177
NA	NA
NA	NA
1.1547619047619	0.930984857144736
NA	NA
NA	NA
NA	NA
NA	NA
NA	NA
1.16964285714286	0.932165337128259
NA	NA
1.17857142857143	0.522699039327877
1	0.819891591749923
1.16666666666667	0.506896877524852
NA	NA
NA	NA
NA	NA
NA	NA
NA	NA
NA	NA
NA	NA
NA	NA
1.0952380952381	0.345032779671177
NA	NA
1.15555555555556	0.518678877319848
1.2	0.811377429642539
NA	NA
NA	NA
NA	NA
1.16666666666667	0.516397779494322
NA	NA
1.51020408163265	0.520072735853064
NA	NA
NA	NA
NA	NA
NA	NA
NA	NA
NA	NA
NA	NA
NA	NA
NA	NA
NA	NA
NA	NA
NA	NA
NA	NA
