1.125	0.754615428178118
1.20833333333333	0.547360187265364
NA	NA
1.07142857142857	0.702885210434548
1.16666666666667	0.421637021355784
1.25	1.18271278162093
NA	NA
NA	NA
NA	NA
NA	NA
NA	NA
NA	NA
NA	NA
1.45436507936508	0.803378054987653
NA	NA
NA	NA
NA	NA
NA	NA
NA	NA
NA	NA
NA	NA
NA	NA
NA	NA
NA	NA
NA	NA
NA	NA
1.10416666666667	0.840150685652981
1.07142857142857	0.417855447018672
NA	NA
NA	NA
1	0.700198384586667
1	0.760116950066092
NA	NA
NA	NA
NA	NA
NA	NA
1	0.552770798392567
1	0.55097316501934
NA	NA
NA	NA
1.15555555555556	0.680175630913729
NA	NA
1.27083333333333	0.438137290942332
NA	NA
1.22857142857143	0.360775179521444
NA	NA
NA	NA
NA	NA
NA	NA
NA	NA
