1.41428571428571	0.366594509494529
1.2047619047619	0.880851560082328
1.21428571428571	0.329341173353118
1.27777777777778	1.22323190617981
1.98186553030303	1.08866804062514
1.30833333333333	0.816795075285924
1.50255102040816	0.643018092446677
1.57256235827664	0.669081488335203
1.51360544217687	0.721898210441796
1.61904761904762	0.786894522688976
1.60714285714286	0.88618139244596
1.54675324675325	0.562624451800082
NA	NA
1.0952380952381	0.395075506814401
NA	NA
1.79166666666667	0.640095478989051
NA	NA
1.24761904761905	0.571501318120752
NA	NA
1.19047619047619	0.517370232688312
1.28571428571429	0.566946709513841
1.21428571428571	0.753720928524104
1.88576066790353	0.948150873029439
1.69580498866213	0.589690856095392
1.1547619047619	0.43415672687644
1.61011904761905	0.479742562474777
1.91187384044527	0.769367328175879
1.57321428571429	0.370948036442034
1.51360544217687	0.677520369904767
1.39772727272727	0.520270908452335
1.74553571428571	1.02312086275554
1.41785714285714	0.552025491129842
1.33333333333333	0.566736690351415
1.46996336996337	0.601530684811313
NA	NA
1.58928571428571	0.702355729974898
1.67916666666667	1.0240462074148
1.63333333333333	0.816950064206747
1.57142857142857	0.608863109175031
1.62857142857143	0.730697178964678
1.70340136054422	0.456917225118604
1.56666666666667	0.551093189672766
1.4	0.829770160055493
1.46269841269841	0.802958347913268
1.8358843537415	0.625338694536983
1	1.0295630140987
1.425	0.597415066687108
1.93681318681319	0.859374735841041
1.6351919685253	0.601358411009127
1.49591836734694	0.699431140043896
