2.40732491163482	0.923591204473473
2.85349103277675	0.813504305901281
2.00732774170274	0.941302408001577
2.70271899701926	1.19523396300714
2.61493717289525	1.27222090820262
2.27814919579625	1.35025635687738
2.15018466450522	1.38790685744984
2.64618677452439	1.70500113716581
2.3901796899131	1.00278948887971
2.60416544996377	0.876977991690272
2.32544560702455	0.891851066388948
2.39300206377865	1.2273470800591
2.52560830783926	0.921804011503672
2.56670687063832	1.0900728825118
2.51527103124214	1.06799060414739
2.01878306878307	0.876141231075289
2.72229091910854	1.09178941038115
2.11898707808482	0.870752886806552
1.91636240393593	1.25423212616585
2.64613892212932	1.1617537930589
