3.46329767745824	1.54242138403381
3.85404273219243	2.15682995032432
3.48826178287408	1.48208363259689
3.56237263440645	1.98849077433086
4.12924406068646	1.75859053925234
3.02559541546423	1.71426767867195
4.00365504787184	2.18254501831764
3.86780678334991	2.6333645040944
4.12873468303569	1.31309361576788
3.7203792672881	1.42035066915407
3.62973320691663	2.37329742235887
4.02731027489775	1.96463660176289
3.15238101083702	1.80723910309396
3.70683460448025	1.63973805763445
3.82047317861358	2.09789342456884
3.84460345238601	2.40268128256309
3.90222541601983	1.70522497099319
4.31939801368571	2.25858433175057
3.5253709499387	1.93066167940461
3.18463395959463	1.12002498272147
