NA	NA
1.18571428571429	0.561778637984071
1.42857142857143	0.516013411908878
1.27083333333333	0.430369903650632
NA	NA
1.41666666666667	0.707106781186547
1.1547619047619	0.51511543885222
1.08333333333333	0.598087228866604
1.50833333333333	0.771876706989951
1.54603174603175	0.786915334505681
1.47916666666667	0.665340943748821
1.25	0.647645307590848
1.45265151515152	0.553230375469154
1.21428571428571	0.566946709513841
1.6219696969697	0.790646925891237
1.14285714285714	0.465758754003848
1.51851851851852	0.649073413641551
1.15238095238095	0.638920929887671
NA	NA
1.33531746031746	0.741174213564266
1.33333333333333	0.5
1.60714285714286	0.595292514519178
1.0952380952381	0.498675494362064
1.05833333333333	0.919756696606435
1.32142857142857	0.624404478187779
1.4396694214876	0.740246750543667
1.5974025974026	0.769196585482497
NA	NA
1.25357142857143	0.850542543937468
1.64893836322408	1.29949606627918
1.14285714285714	0.50395263067897
NA	NA
1.56547619047619	0.751871562542996
NA	NA
1.18571428571429	0.83917003593214
NA	NA
1.38392857142857	0.463694460437154
1.25	0.718795288428261
1.42857142857143	1.06089397761795
1.34285714285714	0.973008752142565
1.28571428571429	0.589995964473689
1.33333333333333	0.723289809238419
1.48214285714286	0.491747370293402
1	0.408248290463863
NA	NA
NA	NA
1.46326530612245	0.511756820894239
1.07142857142857	0.750661084306402
1.21428571428571	0.889830850105199
1.16666666666667	0.772501947738165
