1.53223443223443	0.907275215063266
1.38888888888889	0.721687836487032
1.32121212121212	0.918001782529464
1.32595238095238	0.882706997101058
1.3243006993007	0.699136020495877
1.22	0.787824007419593
1.39562937062937	0.536388884179184
1.38585858585859	0.948538068235078
NA	NA
1.51825980392157	0.720643073662157
1.45944444444444	0.559633490194297
1.35930735930736	0.762813040864081
NA	NA
1.20714285714286	1.01652307450334
1.49777777777778	0.995503116532769
1.3202380952381	0.74448898473819
1.50229568411387	1.09239718846555
1.80075757575758	0.904477718615835
1.52469752469752	0.787327508705997
1.58487892198299	0.98800696493753
