2.26873840445269	1.72304956174512
2.25879329004329	1.20086975097257
2.36363636363636	1.58378636407049
2.14146041090953	0.952445240416143
1.84921727395412	1.35269079645517
2.3512599469496	2.03625902000156
2.12866996551207	1.37953502253144
1.9942077920648	1.36305847253519
2.16408783783784	1.91050393925884
2.11378446115288	1.64097207495889
2.11949191159717	1.90356376031841
2.27388214125056	1.87838794208011
1.81363636363636	1.19830521442875
2.09011241279254	1.30035382242909
2.31116990846682	1.80086053887307
2.09695238095238	1.3975031653566
1.85705443981306	1.65660530306802
2.18010817307692	1.53414053273072
2.56944444444444	1.56626603755924
2.58803050397878	1.67036811673455
