1.35526695526696	0.650728730088173
NA	NA
1.49861111111111	0.800207074108975
1.49666666666667	0.867213062057381
1.45887445887446	0.86450409139228
NA	NA
1.42857142857143	0.643793409913868
1.15	0.462814791103523
1.22071428571429	0.581794265957679
1.7440293040293	0.932038240592118
1.35774410774411	0.960627714809611
1	0.50613519884135
1.37098255280073	0.659102959123422
1.21	0.79085045643563
1.6979020979021	0.572158896065051
1.41587301587302	0.443048955571636
1.34642857142857	0.655527690710302
1.36243386243386	0.610529260806993
1.26060606060606	0.993450412926444
1.46464646464646	0.707662090350308
1.25541125541126	0.671301145379691
1.18666666666667	0.668275835709022
1.42	0.775265784771285
1.3	0.631001462268565
1.35396825396825	0.686425100261759
1.13	0.564590032467723
1.43214285714286	0.676122187516472
1.39444444444444	0.461984150465367
1.26923076923077	0.621670619359126
1.35793650793651	0.517665262754841
1.14333333333333	0.894986033410578
NA	NA
NA	NA
1.47692307692308	0.733695959663421
NA	NA
1	0.564800849857718
NA	NA
1.58222222222222	0.885203780991716
1.05	0.541773493739329
1.43838383838384	0.506910083043498
1.28205128205128	0.491052419434503
1.14	0.880628283011343
1.42657342657343	0.424435875758206
NA	NA
1.32900432900433	0.630348004803724
1.38888888888889	0.628027646111089
1.28888888888889	0.892938307108494
NA	NA
1.27922077922078	0.440918813528847
1.1529304029304	0.613068194692632
