4.00045165635586	0.543125321365426
3.38528805309673	1.24153297782014
3.37278965164959	1.09562055363265
3.50537562544545	0.972774399307275
3.26992211345426	1.04924479330288
3.44554686746377	0.77395901265793
3.46997951192928	0.90793041042525
3.59230307527397	1.17148992980725
3.58460220298598	0.845075356870813
3.4639744065055	0.961199692083657
3.10366597167587	1.13096134086299
3.51803118485531	1.16408645543002
3.64719907500509	0.772702242585525
3.9396107764829	1.06272593162868
3.48856825623854	1.04648915301432
3.57871514175999	0.99673031003771
3.32539198018357	1.03091776450742
3.58299824136456	1.1120090164398
3.15163620832569	0.749476156283903
3.98081560008785	0.940146852585492
