1.84545454545455	1.20286410021093
1.65324675324675	0.911776860809964
2.22267206477733	1.49834532406107
1.81916996047431	1.22362728138303
1.9702479338843	1.56539589642587
2.28102076951182	1.72623339318544
1.74197175373646	1.51248462513758
1.68696757787667	1.77783373083242
1.98703703703704	1.51456700285442
1.72840579710145	1.12962698296849
1.76113360323887	1.23760994915564
1.83550295857988	1.53551492966569
2.0013468013468	1.49958072600072
1.93489133023391	1.57963070601497
2.28877209746775	1.88410563418569
1.74621848739496	1.24352538161836
2.004662004662	1.85824462257139
2.09454545454545	1.50841654641624
2.01212121212121	1.34042691055105
1.65853184248906	1.10378540015414
