1.61602034329307	0.408797341068561
1.27708333333333	0.766371196357262
NA	NA
1.52037545787546	0.750467564386046
1.15	0.75950763778375
1.26071428571429	0.667597847409245
1.82606658047835	0.50849657651171
1.17121212121212	0.527472532675658
1.73449235949236	0.91417358675301
1.17272727272727	0.575821766756613
1.46666666666667	0.422251460975917
1.38222222222222	0.30932911164992
1.57389479207661	0.535589194288667
1.49121212121212	0.890085989899114
1.23	0.670995207062789
1.53409090909091	0.660444447843169
1.56379731379731	0.999720925889676
1.87468531468531	0.782456064564708
1.81246400658165	0.685906240961689
1.32142857142857	0.415939377629371
1.30396825396825	0.714005677027793
1.215	0.63213580741194
1	0.860179805071099
1.63117623117623	0.624397284249145
NA	NA
1.39055555555556	0.801392178566969
1.72943722943723	1.11122762736842
1.69755244755245	0.383729963397154
1.64487496630354	0.546811507898097
1.34685314685315	0.500725660109501
1.51111111111111	0.420571357215272
1.41363636363636	1.02330837485706
1.57525252525253	0.957815830270915
1.31626984126984	0.682215198083141
1.84859032370345	0.671887245929886
1.08333333333333	0.923793841573105
1.24545454545455	0.899160262405528
NA	NA
1.26027777777778	0.679513626692985
1	0.460223375716136
1.3547619047619	0.727605092805045
1.36190476190476	0.786811803616919
1.61944444444444	0.6413274907731
1.57988980716253	0.69676067994987
1	0.742867317797635
1.66248041916491	0.770089967940093
1.25666666666667	0.461492479507495
1.14	0.756852295250135
1.16	0.751755147949873
1	0.716860438920219
