1	0.591607978309962
1.29004329004329	0.71609439117821
NA	NA
NA	NA
NA	NA
1.10833333333333	0.370705866565628
NA	NA
NA	NA
NA	NA
NA	NA
NA	NA
1	0.615639785653114
1.13333333333333	0.504914123000078
NA	NA
NA	NA
NA	NA
NA	NA
NA	NA
NA	NA
1.06666666666667	0.570358345231582
NA	NA
NA	NA
NA	NA
NA	NA
1.175	0.436613459631415
NA	NA
NA	NA
NA	NA
1.21818181818182	0.692317145752603
NA	NA
1	0.724268860098402
1.16666666666667	0.554868261733168
NA	NA
NA	NA
NA	NA
1.20238095238095	1.12177703839039
1.32678571428571	0.640873445869432
NA	NA
1.17333333333333	0.695640964669186
NA	NA
NA	NA
NA	NA
1.08333333333333	0.402538242949707
1.25	0.274584823682638
NA	NA
NA	NA
NA	NA
1.10833333333333	0.652641829815322
NA	NA
1	0.585946527708232
