3.05583340788826	1.6550582241942
2.90572210874874	1.63689218227989
2.56610274342004	1.96306469489588
3.34255385538746	1.44774266279576
3.07243498636126	1.14068532887268
2.4769240984611	1.35902283148406
2.90202203218842	1.35381290346039
3.08164826169792	1.80252086809801
3.01546378621379	1.57722379441487
2.60417945596514	1.34799196438801
3.51607038324158	1.40592081145023
3.02251466937784	0.877434893128315
2.94527478858284	1.65320044066125
2.74973493756626	1.52937529702651
2.832155002399	1.52998112864865
2.71881723703974	1.35808216068181
2.79031268180022	1.59425631233964
3.02500472523692	1.63347034506444
2.61443429948623	1.6635710294118
2.93903699224382	1.34798564501301
