2.07884892884893	0.93673115057136
1.61904761904762	0.871499404412972
2.07526455026455	0.552898390251465
1.85392857142857	0.798112320819564
1.7843443627451	0.575362398787203
1.50285714285714	0.803849393429332
1.42380952380952	0.825963040087512
2.0213443963444	0.52061679357117
1.61888111888112	0.875509636669831
1.59166666666667	0.512741689746446
2.04893233856445	0.674431391198478
1.90610051712993	0.699393650168785
1.48583333333333	0.627939910935777
1.64155844155844	0.358169992374094
NA	NA
1.71948717948718	0.677802650464626
1.84284719805082	0.510414046052493
1.59324782544597	0.603664594024337
1.92956063544299	0.780448012623939
1.4684126984127	0.711990217030403
1.86143790849673	0.624248362591468
1.97738095238095	0.941468288814179
1.41868686868687	1.08501087417681
1.90424063116371	0.546465839373994
1.53270202020202	0.813012205973335
1.72663817663818	0.618877899892755
1.84637445887446	1.04335396007148
1.56396825396825	0.668561513097039
1.76774475524476	0.983202222115781
1.9520757020757	0.734565114329191
1.9804569761789	0.683113161643922
2.25094068504595	0.937356478077927
1.74650496562261	0.676500865078871
1.87373949579832	0.707778055138029
1.49916666666667	0.404897677975102
1.92717470760234	1.0271319893316
1.94045991602383	0.546035770371493
1.60912698412698	0.496507419831959
1.46428571428571	0.800301498993981
1.87427698352068	0.726061934968164
1.28571428571429	0.890658669020538
1.79097285067873	1.0056023428587
1.72925170068027	0.608967973274987
1.74978991596639	0.467428310819597
1.36602564102564	0.391244771862796
1.70121732903688	0.525942466989311
1.56328671328671	0.550458043069763
1.55	0.445404778450643
1.46111111111111	0.951761262236463
1.66666666666667	0.747842415230828
