4.31010819870249	1.88287586805018
2.97447768289953	2.16459117401817
2.9634757566296	1.78669479593672
3.15488375076946	2.32476531972295
3.05926320431295	1.3542336968635
3.61917362466473	1.85905381162364
3.07983390323831	1.63573782295325
3.37277170730367	2.50147098972864
3.23811151903253	1.57519768544365
4.26595234677003	2.53483166898232
3.25810767609629	1.37580669202591
2.72996126525059	1.32252326960591
2.95786738642745	2.13115697561479
3.63403290515107	1.15880815010729
3.92146073508429	2.15348665189963
3.28474180087007	1.98511410575297
3.22298220633024	1.47628068421765
2.91411535100474	1.27950049699764
3.26957725339699	1.3514608743624
3.00486144782717	1.10006268156299
