2.20293671382381	0.630819401106635
2.73909448930596	0.653795653301823
2.53434346732309	1.04941969053746
2.58054343081308	0.36038317652066
2.62984127836102	0.997455885217691
2.44226942423873	0.358767114059986
2.06861888111888	0.561695744746374
3.0771441081687	1.33864682341065
2.38012903458756	0.332716065146665
2.74454927381345	1.02784401484271
2.47058249024664	0.926866879921094
2.4344153419601	0.877098586811164
2.45882714286233	0.633513482613857
2.80911685234153	0.653636947251541
2.57063295393612	0.788394790825569
2.24528770632298	0.972397017786977
2.7902477241559	0.81123849724475
2.39621280167788	0.582660705415867
3.00585919695597	0.989447289978749
2.64583871289235	1.00064534928548
