1	0.713624032148063
1.39428571428571	0.552471256986206
1.32954545454545	0.526523762737517
1.16666666666667	0.367759314743008
1.53486897717667	1.04437530818584
1.24464285714286	0.676464809933121
1.37539682539683	0.500581252806131
NA	NA
1.4759126984127	0.960939117114337
1.92350877192982	0.656241822219147
1.32380952380952	0.837532880113282
NA	NA
1.43030303030303	0.934092919109005
1.09090909090909	0.638416601895469
1.59128787878788	0.750296968113502
1.78802249786413	0.667026498998899
1.13825757575758	1.03654161211641
NA	NA
1.60405459924691	0.724322922940372
1	0.54581742979376
2.03292124542125	0.522659397990841
NA	NA
NA	NA
NA	NA
1.27922077922078	0.75108960224455
1.48282828282828	0.652609861427917
NA	NA
NA	NA
NA	NA
1.45	0.445138347200225
1.5797619047619	0.536107710643558
1.07272727272727	0.671452518685041
NA	NA
1.075	0.758338420821355
1.67592592592593	0.583691110877607
1.26495726495726	0.644515819065476
NA	NA
1.53111111111111	0.474551677409982
NA	NA
1.22571428571429	1.02980085255275
NA	NA
1.68517316017316	0.557532516271158
1.59641873278237	0.989560353707908
1.66262327416174	0.712100997617785
2.08343171979536	1.50475990080156
1.67198610213316	0.61368529467936
1.2125	0.894487268520337
1.16703296703297	0.527015662442583
1.35353535353535	0.480382259872748
1.2037037037037	0.388888888888889
