2.09985447489692	1.30549901206694
2.0465848806366	1.45615579878596
2.21503339850114	1.56522255143482
1.81229575163399	1.45287113934343
2.26071903978881	1.7576439618537
2.09142857142857	1.56599638288274
2.16692307692308	1.78463122598333
1.72717121588089	1.0748359033403
1.69256072039528	1.50726993252478
1.58	1.37958662622514
2.11347319347319	1.89825589974132
2.11766081871345	1.02527202997635
1.93333333333333	1.37054328238436
1.59275025799794	0.885012014665473
2.40594227504244	1.61026355673479
1.10416666666667	0.64542386824239
1.57070707070707	1.80168416125001
1.71108058608059	1.25835334112401
1.97197580645161	1.22674297487131
1.96737891737892	1.19031347768258
