1.83193852930695	0.821710189294443
1.60567966347378	1.34471790012412
1.75159089276736	0.740533413168698
1.69607843137255	0.786704202342333
1.88507881334352	1.02840033428029
1.32095238095238	0.937470598999611
1.56032937650585	0.897485727472594
1.3899025974026	0.892670331951689
1.62178344531286	1.21091410523243
1.7211454667337	0.77048620290456
1.39097142174065	0.710937544673612
1.35449594265384	0.893959770976331
1.5736185006547	0.71343477245382
1.74930569430569	1.0061339823142
1.56101398601399	0.785944732365609
1.78552554994863	0.986915196917353
1.64048892284186	0.784655399337353
2.01527472527473	1.11667122496847
1.68051796157059	0.584577720452248
1.85114166878873	1.07028715116517
