1.50526315789474	1.04303990396313
1.54859150137788	1.12924500230555
1.87454573934837	1.37796040478673
1.42317388493859	1.03173274654423
1.90658236500342	1.22704979821015
2.08742183742184	1.12734955615803
2.0032326007326	1.31183815747109
1.57125850340136	1.1722448183214
2.28545454545455	1.06915467411021
1.65280017921147	1.04082907980057
1.977728370345	1.00629083497041
NA	NA
1.62276610644258	0.820207793482138
1.61059228650138	1.07209168693296
1.52101398601399	1.11594660457045
1.38915327097145	0.790474158459921
1.72475819269298	1.14215661296432
1.89426726743442	1.55987856518168
1.41375291375291	0.850080069498869
1.99069686247705	1.52683089275716
