2.44407692307692	1.3345128559844
2.44018567639257	1.82471975534166
1.97578947368421	1.55993289923463
2.30590413943355	1.72826448234651
2.19706632653061	1.79982564554669
1.6682379349046	1.69010622048144
1.69565058130276	1.06978503880733
1.66852631578947	0.860844793258
2.37971401999535	2.26074784549892
2.3736719183962	1.38263464409885
2.47005579297246	1.71211594929808
2.23865121806298	1.77921613563189
1.94066296606619	1.04278258367229
2.35471023229644	1.23049063030608
2.0602009778839	1.95117226066479
2.28140825630109	1.0160409845998
1.86661939592974	1.57147188199342
2.40765355127159	1.69544731827874
1.63252865248664	0.803222599327838
2.34946871310508	1.33851460306231
