1.33928571428571	0.630616861974209
1.3510101010101	0.788896002244214
1.1	1.10210636871936
1.51709401709402	0.573940605329085
1.32837301587302	0.560465243300312
1.41558441558442	0.608380963223794
1.36237373737374	0.549721258822865
1.24675324675325	0.708698203526519
1.03333333333333	0.460139538685526
1.13333333333333	0.42716406192758
1.1	0.733249153417619
1.69705128205128	0.419934046006872
1.35162337662338	0.658473737014364
1.25	0.41223569909087
1.5	0.690516900915506
NA	NA
1.52272727272727	0.838600776666861
1.63484848484848	0.698321029687278
1.24357142857143	0.698622848974752
1.50727272727273	0.722011876653302
1.325	0.292525191486684
1.58683473389356	0.356855799451427
NA	NA
1.39072978303748	0.857338582658824
1.26857142857143	0.738515667935586
1.48989898989899	0.362156882889549
1.4234632034632	0.494412129041942
1.1	0.598764159346999
1.66057692307692	0.494204786639516
1.39761904761905	0.424526364915477
1.08	0.695346081343317
1.34126984126984	0.642175363980497
1.60595238095238	0.721219651241116
1.50833333333333	0.861305234988694
1.36166666666667	0.452840827239346
1.23783287419651	0.836680575591172
1.40836940836941	0.669369649253267
1.27045454545455	0.614188303964894
1	0.507657413402696
1.50285714285714	0.740060080319546
1.63688311688312	0.974039736955836
1.24666666666667	0.8323782887127
1.25108225108225	0.564992388161721
1.81666666666667	0.938661097566452
1.45796425796426	0.460286780001031
1.31313131313131	0.535777228946172
1.05	0.443053378608375
1.11666666666667	0.755549719865419
1.24	0.44522154285504
1.125	0.369036951544067
