0	1	1	1	1	1	1	1	1	1	1	1	1	1	1	1	1	1	1	1	1	1	1	1	1	1	1	1	1	1	1	1	1	1	1	1	1	1	1	1	1	1	1	1	1	1	1	1	1	1	1	1	1	1	1	1	1	1	1	1	1	1	1	1	1	1	1	1	1	1	1	1	1	1	1	0	1	1	1	1	1	1	1	1	1	1	1	1	1	1	1	1	1	1	1	1	1	1	1	1	1
5	1	0	5	2	1	2	1	2	2	2	1	2	1	1	3	1	1	2	2	1	2	1	3	1	1	3	1	1	NA	2	2	1	1	1	1	2	1	1	1	2	NA	1	1	1	2	1	2	1	1	1	2	1	2	1	0	3	1	1	3	1	1	3	2	1	2	1	2	3	1	4	1	1	3	1	NA	2	2	2	2	3	2	3	1	5	2	2	2	1	1	4	2	1	2	1	2	1	2	2	2	1
10	3	NA	5	3	2	NA	3	3	3	5	3	3	3	3	4	3	8	4	2	3	1	NA	3	1	5	5	4	3	NA	3	4	6	3	NA	2	6	2	4	4	3	NA	6	6	6	1	2	5	1	3	1	4	2	5	2	NA	5	4	2	4	3	3	4	3	1	3	6	2	3	5	6	6	4	2	3	NA	3	1	4	2	9	3	3	2	6	4	3	4	2	4	5	4	3	7	1	3	5	1	3	1	3
15	4	NA	7	2	2	NA	6	2	3	6	4	2	4	4	8	3	6	6	4	8	1	NA	5	1	5	4	8	1	NA	6	6	7	5	NA	2	7	1	5	3	4	NA	5	2	8	5	5	6	2	3	3	6	4	8	5	NA	4	10	4	7	1	6	8	2	3	2	4	5	5	5	3	12	5	3	3	NA	5	3	9	1	16	6	3	2	11	8	4	9	4	4	7	4	8	5	2	3	4	4	5	2	5
20	5	NA	7	3	4	NA	3	5	9	10	3	4	6	7	10	10	13	10	4	8	3	NA	8	1	5	5	17	3	NA	5	6	11	13	NA	7	8	0	4	5	10	NA	7	4	6	5	10	12	5	5	2	6	2	11	7	NA	10	13	8	12	3	7	5	8	5	5	6	4	6	10	5	14	5	3	4	NA	3	2	8	1	23	5	1	1	12	13	4	7	4	13	7	5	8	12	3	4	3	6	7	4	8
25	4	NA	16	4	7	NA	8	6	13	12	3	3	7	9	16	18	15	16	6	11	3	NA	11	1	7	5	22	6	NA	6	8	11	16	NA	11	15	NA	10	10	10	NA	8	6	7	6	17	13	8	11	2	10	1	15	7	NA	14	22	5	6	2	13	8	6	5	10	8	5	11	9	7	8	8	6	6	NA	5	3	11	5	33	9	NA	2	22	17	4	10	2	7	5	10	15	14	2	10	2	12	13	7	6
30	7	NA	23	2	7	NA	4	10	15	20	7	3	7	6	16	23	20	16	10	13	3	NA	14	1	10	4	23	5	NA	8	11	18	29	NA	10	21	NA	15	11	19	NA	13	8	8	3	23	15	12	16	3	11	2	20	12	NA	18	30	9	10	2	15	13	8	3	12	17	9	7	18	6	16	10	6	5	NA	8	8	14	3	46	7	NA	2	39	19	5	12	2	8	6	7	18	18	2	13	2	14	10	9	17
35	8	NA	32	1	7	NA	5	10	14	27	10	4	10	7	27	34	27	14	10	16	5	NA	23	1	10	11	33	6	NA	10	12	17	34	NA	13	30	NA	23	9	21	NA	15	9	10	6	24	19	15	27	2	19	3	38	7	NA	31	32	9	10	1	29	18	6	6	9	25	8	11	25	5	26	10	7	8	NA	8	11	28	3	60	9	NA	3	45	25	5	17	6	14	8	12	20	29	2	25	5	13	17	6	17
40	7	NA	40	NA	8	NA	6	13	20	31	12	10	10	15	39	40	29	16	9	17	7	NA	30	11	19	10	39	14	NA	14	29	22	34	NA	24	38	NA	39	19	25	NA	13	12	9	9	31	28	23	28	3	20	4	37	9	NA	33	42	17	18	NA	38	22	8	4	10	30	14	13	31	14	21	16	15	11	NA	11	17	29	2	73	11	NA	3	64	44	12	22	6	10	9	13	21	25	2	22	5	11	17	5	22
45	6	NA	55	NA	10	NA	9	13	31	43	8	13	20	16	40	38	42	16	13	29	9	NA	39	15	22	11	40	19	NA	19	34	30	42	NA	36	50	NA	45	23	31	NA	17	10	14	17	41	35	27	31	4	22	6	44	15	NA	46	50	23	17	NA	46	30	7	10	17	24	13	20	31	11	31	24	22	10	NA	10	20	26	1	84	21	NA	4	70	66	12	26	9	13	12	14	18	29	1	29	5	24	18	10	29
50	9	NA	68	NA	13	NA	14	13	36	48	11	11	21	23	60	47	52	20	11	34	13	NA	58	20	24	19	63	29	NA	9	39	44	48	NA	33	58	NA	66	35	44	NA	22	10	21	23	55	40	27	28	3	26	6	63	18	NA	45	64	25	12	NA	60	43	10	16	17	26	11	19	43	24	25	25	29	12	NA	13	23	50	2	104	25	NA	5	79	92	18	29	11	13	15	17	28	38	1	46	5	31	28	8	48
55	11	NA	104	NA	13	NA	11	18	46	66	16	22	22	32	84	56	62	36	16	40	11	NA	67	30	32	24	78	37	NA	13	39	55	71	NA	38	78	NA	75	41	39	NA	28	21	26	29	52	54	23	42	5	30	7	85	26	NA	58	89	35	22	NA	73	59	17	15	22	26	14	20	49	20	48	31	26	18	NA	19	30	69	5	120	28	NA	6	103	108	26	27	7	22	21	18	25	58	1	46	10	36	22	5	60
60	15	NA	130	NA	12	NA	17	15	58	93	17	30	22	37	95	72	88	44	26	48	15	NA	83	47	48	36	93	36	NA	17	37	83	92	NA	47	96	NA	79	50	57	NA	41	26	29	41	75	63	35	42	6	45	7	88	35	NA	77	96	36	20	NA	86	62	18	28	35	29	11	30	74	33	58	37	35	19	NA	21	47	91	6	148	30	NA	13	131	131	32	28	15	23	28	19	25	78	4	56	11	51	29	4	72
65	17	NA	155	NA	16	NA	13	18	61	127	23	40	32	41	119	85	104	53	35	66	20	NA	106	56	51	48	117	48	NA	35	50	98	115	NA	65	97	NA	108	78	71	NA	45	32	44	48	87	93	47	50	4	63	6	118	39	NA	100	109	47	28	NA	89	81	15	37	40	45	16	44	79	41	81	57	56	30	NA	41	60	115	12	158	35	NA	19	169	142	38	34	11	28	24	27	37	110	6	65	15	52	30	8	101
70	19	NA	198	NA	17	NA	14	28	83	138	22	46	31	37	149	87	103	69	37	72	26	NA	134	73	54	52	138	69	NA	40	68	139	148	NA	67	113	NA	123	99	95	NA	54	49	54	63	116	96	61	79	4	80	6	128	54	NA	116	127	57	36	NA	112	93	17	45	58	45	21	47	104	42	109	59	73	36	NA	54	65	141	11	211	43	NA	20	196	178	54	53	8	42	38	35	34	127	10	81	12	58	39	7	114
75	26	NA	275	NA	22	NA	19	28	131	166	29	41	35	56	174	100	129	89	49	86	34	NA	145	86	65	66	172	80	NA	41	76	140	152	NA	92	107	NA	156	118	116	NA	60	66	63	70	154	120	79	98	9	100	9	154	54	NA	141	170	68	63	NA	139	134	21	52	67	42	18	46	133	47	132	64	95	43	NA	58	60	188	15	243	46	NA	27	227	219	68	70	22	50	48	34	38	168	12	119	19	81	49	10	166
80	25	NA	322	NA	20	NA	22	27	167	180	36	60	39	66	263	121	194	102	49	115	35	NA	172	133	71	82	213	109	NA	38	99	170	206	NA	112	135	NA	196	143	146	NA	68	71	82	103	184	134	109	123	12	135	8	203	72	NA	172	200	74	68	NA	161	135	34	79	85	57	25	42	160	57	162	72	106	57	NA	73	83	220	15	334	72	NA	37	302	285	83	88	29	52	62	34	44	186	16	131	32	99	67	23	197
85	38	NA	368	NA	27	NA	33	47	216	228	49	76	59	74	302	154	229	128	65	119	50	NA	229	161	89	110	255	102	NA	63	123	219	233	NA	141	173	NA	239	172	186	NA	83	79	98	119	225	151	133	144	15	162	19	229	88	NA	207	232	88	76	NA	184	162	32	77	101	57	36	52	205	80	192	96	145	70	NA	91	116	276	19	402	92	NA	49	367	334	93	119	32	61	82	53	43	233	28	159	44	120	89	37	221
90	41	NA	457	NA	29	NA	40	56	240	275	82	87	80	77	398	171	257	159	93	153	52	NA	254	206	116	132	299	160	NA	61	154	250	301	NA	163	195	NA	259	229	232	NA	96	110	128	143	269	185	174	190	15	196	20	287	99	NA	264	314	116	100	NA	248	211	42	88	117	81	38	68	242	101	256	110	169	84	NA	124	167	349	23	473	123	NA	57	484	393	141	124	41	72	116	82	61	302	31	202	66	169	106	42	274
95	62	NA	515	NA	42	NA	48	65	303	306	95	101	88	112	458	225	311	195	129	181	67	NA	302	253	138	165	383	197	NA	83	168	312	383	NA	213	225	NA	321	299	279	NA	121	124	164	160	339	227	227	243	21	226	25	357	138	NA	303	360	155	138	NA	299	262	50	111	163	98	38	86	297	124	311	117	198	106	NA	182	196	388	25	539	153	NA	69	559	458	173	143	54	91	155	102	59	365	40	240	68	203	130	44	344
100	84	NA	632	NA	52	NA	62	78	364	394	141	125	114	151	571	266	367	246	144	223	81	NA	381	287	167	163	459	229	NA	96	208	385	503	NA	264	264	NA	398	340	333	NA	135	170	173	192	400	276	263	286	29	267	26	395	151	NA	366	441	207	148	NA	369	321	63	121	193	124	43	107	356	177	321	156	273	129	NA	231	247	475	39	634	190	NA	88	736	536	222	176	66	124	197	133	76	438	45	284	104	244	156	65	409
105	101	NA	768	NA	44	NA	62	87	440	464	165	142	147	163	719	302	459	301	171	270	112	NA	465	359	208	189	557	297	NA	139	267	457	581	NA	308	339	NA	509	434	397	NA	155	214	220	213	489	332	312	346	32	327	22	465	191	NA	448	558	244	178	NA	455	376	86	139	218	167	53	149	455	191	382	206	327	172	NA	266	298	602	46	735	234	NA	93	863	596	261	220	89	133	230	172	69	473	59	365	134	298	197	73	491
110	119	NA	918	NA	58	NA	81	114	546	607	198	172	174	184	822	388	563	365	237	318	154	NA	575	412	264	237	667	328	NA	149	345	546	689	NA	371	370	NA	610	547	487	NA	192	219	270	284	588	378	369	410	41	402	37	572	260	NA	491	663	308	230	NA	537	450	92	191	296	208	66	171	536	214	508	230	368	183	NA	324	356	695	55	884	313	NA	101	996	792	320	287	123	175	339	219	70	615	66	463	156	357	247	95	575
115	152	NA	1080	NA	71	NA	109	139	613	688	232	210	206	239	988	468	644	452	284	404	183	NA	669	522	315	298	791	417	NA	186	387	615	832	NA	448	447	NA	744	651	561	NA	245	291	355	353	670	507	440	540	50	479	45	682	310	NA	614	798	383	293	NA	685	552	106	221	386	268	90	224	653	273	576	291	457	211	NA	400	462	881	67	1069	425	NA	124	1169	911	428	337	137	183	374	228	97	734	81	592	215	430	337	121	695
120	191	NA	1235	NA	92	NA	129	165	726	817	230	274	276	286	1148	518	804	540	410	459	206	NA	854	637	401	330	933	535	NA	234	473	706	993	NA	533	570	NA	930	738	668	NA	298	370	428	453	855	592	519	629	69	582	43	821	362	NA	723	894	458	359	NA	777	614	144	291	443	300	109	245	812	372	710	363	568	233	NA	462	546	1034	102	1289	504	NA	159	1351	1117	573	398	152	231	466	284	119	847	85	700	267	539	424	151	837
125	237	NA	1484	NA	112	NA	164	170	946	941	287	339	337	367	1306	589	938	621	434	533	244	NA	1030	744	525	407	1111	621	NA	304	570	887	1197	NA	643	666	NA	1035	895	818	NA	361	455	527	545	1038	707	631	751	109	698	41	979	453	NA	805	1021	536	473	NA	883	762	170	293	545	366	118	289	941	471	798	419	722	291	NA	616	652	1183	126	1537	634	NA	197	1564	1285	676	480	197	273	586	355	147	987	131	893	339	636	527	180	955
130	288	NA	1724	NA	146	NA	177	200	1118	1043	320	401	412	459	1516	773	1082	729	560	618	317	NA	1249	913	611	493	1304	780	NA	374	686	1040	1414	NA	746	809	NA	1231	1060	911	NA	460	541	622	690	1147	870	748	873	132	833	58	1102	543	NA	953	1237	644	584	NA	1038	833	214	371	655	449	149	343	1148	561	914	514	857	362	NA	734	811	1490	149	1703	751	NA	212	1812	1485	834	575	205	365	670	468	188	1159	160	1036	435	765	609	244	1131
135	388	NA	1898	NA	172	NA	196	257	1310	1223	420	485	524	541	1754	850	1271	846	648	775	399	NA	1431	1081	743	562	1511	910	NA	461	848	1208	1576	NA	875	1004	NA	1374	1240	1131	NA	540	670	751	781	1366	977	850	1021	173	1002	76	1314	640	NA	1095	1433	818	668	NA	1188	1045	273	463	852	513	179	423	1361	654	1052	650	1064	468	NA	923	1025	1678	166	1938	891	NA	279	2006	1656	952	668	259	417	804	546	244	1462	205	1248	547	950	732	259	1343
140	478	NA	2048	NA	221	NA	228	293	1522	1427	488	609	630	704	1882	1033	1538	1074	783	903	501	NA	1622	1215	923	694	1751	1076	NA	551	983	1323	1821	NA	1056	1167	NA	1683	1447	1319	NA	677	773	889	965	1523	1159	1010	1245	215	1212	101	1595	762	NA	1232	1652	957	853	NA	1435	1229	347	532	985	644	224	504	1606	790	1229	823	1179	555	NA	1117	1174	1853	215	2118	1104	NA	316	2174	1961	1098	799	330	532	969	631	300	1653	242	1452	643	1111	866	301	1597
145	555	NA	2270	NA	260	NA	258	342	1698	1606	590	703	738	836	2095	1190	1707	1237	909	1033	608	NA	1860	1384	1092	857	1926	1361	NA	707	1158	1509	2020	NA	1280	1280	NA	1801	1620	1536	NA	783	900	1049	1177	1789	1379	1209	1396	245	1366	115	1774	895	NA	1469	1918	1124	988	NA	1651	1372	413	628	1100	727	268	605	1851	970	1454	937	1429	663	NA	1257	1406	2064	271	2373	1273	NA	409	2362	2090	1312	949	381	629	1131	830	335	1880	292	1634	784	1253	1008	395	1831
150	685	NA	2389	NA	315	NA	338	401	1896	1840	707	828	820	998	2264	1392	1963	1476	1028	1200	679	NA	2041	1548	1292	1020	2230	1495	NA	846	1387	1750	2206	NA	1480	1490	NA	2101	1774	1778	NA	996	1095	1202	1384	1981	1505	1409	1580	314	1536	152	2010	1085	NA	1663	2044	1301	1199	NA	1887	1541	456	780	1258	907	352	771	2039	1172	1642	1163	1646	777	NA	1398	1561	2220	310	2380	1479	NA	506	2402	2227	1521	1158	453	776	1318	984	476	2038	363	1855	916	1480	1154	459	1960
155	761	NA	2521	NA	391	NA	454	483	2108	2028	839	1000	996	1147	2470	1528	2165	1664	1231	1441	754	NA	2216	1772	1533	1258	2349	1772	NA	1017	1580	1999	2354	NA	1721	1774	NA	2146	2001	1914	NA	1107	1249	1408	1556	2191	1688	1542	1940	389	1757	175	2157	1286	NA	1876	2161	1534	1364	NA	2025	1777	574	907	1433	967	414	926	2234	1324	1781	1324	1863	951	NA	1637	1770	2439	398	2432	1676	NA	616	2482	2350	1729	1286	537	907	1468	1144	570	2286	426	2033	1049	1684	1379	562	2069
160	902	NA	2416	NA	461	NA	524	563	2385	2153	955	1138	1254	1333	2573	1746	2334	1864	1405	1654	907	NA	2366	1983	1704	1454	2497	1955	NA	1236	1769	2160	2453	NA	1863	1955	NA	2325	2181	2141	NA	1314	1459	1605	1774	2313	1905	1818	2056	449	1969	205	2281	1447	NA	1956	2265	1807	1641	NA	2203	1998	664	1050	1639	1154	509	1106	2369	1540	1965	1503	2142	1096	NA	1819	1921	2500	449	2463	1907	NA	715	2453	2490	1971	1470	679	1097	1708	1406	669	2426	511	2234	1258	1953	1636	718	2339
165	1088	NA	2423	NA	561	NA	648	718	2517	2327	1058	1391	1449	1565	2530	1936	2328	2006	1536	1920	1144	NA	2480	2143	1884	1706	2524	2201	NA	1458	2026	2334	2426	NA	2053	2264	NA	2418	2388	2285	NA	1489	1691	1841	2032	2413	2084	2003	2320	527	2187	278	2464	1606	NA	2226	2297	1972	1862	NA	2245	2207	855	1225	1922	1272	616	1294	2430	1710	2151	1633	2306	1277	NA	2015	2164	2498	578	2322	2107	NA	907	2498	2458	2227	1714	741	1365	1875	1595	797	2524	629	2415	1417	2239	1805	804	2427
170	1279	NA	2342	NA	687	NA	818	840	2555	2426	1295	1608	1701	1739	2422	2103	2367	2245	1809	2028	1337	NA	2570	2299	2003	1907	2416	2305	NA	1636	2182	2425	2464	NA	2222	2498	NA	2501	2481	2443	NA	1668	1871	2071	2193	2465	2272	2150	2403	636	2390	330	2482	1854	NA	2354	2403	2127	1989	NA	2318	2360	926	1453	2134	1504	699	1513	2521	1876	2301	1854	2402	1462	NA	2247	2346	2521	694	2186	2297	NA	1101	2324	2448	2305	1907	888	1567	2087	1785	934	2593	785	2434	1675	2290	1976	1002	2518
175	1490	NA	2106	NA	801	NA	960	1019	2553	2408	1517	1811	1892	1997	2225	2260	2396	2291	2018	2185	1568	NA	2539	2329	2146	2158	2343	2403	NA	1883	2398	2448	2329	NA	2398	2526	NA	2457	2536	2547	NA	1859	2061	2260	2441	2475	2437	2232	2639	763	2563	415	2482	1974	NA	2494	2338	2285	2215	NA	2418	2403	1100	1628	2254	1693	864	1731	2430	2061	2444	2001	2545	1758	NA	2413	2461	2332	809	2044	2458	NA	1237	2207	2362	2560	2126	1033	1778	2268	2054	1092	2483	935	2405	1808	2453	2209	1179	2506
180	1687	NA	1878	NA	942	NA	1159	1229	2460	2436	1769	2090	2136	2128	2013	2393	2266	2384	2130	2324	1813	NA	2462	2379	2351	2272	2145	2615	NA	2054	2434	2392	2260	NA	2441	2461	NA	2404	2522	2519	NA	2063	2272	2385	2496	2448	2526	2380	2646	920	2584	520	2384	2215	NA	2389	2310	2485	2289	NA	2329	2367	1234	1790	2410	1933	952	1991	2417	2228	2403	2154	2556	1916	NA	2487	2530	2217	1007	1829	2489	NA	1460	1960	2116	2543	2334	1181	1907	2322	2257	1280	2343	1101	2362	2044	2572	2352	1309	2378
185	1900	NA	1607	NA	1140	NA	1347	1420	2291	2299	2017	2346	2294	2381	1752	2428	2119	2376	2324	2396	2054	NA	2128	2350	2484	2426	1992	2540	NA	2165	2411	2312	1933	NA	2431	2519	NA	2230	2376	2487	NA	2202	2372	2461	2462	2179	2470	2394	2520	1035	2612	610	2235	2323	NA	2415	2132	2534	2466	NA	2236	2441	1450	2093	2413	2162	1193	2175	2247	2289	2410	2339	2450	2095	NA	2545	2506	1919	1123	1603	2455	NA	1656	1610	1942	2620	2451	1394	2184	2388	2498	1508	2179	1272	2248	2209	2587	2528	1550	2274
190	2158	NA	1427	NA	1377	NA	1536	1669	2111	2110	2158	2440	2412	2471	1507	2424	1876	2419	2413	2426	2292	NA	1945	2271	2589	2558	1724	2404	NA	2283	2390	2170	1725	NA	2399	2488	NA	1966	2184	2384	NA	2291	2331	2387	2368	1994	2389	2349	2445	1261	2538	720	1991	2419	NA	2170	2045	2429	2432	NA	2046	2326	1654	2236	2504	2357	1418	2306	1988	2352	2426	2514	2309	2262	NA	2526	2368	1687	1362	1370	2437	NA	1850	1225	1609	2562	2582	1621	2261	2448	2506	1648	1914	1472	2130	2369	2482	2483	1741	2039
195	2305	NA	1145	NA	1532	NA	1770	1856	1952	1883	2374	2541	2550	2518	1256	2301	1649	2322	2443	2318	2464	NA	1640	2181	2543	2537	1408	2233	NA	2401	2350	2042	1465	NA	2297	2165	NA	1683	1854	2001	NA	2317	2376	2300	2345	1729	2252	2196	2157	1413	2221	862	1727	2471	NA	2097	1780	2424	2488	NA	1824	2114	1943	2301	2446	2443	1628	2476	1726	2391	2315	2519	2142	2435	NA	2414	2217	1378	1561	1096	2248	NA	2040	970	1365	2386	2537	1882	2374	2352	2546	1820	1627	1685	1945	2385	2320	2406	1993	1736
200	2376	NA	915	NA	1803	NA	1958	2062	1644	1650	2498	2523	2555	2507	1061	2188	1442	2182	2353	2257	2512	NA	1365	1987	2408	2520	1170	2055	NA	2444	2204	1682	1223	NA	2178	2059	NA	1291	1658	1780	NA	2440	2351	2213	2190	1432	2050	2076	1957	1658	1981	976	1450	2508	NA	1939	1507	2149	2368	NA	1645	1963	2147	2503	2239	2513	1811	2531	1436	2288	1989	2429	1843	2487	NA	2199	2039	1127	1779	832	2006	NA	2221	731	1042	2127	2475	2109	2478	2311	2489	2018	1336	1898	1685	2496	2085	2299	2195	1433
205	2440	NA	655	NA	2039	NA	2142	2224	1291	1391	2499	2444	2587	2488	799	1925	1209	1965	2344	2044	2549	NA	1097	1679	2185	2391	961	1814	NA	2472	1991	1464	967	NA	1914	1721	NA	1150	1386	1426	NA	2413	2231	2141	2024	1136	1767	1922	1681	1898	1670	1047	1246	2293	NA	1569	1181	2031	2291	NA	1332	1675	2327	2412	2063	2425	2002	2495	1165	2174	1725	2329	1586	2432	NA	1886	1816	871	1964	627	1841	NA	2299	510	811	1850	2248	2306	2405	2120	2358	2163	1075	2093	1472	2470	1813	2080	2351	1208
210	2380	NA	463	NA	2260	NA	2299	2410	978	1155	2496	2221	2381	2319	576	1688	1026	1635	2152	1849	2512	NA	861	1430	1894	2214	719	1580	NA	2358	1722	1172	743	NA	1621	1410	NA	886	1062	1119	NA	2240	2094	1904	1785	899	1465	1689	1375	2039	1427	1292	929	2137	NA	1318	918	1770	2019	NA	1093	1451	2555	2358	1853	2289	2176	2272	897	1988	1381	2113	1350	2427	NA	1695	1450	695	2183	453	1550	NA	2422	369	651	1598	2019	2417	2335	1857	2235	2348	846	2144	1161	2411	1441	1843	2489	980
215	2262	NA	356	NA	2380	NA	2426	2440	782	902	2419	2105	2075	2037	439	1393	838	1409	2039	1626	2327	NA	695	1180	1640	1987	581	1281	NA	2262	1465	932	552	NA	1349	1116	NA	703	866	871	NA	2041	1919	1705	1561	682	1234	1459	1081	2285	1130	1490	770	1940	NA	1062	720	1572	1709	NA	872	1171	2644	2270	1592	2119	2371	2131	746	1835	1027	1851	1083	2277	NA	1443	1203	527	2324	344	1305	NA	2393	261	460	1229	1765	2516	2243	1610	1966	2445	671	2397	983	2217	1178	1668	2447	735
220	2211	NA	244	NA	2445	NA	2443	2337	546	707	2137	1914	1835	1742	313	1213	691	1147	1761	1335	2191	NA	508	958	1328	1678	426	1006	NA	2038	1206	722	419	NA	1087	852	NA	547	693	707	NA	1904	1682	1411	1330	503	992	1289	812	2322	896	1768	572	1671	NA	824	521	1320	1355	NA	702	920	2682	2152	1267	1911	2490	1928	572	1617	778	1541	875	1985	NA	1136	981	369	2468	260	1092	NA	2328	203	326	950	1476	2543	2088	1344	1735	2436	523	2427	785	1960	1010	1398	2477	534
225	2046	NA	172	NA	2478	NA	2477	2286	433	470	1892	1664	1557	1423	225	966	523	848	1478	1153	1989	NA	375	761	1106	1415	325	781	NA	1697	985	582	321	NA	904	649	NA	410	532	561	NA	1608	1380	1199	1073	398	751	1075	569	2491	677	1911	412	1421	NA	657	391	1002	1130	NA	588	674	2474	1856	1009	1700	2484	1741	409	1336	611	1348	674	1814	NA	936	790	270	2550	179	868	NA	2240	117	222	721	1174	2464	1780	1023	1459	2274	378	2507	604	1718	760	1137	2347	411
230	1899	NA	127	NA	2464	NA	2371	2149	328	365	1610	1421	1267	1132	166	740	419	629	1221	927	1690	NA	284	578	849	1077	259	576	NA	1464	756	431	229	NA	717	494	NA	284	394	436	NA	1343	1071	955	839	278	607	849	417	2560	559	2108	296	1105	NA	503	288	868	914	NA	435	500	2297	1564	817	1359	2486	1522	278	1099	426	1079	501	1566	NA	699	610	203	2532	158	690	NA	2160	81	168	525	929	2298	1537	795	1220	2239	280	2370	461	1440	598	895	2175	293
235	1596	NA	73	NA	2277	NA	2206	1968	241	294	1356	1142	1095	847	130	610	288	420	980	736	1411	NA	223	440	659	833	192	409	NA	1170	571	327	184	NA	534	377	NA	188	313	371	NA	1053	874	746	644	214	429	657	301	2485	440	2276	242	846	NA	344	198	649	684	NA	336	370	2043	1300	587	1110	2347	1319	235	869	320	808	374	1302	NA	496	465	141	2441	112	520	NA	1912	49	119	398	685	2132	1306	642	929	2089	228	2268	312	1170	432	692	1956	193
240	1349	NA	38	NA	2165	NA	2030	1791	172	235	1116	896	873	673	108	445	228	333	759	568	1159	NA	192	306	496	603	165	299	NA	896	456	243	125	NA	396	320	NA	140	211	248	NA	825	659	564	468	152	298	486	225	2288	317	2449	161	654	NA	248	156	509	531	NA	255	262	1753	1052	431	981	2113	1085	180	708	232	646	287	997	NA	367	346	101	2266	92	409	NA	1663	37	94	284	489	1873	1076	473	709	1889	144	2121	214	930	334	563	1672	150
245	1091	NA	27	NA	1962	NA	1785	1665	127	142	962	743	662	500	86	331	184	258	571	397	952	NA	136	235	365	490	105	209	NA	696	343	191	93	NA	293	241	NA	113	164	188	NA	685	492	421	332	124	240	360	168	2154	237	2402	121	508	NA	190	107	341	418	NA	194	179	1501	882	350	732	1874	875	138	547	142	486	191	779	NA	283	258	61	2062	72	318	NA	1452	17	54	207	376	1579	896	376	541	1685	106	1882	149	711	263	446	1455	87
250	892	NA	19	NA	1756	NA	1547	1419	96	109	736	591	505	397	77	235	131	204	392	273	761	NA	91	188	270	314	95	139	NA	503	262	134	62	NA	227	184	NA	93	120	162	NA	522	357	296	242	103	147	264	153	1915	162	2382	74	382	NA	128	84	264	308	NA	153	139	1131	647	280	586	1700	670	93	362	101	350	129	591	NA	206	182	40	1780	64	218	NA	1200	12	56	130	278	1265	704	285	418	1436	78	1603	111	564	216	318	1169	49
255	696	NA	10	NA	1530	NA	1286	1150	61	70	608	434	375	304	59	181	89	150	277	189	625	NA	69	132	191	226	56	122	NA	402	225	96	52	NA	161	140	NA	67	96	111	NA	385	270	207	150	63	131	176	112	1640	108	2371	34	280	NA	96	62	181	221	NA	109	105	925	480	177	474	1477	507	63	291	79	261	77	453	NA	168	141	26	1426	33	130	NA	942	9	32	107	225	1009	522	220	337	1170	51	1359	79	421	145	281	934	40
260	550	NA	6	NA	1281	NA	1041	968	59	54	456	298	289	216	48	117	73	126	206	146	465	NA	55	109	114	171	42	85	NA	306	161	70	42	NA	105	115	NA	57	63	101	NA	318	192	154	89	56	85	117	87	1341	57	2229	28	197	NA	65	52	136	146	NA	91	78	746	367	127	357	1156	414	50	219	58	191	59	343	NA	129	101	13	1117	30	100	NA	740	8	23	85	176	820	395	167	222	909	42	1077	61	301	113	184	738	32
265	395	NA	6	NA	1010	NA	809	735	44	43	330	220	230	144	40	82	63	93	133	119	353	NA	39	87	84	107	24	69	NA	236	147	44	18	NA	63	81	NA	57	49	79	NA	243	148	117	66	38	58	63	56	1111	43	2036	17	141	NA	45	39	90	103	NA	57	60	556	308	81	314	960	356	44	152	42	145	53	256	NA	110	78	12	905	23	70	NA	545	6	19	57	126	630	280	118	163	752	29	821	40	217	75	126	621	26
270	302	NA	4	NA	782	NA	655	590	32	27	233	137	200	112	34	57	43	76	109	91	251	NA	38	65	49	82	16	56	NA	194	104	30	10	NA	35	79	NA	48	36	45	NA	175	118	95	44	24	42	30	46	871	23	1800	11	114	NA	25	26	60	91	NA	37	51	357	236	59	217	722	260	25	115	28	103	31	165	NA	94	65	7	706	18	56	NA	390	5	13	42	78	501	185	78	121	548	26	630	18	152	52	93	459	11
275	217	NA	0	NA	592	NA	479	429	20	23	161	100	140	83	24	52	44	45	72	86	201	NA	27	38	27	65	9	45	NA	118	69	22	3	NA	24	58	NA	35	21	33	NA	114	84	67	34	14	28	20	38	624	13	1506	11	86	NA	14	21	41	63	NA	17	48	260	163	52	147	514	170	21	83	24	90	31	138	NA	60	38	4	529	10	45	NA	269	1	8	21	64	354	111	50	70	404	22	450	16	93	32	54	330	1
280	162	NA	NA	NA	439	NA	339	297	19	18	123	66	83	60	18	42	21	33	55	70	146	NA	7	31	22	50	9	40	NA	87	40	17	1	NA	14	50	NA	18	21	26	NA	76	81	57	19	10	17	17	21	458	2	1205	10	62	NA	14	18	30	49	NA	13	33	189	103	34	117	367	133	22	67	19	72	19	93	NA	47	34	4	366	11	30	NA	194	NA	8	8	57	248	74	24	50	291	18	320	8	75	28	39	245	1
285	117	NA	NA	NA	311	NA	233	245	12	12	75	55	67	49	14	32	18	20	30	49	98	NA	2	26	20	33	9	25	NA	64	29	17	NA	NA	15	32	NA	19	15	11	NA	65	60	35	16	6	4	13	14	325	4	992	8	41	NA	14	12	13	39	NA	4	22	133	72	25	83	282	99	12	68	15	45	22	57	NA	38	25	3	259	8	21	NA	139	NA	4	5	46	176	47	20	38	204	18	265	9	64	21	22	174	NA
290	80	NA	NA	NA	201	NA	197	171	10	9	52	38	32	33	10	31	12	17	17	39	67	NA	NA	19	9	20	8	26	NA	47	22	11	NA	NA	9	28	NA	19	11	5	NA	43	47	32	10	3	3	12	11	222	7	742	7	21	NA	5	6	10	32	NA	4	13	81	49	18	57	227	67	11	42	9	32	15	33	NA	21	11	1	218	5	18	NA	102	NA	3	1	32	132	37	18	27	126	9	197	7	38	19	16	128	NA
295	54	NA	NA	NA	129	NA	153	136	5	11	35	21	26	22	5	15	13	9	15	28	51	NA	NA	11	12	12	5	17	NA	26	17	6	NA	NA	4	22	NA	12	12	8	NA	33	25	25	9	5	3	12	7	168	3	591	8	17	NA	4	2	0	15	NA	4	12	57	38	9	42	161	50	11	40	14	26	8	30	NA	26	7	1	151	2	18	NA	61	NA	1	2	28	105	29	10	22	90	4	139	10	23	15	14	92	NA
300	39	NA	NA	NA	74	NA	120	105	3	6	27	14	18	19	2	8	16	3	10	24	34	NA	NA	7	7	7	6	7	NA	25	14	5	NA	NA	1	14	NA	13	6	6	NA	21	19	16	6	0	3	5	6	121	2	448	7	7	NA	7	2	NA	13	NA	2	7	33	27	8	29	124	38	4	28	6	20	6	29	NA	21	1	4	120	1	12	NA	42	NA	1	NA	23	90	30	29	12	77	8	107	7	19	6	8	77	NA
305	32	NA	NA	NA	56	NA	82	69	2	7	19	11	14	11	1	9	8	6	11	15	28	NA	NA	8	6	2	2	4	NA	14	10	2	NA	NA	NA	10	NA	13	5	4	NA	14	20	9	1	NA	7	NA	3	93	1	323	4	2	NA	5	2	NA	10	NA	1	5	23	27	9	17	74	28	5	21	7	6	4	21	NA	16	1	3	81	NA	7	NA	30	NA	NA	NA	19	64	18	14	8	48	5	87	6	14	5	2	58	NA
310	18	NA	NA	NA	51	NA	47	40	0	10	7	13	10	6	0	0	6	7	7	14	19	NA	NA	6	8	1	NA	5	NA	10	9	1	NA	NA	NA	8	NA	9	3	3	NA	7	20	6	NA	NA	4	NA	1	68	NA	256	2	1	NA	5	2	NA	7	NA	NA	3	8	20	6	11	57	18	0	8	3	2	3	15	NA	23	NA	2	60	NA	13	NA	13	NA	NA	NA	7	35	13	9	7	29	3	54	5	3	1	1	37	NA
315	11	NA	NA	NA	35	NA	31	25	NA	5	6	12	6	1	NA	NA	4	3	4	8	9	NA	NA	3	9	2	NA	3	NA	4	7	2	NA	NA	NA	1	NA	9	3	4	NA	6	14	6	NA	NA	1	NA	NA	53	NA	192	3	NA	NA	2	5	NA	2	NA	NA	5	1	8	4	6	38	19	NA	5	6	2	3	11	NA	12	NA	NA	48	NA	14	NA	13	NA	NA	NA	8	30	12	13	6	27	1	44	4	0	3	NA	23	NA
320	7	NA	NA	NA	19	NA	20	29	NA	3	6	7	8	1	NA	NA	3	0	1	9	10	NA	NA	5	4	NA	NA	5	NA	NA	4	NA	NA	NA	NA	1	NA	7	3	3	NA	2	10	3	NA	NA	NA	NA	NA	35	NA	144	3	NA	NA	3	4	NA	2	NA	NA	3	NA	8	1	6	27	16	NA	4	6	1	1	9	NA	9	NA	NA	46	NA	6	NA	4	NA	NA	NA	2	22	11	10	5	21	NA	28	3	NA	0	NA	12	NA
325	4	NA	NA	NA	6	NA	18	25	NA	2	7	4	9	NA	NA	NA	2	NA	NA	4	7	NA	NA	5	5	NA	NA	5	NA	NA	NA	NA	NA	NA	NA	2	NA	7	NA	3	NA	4	10	1	NA	NA	NA	NA	NA	32	NA	107	NA	NA	NA	2	2	NA	1	NA	NA	1	NA	5	2	5	23	15	NA	3	3	NA	0	16	NA	3	NA	NA	35	NA	5	NA	4	NA	NA	NA	2	11	6	2	4	15	NA	22	2	NA	NA	NA	11	NA
330	1	NA	NA	NA	5	NA	7	20	NA	NA	3	1	5	NA	NA	NA	1	NA	NA	4	8	NA	NA	2	8	NA	NA	7	NA	NA	NA	NA	NA	NA	NA	0	NA	5	NA	5	NA	0	11	1	NA	NA	NA	NA	NA	26	NA	77	NA	NA	NA	1	1	NA	3	NA	NA	2	NA	4	1	5	16	10	NA	3	6	NA	NA	8	NA	3	NA	NA	22	NA	1	NA	3	NA	NA	NA	NA	11	3	1	3	12	NA	18	5	NA	NA	NA	9	NA
335	NA	NA	NA	NA	7	NA	7	16	NA	NA	2	1	2	NA	NA	NA	NA	NA	NA	2	6	NA	NA	1	3	NA	NA	6	NA	NA	NA	NA	NA	NA	NA	NA	NA	5	NA	2	NA	NA	7	1	NA	NA	NA	NA	NA	18	NA	65	NA	NA	NA	NA	NA	NA	3	NA	NA	1	NA	4	1	3	16	8	NA	2	2	NA	NA	3	NA	4	NA	NA	18	NA	NA	NA	NA	NA	NA	NA	NA	8	4	NA	4	8	NA	13	6	NA	NA	NA	11	NA
340	NA	NA	NA	NA	1	NA	7	9	NA	NA	1	NA	NA	NA	NA	NA	NA	NA	NA	4	2	NA	NA	1	2	NA	NA	4	NA	NA	NA	NA	NA	NA	NA	NA	NA	3	NA	NA	NA	NA	10	1	NA	NA	NA	NA	NA	12	NA	48	NA	NA	NA	NA	NA	NA	4	NA	NA	NA	NA	4	NA	3	7	0	NA	NA	NA	NA	NA	3	NA	4	NA	NA	11	NA	NA	NA	NA	NA	NA	NA	NA	14	1	NA	5	3	NA	10	4	NA	NA	NA	6	NA
345	NA	NA	NA	NA	0	NA	5	4	NA	NA	1	NA	NA	NA	NA	NA	NA	NA	NA	3	3	NA	NA	0	NA	NA	NA	1	NA	NA	NA	NA	NA	NA	NA	NA	NA	2	NA	NA	NA	NA	4	1	NA	NA	NA	NA	NA	16	NA	29	NA	NA	NA	NA	NA	NA	0	NA	NA	NA	NA	2	NA	1	5	NA	NA	NA	NA	NA	NA	2	NA	2	NA	NA	9	NA	NA	NA	NA	NA	NA	NA	NA	11	3	NA	1	3	NA	7	4	NA	NA	NA	5	NA
350	NA	NA	NA	NA	NA	NA	4	3	NA	NA	NA	NA	NA	NA	NA	NA	NA	NA	NA	1	2	NA	NA	NA	NA	NA	NA	1	NA	NA	NA	NA	NA	NA	NA	NA	NA	2	NA	NA	NA	NA	6	0	NA	NA	NA	NA	NA	8	NA	18	NA	NA	NA	NA	NA	NA	NA	NA	NA	NA	NA	NA	NA	NA	4	NA	NA	NA	NA	NA	NA	NA	NA	NA	NA	NA	5	NA	NA	NA	NA	NA	NA	NA	NA	3	5	NA	NA	2	NA	2	2	NA	NA	NA	6	NA
355	NA	NA	NA	NA	NA	NA	4	2	NA	NA	NA	NA	NA	NA	NA	NA	NA	NA	NA	NA	2	NA	NA	NA	NA	NA	NA	1	NA	NA	NA	NA	NA	NA	NA	NA	NA	3	NA	NA	NA	NA	3	NA	NA	NA	NA	NA	NA	4	NA	15	NA	NA	NA	NA	NA	NA	NA	NA	NA	NA	NA	NA	NA	NA	4	NA	NA	NA	NA	NA	NA	NA	NA	NA	NA	NA	6	NA	NA	NA	NA	NA	NA	NA	NA	0	1	NA	NA	1	NA	3	1	NA	NA	NA	2	NA
360	NA	NA	NA	NA	NA	NA	6	7	NA	NA	NA	NA	NA	NA	NA	NA	NA	NA	NA	NA	2	NA	NA	NA	NA	NA	NA	NA	NA	NA	NA	NA	NA	NA	NA	NA	NA	2	NA	NA	NA	NA	2	NA	NA	NA	NA	NA	NA	2	NA	12	NA	NA	NA	NA	NA	NA	NA	NA	NA	NA	NA	NA	NA	NA	4	NA	NA	NA	NA	NA	NA	NA	NA	NA	NA	NA	0	NA	NA	NA	NA	NA	NA	NA	NA	NA	NA	NA	NA	1	NA	3	NA	NA	NA	NA	1	NA
365	NA	NA	NA	NA	NA	NA	5	4	NA	NA	NA	NA	NA	NA	NA	NA	NA	NA	NA	NA	1	NA	NA	NA	NA	NA	NA	NA	NA	NA	NA	NA	NA	NA	NA	NA	NA	2	NA	NA	NA	NA	1	NA	NA	NA	NA	NA	NA	1	NA	8	NA	NA	NA	NA	NA	NA	NA	NA	NA	NA	NA	NA	NA	NA	6	NA	NA	NA	NA	NA	NA	NA	NA	NA	NA	NA	NA	NA	NA	NA	NA	NA	NA	NA	NA	NA	NA	NA	NA	4	NA	3	NA	NA	NA	NA	1	NA
370	NA	NA	NA	NA	NA	NA	3	1	NA	NA	NA	NA	NA	NA	NA	NA	NA	NA	NA	NA	2	NA	NA	NA	NA	NA	NA	NA	NA	NA	NA	NA	NA	NA	NA	NA	NA	2	NA	NA	NA	NA	1	NA	NA	NA	NA	NA	NA	NA	NA	5	NA	NA	NA	NA	NA	NA	NA	NA	NA	NA	NA	NA	NA	NA	5	NA	NA	NA	NA	NA	NA	NA	NA	NA	NA	NA	NA	NA	NA	NA	NA	NA	NA	NA	NA	NA	NA	NA	NA	2	NA	3	NA	NA	NA	NA	1	NA
375	NA	NA	NA	NA	NA	NA	4	NA	NA	NA	NA	NA	NA	NA	NA	NA	NA	NA	NA	NA	1	NA	NA	NA	NA	NA	NA	NA	NA	NA	NA	NA	NA	NA	NA	NA	NA	NA	NA	NA	NA	NA	4	NA	NA	NA	NA	NA	NA	NA	NA	1	NA	NA	NA	NA	NA	NA	NA	NA	NA	NA	NA	NA	NA	NA	NA	NA	NA	NA	NA	NA	NA	NA	NA	NA	NA	NA	NA	NA	NA	NA	NA	NA	NA	NA	NA	NA	NA	NA	NA	2	NA	2	NA	NA	NA	NA	NA	NA
380	NA	NA	NA	NA	NA	NA	4	NA	NA	NA	NA	NA	NA	NA	NA	NA	NA	NA	NA	NA	NA	NA	NA	NA	NA	NA	NA	NA	NA	NA	NA	NA	NA	NA	NA	NA	NA	NA	NA	NA	NA	NA	4	NA	NA	NA	NA	NA	NA	NA	NA	NA	NA	NA	NA	NA	NA	NA	NA	NA	NA	NA	NA	NA	NA	NA	NA	NA	NA	NA	NA	NA	NA	NA	NA	NA	NA	NA	NA	NA	NA	NA	NA	NA	NA	NA	NA	NA	NA	NA	NA	2	NA	0	NA	NA	NA	NA	NA	NA
385	NA	NA	NA	NA	NA	NA	3	NA	NA	NA	NA	NA	NA	NA	NA	NA	NA	NA	NA	NA	NA	NA	NA	NA	NA	NA	NA	NA	NA	NA	NA	NA	NA	NA	NA	NA	NA	NA	NA	NA	NA	NA	1	NA	NA	NA	NA	NA	NA	NA	NA	NA	NA	NA	NA	NA	NA	NA	NA	NA	NA	NA	NA	NA	NA	NA	NA	NA	NA	NA	NA	NA	NA	NA	NA	NA	NA	NA	NA	NA	NA	NA	NA	NA	NA	NA	NA	NA	NA	NA	NA	1	NA	NA	NA	NA	NA	NA	NA	NA
390	NA	NA	NA	NA	NA	NA	1	NA	NA	NA	NA	NA	NA	NA	NA	NA	NA	NA	NA	NA	NA	NA	NA	NA	NA	NA	NA	NA	NA	NA	NA	NA	NA	NA	NA	NA	NA	NA	NA	NA	NA	NA	NA	NA	NA	NA	NA	NA	NA	NA	NA	NA	NA	NA	NA	NA	NA	NA	NA	NA	NA	NA	NA	NA	NA	NA	NA	NA	NA	NA	NA	NA	NA	NA	NA	NA	NA	NA	NA	NA	NA	NA	NA	NA	NA	NA	NA	NA	NA	NA	NA	1	NA	NA	NA	NA	NA	NA	NA	NA
395	NA	NA	NA	NA	NA	NA	1	NA	NA	NA	NA	NA	NA	NA	NA	NA	NA	NA	NA	NA	NA	NA	NA	NA	NA	NA	NA	NA	NA	NA	NA	NA	NA	NA	NA	NA	NA	NA	NA	NA	NA	NA	NA	NA	NA	NA	NA	NA	NA	NA	NA	NA	NA	NA	NA	NA	NA	NA	NA	NA	NA	NA	NA	NA	NA	NA	NA	NA	NA	NA	NA	NA	NA	NA	NA	NA	NA	NA	NA	NA	NA	NA	NA	NA	NA	NA	NA	NA	NA	NA	NA	NA	NA	NA	NA	NA	NA	NA	NA	NA
