0	1	1	1	1	1	1	1	1	1	1	1	1	1	1	1	1	1	1	1	1	1	1	1	1	1	1	1	1	1	1	1	1	1	1	1	1	1	1	1	1	1	1	1	1	1	1	1	1	1	1	1	1	1	1	1	1	1	1	1	1	1	1	1	1	1	1	1	1	1	1	1	1	1	1	1	1	1	1	1	1	1	1	1	1	1	1	1	1	1	1	1	1	1	1	1	1	1	1	1	1
5	1	3	2	3	1	3	3	2	2	1	1	3	1	1	1	2	1	2	1	4	1	3	1	1	2	1	1	3	3	1	1	1	2	2	1	1	3	2	4	1	1	1	2	2	1	5	4	2	1	2	1	1	1	1	4	1	2	1	5	2	1	3	2	1	2	2	1	1	1	3	2	1	3	3	2	4	2	1	6	1	5	1	2	3	1	1	1	1	1	1	1	3	4	1	1	1	1	2	1	1
10	11	5	6	8	7	4	4	2	7	6	6	8	11	5	4	6	8	6	4	3	4	3	8	5	2	5	3	9	10	3	7	4	8	5	4	6	7	4	2	2	2	5	7	4	7	5	4	9	6	10	2	11	4	2	5	7	6	8	7	5	9	4	3	9	3	7	6	5	2	6	6	7	5	4	10	8	4	6	4	9	3	9	3	8	8	4	7	7	10	7	1	4	6	4	6	7	4	6	5	6
15	20	7	12	22	7	13	9	10	16	18	14	20	21	12	10	14	26	13	10	7	25	10	16	10	8	19	10	16	17	7	13	5	15	5	16	11	11	7	11	12	10	15	15	7	14	12	7	12	8	28	9	13	25	16	30	7	16	11	20	6	10	13	11	15	9	22	7	9	6	15	16	12	8	6	11	19	13	10	4	12	12	13	9	9	8	21	24	16	16	12	4	12	3	7	6	8	16	7	21	10
20	41	15	23	28	19	30	27	30	27	29	14	39	29	25	32	22	81	28	27	19	48	23	53	37	17	38	15	28	30	18	30	23	27	14	31	26	33	10	25	9	12	23	32	10	22	19	16	14	21	71	22	34	45	18	65	13	37	33	33	19	10	31	18	22	25	41	11	26	7	22	51	20	27	22	18	28	17	26	16	33	24	17	23	23	30	30	44	36	24	24	4	36	29	22	19	16	35	23	42	23
25	68	27	28	54	48	72	56	54	63	63	22	82	58	51	63	50	172	44	52	48	88	58	80	62	25	72	23	60	35	38	44	43	54	44	71	47	47	21	52	32	35	49	52	15	41	34	42	25	41	97	43	57	69	38	156	30	55	58	53	24	28	60	43	31	36	52	23	36	20	52	115	40	38	32	30	68	39	72	21	53	56	35	45	29	47	54	63	88	43	43	4	71	36	52	33	35	88	49	79	52
30	111	41	79	110	93	136	133	125	100	145	42	135	100	147	100	94	346	53	96	92	148	99	137	123	48	158	36	115	69	62	78	89	114	72	111	89	84	34	91	59	71	87	95	36	72	65	106	51	73	191	88	122	105	44	264	63	124	97	81	63	45	108	91	70	79	96	36	71	28	105	193	96	74	55	30	119	62	100	44	93	104	83	74	57	109	82	159	168	98	68	10	116	68	86	62	66	144	86	173	92
35	189	96	113	232	217	269	230	188	205	264	68	309	192	252	211	189	547	122	168	180	314	182	284	242	115	295	70	201	147	120	150	192	200	129	240	170	154	51	145	121	124	220	186	74	137	144	141	106	129	403	149	229	182	80	482	107	209	159	177	84	98	217	172	138	107	171	59	90	57	195	382	121	118	101	67	230	119	150	98	185	187	166	157	96	224	181	237	330	169	130	19	234	136	132	107	127	275	171	338	203
40	303	158	225	433	395	484	485	383	371	471	101	566	350	500	398	341	1045	206	349	323	548	326	470	472	217	534	109	382	276	238	307	280	375	192	420	301	272	91	306	192	290	337	298	85	234	215	211	193	219	715	279	465	313	150	821	194	358	271	276	164	169	371	372	226	195	324	171	179	130	323	720	290	235	167	147	436	214	329	186	329	355	305	269	177	409	306	464	538	329	258	18	459	248	249	165	244	471	366	600	397
45	458	283	427	758	698	841	768	634	626	808	195	945	671	909	695	667	1632	357	722	596	978	530	874	843	400	968	228	722	524	373	544	657	658	342	761	584	490	156	575	412	482	669	567	217	462	392	469	389	393	1171	551	732	512	288	1305	365	624	486	500	363	291	722	573	435	286	521	303	261	240	568	1224	494	415	279	240	728	386	521	373	553	696	581	529	304	806	592	795	930	590	413	42	867	461	469	292	494	821	596	1076	684
50	819	490	749	1289	1291	1463	1241	1052	1157	1353	357	1509	1186	1607	1182	1164	2479	655	1225	1117	1621	954	1422	1360	652	1553	431	1226	924	672	953	1052	1055	701	1320	1069	787	253	959	764	930	1151	984	338	793	721	713	672	686	1838	949	1278	923	507	2035	676	1101	892	787	553	570	1083	1136	810	525	873	557	531	475	925	1890	895	748	522	470	1107	653	970	777	1000	1181	1034	891	539	1270	992	1380	1494	1064	812	68	1378	887	812	512	857	1347	1023	1847	1074
55	1409	888	1353	1892	1974	2179	1947	1664	1837	2024	643	2306	1871	2407	1861	1842	2949	1098	1881	1778	2374	1515	2153	2120	1170	2170	770	2014	1506	1116	1554	1707	1688	1129	2017	1614	1361	461	1581	1298	1492	1895	1628	683	1379	1265	1269	1125	1199	2468	1514	1948	1420	911	2742	1160	1694	1421	1342	980	951	1803	1680	1354	951	1337	949	969	872	1449	2635	1482	1264	833	817	1867	1179	1483	1303	1737	1764	1613	1442	976	1979	1660	2070	2180	1809	1408	100	2178	1448	1316	906	1387	2054	1615	2518	1795
60	2013	1520	2019	2569	2664	2730	2574	2428	2520	2664	1153	2827	2541	2950	2602	2641	3001	1720	2521	2570	2866	2253	2784	2721	1862	2940	1280	2739	2302	1754	2361	2329	2419	1752	2531	2204	2025	865	2223	2010	2183	2589	2298	1056	1984	1893	2013	1813	1869	2981	2235	2588	2154	1486	2959	1841	2395	2101	1987	1577	1529	2462	2355	2153	1433	2138	1488	1572	1408	2143	3043	2302	1912	1424	1330	2515	1819	2223	2035	2376	2515	2406	2067	1471	2708	2374	2765	2883	2444	2124	205	2875	2141	2062	1475	2103	2587	2420	3024	2572
65	2634	2177	2581	2972	3078	2981	2967	3044	3044	3016	1753	2980	2895	3150	2956	2976	2294	2604	3064	2866	2961	2800	2933	2929	2586	2866	2034	2980	2823	2368	2884	2860	2882	2596	2976	2834	2821	1430	2715	2534	2827	2913	2892	1602	2679	2614	2598	2473	2610	2801	2956	2926	2739	2211	2606	2448	2867	2734	2668	2234	2266	3044	2832	2674	2202	2689	2191	2351	2106	2544	2823	2910	2586	2038	2052	2875	2598	2873	2760	2897	2878	2906	2758	2201	2928	2914	2946	3004	2911	2812	322	3082	2856	2764	2134	2725	2944	2864	2921	2994
70	2853	2845	3074	2789	2668	2534	2554	2854	2807	2439	2472	2375	2815	2314	2752	2781	1035	3005	2701	2871	2211	2958	2395	2606	3012	2394	2598	2866	2993	2870	3018	2838	2774	2852	2559	2859	3017	2140	2941	3038	2896	2798	2952	2387	2978	2985	3020	2964	2976	1887	2931	2681	2840	2787	1631	3020	2849	3064	2963	2881	2946	2784	3017	2903	2771	3017	2856	2830	2725	2833	1871	3019	2860	2686	2726	2672	3121	2918	3093	2872	2799	2827	2917	2836	2705	2892	2452	2322	2904	3072	619	2523	3020	2916	2895	2960	2490	2828	2086	2727
75	2510	2975	2639	1696	1685	1464	1697	2055	2021	1553	2988	1299	1875	1058	1845	1841	268	2717	1951	1949	1089	2294	1491	1621	2739	1209	2900	1682	2435	2712	2219	2199	2067	2750	1751	2230	2651	2707	2314	2653	2391	1894	2311	2825	2549	2731	2749	2800	2732	814	2405	1773	2335	2914	565	2793	2073	2539	2503	2856	3016	1967	2056	2521	2940	2418	2868	3025	3002	2501	704	2395	2619	2996	2970	1904	2810	2366	2659	2088	1966	2085	2435	2878	1623	2205	1594	1238	2055	2418	984	1370	2608	2513	2898	2495	1610	2171	929	1929
80	1481	2450	1674	745	651	453	710	1025	916	596	2946	401	831	330	808	781	30	1874	802	933	300	1245	505	664	1784	318	2732	661	1205	1889	1131	1114	1005	1816	636	1215	1572	2927	1273	1708	1305	887	1118	2870	1635	1743	1674	2096	1856	218	1208	779	1375	2432	134	1941	954	1446	1565	2233	2303	844	1061	1592	2488	1335	2382	2202	2564	1409	156	1330	1721	2479	2668	826	1780	1301	1617	1057	983	1068	1429	2402	677	1079	593	391	957	1400	1644	482	1389	1466	2446	1474	641	1057	254	872
85	574	1196	713	184	154	86	238	250	228	161	1986	98	227	51	210	184	NA	904	152	308	35	456	93	138	720	52	1674	170	437	914	385	307	316	899	129	355	496	2367	499	699	495	237	350	2095	650	788	671	898	753	24	405	218	485	1193	13	891	278	433	600	1206	1180	234	316	609	1311	464	1368	1139	1541	542	12	365	836	1433	1541	260	755	417	645	349	290	394	505	1278	179	312	140	70	284	576	2397	100	421	609	1326	506	139	325	43	201
90	170	419	152	19	27	21	32	35	42	14	899	6	21	2	24	39	NA	253	13	43	1	87	13	11	183	7	642	8	62	286	96	61	49	268	20	83	80	1440	104	176	129	39	73	1024	156	199	129	224	224	NA	98	27	64	382	NA	221	52	87	149	426	313	35	54	134	376	80	458	334	563	81	1	60	270	581	631	29	203	78	129	107	65	99	121	409	37	51	13	11	54	166	2815	15	70	142	496	116	22	50	1	39
95	36	87	19	1	1	1	4	5	1	NA	215	1	1	NA	2	2	NA	38	3	1	NA	10	1	NA	25	NA	154	NA	6	37	7	6	1	44	1	8	15	504	12	15	17	4	8	299	17	28	11	39	29	NA	19	3	11	75	NA	18	2	14	27	93	59	2	3	29	82	2	104	75	110	9	1	4	45	100	173	1	29	20	17	11	4	14	16	63	4	2	1	1	2	28	2960	0	3	18	126	16	1	6	NA	5
100	4	9	1	NA	NA	NA	NA	NA	1	NA	46	NA	NA	NA	1	NA	NA	1	0	NA	NA	NA	NA	NA	1	NA	18	NA	NA	3	2	NA	NA	5	NA	3	6	119	2	3	0	1	NA	45	2	4	NA	8	4	NA	0	NA	0	3	NA	NA	NA	0	1	9	0	NA	NA	1	5	NA	14	26	9	1	NA	NA	3	7	27	2	1	3	2	4	NA	1	0	5	1	NA	0	NA	0	5	2176	NA	NA	1	22	4	NA	2	NA	NA
105	NA	NA	NA	NA	NA	NA	NA	NA	NA	NA	1	NA	NA	NA	NA	NA	NA	NA	NA	NA	NA	NA	NA	NA	NA	NA	1	NA	NA	NA	NA	NA	NA	1	NA	1	NA	20	NA	NA	NA	NA	NA	2	NA	1	NA	1	NA	NA	NA	NA	NA	NA	NA	NA	NA	NA	NA	1	NA	NA	NA	NA	1	NA	4	0	0	NA	NA	NA	NA	0	1	0	NA	NA	NA	0	NA	NA	NA	NA	NA	NA	NA	NA	NA	NA	963	NA	NA	NA	1	1	NA	NA	NA	NA
110	NA	NA	NA	NA	NA	NA	NA	NA	NA	NA	NA	NA	NA	NA	NA	NA	NA	NA	NA	NA	NA	NA	NA	NA	NA	NA	NA	NA	NA	NA	NA	NA	NA	NA	NA	NA	NA	0	NA	NA	NA	NA	NA	NA	NA	NA	NA	NA	NA	NA	NA	NA	NA	NA	NA	NA	NA	NA	NA	NA	NA	NA	NA	NA	NA	NA	0	NA	NA	NA	NA	NA	NA	NA	NA	NA	NA	NA	NA	NA	NA	NA	NA	NA	NA	NA	NA	NA	NA	NA	235	NA	NA	NA	NA	NA	NA	NA	NA	NA
115	NA	NA	NA	NA	NA	NA	NA	NA	NA	NA	NA	NA	NA	NA	NA	NA	NA	NA	NA	NA	NA	NA	NA	NA	NA	NA	NA	NA	NA	NA	NA	NA	NA	NA	NA	NA	NA	NA	NA	NA	NA	NA	NA	NA	NA	NA	NA	NA	NA	NA	NA	NA	NA	NA	NA	NA	NA	NA	NA	NA	NA	NA	NA	NA	NA	NA	NA	NA	NA	NA	NA	NA	NA	NA	NA	NA	NA	NA	NA	NA	NA	NA	NA	NA	NA	NA	NA	NA	NA	NA	48	NA	NA	NA	NA	NA	NA	NA	NA	NA
120	NA	NA	NA	NA	NA	NA	NA	NA	NA	NA	NA	NA	NA	NA	NA	NA	NA	NA	NA	NA	NA	NA	NA	NA	NA	NA	NA	NA	NA	NA	NA	NA	NA	NA	NA	NA	NA	NA	NA	NA	NA	NA	NA	NA	NA	NA	NA	NA	NA	NA	NA	NA	NA	NA	NA	NA	NA	NA	NA	NA	NA	NA	NA	NA	NA	NA	NA	NA	NA	NA	NA	NA	NA	NA	NA	NA	NA	NA	NA	NA	NA	NA	NA	NA	NA	NA	NA	NA	NA	NA	2	NA	NA	NA	NA	NA	NA	NA	NA	NA
