0	3	2	1	1	4	2	2	1	3	2	2	2	1	2	2	1	1	1	1	2	1	2	1	1	1	1	2	1	2	1	1	2	1	2	2	1	1	1	2	2	2	2	2	1	1	2	1	1	1	3	3	2	1	2	1	1	1	2	1	2	2	3	1	1	2	2	1	2	2	2	1	1	1	1	2	3	1	2	3	2	3	1	1	2	2	2	2	1	2	1	2	1	1	1	2	1	2	1	1	2
5	17	NA	3	NA	13	12	2	9	14	8	10	9	6	6	8	4	10	NA	7	15	3	10	6	7	NA	1	7	3	9	3	6	4	1	15	9	9	3	1	12	5	3	7	5	5	5	10	3	3	3	5	12	14	8	5	17	2	2	8	9	8	9	14	8	4	4	2	10	14	6	6	3	5	4	NA	10	12	11	5	18	20	11	1	1	11	6	10	9	6	5	4	4	4	3	11	11	4	9	4	4	6
10	22	NA	11	NA	19	19	9	8	20	14	17	14	16	14	8	13	22	NA	12	16	4	17	8	6	NA	1	7	7	17	4	15	7	NA	21	10	17	6	0	17	2	7	9	6	10	10	31	7	1	6	9	12	5	13	6	16	6	2	18	13	17	11	17	15	5	4	6	16	16	10	17	2	7	5	NA	18	22	14	9	21	22	8	1	NA	16	14	22	14	8	6	4	8	13	3	7	3	13	7	4	8	18
15	24	NA	8	NA	27	32	12	16	23	25	30	16	31	17	14	20	14	NA	12	29	4	16	10	2	NA	4	13	13	19	10	9	11	NA	17	14	35	12	NA	18	7	11	19	9	22	11	52	12	1	8	31	17	5	11	5	17	9	3	30	16	21	20	18	21	6	15	4	15	24	11	25	1	12	8	NA	25	23	9	27	15	25	8	2	NA	27	24	35	19	5	10	NA	9	25	3	4	2	7	NA	NA	12	30
20	20	NA	29	NA	25	38	16	12	40	38	36	17	46	15	15	32	19	NA	21	54	10	20	14	4	NA	7	27	13	25	20	15	13	NA	19	11	51	16	NA	9	3	10	17	8	29	7	64	33	2	13	50	19	8	13	4	29	13	5	24	23	22	24	25	14	7	26	5	17	46	11	48	1	18	21	NA	35	29	7	23	24	32	10	10	NA	33	29	52	14	7	12	NA	17	40	5	7	2	4	NA	NA	17	24
25	16	NA	36	NA	24	44	23	16	45	37	38	18	34	15	22	32	17	NA	23	69	1	20	16	9	NA	6	31	16	35	22	19	32	NA	26	14	44	14	NA	15	2	12	14	6	33	13	61	39	5	16	62	17	7	22	8	33	26	3	34	20	43	34	37	12	20	32	12	19	68	4	51	1	14	34	NA	46	34	10	25	22	60	23	10	NA	38	30	80	8	7	16	NA	27	68	5	15	NA	8	NA	NA	4	22
30	16	NA	31	NA	38	46	24	27	33	33	34	18	71	17	42	43	38	NA	29	81	NA	22	30	8	NA	8	34	20	41	9	41	30	NA	32	16	22	9	NA	18	NA	17	19	7	18	17	66	44	6	25	92	25	18	43	9	38	29	NA	49	22	60	28	35	7	31	30	22	21	107	3	58	1	26	36	NA	59	21	12	33	21	80	24	7	NA	52	32	83	8	17	12	NA	40	67	4	12	NA	15	NA	NA	5	29
35	20	NA	44	NA	68	44	23	39	34	35	41	17	100	18	54	52	34	NA	31	110	NA	29	44	1	NA	34	45	18	39	16	47	37	NA	43	21	37	6	NA	11	NA	19	31	19	20	35	76	52	14	38	98	23	29	48	8	21	23	NA	54	18	65	32	37	12	28	46	20	28	156	3	77	4	53	28	NA	77	27	28	46	24	57	51	11	NA	63	48	95	9	16	20	NA	52	63	5	15	NA	9	NA	NA	5	28
40	15	NA	48	NA	61	41	27	43	34	40	55	18	102	13	45	42	32	NA	23	164	NA	26	52	2	NA	48	60	24	45	24	40	24	NA	56	22	41	7	NA	8	NA	17	41	22	42	25	85	46	8	39	103	27	34	56	12	26	19	NA	39	16	71	54	53	20	46	49	19	43	159	2	109	10	56	33	NA	106	20	19	54	26	70	55	5	NA	75	51	104	9	16	26	NA	43	57	6	13	NA	18	NA	NA	5	23
45	17	NA	48	NA	79	55	27	55	41	35	51	17	128	7	53	53	53	NA	25	158	NA	38	56	1	NA	75	72	22	59	22	42	30	NA	71	18	53	4	NA	7	NA	22	58	28	69	25	98	38	15	50	93	39	49	62	12	46	30	NA	40	24	96	59	67	24	69	63	18	34	168	3	124	22	53	38	NA	146	25	28	89	35	108	75	12	NA	79	57	104	8	18	31	NA	36	61	4	23	NA	20	NA	NA	0	20
50	18	NA	47	NA	83	71	51	84	34	22	74	25	178	3	56	59	56	NA	29	219	NA	42	69	NA	NA	91	100	22	76	28	35	44	NA	82	16	75	6	NA	8	NA	23	71	49	84	42	110	58	30	45	99	48	72	68	8	35	25	NA	37	19	60	60	77	36	68	74	25	32	217	10	118	28	49	35	NA	120	31	41	107	55	138	94	13	NA	90	74	134	9	28	32	NA	57	101	5	23	NA	27	NA	NA	NA	23
55	21	NA	68	NA	89	113	65	106	53	31	80	36	241	1	63	70	82	NA	37	233	NA	40	69	NA	NA	93	108	24	106	34	44	40	NA	112	27	106	11	NA	7	NA	32	74	69	107	59	130	91	32	36	131	61	79	90	17	54	35	NA	42	28	63	62	97	43	93	68	20	39	193	12	119	20	67	37	NA	137	28	54	122	58	168	127	21	NA	73	87	144	14	38	44	NA	85	115	4	28	NA	25	NA	NA	NA	39
60	4	NA	81	NA	93	146	87	100	77	27	71	32	300	NA	89	52	101	NA	46	232	NA	38	80	NA	NA	102	131	51	101	34	42	52	NA	127	31	139	15	NA	8	NA	20	75	71	135	50	145	94	37	41	129	63	94	93	19	86	49	NA	35	21	78	58	115	43	126	84	23	60	229	22	145	25	77	46	NA	165	28	62	167	73	210	155	16	NA	87	117	174	15	47	46	NA	109	150	11	64	NA	27	NA	NA	NA	40
65	10	NA	101	NA	88	174	89	135	66	38	79	45	348	NA	95	68	68	NA	52	275	NA	58	120	NA	NA	161	118	58	115	46	38	63	NA	168	30	166	16	NA	15	NA	17	97	84	155	60	172	109	38	37	147	88	109	83	30	83	66	NA	38	12	105	50	176	50	155	105	21	71	269	35	197	52	74	38	NA	195	38	90	181	76	241	196	29	NA	91	130	200	9	34	58	NA	100	198	7	106	NA	36	NA	NA	NA	40
70	4	NA	136	NA	118	189	80	150	69	63	100	60	413	NA	94	84	88	NA	62	344	NA	61	151	NA	NA	192	144	68	149	42	59	53	NA	209	24	180	18	NA	14	NA	10	97	95	168	73	216	146	59	35	184	107	95	103	30	91	96	NA	38	15	130	54	210	55	161	148	19	82	331	40	226	45	91	39	NA	247	39	95	233	84	256	254	33	NA	118	146	210	21	38	87	NA	121	233	4	120	NA	46	NA	NA	NA	42
75	3	NA	128	NA	146	186	82	192	77	72	136	69	489	NA	91	107	124	NA	43	403	NA	86	139	NA	NA	234	152	69	195	63	96	34	NA	278	25	194	15	NA	12	NA	14	134	118	235	87	288	186	85	29	221	152	129	103	35	123	112	NA	46	24	159	73	247	63	170	149	44	60	379	49	236	42	91	42	NA	258	48	130	236	119	317	276	36	NA	114	171	226	30	36	101	NA	136	251	2	137	NA	52	NA	NA	NA	46
80	1	NA	146	NA	137	224	69	208	98	88	143	63	491	NA	136	88	154	NA	34	463	NA	95	146	NA	NA	277	183	77	245	77	84	39	NA	316	26	234	10	NA	16	NA	18	166	174	334	82	333	220	65	41	300	148	194	133	35	146	109	NA	66	33	185	104	331	68	189	166	55	47	386	51	231	31	99	54	NA	315	77	163	267	139	396	338	55	NA	136	239	255	29	51	138	NA	167	302	NA	157	NA	66	NA	NA	NA	60
85	2	NA	156	NA	190	279	99	259	134	80	145	99	583	NA	114	96	184	NA	30	474	NA	100	175	NA	NA	357	230	80	278	111	102	50	NA	377	41	249	15	NA	21	NA	40	184	198	369	76	433	269	67	53	259	168	220	122	49	163	122	NA	76	32	209	103	373	100	224	186	92	69	459	67	257	37	123	77	NA	333	77	183	296	159	424	363	58	NA	154	281	298	31	55	141	NA	172	321	NA	159	NA	67	NA	NA	NA	60
90	9	NA	159	NA	214	287	107	295	144	105	191	85	716	NA	121	98	198	NA	33	527	NA	111	207	NA	NA	470	252	96	361	179	97	61	NA	455	43	278	14	NA	14	NA	32	190	265	406	86	519	373	78	56	288	207	267	137	50	164	109	NA	105	36	266	116	464	86	255	181	94	84	524	80	315	52	137	97	NA	362	97	237	345	153	495	416	67	NA	159	349	348	45	78	191	NA	228	402	NA	191	NA	89	NA	NA	NA	92
95	5	NA	174	NA	273	326	151	319	186	129	229	120	801	NA	117	118	244	NA	43	616	NA	143	238	NA	NA	545	278	86	411	241	75	81	NA	571	49	349	19	NA	12	NA	40	203	352	502	86	644	436	83	66	370	243	359	147	65	191	151	NA	116	53	336	148	455	119	321	208	110	133	655	106	371	51	139	138	NA	468	123	240	420	147	658	453	80	NA	212	407	404	61	80	243	NA	346	507	NA	192	NA	115	NA	NA	NA	89
100	2	NA	252	NA	314	437	174	360	212	159	266	136	880	NA	145	97	293	NA	59	675	NA	157	283	NA	NA	546	290	113	476	263	83	91	NA	704	40	345	3	NA	19	NA	57	214	390	555	132	769	503	113	80	444	303	427	171	62	255	208	NA	168	76	377	155	481	129	395	247	142	168	718	104	444	54	175	159	NA	558	152	287	490	183	724	517	106	NA	235	518	491	89	100	247	NA	439	535	NA	203	NA	98	NA	NA	NA	105
105	5	NA	274	NA	370	517	229	434	239	177	255	121	944	NA	160	99	339	NA	69	803	NA	173	310	NA	NA	589	343	133	567	264	91	105	NA	817	29	380	6	NA	12	NA	66	261	457	637	199	963	596	143	108	508	364	500	188	72	281	243	NA	191	93	403	209	641	162	455	295	148	168	752	135	536	75	212	226	NA	655	190	371	555	201	806	610	110	NA	273	653	584	101	127	279	NA	464	586	NA	278	NA	95	NA	NA	NA	112
110	9	NA	287	NA	387	635	210	499	267	196	297	137	1130	NA	159	108	388	NA	49	1004	NA	246	385	NA	NA	729	380	164	665	301	92	115	NA	932	41	437	13	NA	15	NA	65	306	550	749	234	1099	739	184	124	565	388	603	205	71	391	268	NA	261	95	466	300	777	174	547	311	172	176	879	161	649	103	254	254	NA	825	238	402	664	229	900	707	133	NA	342	820	657	121	163	308	NA	529	701	NA	308	NA	77	NA	NA	NA	122
115	13	NA	365	NA	406	800	231	589	313	245	331	211	1427	NA	176	137	441	NA	60	1120	NA	290	499	NA	NA	869	406	188	755	366	76	158	NA	1043	52	537	9	NA	11	NA	51	402	631	831	224	1325	785	194	152	655	403	684	244	75	399	332	NA	262	119	516	354	822	179	614	349	255	196	1075	199	779	95	284	285	NA	1034	300	470	718	283	996	770	151	NA	380	899	702	132	221	381	NA	576	825	NA	334	NA	123	NA	NA	NA	157
120	18	NA	417	NA	434	873	267	699	391	288	364	183	1603	NA	229	128	516	NA	116	1283	NA	319	560	NA	NA	914	436	248	884	415	127	192	NA	1160	72	622	8	NA	21	NA	80	483	786	984	253	1485	842	255	170	771	381	711	288	76	440	330	NA	322	154	606	372	934	201	720	372	315	227	1197	222	939	124	398	340	NA	1120	301	561	833	340	1102	909	175	NA	472	1079	843	166	242	397	NA	728	894	NA	329	NA	146	NA	NA	NA	172
125	21	NA	521	NA	560	923	310	752	516	334	412	186	1904	NA	315	151	587	NA	135	1494	NA	390	572	NA	NA	1093	502	255	1005	462	131	210	NA	1286	65	736	8	NA	40	NA	110	520	865	1089	296	1654	1036	318	202	813	479	740	284	92	503	349	NA	408	199	761	434	1141	206	879	379	402	266	1422	251	1023	135	501	351	NA	1357	353	679	988	420	1254	1080	210	NA	537	1245	1035	209	270	477	NA	853	1078	NA	341	NA	190	NA	NA	NA	229
130	27	NA	597	NA	675	1044	343	822	610	444	487	224	2062	NA	405	181	694	NA	166	1764	NA	543	642	NA	NA	1211	593	302	1288	526	136	248	NA	1636	66	838	12	NA	49	NA	145	626	1018	1144	290	1855	1105	356	243	925	535	888	287	152	616	416	NA	503	262	855	466	1375	226	973	511	514	326	1609	319	1125	122	591	406	NA	1452	408	782	1083	460	1390	1253	265	NA	573	1499	1158	215	336	577	NA	953	1269	NA	424	NA	227	NA	NA	NA	274
135	22	NA	760	NA	737	1235	391	962	704	561	512	234	2330	NA	458	212	864	NA	207	2087	NA	585	717	NA	NA	1334	641	327	1452	663	176	300	NA	1928	67	832	8	NA	48	NA	182	725	1211	1287	336	2158	1365	411	293	1054	604	1008	327	163	695	506	NA	558	334	911	525	1585	277	1157	608	556	424	1670	376	1307	135	645	438	NA	1749	468	979	1216	541	1518	1520	291	NA	747	1623	1332	286	466	677	NA	1248	1381	NA	452	NA	235	NA	NA	NA	309
140	19	NA	953	NA	905	1453	446	1095	849	623	586	262	2554	NA	486	250	942	NA	239	2370	NA	683	872	NA	NA	1502	781	356	1690	732	177	358	NA	2176	66	877	20	NA	72	NA	196	867	1398	1493	429	2428	1556	503	321	1144	720	1185	338	150	762	595	NA	715	351	1117	675	1775	310	1428	739	588	493	1859	401	1439	187	809	496	NA	1964	537	1143	1372	638	1614	1687	344	NA	832	1834	1553	307	505	672	NA	1537	1483	NA	485	NA	257	NA	NA	NA	349
145	26	NA	1107	NA	1112	1609	495	1315	951	772	667	285	2771	NA	566	285	976	NA	290	2664	NA	805	1058	NA	NA	1667	976	460	1975	812	168	458	NA	2575	88	1044	22	NA	92	NA	183	1103	1621	1799	529	2612	1847	589	373	1308	865	1281	358	168	856	752	NA	864	389	1247	814	2000	384	1704	819	675	560	1999	491	1625	240	857	554	NA	2336	655	1322	1546	692	1868	1877	443	NA	1030	1972	1766	372	612	760	NA	1724	1670	NA	599	NA	296	NA	NA	NA	412
150	37	NA	1248	NA	1244	1877	619	1466	1040	966	711	370	3139	NA	746	311	1101	NA	327	2991	NA	941	1302	NA	NA	1948	1077	569	2188	891	201	509	NA	2980	115	1236	20	NA	98	NA	207	1224	1805	2061	588	2920	2239	656	450	1432	1017	1398	453	182	981	968	NA	950	428	1429	927	2305	469	1971	885	793	586	2318	612	1807	275	916	685	NA	2570	807	1513	1819	792	2115	2267	473	NA	1218	2247	1996	413	723	792	NA	1896	1884	NA	700	NA	327	NA	NA	NA	466
155	28	NA	1430	NA	1454	2115	648	1733	1339	1154	825	382	3615	NA	877	354	1299	NA	346	3306	NA	1087	1514	NA	NA	2057	1296	607	2414	1014	181	582	NA	3247	106	1382	22	NA	124	NA	274	1320	1990	2363	726	3226	2452	765	551	1555	1151	1533	521	233	1124	1045	NA	1051	475	1718	1006	2624	584	2185	982	981	727	2551	735	2154	296	1005	784	NA	2898	971	1697	2060	882	2226	2479	554	NA	1415	2326	2322	445	879	986	NA	2053	2167	NA	845	NA	411	NA	NA	NA	515
160	45	NA	1613	NA	1575	2365	785	2017	1544	1332	988	424	3959	NA	940	396	1518	NA	346	3780	NA	1243	1748	NA	NA	2272	1398	685	2725	1131	236	675	NA	3583	123	1567	27	NA	142	NA	297	1555	2238	2746	890	3500	2813	867	655	1893	1313	1874	566	232	1349	1175	NA	1194	521	1857	1247	2957	672	2404	1143	1029	856	2860	840	2371	423	1230	925	NA	3083	1173	1943	2183	1037	2561	2716	615	NA	1661	2504	2568	484	977	1209	NA	2339	2277	NA	1002	NA	404	NA	NA	NA	663
165	34	NA	1974	NA	1812	2672	984	2271	1747	1531	1220	478	4266	NA	1082	507	1678	NA	410	4070	NA	1359	2075	NA	NA	2583	1616	852	2955	1328	224	725	NA	3806	143	1733	21	NA	157	NA	338	1779	2475	3141	1072	3902	3099	927	733	2273	1570	2121	680	197	1540	1390	NA	1361	672	2019	1379	3266	750	2697	1354	1278	1038	3071	958	2490	500	1429	1022	NA	3324	1252	2193	2576	1192	2892	3014	762	NA	1868	2792	2837	558	1218	1431	NA	2522	2455	NA	1125	NA	447	NA	NA	NA	739
170	23	NA	2366	NA	2045	2984	1067	2395	2106	1753	1553	554	4608	NA	1221	516	2080	NA	537	4211	NA	1568	2377	NA	NA	3034	1979	997	3196	1526	279	802	NA	4220	171	2002	37	NA	201	NA	395	1956	2749	3508	1246	4139	3541	1070	847	2682	1851	2332	810	250	1683	1555	NA	1587	744	2323	1622	3474	784	2992	1591	1536	1209	3374	1102	2892	547	1631	1149	NA	3587	1373	2390	2827	1379	3046	3313	921	NA	2166	3031	3218	648	1438	1564	NA	2714	2730	NA	1244	NA	525	NA	NA	NA	801
175	21	NA	2665	NA	2363	3246	1157	2672	2389	1807	1829	698	4582	NA	1454	549	2388	NA	596	4664	NA	1793	2695	NA	NA	3472	2205	1076	3503	1730	311	968	NA	4407	227	2308	47	NA	235	NA	472	2318	3094	3820	1406	4308	3903	1235	1006	3055	1970	2622	897	295	2065	1905	NA	1801	918	2693	1899	3737	939	3312	1717	1586	1437	3696	1244	3319	648	1862	1341	NA	3695	1597	2664	3132	1601	3093	3791	973	NA	2418	3496	3560	756	1628	1773	NA	3011	2999	NA	1445	NA	669	NA	NA	NA	917
180	32	NA	3016	NA	2631	3529	1304	2959	2581	2190	2130	799	4714	NA	1690	633	2884	NA	666	4893	NA	1982	3079	NA	NA	3685	2567	1263	3769	1938	374	1041	NA	4644	255	2533	57	NA	226	NA	556	2584	3501	4095	1485	4572	3993	1322	1158	3468	2363	2946	1040	359	2274	2136	NA	1920	1037	2932	2194	3956	1146	3712	1994	1793	1765	3729	1420	3453	749	1975	1461	NA	3975	1795	2927	3311	1885	3460	4195	1185	NA	2715	3792	4015	847	1873	2129	NA	3266	3397	NA	1751	NA	851	NA	NA	NA	1096
185	38	NA	3401	NA	3058	3790	1381	3179	2880	2457	2455	948	4735	NA	1928	702	3230	NA	714	4905	NA	2284	3251	NA	NA	4087	2798	1409	3966	2140	425	1112	NA	5042	265	2775	58	NA	283	NA	671	2829	3634	4434	1656	4923	4308	1504	1322	3891	2606	3163	1138	454	2763	2464	NA	2132	1152	3167	2447	3965	1347	4071	2241	2004	2065	3922	1528	3560	825	2128	1695	NA	4226	2155	3220	3811	2137	3654	4351	1335	NA	2991	4102	4379	911	2020	2381	NA	3605	3692	NA	2038	NA	1121	NA	NA	NA	1185
190	43	NA	3816	NA	3434	4174	1637	3499	3136	2735	2727	1049	4643	NA	2156	808	3631	NA	799	4947	NA	2712	3667	NA	NA	4440	3182	1632	4240	2422	444	1209	NA	5187	337	3157	66	NA	331	NA	702	3255	4068	4700	1900	5022	4437	1664	1443	4042	2881	3524	1319	547	3249	2920	NA	2397	1287	3554	2799	4207	1502	4444	2493	2401	2403	4175	1652	3761	925	2573	1870	NA	4467	2338	3541	4039	2432	3986	4670	1528	NA	3302	4388	4567	1136	2259	2841	NA	3787	3917	NA	2266	NA	1378	NA	NA	NA	1380
195	57	NA	4308	NA	3628	4537	1943	3748	3663	2950	3070	1139	4516	NA	2419	992	3896	NA	941	4969	NA	2817	3885	NA	NA	4663	3486	1778	4459	2572	517	1379	NA	5310	458	3421	72	NA	357	NA	809	3587	4453	4857	2177	5097	4713	1880	1574	4259	3163	3648	1499	622	3487	3104	NA	2751	1529	3743	3198	4404	1880	4730	2738	2684	2731	4468	1804	4006	1109	2777	2005	NA	4701	2532	3844	4360	2594	4200	4605	1756	NA	3580	4449	4829	1319	2600	3250	NA	4037	4169	NA	2512	NA	1524	NA	NA	NA	1626
200	72	NA	4645	NA	3935	4702	2161	3962	4182	3340	3457	1314	4449	NA	2643	1123	4322	NA	1111	4993	NA	3300	4151	NA	NA	4873	3922	2004	4625	2901	628	1590	NA	5259	476	3761	90	NA	401	NA	922	4053	4750	4949	2508	4956	4968	2091	1783	4473	3519	3838	1584	758	3877	3329	NA	3107	1616	4027	3584	4555	2090	5021	2979	2950	3017	4779	2058	4343	1254	3034	2428	NA	4962	2650	4078	4557	2977	4520	4795	2052	NA	3902	4693	4909	1547	2928	3593	NA	4308	4507	NA	2640	NA	1734	NA	NA	NA	1897
205	71	NA	5232	NA	4408	4749	2350	4192	4424	3678	3784	1501	4425	NA	2893	1135	4675	NA	1277	5088	NA	3770	4414	NA	NA	4887	4245	2280	4842	2994	707	1831	NA	5205	547	3979	79	NA	412	NA	1041	4451	5029	5226	2958	4802	5094	2244	2129	4814	3808	4108	1729	921	4185	3692	NA	3234	1823	4275	4019	4442	2457	5028	3467	3392	3306	4869	2413	4627	1519	3293	2700	NA	4976	2932	4387	4961	3349	4834	4998	2130	NA	4065	4875	4964	1739	3361	3997	NA	4500	4567	NA	2937	NA	2011	NA	NA	NA	2245
210	82	NA	5584	NA	4714	5078	2679	4565	4671	3805	4093	1728	4223	NA	3172	1294	4964	NA	1489	5013	NA	4188	4676	NA	NA	4894	4615	2532	5020	3281	784	2128	NA	4844	694	4347	102	NA	430	NA	1213	4664	5127	5225	3477	4868	4944	2728	2223	4988	4165	4397	2009	1108	4250	4008	NA	3374	2064	4551	4310	4274	2703	5019	3827	3686	3605	4825	2695	4826	1790	3490	2993	NA	4715	3155	4571	5056	3649	5008	4918	2267	NA	4361	4888	4933	1968	3632	4245	NA	4800	4500	NA	3181	NA	2407	NA	NA	NA	2521
215	117	NA	5589	NA	4945	5281	3106	4811	4886	3944	4490	1912	4187	NA	3438	1516	5076	NA	1687	4589	NA	4490	4861	NA	NA	4920	4807	2754	4930	3539	938	2411	NA	4637	862	4551	114	NA	514	NA	1383	4834	5107	5208	3813	4728	4856	3125	2589	4944	4480	4614	2297	1334	4404	4343	NA	3741	2331	4784	4644	4336	3079	5236	4013	3925	3909	4836	2959	4870	2022	3535	3084	NA	4648	3382	4559	5282	3950	4997	4775	2610	NA	4718	4954	4906	2168	3820	4578	NA	4966	4604	NA	3555	NA	2715	NA	NA	NA	2846
220	136	NA	5574	NA	5131	5112	3485	4928	5164	4155	4874	2097	4075	NA	3708	1671	5136	NA	1927	4061	NA	4486	5115	NA	NA	5052	5099	2968	4919	3801	1027	2572	NA	4308	1074	4656	147	NA	570	NA	1480	4962	5226	5033	4034	4388	4839	3399	2898	5092	4698	4978	2722	1589	4775	4551	NA	3837	2591	5045	4878	4163	3551	5208	4168	4265	4034	4654	3269	4936	2354	3761	3376	NA	4665	3636	4617	5242	4204	5093	4631	2869	NA	5021	4711	4777	2481	4074	4973	NA	5003	4521	NA	3879	NA	2905	NA	NA	NA	3287
225	154	NA	5666	NA	5299	5027	3591	5021	5318	4098	5176	2401	3655	NA	4031	1923	5166	NA	2217	3663	NA	4762	5101	NA	NA	4842	4890	3285	4861	4006	1133	2747	NA	3942	1255	4763	183	NA	680	NA	1660	5005	5262	4782	4421	3904	4831	3679	3196	5067	5007	5040	3037	1911	4913	4825	NA	3982	2847	5050	4884	4126	3846	5293	4339	4641	4355	4294	3477	4937	2592	4049	3867	NA	4693	3938	4835	5100	4476	5048	4468	3230	NA	5115	4370	4536	2826	4525	4840	NA	4861	4519	NA	4151	NA	3168	NA	NA	NA	3554
230	179	NA	5950	NA	5192	4911	3658	5080	5431	4311	5342	2856	3129	NA	4414	2108	5134	NA	2533	3355	NA	5078	4889	NA	NA	4416	4902	3651	4551	4434	1348	2978	NA	3447	1461	4888	217	NA	763	NA	1917	5219	5230	4764	4617	3563	4289	3973	3614	4943	5049	4787	3323	2112	5023	4849	NA	4245	2970	5109	5086	3896	4249	4981	4565	4859	4587	3942	3706	4829	2817	4219	3993	NA	4368	4120	4876	5004	4780	4630	4147	3542	NA	5090	4110	4246	3095	4839	4946	NA	4502	4488	NA	4393	NA	3634	NA	NA	NA	3852
235	211	NA	5466	NA	5067	4494	3966	4966	5167	4495	5637	3216	2706	NA	4542	2383	5007	NA	2690	3102	NA	5072	4833	NA	NA	4234	4884	4046	4229	4602	1539	3226	NA	3152	1672	4737	245	NA	1000	NA	2285	5060	4886	4431	4999	3177	3967	4083	3978	4850	4846	4500	3572	2271	5049	4851	NA	4464	3209	5114	5218	3569	4495	4682	4586	4988	4973	3687	4087	4409	3027	4349	4391	NA	3998	4345	4571	4687	5083	4315	3685	3865	NA	4973	3824	3864	3364	5092	5089	NA	4226	4153	NA	4626	NA	4018	NA	NA	NA	4169
240	209	NA	5172	NA	4922	4313	4417	4796	4980	4717	5594	3438	2378	NA	4810	2604	4888	NA	3209	2653	NA	5099	4835	NA	NA	3960	4823	4408	3990	4848	1796	3502	NA	2839	1853	4657	275	NA	1190	NA	2630	4968	4543	3981	5015	2878	3699	4273	4429	4430	4985	4513	3689	2570	4990	4815	NA	4391	3575	4764	5257	3291	4786	4362	4863	5013	5193	3371	4426	4141	3203	4433	4460	NA	3642	4711	4632	4222	5232	4015	3370	4182	NA	5002	3567	3746	3808	5339	5163	NA	3982	3834	NA	4767	NA	4377	NA	NA	NA	4511
245	255	NA	4743	NA	4835	4082	4599	4398	4728	4743	5531	3819	1984	NA	4812	2940	4621	NA	3544	2251	NA	5050	4651	NA	NA	3682	4618	4679	3573	4842	2174	3736	NA	2373	2045	4559	289	NA	1343	NA	3029	4740	4216	3373	5197	2595	3433	4341	4683	4059	5027	4384	3895	2916	5187	4784	NA	4394	3813	4631	5217	3097	4935	3996	4797	5066	5273	3017	4431	3932	3455	4490	4614	NA	3114	4797	4469	3918	5252	3450	3126	4355	NA	4885	3337	3418	4218	5199	5049	NA	3604	3649	NA	4923	NA	4721	NA	NA	NA	4720
250	292	NA	4291	NA	4461	3477	4809	3832	4357	4759	5214	4236	1590	NA	4816	3185	4449	NA	3810	2086	NA	4864	4228	NA	NA	3295	4361	4845	3093	4779	2498	4017	NA	2114	2390	4330	374	NA	1573	NA	3292	4335	3909	2760	5110	2182	3203	4385	4746	3648	4858	4102	4084	3210	4989	4768	NA	4350	4203	4281	5046	2788	4943	3474	4756	4923	5235	2644	4546	3656	3870	4540	4903	NA	2836	4884	4087	3566	5047	3019	2743	4412	NA	4566	3091	3054	4511	5130	4818	NA	3273	3386	NA	4797	NA	4979	NA	NA	NA	4933
255	347	NA	3836	NA	3953	2902	4945	3567	4070	4711	4905	4608	1302	NA	4598	3429	4155	NA	4236	1695	NA	4640	3892	NA	NA	3048	3875	4890	2636	4647	2767	4262	NA	1805	2550	4063	459	NA	1788	NA	3566	4151	3483	2345	4967	1777	2737	4407	4811	3157	4640	3917	4270	3718	4529	4491	NA	4408	4257	3760	4663	2422	4763	2997	4598	4735	5310	2402	4542	3193	3915	4563	5221	NA	2447	4869	3740	3136	4913	2557	2329	4677	NA	4318	2649	2685	4831	4962	4503	NA	2908	3082	NA	4972	NA	5105	NA	NA	NA	5080
260	411	NA	3403	NA	3728	2638	5032	3183	3754	4382	4667	4814	1143	NA	4585	3866	3808	NA	4561	1445	NA	4387	3660	NA	NA	2736	3431	5098	2334	4673	3152	4491	NA	1541	2910	3906	490	NA	2102	NA	3740	3885	2987	1963	4620	1432	2352	4391	5102	2681	4231	3404	4302	4054	4045	4382	NA	4298	4472	3306	4111	2085	4833	2460	4484	4686	5048	2062	4630	2728	4188	4427	5060	NA	2110	4746	3583	2768	4880	2308	2112	5099	NA	3915	2213	2497	5022	4688	4092	NA	2515	2623	NA	4812	NA	5176	NA	NA	NA	5138
265	473	NA	2824	NA	3383	2232	5064	2809	3434	4166	4131	5024	942	NA	4480	4152	3271	NA	4849	1137	NA	4042	3278	NA	NA	2367	3141	4991	1993	4375	3477	4727	NA	1432	3129	3632	533	NA	2451	NA	3920	3451	2519	1545	4466	1152	2137	4405	5109	2423	3694	3167	4373	4164	3649	4060	NA	4289	4753	2953	3705	1945	4726	2073	4201	4518	4691	1802	4923	2327	4553	4177	4887	NA	1832	4487	3286	2416	4601	1850	2046	5222	NA	3669	1984	2051	5242	4405	3653	NA	2321	2147	NA	4565	NA	5390	NA	NA	NA	5103
270	559	NA	2335	NA	2948	1918	4614	2577	3007	3991	3766	5221	856	NA	4195	4278	2928	NA	4971	907	NA	3671	2811	NA	NA	1955	2900	5009	1846	4083	3698	4823	NA	1234	3517	3204	606	NA	2797	NA	4232	3025	1988	1333	4085	984	1785	4379	4830	2149	3283	2802	4374	4083	3138	3568	NA	4191	4832	2653	3432	1611	4695	1720	3830	4293	4471	1522	4706	1910	4784	4180	4590	NA	1585	4081	3052	1959	4214	1613	1728	5062	NA	3266	1736	1764	5289	4119	3486	NA	2096	1867	NA	4262	NA	5467	NA	NA	NA	4875
275	606	NA	1990	NA	2465	1483	4332	2287	2494	3633	3432	5264	817	NA	4145	4375	2585	NA	5070	771	NA	3400	2497	NA	NA	1664	2523	4726	1595	3753	3958	4737	NA	1013	3755	2763	707	NA	3179	NA	4441	2595	1559	1146	3845	841	1463	4079	4666	1947	2873	2419	4615	4359	2740	3127	NA	3970	4683	2249	2940	1346	4582	1537	3437	3874	4164	1327	4504	1621	4899	3922	4547	NA	1325	3639	2796	1644	3831	1438	1467	4919	NA	2854	1636	1457	5143	3760	3038	NA	1802	1652	NA	3899	NA	5493	NA	NA	NA	4738
280	663	NA	1568	NA	2131	1293	4082	2034	2071	3350	2994	5298	639	NA	3871	4435	2158	NA	4933	659	NA	3109	2019	NA	NA	1537	2208	4463	1326	3393	4159	4611	NA	784	4014	2212	812	NA	3315	NA	4651	2450	1345	927	3557	667	1209	3891	4630	1507	2518	2021	4586	4571	2531	2818	NA	3642	4646	1989	2613	1282	4215	1222	3038	3345	3808	1111	4358	1411	4930	3521	4312	NA	1056	3388	2416	1385	3335	1219	1267	4582	NA	2368	1437	1243	5066	3353	2845	NA	1530	1448	NA	3547	NA	5082	NA	NA	NA	4766
285	826	NA	1285	NA	1871	1144	3788	1898	1712	2930	2535	5068	510	NA	3588	4740	1825	NA	4975	604	NA	2939	1599	NA	NA	1389	2057	4310	1099	2972	4483	4277	NA	638	4087	1823	944	NA	3432	NA	4505	2062	1123	775	3185	515	961	3662	4318	1262	2113	1762	4453	4709	2218	2562	NA	3213	4474	1799	2295	1108	4018	1038	2618	2917	3248	945	4011	1232	4864	3106	4080	NA	831	3287	1877	1206	2793	997	1082	4172	NA	2077	1148	963	4972	2922	2491	NA	1444	1220	NA	3316	NA	4721	NA	NA	NA	4569
290	1015	NA	1123	NA	1581	992	3510	1588	1407	2628	2177	4781	438	NA	3310	4681	1469	NA	4946	428	NA	2532	1378	NA	NA	1184	1810	3987	982	2556	4654	4269	NA	522	4301	1598	1075	NA	3816	NA	4548	1737	887	692	2881	442	730	3438	4026	1090	1797	1472	4206	4910	1945	2237	NA	2744	4400	1566	2013	1023	3919	855	2259	2535	2816	831	3607	982	4785	2729	3581	NA	700	3061	1597	952	2418	809	903	3910	NA	1812	855	749	4584	2605	2178	NA	1258	1083	NA	2986	NA	4270	NA	NA	NA	4229
295	1130	NA	911	NA	1294	828	3183	1305	1283	2259	1902	4638	435	NA	3004	4631	1285	NA	4684	339	NA	2099	1124	NA	NA	946	1655	3567	828	2304	4932	3899	NA	435	4476	1419	1236	NA	4130	NA	4524	1390	776	592	2700	403	594	3099	3658	953	1683	1283	3975	4698	1671	1865	NA	2478	4293	1292	1711	937	3533	652	1959	2367	2317	735	3197	761	4531	2407	3160	NA	512	2634	1253	774	2031	680	826	3594	NA	1477	771	695	4364	2334	1857	NA	1099	975	NA	2542	NA	3812	NA	NA	NA	3818
300	1184	NA	680	NA	1087	673	2956	1150	1025	1944	1489	4413	360	NA	2612	4493	994	NA	4409	251	NA	1758	905	NA	NA	748	1380	3188	697	2170	5161	3594	NA	349	4558	1250	1351	NA	4567	NA	4515	1146	609	487	2390	361	551	2817	3123	797	1487	1088	3701	4765	1400	1653	NA	2231	3987	1127	1509	770	3117	546	1742	2005	1805	632	2816	674	4419	2198	2722	NA	380	2295	1039	665	1712	512	662	2954	NA	1176	601	593	4114	2045	1554	NA	956	805	NA	2313	NA	3345	NA	NA	NA	3303
305	1338	NA	545	NA	953	554	2539	921	901	1779	1134	3945	291	NA	2268	4310	765	NA	4113	209	NA	1476	705	NA	NA	622	1156	2788	579	1904	5142	3271	NA	261	4588	1009	1528	NA	4743	NA	4556	976	482	386	2164	348	458	2627	2834	712	1279	850	3244	4641	1216	1297	NA	1939	3603	998	1207	702	2787	421	1469	1720	1590	529	2467	575	4281	1759	2323	NA	300	1932	786	530	1418	455	560	2737	NA	991	481	499	3590	1777	1265	NA	846	647	NA	2079	NA	2961	NA	NA	NA	2939
310	1623	NA	450	NA	717	455	2336	701	774	1437	897	3615	218	NA	1911	4139	621	NA	3920	154	NA	1266	595	NA	NA	502	1053	2499	498	1603	5064	3000	NA	226	4487	782	1896	NA	4697	NA	4601	821	371	302	1802	288	349	2325	2618	593	981	739	2945	4740	996	1099	NA	1567	3283	851	1075	607	2348	337	1303	1360	1381	485	2128	487	4005	1493	1983	NA	175	1638	586	426	1177	407	470	2427	NA	802	374	397	3019	1404	1116	NA	735	531	NA	1851	NA	2408	NA	NA	NA	2569
315	1726	NA	364	NA	605	406	2029	620	669	1222	679	3115	159	NA	1669	3860	470	NA	3534	97	NA	1021	491	NA	NA	378	935	2144	395	1423	4878	2849	NA	207	4305	667	2165	NA	4618	NA	4325	667	270	225	1468	263	253	2097	2376	468	849	644	2717	4402	819	1057	NA	1327	2907	611	879	512	2017	269	1181	1175	1129	379	1886	433	3729	1241	1627	NA	145	1301	466	366	1062	351	304	2359	NA	678	357	356	2444	1223	941	NA	619	447	NA	1540	NA	2044	NA	NA	NA	2239
320	2092	NA	263	NA	530	342	1670	515	536	1069	622	2641	132	NA	1296	3592	385	NA	3273	71	NA	848	470	NA	NA	263	752	1893	342	1179	4469	2452	NA	155	4152	643	2507	NA	4821	NA	4029	592	252	164	1153	278	182	1907	1968	418	765	514	2383	4098	644	954	NA	1141	2605	538	727	426	1702	237	1065	994	962	297	1624	344	3184	1082	1358	NA	98	1095	419	276	849	322	289	2057	NA	585	341	300	2039	1063	840	NA	477	423	NA	1343	NA	1755	NA	NA	NA	1747
325	2311	NA	191	NA	447	263	1422	422	472	866	500	2163	128	NA	1058	3362	312	NA	2891	79	NA	716	388	NA	NA	214	721	1662	298	966	4128	2038	NA	120	4017	499	2933	NA	4943	NA	3568	487	214	136	997	239	147	1621	1803	341	645	381	2157	3780	559	826	NA	930	2219	441	646	339	1425	218	924	731	785	221	1414	251	2690	843	1153	NA	89	971	368	255	720	305	248	1705	NA	465	203	219	1715	938	682	NA	370	387	NA	1014	NA	1506	NA	NA	NA	1435
330	2567	NA	144	NA	402	225	1195	376	339	674	367	1761	119	NA	864	3046	226	NA	2394	62	NA	528	293	NA	NA	140	622	1486	264	801	3779	1844	NA	101	3921	434	3217	NA	5046	NA	3270	412	177	90	833	189	107	1405	1484	236	530	332	2046	3255	468	707	NA	785	1962	383	543	304	1160	181	809	624	662	160	1152	237	2439	700	1035	NA	65	877	286	234	639	226	225	1433	NA	337	154	199	1446	738	519	NA	353	383	NA	892	NA	1285	NA	NA	NA	1237
335	2887	NA	109	NA	327	200	1023	321	252	535	268	1490	109	NA	714	2700	180	NA	2167	56	NA	394	242	NA	NA	101	518	1136	239	671	3418	1577	NA	83	3704	386	3419	NA	5078	NA	2862	383	133	63	774	134	106	1107	1223	217	404	332	1687	2769	373	568	NA	665	1583	294	423	273	988	211	740	477	526	125	1046	227	2129	561	881	NA	47	709	286	191	529	193	189	1257	NA	259	126	179	1309	642	418	NA	300	302	NA	636	NA	1103	NA	NA	NA	1010
340	3179	NA	101	NA	285	135	803	253	208	450	202	1229	76	NA	686	2335	162	NA	1840	46	NA	312	237	NA	NA	74	432	885	179	523	3060	1321	NA	71	3329	286	3606	NA	4867	NA	2481	261	132	29	651	117	82	929	981	226	347	318	1457	2353	303	495	NA	652	1430	224	372	221	802	203	689	374	468	88	918	170	1844	472	691	NA	34	627	250	141	410	180	172	1158	NA	215	119	176	1059	558	312	NA	250	261	NA	594	NA	941	NA	NA	NA	841
345	3346	NA	91	NA	205	86	719	187	216	345	169	987	78	NA	575	1997	120	NA	1461	26	NA	246	203	NA	NA	70	357	730	146	357	2808	1149	NA	73	3006	222	3799	NA	4385	NA	2176	201	112	15	522	83	63	790	799	201	264	244	1160	1981	248	362	NA	586	1120	176	303	202	662	158	574	298	396	98	777	112	1563	395	543	NA	36	573	204	115	368	128	199	998	NA	190	80	125	896	449	289	NA	219	214	NA	525	NA	828	NA	NA	NA	661
350	3596	NA	82	NA	175	81	572	141	169	301	132	806	47	NA	452	1654	105	NA	1149	21	NA	205	162	NA	NA	49	283	583	114	253	2530	977	NA	81	2666	175	4026	NA	4290	NA	1858	157	114	14	443	70	75	669	638	190	260	238	959	1733	216	326	NA	461	910	180	246	156	515	164	448	276	368	88	642	124	1224	383	420	NA	19	498	178	80	283	111	198	703	NA	208	75	127	696	418	218	NA	181	185	NA	492	NA	755	NA	NA	NA	617
355	3910	NA	49	NA	166	75	412	112	148	257	92	655	43	NA	369	1464	95	NA	981	17	NA	167	156	NA	NA	47	260	478	104	207	2150	778	NA	67	2275	120	4299	NA	3785	NA	1551	149	82	17	343	64	59	536	527	150	191	203	787	1504	165	267	NA	401	750	144	206	139	474	137	377	254	261	74	598	83	940	371	360	NA	8	368	176	64	249	90	176	647	NA	149	68	98	626	339	153	NA	170	170	NA	407	NA	629	NA	NA	NA	517
360	4039	NA	27	NA	140	63	341	106	146	186	100	493	26	NA	280	1178	78	NA	803	10	NA	121	123	NA	NA	44	160	364	94	166	1832	628	NA	65	1961	95	4521	NA	3277	NA	1282	158	75	11	260	40	23	411	415	122	175	173	676	1327	146	222	NA	342	686	118	183	118	380	85	333	194	176	72	525	73	835	278	288	NA	4	288	163	55	190	66	163	519	NA	112	61	77	497	268	134	NA	116	131	NA	322	NA	516	NA	NA	NA	385
365	4366	NA	23	NA	88	60	253	88	112	172	78	433	22	NA	219	885	81	NA	634	5	NA	84	101	NA	NA	48	123	286	82	168	1614	500	NA	64	1737	89	4898	NA	2802	NA	1057	104	62	12	227	15	17	348	323	127	155	141	589	1088	128	172	NA	246	559	98	141	102	371	69	286	167	118	77	410	60	680	235	231	NA	NA	240	135	37	142	64	147	461	NA	77	67	47	461	213	129	NA	127	120	NA	255	NA	438	NA	NA	NA	309
370	4399	NA	22	NA	66	36	233	65	83	125	65	366	12	NA	183	736	69	NA	562	4	NA	80	73	NA	NA	35	136	227	52	163	1292	395	NA	60	1642	92	4937	NA	2389	NA	917	76	48	5	211	11	19	249	286	115	139	105	490	957	105	122	NA	228	435	81	99	84	298	62	224	144	100	50	323	65	509	199	145	NA	NA	173	136	33	81	42	115	399	NA	84	64	39	385	157	112	NA	114	114	NA	182	NA	412	NA	NA	NA	281
375	4597	NA	15	NA	51	30	193	45	101	98	53	299	11	NA	125	663	57	NA	508	1	NA	58	59	NA	NA	39	95	190	45	140	1116	310	NA	48	1291	92	4987	NA	1847	NA	762	78	40	3	176	8	7	245	256	106	122	79	335	797	97	123	NA	235	364	60	53	79	218	44	164	130	90	41	258	66	458	153	98	NA	NA	151	107	26	59	30	93	315	NA	81	52	35	310	126	112	NA	107	96	NA	146	NA	314	NA	NA	NA	196
380	4649	NA	11	NA	51	26	168	32	75	57	32	233	13	NA	60	551	47	NA	384	NA	NA	51	48	NA	NA	28	56	139	25	123	871	285	NA	45	1166	71	5009	NA	1468	NA	631	91	20	NA	189	10	0	180	209	77	109	70	277	678	80	100	NA	186	337	52	41	68	185	43	124	90	69	27	222	63	368	149	98	NA	NA	103	104	19	34	17	83	238	NA	61	50	33	223	107	97	NA	97	102	NA	125	NA	311	NA	NA	NA	148
385	4588	NA	7	NA	64	30	126	18	82	42	22	170	11	NA	61	375	51	NA	308	NA	NA	27	52	NA	NA	22	45	102	8	85	638	274	NA	30	989	48	4867	NA	1209	NA	508	72	20	NA	134	11	NA	141	184	63	105	52	203	530	69	78	NA	146	276	26	47	35	146	34	94	75	46	29	166	41	297	103	78	NA	NA	97	84	9	26	5	92	200	NA	46	56	32	233	116	82	NA	81	75	NA	90	NA	276	NA	NA	NA	130
390	4492	NA	8	NA	44	33	86	16	66	39	9	128	9	NA	56	284	55	NA	271	NA	NA	20	58	NA	NA	23	28	66	6	79	532	223	NA	25	900	35	4602	NA	1126	NA	422	79	25	NA	93	11	NA	132	170	53	102	47	128	396	76	67	NA	126	244	11	33	27	127	21	68	68	32	19	143	31	273	90	71	NA	NA	78	74	6	20	4	94	142	NA	46	40	15	190	78	61	NA	69	62	NA	80	NA	282	NA	NA	NA	111
395	4398	NA	7	NA	42	39	74	23	58	43	14	82	12	NA	62	205	57	NA	218	NA	NA	21	35	NA	NA	28	29	44	1	54	443	158	NA	7	734	22	4530	NA	897	NA	379	73	24	NA	81	4	NA	110	136	35	87	38	95	347	58	63	NA	81	182	6	37	22	94	17	59	61	19	7	104	12	228	83	64	NA	NA	45	54	1	30	2	60	102	NA	46	36	13	153	63	42	NA	47	46	NA	67	NA	217	NA	NA	NA	71
400	4281	NA	8	NA	40	26	59	21	47	40	13	36	11	NA	28	163	63	NA	158	NA	NA	16	16	NA	NA	18	20	38	NA	33	410	131	NA	3	597	12	3968	NA	813	NA	366	60	28	NA	84	6	NA	101	116	26	66	48	93	251	50	49	NA	53	167	8	28	17	63	13	37	65	23	5	85	4	214	72	49	NA	NA	38	20	NA	9	1	35	90	NA	44	27	10	115	52	30	NA	45	42	NA	50	NA	182	NA	NA	NA	53
405	4069	NA	2	NA	24	12	68	20	43	40	10	24	2	NA	22	134	65	NA	107	NA	NA	19	14	NA	NA	25	16	26	NA	34	324	90	NA	1	490	9	3596	NA	701	NA	282	43	22	NA	65	3	NA	90	93	23	58	52	89	212	34	33	NA	24	158	8	20	22	49	8	25	77	17	4	68	4	160	61	35	NA	NA	24	32	NA	2	NA	13	63	NA	44	17	11	126	63	29	NA	37	24	NA	59	NA	162	NA	NA	NA	39
410	3775	NA	1	NA	23	6	73	9	45	29	4	25	1	NA	24	158	38	NA	81	NA	NA	17	12	NA	NA	12	10	15	NA	28	275	68	NA	NA	430	6	3285	NA	541	NA	240	35	16	NA	48	1	NA	81	75	26	44	53	44	181	33	41	NA	19	136	7	34	29	42	12	27	68	20	5	66	3	121	39	33	NA	NA	11	19	NA	NA	NA	20	32	NA	20	23	8	93	79	29	NA	33	22	NA	47	NA	114	NA	NA	NA	26
415	3488	NA	NA	NA	20	3	61	8	33	17	NA	18	1	NA	15	134	12	NA	89	NA	NA	7	14	NA	NA	10	6	10	NA	37	217	63	NA	NA	359	4	2918	NA	461	NA	222	38	11	NA	35	NA	NA	67	65	23	44	57	33	199	34	38	NA	10	105	6	30	28	38	11	27	47	14	3	46	NA	68	28	32	NA	NA	4	15	NA	NA	NA	10	39	NA	9	24	12	52	52	36	NA	41	22	NA	34	NA	104	NA	NA	NA	28
420	3181	NA	NA	NA	12	0	40	3	31	13	NA	10	NA	NA	10	87	11	NA	98	NA	NA	15	11	NA	NA	12	6	17	NA	21	150	33	NA	NA	320	7	2495	NA	368	NA	214	33	5	NA	26	NA	NA	59	51	16	30	64	43	163	24	38	NA	11	70	8	26	29	16	14	13	39	16	1	58	NA	56	18	22	NA	NA	0	24	NA	NA	NA	13	41	NA	4	19	9	51	30	31	NA	30	15	NA	28	NA	83	NA	NA	NA	20
425	2739	NA	NA	NA	6	NA	35	NA	39	8	NA	7	NA	NA	8	54	12	NA	92	NA	NA	17	6	NA	NA	14	9	7	NA	7	113	24	NA	NA	268	13	2261	NA	313	NA	174	30	0	NA	17	NA	NA	37	27	11	21	56	36	129	16	15	NA	20	79	7	19	27	27	14	8	30	12	1	72	NA	58	19	21	NA	NA	NA	26	NA	NA	NA	15	42	NA	5	11	9	39	32	22	NA	25	11	NA	9	NA	68	NA	NA	NA	10
430	2563	NA	NA	NA	0	NA	36	NA	40	0	NA	5	NA	NA	7	45	13	NA	89	NA	NA	12	6	NA	NA	15	9	2	NA	10	119	24	NA	NA	229	15	1956	NA	231	NA	149	18	NA	NA	16	NA	NA	32	17	9	14	43	31	108	14	13	NA	15	50	2	15	24	37	4	2	16	12	1	51	NA	38	12	30	NA	NA	NA	21	NA	NA	NA	6	36	NA	5	7	4	49	21	14	NA	31	19	NA	8	NA	58	NA	NA	NA	1
435	2267	NA	NA	NA	NA	NA	26	NA	40	NA	NA	4	NA	NA	9	50	8	NA	100	NA	NA	9	3	NA	NA	14	4	NA	NA	8	111	25	NA	NA	188	9	1618	NA	178	NA	131	26	NA	NA	15	NA	NA	36	16	11	8	23	19	89	6	5	NA	15	51	1	11	13	25	3	1	18	10	1	40	NA	30	13	24	NA	NA	NA	20	NA	NA	NA	2	22	NA	1	11	1	65	21	11	NA	50	9	NA	4	NA	38	NA	NA	NA	NA
440	1872	NA	NA	NA	NA	NA	38	NA	34	NA	NA	3	NA	NA	2	46	6	NA	81	NA	NA	7	5	NA	NA	15	1	NA	NA	7	101	17	NA	NA	182	9	1409	NA	138	NA	84	20	NA	NA	18	NA	NA	37	10	12	7	17	14	70	5	3	NA	15	52	NA	14	8	21	3	NA	30	4	4	17	NA	22	19	17	NA	NA	NA	17	NA	NA	NA	NA	20	NA	NA	3	3	41	13	12	NA	40	6	NA	4	NA	45	NA	NA	NA	NA
445	1575	NA	NA	NA	NA	NA	52	NA	26	NA	NA	0	NA	NA	NA	46	7	NA	74	NA	NA	3	13	NA	NA	12	NA	NA	NA	5	79	7	NA	NA	157	10	1256	NA	128	NA	57	31	NA	NA	8	NA	NA	20	13	5	12	12	13	63	4	5	NA	8	32	NA	13	11	11	NA	NA	10	7	4	15	NA	12	22	14	NA	NA	NA	26	NA	NA	NA	NA	18	NA	NA	1	3	40	20	21	NA	39	2	NA	3	NA	42	NA	NA	NA	NA
450	1295	NA	NA	NA	NA	NA	46	NA	14	NA	NA	NA	NA	NA	NA	43	1	NA	62	NA	NA	2	12	NA	NA	10	NA	NA	NA	8	54	2	NA	NA	133	6	1024	NA	89	NA	47	32	NA	NA	6	NA	NA	16	19	8	16	4	8	62	0	NA	NA	5	19	NA	14	12	6	NA	NA	13	5	4	22	NA	12	20	21	NA	NA	NA	9	NA	NA	NA	NA	15	NA	NA	NA	3	35	10	16	NA	21	NA	NA	7	NA	31	NA	NA	NA	NA
455	1062	NA	NA	NA	NA	NA	24	NA	11	NA	NA	NA	NA	NA	NA	26	0	NA	52	NA	NA	1	6	NA	NA	10	NA	NA	NA	15	42	NA	NA	NA	95	5	898	NA	84	NA	48	35	NA	NA	1	NA	NA	11	18	5	33	11	2	51	NA	NA	NA	12	14	NA	14	12	3	NA	NA	13	3	3	8	NA	15	7	14	NA	NA	NA	7	NA	NA	NA	NA	21	NA	NA	NA	2	38	13	10	NA	14	NA	NA	16	NA	18	NA	NA	NA	NA
460	934	NA	NA	NA	NA	NA	19	NA	11	NA	NA	NA	NA	NA	NA	16	NA	NA	29	NA	NA	NA	9	NA	NA	7	NA	NA	NA	6	27	NA	NA	NA	122	3	758	NA	62	NA	25	33	NA	NA	NA	NA	NA	20	9	19	37	8	2	34	NA	NA	NA	16	7	NA	6	10	1	NA	NA	9	NA	1	17	NA	2	1	2	NA	NA	NA	8	NA	NA	NA	NA	19	NA	NA	NA	NA	31	19	1	NA	28	NA	NA	11	NA	19	NA	NA	NA	NA
465	732	NA	NA	NA	NA	NA	28	NA	6	NA	NA	NA	NA	NA	NA	22	NA	NA	12	NA	NA	NA	7	NA	NA	3	NA	NA	NA	10	21	NA	NA	NA	120	NA	620	NA	34	NA	25	17	NA	NA	NA	NA	NA	16	5	15	28	2	1	23	NA	NA	NA	14	6	NA	6	6	NA	NA	NA	9	NA	0	24	NA	2	NA	5	NA	NA	NA	3	NA	NA	NA	NA	17	NA	NA	NA	NA	24	23	NA	NA	23	NA	NA	8	NA	19	NA	NA	NA	NA
470	570	NA	NA	NA	NA	NA	23	NA	10	NA	NA	NA	NA	NA	NA	13	NA	NA	20	NA	NA	NA	5	NA	NA	NA	NA	NA	NA	17	18	NA	NA	NA	94	NA	454	NA	13	NA	20	11	NA	NA	NA	NA	NA	10	2	15	13	0	NA	12	NA	NA	NA	8	3	NA	1	2	NA	NA	NA	6	NA	NA	17	NA	4	NA	2	NA	NA	NA	NA	NA	NA	NA	NA	17	NA	NA	NA	NA	29	23	NA	NA	22	NA	NA	4	NA	19	NA	NA	NA	NA
475	481	NA	NA	NA	NA	NA	12	NA	15	NA	NA	NA	NA	NA	NA	10	NA	NA	28	NA	NA	NA	0	NA	NA	NA	NA	NA	NA	10	13	NA	NA	NA	70	NA	323	NA	5	NA	12	13	NA	NA	NA	NA	NA	10	5	14	15	NA	NA	19	NA	NA	NA	4	3	NA	NA	NA	NA	NA	NA	10	NA	NA	17	NA	NA	NA	1	NA	NA	NA	NA	NA	NA	NA	NA	11	NA	NA	NA	NA	40	19	NA	NA	20	NA	NA	2	NA	7	NA	NA	NA	NA
480	387	NA	NA	NA	NA	NA	16	NA	21	NA	NA	NA	NA	NA	NA	10	NA	NA	18	NA	NA	NA	NA	NA	NA	NA	NA	NA	NA	12	16	NA	NA	NA	88	NA	266	NA	5	NA	21	8	NA	NA	NA	NA	NA	6	4	6	9	NA	NA	17	NA	NA	NA	5	5	NA	NA	NA	NA	NA	NA	6	NA	NA	10	NA	NA	NA	NA	NA	NA	NA	NA	NA	NA	NA	NA	16	NA	NA	NA	NA	33	27	NA	NA	11	NA	NA	1	NA	5	NA	NA	NA	NA
485	296	NA	NA	NA	NA	NA	18	NA	18	NA	NA	NA	NA	NA	NA	12	NA	NA	5	NA	NA	NA	NA	NA	NA	NA	NA	NA	NA	23	12	NA	NA	NA	75	NA	247	NA	3	NA	11	14	NA	NA	NA	NA	NA	4	3	2	7	NA	NA	14	NA	NA	NA	6	2	NA	NA	NA	NA	NA	NA	3	NA	NA	4	NA	NA	NA	NA	NA	NA	NA	NA	NA	NA	NA	NA	16	NA	NA	NA	NA	47	37	NA	NA	2	NA	NA	2	NA	5	NA	NA	NA	NA
490	213	NA	NA	NA	NA	NA	22	NA	7	NA	NA	NA	NA	NA	NA	10	NA	NA	6	NA	NA	NA	NA	NA	NA	NA	NA	NA	NA	41	10	NA	NA	NA	74	NA	189	NA	4	NA	10	16	NA	NA	NA	NA	NA	8	2	2	4	NA	NA	11	NA	NA	NA	7	5	NA	NA	NA	NA	NA	NA	NA	NA	NA	1	NA	NA	NA	NA	NA	NA	NA	NA	NA	NA	NA	NA	24	NA	NA	NA	NA	41	40	NA	NA	3	NA	NA	NA	NA	2	NA	NA	NA	NA
495	200	NA	NA	NA	NA	NA	21	NA	NA	NA	NA	NA	NA	NA	NA	6	NA	NA	7	NA	NA	NA	NA	NA	NA	NA	NA	NA	NA	43	10	NA	NA	NA	60	NA	175	NA	1	NA	6	21	NA	NA	NA	NA	NA	4	0	7	6	NA	NA	7	NA	NA	NA	6	7	NA	NA	NA	NA	NA	NA	NA	NA	NA	NA	NA	NA	NA	NA	NA	NA	NA	NA	NA	NA	NA	NA	31	NA	NA	NA	NA	23	37	NA	NA	5	NA	NA	NA	NA	4	NA	NA	NA	NA
500	199	NA	NA	NA	NA	NA	19	NA	NA	NA	NA	NA	NA	NA	NA	6	NA	NA	3	NA	NA	NA	NA	NA	NA	NA	NA	NA	NA	52	9	NA	NA	NA	23	NA	162	NA	NA	NA	5	22	NA	NA	NA	NA	NA	2	NA	7	9	NA	NA	14	NA	NA	NA	2	11	NA	NA	NA	NA	NA	NA	NA	NA	NA	NA	NA	NA	NA	NA	NA	NA	NA	NA	NA	NA	NA	NA	30	NA	NA	NA	NA	24	22	NA	NA	8	NA	NA	NA	NA	6	NA	NA	NA	NA
505	205	NA	NA	NA	NA	NA	22	NA	NA	NA	NA	NA	NA	NA	NA	2	NA	NA	3	NA	NA	NA	NA	NA	NA	NA	NA	NA	NA	50	3	NA	NA	NA	18	NA	150	NA	NA	NA	6	23	NA	NA	NA	NA	NA	NA	NA	5	2	NA	NA	9	NA	NA	NA	NA	21	NA	NA	NA	NA	NA	NA	NA	NA	NA	NA	NA	NA	NA	NA	NA	NA	NA	NA	NA	NA	NA	NA	14	NA	NA	NA	NA	16	18	NA	NA	5	NA	NA	NA	NA	3	NA	NA	NA	NA
510	151	NA	NA	NA	NA	NA	27	NA	NA	NA	NA	NA	NA	NA	NA	NA	NA	NA	2	NA	NA	NA	NA	NA	NA	NA	NA	NA	NA	51	1	NA	NA	NA	22	NA	115	NA	NA	NA	7	23	NA	NA	NA	NA	NA	NA	NA	2	NA	NA	NA	21	NA	NA	NA	NA	24	NA	NA	NA	NA	NA	NA	NA	NA	NA	NA	NA	NA	NA	NA	NA	NA	NA	NA	NA	NA	NA	NA	9	NA	NA	NA	NA	10	13	NA	NA	2	NA	NA	NA	NA	NA	NA	NA	NA	NA
515	113	NA	NA	NA	NA	NA	15	NA	NA	NA	NA	NA	NA	NA	NA	NA	NA	NA	4	NA	NA	NA	NA	NA	NA	NA	NA	NA	NA	42	NA	NA	NA	NA	32	NA	69	NA	NA	NA	10	27	NA	NA	NA	NA	NA	NA	NA	NA	NA	NA	NA	14	NA	NA	NA	NA	14	NA	NA	NA	NA	NA	NA	NA	NA	NA	NA	NA	NA	NA	NA	NA	NA	NA	NA	NA	NA	NA	NA	4	NA	NA	NA	NA	5	15	NA	NA	NA	NA	NA	NA	NA	NA	NA	NA	NA	NA
520	106	NA	NA	NA	NA	NA	15	NA	NA	NA	NA	NA	NA	NA	NA	NA	NA	NA	5	NA	NA	NA	NA	NA	NA	NA	NA	NA	NA	35	NA	NA	NA	NA	17	NA	79	NA	NA	NA	5	17	NA	NA	NA	NA	NA	NA	NA	NA	NA	NA	NA	1	NA	NA	NA	NA	9	NA	NA	NA	NA	NA	NA	NA	NA	NA	NA	NA	NA	NA	NA	NA	NA	NA	NA	NA	NA	NA	NA	3	NA	NA	NA	NA	5	12	NA	NA	NA	NA	NA	NA	NA	NA	NA	NA	NA	NA
525	106	NA	NA	NA	NA	NA	11	NA	NA	NA	NA	NA	NA	NA	NA	NA	NA	NA	0	NA	NA	NA	NA	NA	NA	NA	NA	NA	NA	9	NA	NA	NA	NA	16	NA	53	NA	NA	NA	2	13	NA	NA	NA	NA	NA	NA	NA	NA	NA	NA	NA	NA	NA	NA	NA	NA	13	NA	NA	NA	NA	NA	NA	NA	NA	NA	NA	NA	NA	NA	NA	NA	NA	NA	NA	NA	NA	NA	NA	2	NA	NA	NA	NA	2	9	NA	NA	NA	NA	NA	NA	NA	NA	NA	NA	NA	NA
530	98	NA	NA	NA	NA	NA	5	NA	NA	NA	NA	NA	NA	NA	NA	NA	NA	NA	NA	NA	NA	NA	NA	NA	NA	NA	NA	NA	NA	3	NA	NA	NA	NA	19	NA	46	NA	NA	NA	1	9	NA	NA	NA	NA	NA	NA	NA	NA	NA	NA	NA	NA	NA	NA	NA	NA	14	NA	NA	NA	NA	NA	NA	NA	NA	NA	NA	NA	NA	NA	NA	NA	NA	NA	NA	NA	NA	NA	NA	2	NA	NA	NA	NA	1	7	NA	NA	NA	NA	NA	NA	NA	NA	NA	NA	NA	NA
535	88	NA	NA	NA	NA	NA	0	NA	NA	NA	NA	NA	NA	NA	NA	NA	NA	NA	NA	NA	NA	NA	NA	NA	NA	NA	NA	NA	NA	NA	NA	NA	NA	NA	17	NA	40	NA	NA	NA	NA	23	NA	NA	NA	NA	NA	NA	NA	NA	NA	NA	NA	NA	NA	NA	NA	NA	8	NA	NA	NA	NA	NA	NA	NA	NA	NA	NA	NA	NA	NA	NA	NA	NA	NA	NA	NA	NA	NA	NA	NA	NA	NA	NA	NA	NA	10	NA	NA	NA	NA	NA	NA	NA	NA	NA	NA	NA	NA
540	107	NA	NA	NA	NA	NA	NA	NA	NA	NA	NA	NA	NA	NA	NA	NA	NA	NA	NA	NA	NA	NA	NA	NA	NA	NA	NA	NA	NA	NA	NA	NA	NA	NA	16	NA	31	NA	NA	NA	NA	20	NA	NA	NA	NA	NA	NA	NA	NA	NA	NA	NA	NA	NA	NA	NA	NA	8	NA	NA	NA	NA	NA	NA	NA	NA	NA	NA	NA	NA	NA	NA	NA	NA	NA	NA	NA	NA	NA	NA	NA	NA	NA	NA	NA	NA	4	NA	NA	NA	NA	NA	NA	NA	NA	NA	NA	NA	NA
545	107	NA	NA	NA	NA	NA	NA	NA	NA	NA	NA	NA	NA	NA	NA	NA	NA	NA	NA	NA	NA	NA	NA	NA	NA	NA	NA	NA	NA	NA	NA	NA	NA	NA	11	NA	28	NA	NA	NA	NA	27	NA	NA	NA	NA	NA	NA	NA	NA	NA	NA	NA	NA	NA	NA	NA	NA	3	NA	NA	NA	NA	NA	NA	NA	NA	NA	NA	NA	NA	NA	NA	NA	NA	NA	NA	NA	NA	NA	NA	NA	NA	NA	NA	NA	NA	NA	NA	NA	NA	NA	NA	NA	NA	NA	NA	NA	NA	NA
550	101	NA	NA	NA	NA	NA	NA	NA	NA	NA	NA	NA	NA	NA	NA	NA	NA	NA	NA	NA	NA	NA	NA	NA	NA	NA	NA	NA	NA	NA	NA	NA	NA	NA	10	NA	18	NA	NA	NA	NA	16	NA	NA	NA	NA	NA	NA	NA	NA	NA	NA	NA	NA	NA	NA	NA	NA	0	NA	NA	NA	NA	NA	NA	NA	NA	NA	NA	NA	NA	NA	NA	NA	NA	NA	NA	NA	NA	NA	NA	NA	NA	NA	NA	NA	NA	NA	NA	NA	NA	NA	NA	NA	NA	NA	NA	NA	NA	NA
555	99	NA	NA	NA	NA	NA	NA	NA	NA	NA	NA	NA	NA	NA	NA	NA	NA	NA	NA	NA	NA	NA	NA	NA	NA	NA	NA	NA	NA	NA	NA	NA	NA	NA	7	NA	15	NA	NA	NA	NA	13	NA	NA	NA	NA	NA	NA	NA	NA	NA	NA	NA	NA	NA	NA	NA	NA	NA	NA	NA	NA	NA	NA	NA	NA	NA	NA	NA	NA	NA	NA	NA	NA	NA	NA	NA	NA	NA	NA	NA	NA	NA	NA	NA	NA	NA	NA	NA	NA	NA	NA	NA	NA	NA	NA	NA	NA	NA	NA
560	80	NA	NA	NA	NA	NA	NA	NA	NA	NA	NA	NA	NA	NA	NA	NA	NA	NA	NA	NA	NA	NA	NA	NA	NA	NA	NA	NA	NA	NA	NA	NA	NA	NA	9	NA	13	NA	NA	NA	NA	11	NA	NA	NA	NA	NA	NA	NA	NA	NA	NA	NA	NA	NA	NA	NA	NA	NA	NA	NA	NA	NA	NA	NA	NA	NA	NA	NA	NA	NA	NA	NA	NA	NA	NA	NA	NA	NA	NA	NA	NA	NA	NA	NA	NA	NA	NA	NA	NA	NA	NA	NA	NA	NA	NA	NA	NA	NA	NA
565	44	NA	NA	NA	NA	NA	NA	NA	NA	NA	NA	NA	NA	NA	NA	NA	NA	NA	NA	NA	NA	NA	NA	NA	NA	NA	NA	NA	NA	NA	NA	NA	NA	NA	6	NA	8	NA	NA	NA	NA	11	NA	NA	NA	NA	NA	NA	NA	NA	NA	NA	NA	NA	NA	NA	NA	NA	NA	NA	NA	NA	NA	NA	NA	NA	NA	NA	NA	NA	NA	NA	NA	NA	NA	NA	NA	NA	NA	NA	NA	NA	NA	NA	NA	NA	NA	NA	NA	NA	NA	NA	NA	NA	NA	NA	NA	NA	NA	NA
570	42	NA	NA	NA	NA	NA	NA	NA	NA	NA	NA	NA	NA	NA	NA	NA	NA	NA	NA	NA	NA	NA	NA	NA	NA	NA	NA	NA	NA	NA	NA	NA	NA	NA	15	NA	6	NA	NA	NA	NA	7	NA	NA	NA	NA	NA	NA	NA	NA	NA	NA	NA	NA	NA	NA	NA	NA	NA	NA	NA	NA	NA	NA	NA	NA	NA	NA	NA	NA	NA	NA	NA	NA	NA	NA	NA	NA	NA	NA	NA	NA	NA	NA	NA	NA	NA	NA	NA	NA	NA	NA	NA	NA	NA	NA	NA	NA	NA	NA
575	34	NA	NA	NA	NA	NA	NA	NA	NA	NA	NA	NA	NA	NA	NA	NA	NA	NA	NA	NA	NA	NA	NA	NA	NA	NA	NA	NA	NA	NA	NA	NA	NA	NA	12	NA	1	NA	NA	NA	NA	3	NA	NA	NA	NA	NA	NA	NA	NA	NA	NA	NA	NA	NA	NA	NA	NA	NA	NA	NA	NA	NA	NA	NA	NA	NA	NA	NA	NA	NA	NA	NA	NA	NA	NA	NA	NA	NA	NA	NA	NA	NA	NA	NA	NA	NA	NA	NA	NA	NA	NA	NA	NA	NA	NA	NA	NA	NA	NA
580	26	NA	NA	NA	NA	NA	NA	NA	NA	NA	NA	NA	NA	NA	NA	NA	NA	NA	NA	NA	NA	NA	NA	NA	NA	NA	NA	NA	NA	NA	NA	NA	NA	NA	12	NA	NA	NA	NA	NA	NA	4	NA	NA	NA	NA	NA	NA	NA	NA	NA	NA	NA	NA	NA	NA	NA	NA	NA	NA	NA	NA	NA	NA	NA	NA	NA	NA	NA	NA	NA	NA	NA	NA	NA	NA	NA	NA	NA	NA	NA	NA	NA	NA	NA	NA	NA	NA	NA	NA	NA	NA	NA	NA	NA	NA	NA	NA	NA	NA
585	28	NA	NA	NA	NA	NA	NA	NA	NA	NA	NA	NA	NA	NA	NA	NA	NA	NA	NA	NA	NA	NA	NA	NA	NA	NA	NA	NA	NA	NA	NA	NA	NA	NA	9	NA	NA	NA	NA	NA	NA	2	NA	NA	NA	NA	NA	NA	NA	NA	NA	NA	NA	NA	NA	NA	NA	NA	NA	NA	NA	NA	NA	NA	NA	NA	NA	NA	NA	NA	NA	NA	NA	NA	NA	NA	NA	NA	NA	NA	NA	NA	NA	NA	NA	NA	NA	NA	NA	NA	NA	NA	NA	NA	NA	NA	NA	NA	NA	NA
590	15	NA	NA	NA	NA	NA	NA	NA	NA	NA	NA	NA	NA	NA	NA	NA	NA	NA	NA	NA	NA	NA	NA	NA	NA	NA	NA	NA	NA	NA	NA	NA	NA	NA	16	NA	NA	NA	NA	NA	NA	4	NA	NA	NA	NA	NA	NA	NA	NA	NA	NA	NA	NA	NA	NA	NA	NA	NA	NA	NA	NA	NA	NA	NA	NA	NA	NA	NA	NA	NA	NA	NA	NA	NA	NA	NA	NA	NA	NA	NA	NA	NA	NA	NA	NA	NA	NA	NA	NA	NA	NA	NA	NA	NA	NA	NA	NA	NA	NA
595	16	NA	NA	NA	NA	NA	NA	NA	NA	NA	NA	NA	NA	NA	NA	NA	NA	NA	NA	NA	NA	NA	NA	NA	NA	NA	NA	NA	NA	NA	NA	NA	NA	NA	15	NA	NA	NA	NA	NA	NA	8	NA	NA	NA	NA	NA	NA	NA	NA	NA	NA	NA	NA	NA	NA	NA	NA	NA	NA	NA	NA	NA	NA	NA	NA	NA	NA	NA	NA	NA	NA	NA	NA	NA	NA	NA	NA	NA	NA	NA	NA	NA	NA	NA	NA	NA	NA	NA	NA	NA	NA	NA	NA	NA	NA	NA	NA	NA	NA
600	11	NA	NA	NA	NA	NA	NA	NA	NA	NA	NA	NA	NA	NA	NA	NA	NA	NA	NA	NA	NA	NA	NA	NA	NA	NA	NA	NA	NA	NA	NA	NA	NA	NA	14	NA	NA	NA	NA	NA	NA	6	NA	NA	NA	NA	NA	NA	NA	NA	NA	NA	NA	NA	NA	NA	NA	NA	NA	NA	NA	NA	NA	NA	NA	NA	NA	NA	NA	NA	NA	NA	NA	NA	NA	NA	NA	NA	NA	NA	NA	NA	NA	NA	NA	NA	NA	NA	NA	NA	NA	NA	NA	NA	NA	NA	NA	NA	NA	NA
605	7	NA	NA	NA	NA	NA	NA	NA	NA	NA	NA	NA	NA	NA	NA	NA	NA	NA	NA	NA	NA	NA	NA	NA	NA	NA	NA	NA	NA	NA	NA	NA	NA	NA	13	NA	NA	NA	NA	NA	NA	2	NA	NA	NA	NA	NA	NA	NA	NA	NA	NA	NA	NA	NA	NA	NA	NA	NA	NA	NA	NA	NA	NA	NA	NA	NA	NA	NA	NA	NA	NA	NA	NA	NA	NA	NA	NA	NA	NA	NA	NA	NA	NA	NA	NA	NA	NA	NA	NA	NA	NA	NA	NA	NA	NA	NA	NA	NA	NA
610	10	NA	NA	NA	NA	NA	NA	NA	NA	NA	NA	NA	NA	NA	NA	NA	NA	NA	NA	NA	NA	NA	NA	NA	NA	NA	NA	NA	NA	NA	NA	NA	NA	NA	16	NA	NA	NA	NA	NA	NA	3	NA	NA	NA	NA	NA	NA	NA	NA	NA	NA	NA	NA	NA	NA	NA	NA	NA	NA	NA	NA	NA	NA	NA	NA	NA	NA	NA	NA	NA	NA	NA	NA	NA	NA	NA	NA	NA	NA	NA	NA	NA	NA	NA	NA	NA	NA	NA	NA	NA	NA	NA	NA	NA	NA	NA	NA	NA	NA
615	17	NA	NA	NA	NA	NA	NA	NA	NA	NA	NA	NA	NA	NA	NA	NA	NA	NA	NA	NA	NA	NA	NA	NA	NA	NA	NA	NA	NA	NA	NA	NA	NA	NA	19	NA	NA	NA	NA	NA	NA	5	NA	NA	NA	NA	NA	NA	NA	NA	NA	NA	NA	NA	NA	NA	NA	NA	NA	NA	NA	NA	NA	NA	NA	NA	NA	NA	NA	NA	NA	NA	NA	NA	NA	NA	NA	NA	NA	NA	NA	NA	NA	NA	NA	NA	NA	NA	NA	NA	NA	NA	NA	NA	NA	NA	NA	NA	NA	NA
620	11	NA	NA	NA	NA	NA	NA	NA	NA	NA	NA	NA	NA	NA	NA	NA	NA	NA	NA	NA	NA	NA	NA	NA	NA	NA	NA	NA	NA	NA	NA	NA	NA	NA	14	NA	NA	NA	NA	NA	NA	2	NA	NA	NA	NA	NA	NA	NA	NA	NA	NA	NA	NA	NA	NA	NA	NA	NA	NA	NA	NA	NA	NA	NA	NA	NA	NA	NA	NA	NA	NA	NA	NA	NA	NA	NA	NA	NA	NA	NA	NA	NA	NA	NA	NA	NA	NA	NA	NA	NA	NA	NA	NA	NA	NA	NA	NA	NA	NA
625	13	NA	NA	NA	NA	NA	NA	NA	NA	NA	NA	NA	NA	NA	NA	NA	NA	NA	NA	NA	NA	NA	NA	NA	NA	NA	NA	NA	NA	NA	NA	NA	NA	NA	14	NA	NA	NA	NA	NA	NA	NA	NA	NA	NA	NA	NA	NA	NA	NA	NA	NA	NA	NA	NA	NA	NA	NA	NA	NA	NA	NA	NA	NA	NA	NA	NA	NA	NA	NA	NA	NA	NA	NA	NA	NA	NA	NA	NA	NA	NA	NA	NA	NA	NA	NA	NA	NA	NA	NA	NA	NA	NA	NA	NA	NA	NA	NA	NA	NA
630	12	NA	NA	NA	NA	NA	NA	NA	NA	NA	NA	NA	NA	NA	NA	NA	NA	NA	NA	NA	NA	NA	NA	NA	NA	NA	NA	NA	NA	NA	NA	NA	NA	NA	14	NA	NA	NA	NA	NA	NA	NA	NA	NA	NA	NA	NA	NA	NA	NA	NA	NA	NA	NA	NA	NA	NA	NA	NA	NA	NA	NA	NA	NA	NA	NA	NA	NA	NA	NA	NA	NA	NA	NA	NA	NA	NA	NA	NA	NA	NA	NA	NA	NA	NA	NA	NA	NA	NA	NA	NA	NA	NA	NA	NA	NA	NA	NA	NA	NA
635	12	NA	NA	NA	NA	NA	NA	NA	NA	NA	NA	NA	NA	NA	NA	NA	NA	NA	NA	NA	NA	NA	NA	NA	NA	NA	NA	NA	NA	NA	NA	NA	NA	NA	19	NA	NA	NA	NA	NA	NA	NA	NA	NA	NA	NA	NA	NA	NA	NA	NA	NA	NA	NA	NA	NA	NA	NA	NA	NA	NA	NA	NA	NA	NA	NA	NA	NA	NA	NA	NA	NA	NA	NA	NA	NA	NA	NA	NA	NA	NA	NA	NA	NA	NA	NA	NA	NA	NA	NA	NA	NA	NA	NA	NA	NA	NA	NA	NA	NA
640	9	NA	NA	NA	NA	NA	NA	NA	NA	NA	NA	NA	NA	NA	NA	NA	NA	NA	NA	NA	NA	NA	NA	NA	NA	NA	NA	NA	NA	NA	NA	NA	NA	NA	16	NA	NA	NA	NA	NA	NA	NA	NA	NA	NA	NA	NA	NA	NA	NA	NA	NA	NA	NA	NA	NA	NA	NA	NA	NA	NA	NA	NA	NA	NA	NA	NA	NA	NA	NA	NA	NA	NA	NA	NA	NA	NA	NA	NA	NA	NA	NA	NA	NA	NA	NA	NA	NA	NA	NA	NA	NA	NA	NA	NA	NA	NA	NA	NA	NA
645	14	NA	NA	NA	NA	NA	NA	NA	NA	NA	NA	NA	NA	NA	NA	NA	NA	NA	NA	NA	NA	NA	NA	NA	NA	NA	NA	NA	NA	NA	NA	NA	NA	NA	26	NA	NA	NA	NA	NA	NA	NA	NA	NA	NA	NA	NA	NA	NA	NA	NA	NA	NA	NA	NA	NA	NA	NA	NA	NA	NA	NA	NA	NA	NA	NA	NA	NA	NA	NA	NA	NA	NA	NA	NA	NA	NA	NA	NA	NA	NA	NA	NA	NA	NA	NA	NA	NA	NA	NA	NA	NA	NA	NA	NA	NA	NA	NA	NA	NA
650	10	NA	NA	NA	NA	NA	NA	NA	NA	NA	NA	NA	NA	NA	NA	NA	NA	NA	NA	NA	NA	NA	NA	NA	NA	NA	NA	NA	NA	NA	NA	NA	NA	NA	23	NA	NA	NA	NA	NA	NA	NA	NA	NA	NA	NA	NA	NA	NA	NA	NA	NA	NA	NA	NA	NA	NA	NA	NA	NA	NA	NA	NA	NA	NA	NA	NA	NA	NA	NA	NA	NA	NA	NA	NA	NA	NA	NA	NA	NA	NA	NA	NA	NA	NA	NA	NA	NA	NA	NA	NA	NA	NA	NA	NA	NA	NA	NA	NA	NA
655	10	NA	NA	NA	NA	NA	NA	NA	NA	NA	NA	NA	NA	NA	NA	NA	NA	NA	NA	NA	NA	NA	NA	NA	NA	NA	NA	NA	NA	NA	NA	NA	NA	NA	10	NA	NA	NA	NA	NA	NA	NA	NA	NA	NA	NA	NA	NA	NA	NA	NA	NA	NA	NA	NA	NA	NA	NA	NA	NA	NA	NA	NA	NA	NA	NA	NA	NA	NA	NA	NA	NA	NA	NA	NA	NA	NA	NA	NA	NA	NA	NA	NA	NA	NA	NA	NA	NA	NA	NA	NA	NA	NA	NA	NA	NA	NA	NA	NA	NA
660	10	NA	NA	NA	NA	NA	NA	NA	NA	NA	NA	NA	NA	NA	NA	NA	NA	NA	NA	NA	NA	NA	NA	NA	NA	NA	NA	NA	NA	NA	NA	NA	NA	NA	12	NA	NA	NA	NA	NA	NA	NA	NA	NA	NA	NA	NA	NA	NA	NA	NA	NA	NA	NA	NA	NA	NA	NA	NA	NA	NA	NA	NA	NA	NA	NA	NA	NA	NA	NA	NA	NA	NA	NA	NA	NA	NA	NA	NA	NA	NA	NA	NA	NA	NA	NA	NA	NA	NA	NA	NA	NA	NA	NA	NA	NA	NA	NA	NA	NA
665	11	NA	NA	NA	NA	NA	NA	NA	NA	NA	NA	NA	NA	NA	NA	NA	NA	NA	NA	NA	NA	NA	NA	NA	NA	NA	NA	NA	NA	NA	NA	NA	NA	NA	16	NA	NA	NA	NA	NA	NA	NA	NA	NA	NA	NA	NA	NA	NA	NA	NA	NA	NA	NA	NA	NA	NA	NA	NA	NA	NA	NA	NA	NA	NA	NA	NA	NA	NA	NA	NA	NA	NA	NA	NA	NA	NA	NA	NA	NA	NA	NA	NA	NA	NA	NA	NA	NA	NA	NA	NA	NA	NA	NA	NA	NA	NA	NA	NA	NA
670	10	NA	NA	NA	NA	NA	NA	NA	NA	NA	NA	NA	NA	NA	NA	NA	NA	NA	NA	NA	NA	NA	NA	NA	NA	NA	NA	NA	NA	NA	NA	NA	NA	NA	25	NA	NA	NA	NA	NA	NA	NA	NA	NA	NA	NA	NA	NA	NA	NA	NA	NA	NA	NA	NA	NA	NA	NA	NA	NA	NA	NA	NA	NA	NA	NA	NA	NA	NA	NA	NA	NA	NA	NA	NA	NA	NA	NA	NA	NA	NA	NA	NA	NA	NA	NA	NA	NA	NA	NA	NA	NA	NA	NA	NA	NA	NA	NA	NA	NA
675	8	NA	NA	NA	NA	NA	NA	NA	NA	NA	NA	NA	NA	NA	NA	NA	NA	NA	NA	NA	NA	NA	NA	NA	NA	NA	NA	NA	NA	NA	NA	NA	NA	NA	34	NA	NA	NA	NA	NA	NA	NA	NA	NA	NA	NA	NA	NA	NA	NA	NA	NA	NA	NA	NA	NA	NA	NA	NA	NA	NA	NA	NA	NA	NA	NA	NA	NA	NA	NA	NA	NA	NA	NA	NA	NA	NA	NA	NA	NA	NA	NA	NA	NA	NA	NA	NA	NA	NA	NA	NA	NA	NA	NA	NA	NA	NA	NA	NA	NA
680	7	NA	NA	NA	NA	NA	NA	NA	NA	NA	NA	NA	NA	NA	NA	NA	NA	NA	NA	NA	NA	NA	NA	NA	NA	NA	NA	NA	NA	NA	NA	NA	NA	NA	33	NA	NA	NA	NA	NA	NA	NA	NA	NA	NA	NA	NA	NA	NA	NA	NA	NA	NA	NA	NA	NA	NA	NA	NA	NA	NA	NA	NA	NA	NA	NA	NA	NA	NA	NA	NA	NA	NA	NA	NA	NA	NA	NA	NA	NA	NA	NA	NA	NA	NA	NA	NA	NA	NA	NA	NA	NA	NA	NA	NA	NA	NA	NA	NA	NA
685	5	NA	NA	NA	NA	NA	NA	NA	NA	NA	NA	NA	NA	NA	NA	NA	NA	NA	NA	NA	NA	NA	NA	NA	NA	NA	NA	NA	NA	NA	NA	NA	NA	NA	30	NA	NA	NA	NA	NA	NA	NA	NA	NA	NA	NA	NA	NA	NA	NA	NA	NA	NA	NA	NA	NA	NA	NA	NA	NA	NA	NA	NA	NA	NA	NA	NA	NA	NA	NA	NA	NA	NA	NA	NA	NA	NA	NA	NA	NA	NA	NA	NA	NA	NA	NA	NA	NA	NA	NA	NA	NA	NA	NA	NA	NA	NA	NA	NA	NA
690	0	NA	NA	NA	NA	NA	NA	NA	NA	NA	NA	NA	NA	NA	NA	NA	NA	NA	NA	NA	NA	NA	NA	NA	NA	NA	NA	NA	NA	NA	NA	NA	NA	NA	21	NA	NA	NA	NA	NA	NA	NA	NA	NA	NA	NA	NA	NA	NA	NA	NA	NA	NA	NA	NA	NA	NA	NA	NA	NA	NA	NA	NA	NA	NA	NA	NA	NA	NA	NA	NA	NA	NA	NA	NA	NA	NA	NA	NA	NA	NA	NA	NA	NA	NA	NA	NA	NA	NA	NA	NA	NA	NA	NA	NA	NA	NA	NA	NA	NA
695	NA	NA	NA	NA	NA	NA	NA	NA	NA	NA	NA	NA	NA	NA	NA	NA	NA	NA	NA	NA	NA	NA	NA	NA	NA	NA	NA	NA	NA	NA	NA	NA	NA	NA	12	NA	NA	NA	NA	NA	NA	NA	NA	NA	NA	NA	NA	NA	NA	NA	NA	NA	NA	NA	NA	NA	NA	NA	NA	NA	NA	NA	NA	NA	NA	NA	NA	NA	NA	NA	NA	NA	NA	NA	NA	NA	NA	NA	NA	NA	NA	NA	NA	NA	NA	NA	NA	NA	NA	NA	NA	NA	NA	NA	NA	NA	NA	NA	NA	NA
700	NA	NA	NA	NA	NA	NA	NA	NA	NA	NA	NA	NA	NA	NA	NA	NA	NA	NA	NA	NA	NA	NA	NA	NA	NA	NA	NA	NA	NA	NA	NA	NA	NA	NA	9	NA	NA	NA	NA	NA	NA	NA	NA	NA	NA	NA	NA	NA	NA	NA	NA	NA	NA	NA	NA	NA	NA	NA	NA	NA	NA	NA	NA	NA	NA	NA	NA	NA	NA	NA	NA	NA	NA	NA	NA	NA	NA	NA	NA	NA	NA	NA	NA	NA	NA	NA	NA	NA	NA	NA	NA	NA	NA	NA	NA	NA	NA	NA	NA	NA
705	NA	NA	NA	NA	NA	NA	NA	NA	NA	NA	NA	NA	NA	NA	NA	NA	NA	NA	NA	NA	NA	NA	NA	NA	NA	NA	NA	NA	NA	NA	NA	NA	NA	NA	7	NA	NA	NA	NA	NA	NA	NA	NA	NA	NA	NA	NA	NA	NA	NA	NA	NA	NA	NA	NA	NA	NA	NA	NA	NA	NA	NA	NA	NA	NA	NA	NA	NA	NA	NA	NA	NA	NA	NA	NA	NA	NA	NA	NA	NA	NA	NA	NA	NA	NA	NA	NA	NA	NA	NA	NA	NA	NA	NA	NA	NA	NA	NA	NA	NA
710	NA	NA	NA	NA	NA	NA	NA	NA	NA	NA	NA	NA	NA	NA	NA	NA	NA	NA	NA	NA	NA	NA	NA	NA	NA	NA	NA	NA	NA	NA	NA	NA	NA	NA	4	NA	NA	NA	NA	NA	NA	NA	NA	NA	NA	NA	NA	NA	NA	NA	NA	NA	NA	NA	NA	NA	NA	NA	NA	NA	NA	NA	NA	NA	NA	NA	NA	NA	NA	NA	NA	NA	NA	NA	NA	NA	NA	NA	NA	NA	NA	NA	NA	NA	NA	NA	NA	NA	NA	NA	NA	NA	NA	NA	NA	NA	NA	NA	NA	NA
715	NA	NA	NA	NA	NA	NA	NA	NA	NA	NA	NA	NA	NA	NA	NA	NA	NA	NA	NA	NA	NA	NA	NA	NA	NA	NA	NA	NA	NA	NA	NA	NA	NA	NA	2	NA	NA	NA	NA	NA	NA	NA	NA	NA	NA	NA	NA	NA	NA	NA	NA	NA	NA	NA	NA	NA	NA	NA	NA	NA	NA	NA	NA	NA	NA	NA	NA	NA	NA	NA	NA	NA	NA	NA	NA	NA	NA	NA	NA	NA	NA	NA	NA	NA	NA	NA	NA	NA	NA	NA	NA	NA	NA	NA	NA	NA	NA	NA	NA	NA
720	NA	NA	NA	NA	NA	NA	NA	NA	NA	NA	NA	NA	NA	NA	NA	NA	NA	NA	NA	NA	NA	NA	NA	NA	NA	NA	NA	NA	NA	NA	NA	NA	NA	NA	0	NA	NA	NA	NA	NA	NA	NA	NA	NA	NA	NA	NA	NA	NA	NA	NA	NA	NA	NA	NA	NA	NA	NA	NA	NA	NA	NA	NA	NA	NA	NA	NA	NA	NA	NA	NA	NA	NA	NA	NA	NA	NA	NA	NA	NA	NA	NA	NA	NA	NA	NA	NA	NA	NA	NA	NA	NA	NA	NA	NA	NA	NA	NA	NA	NA
