2.03333333333333	0.957427107756338
1.95714285714286	0.410657345949531
2.06388888888889	1.24066887575181
1.66666666666667	1.73205080756888
1.22222222222222	0.585314097380708
0.891666666666667	0.153206469257085
1.74444444444444	1.1898101311336
NA	NA
1.65	1.13137084989848
1.99166666666667	1.1667261889578
2.246632996633	1.19507181116738
2.25	0.707106781186548
1	0
1.81666666666667	1.06066017177982
2.5547619047619	1.4142135623731
2.33333333333333	0.471404520791032
2.1004477004477	1.4132121019136
2.61666666666667	1.06066017177982
1.5	0.471404520791032
2.73095238095238	1.05765753237157
2.14285714285714	0.740778532671621
1	0.707106781186548
0.916666666666667	0.353553390593274
1	NA
2.025	0.436049181731704
1.47619047619048	0.877971146071062
1.41666666666667	1.42156017576933
2.58333333333333	1.06066017177982
1.54857142857143	0.878306193025805
1.25	0.353553390593274
1.5	0.471404520791032
1.61666666666667	0.995359603731606
2.15	0.471404520791031
2.08362470862471	1.23576709601035
2.1125	1.32582521472478
1.41746031746032	0.504494163791887
0.916666666666667	0.353553390593274
2.51746031746032	0.628539361054709
1	0.707106781186548
1.33333333333333	0.707106781186548
2	0.707106781186548
1.41666666666667	0.117851130197758
1.89166666666667	0.743884532391193
1.58333333333333	1.53206469257085
1.41666666666667	0.117851130197758
2.35	0.212132034355964
1.7	0.763762615825973
1.77777777777778	1.00461896222362
1.66666666666667	0.288675134594813
1.875	0.530330085889911
1.78333333333333	0
2.775	0.553900311929462
1.58333333333333	0.117851130197758
1.41666666666667	1.29636243217534
1	0
2.34285714285714	0.222233559801487
2.58333333333333	1.4142135623731
1.47460317460317	0.772549645915642
1	0
1	0.707106781186548
1.36666666666667	0.58925565098879
1.38888888888889	0.458964212273842
2	0.471404520791032
1.7	0.763762615825973
1.33333333333333	0.763762615825973
1.77777777777778	0.254587538608658
2.26666666666667	0.707106781186548
1.36666666666667	0.353553390593274
1.78333333333333	1.81490740504547
2.37261904761905	0.984898730938405
1.79166666666667	0.294627825494395
1.86666666666667	0.707106781186548
1	0.707106781186548
2.1	0.565685424949238
1	NA
2.525	1.03319891598859
1.83333333333333	0.353553390593274
2.68214285714286	0.257588898860814
NA	NA
2.19166666666667	2.15667568261897
2.08333333333333	1.4142135623731
0.977777777777778	0.144337567297406
2.28732563732564	1.55126435964081
2.501443001443	0.912708536466619
2.16190476190476	0.846159792567469
1.03333333333333	0.707106781186547
1.55952380952381	1.15470053837925
1.53174603174603	0.976577546180386
1.33333333333333	0.707106781186548
1.75	1.06066017177982
0.85	0.919238815542512
1.72777777777778	1.00461896222362
1.13888888888889	1.26197963240006
1.52222222222222	0.649002082973317
1.5	0
1.38888888888889	0.728074579004509
2.32142857142857	1.27279220613579
1.81269841269841	0.875573454241122
NA	NA
0.9	0.707106781186547
