1	NA
1.66666666666667	0.707106781186548
1.92063492063492	0.311425780289419
1.99642857142857	0.883883476483184
2.76311188811189	1.25103507440697
2.4533189033189	1.30786330508664
2.31271506271506	1.84029072539576
2.50833333333333	1.23743686707646
2.4796130952381	1.3914926309601
2.4452380952381	1.89235243346114
1.65555555555556	0.982092751647983
1.75	0.721687836487032
2.34722222222222	1.03077640640442
2.27777777777778	1.97623828590092
1.93611111111111	1.43452792596393
2.11666666666667	0.707106781186548
1.39444444444444	0.694488887466758
2.52777777777778	1.29636243217534
1.88279857397504	0.953207670717159
2.39166666666667	1.64991582276861
1.44583333333333	0.630503546558005
2.41071428571429	1.59099025766973
1.5	1.3228756555323
1.78333333333333	1.34350288425444
2.31785714285714	1.10151410945722
2.03333333333333	0.927960727138337
0.883333333333333	0.89566858950296
2.41324786324786	1.43694635070862
2.06666666666667	1.13137084989848
NA	NA
2.12301587301587	0.196418550329596
2.69036796536797	1.6913702084883
2.41944444444444	1.34715062810913
1.54166666666667	0.0589255650988789
NA	NA
3.48556998556999	2.12132034355964
1.22222222222222	0.822147143719374
1.6561038961039	1.06113360852788
2.31142191142191	0.832375115382766
2.07592592592593	1.12239180970176
1.375	1.23743686707646
2.72321428571429	0.972271824131503
2.47272727272727	1.12731243820572
1.83	0.726796146721272
1.80909939733469	0.845944558816389
1.44444444444444	0.693888666488711
3.14285714285714	0.858629662869379
1.23333333333333	0.353553390593274
2.89015151515151	0.707106781186548
1.08333333333333	1.06066017177982
2.54545454545454	0.0535686955444354
2.16666666666667	0.707106781186547
2.07371794871795	0.6028538583193
1.25126262626263	0.923167186549104
3.1005291005291	1.25010287642501
1.92857142857143	1.44675922146636
1.66666666666667	0.707106781186548
1.49563492063492	0.465231366352102
2.0290404040404	2.12132034355964
1.07321428571429	0.877990919973297
2.82142857142857	0.565685424949238
2.04166666666667	1.23743686707646
2.53333333333333	1.83303027798234
2.66666666666667	1
2.29856254856255	0.958369359600074
2.45995670995671	1.54277843167974
1.49991883116883	1.07926536621409
1.69232804232804	0.449050209369709
2.1	0.565685424949238
1.83333333333333	0.707106781186547
1.74444444444444	0.865437162064053
1.95785714285714	1.29987178854942
2.22619047619048	0.202030508910442
2.16474358974359	1.63116075367796
2.45952380952381	0.352648975718895
2.24229797979798	1.11151992593954
2.55277777777778	1.14033783168426
1.33333333333333	0.707106781186548
2.72222222222222	0.838870492807861
2.08214285714286	1.08591398539363
1.70555555555556	1.45538591038533
2.96309523809524	0.052191214801864
1.85555555555556	0.483429109284602
1.71549773755656	0.54338848864906
2.33910256410256	1.49917849518354
1.56746031746032	1.59543057355736
2.08333333333333	0.707106781186548
2.18314685314685	1.56126287814029
1.83333333333333	0.381881307912987
1.86666666666667	0.89020735550908
1.79761904761905	0.0505076272276105
1	NA
0.783333333333333	0
2.35	0.353553390593274
1.66960466004584	0.813708902407692
1.66666666666667	0.942809041582063
2.15	0.58925565098879
1.63333333333333	0.353553390593274
1.69871794871795	0.308226032824905
2.86813186813187	0.843088854491653
