2.31904761904762	0.866025403784438
NA	NA
1.38888888888889	0.26787918780536
1.80634920634921	0.251089839164833
2.08333333333333	0.707106781186547
1.75	0.707106781186548
1.63888888888889	0.41943524640393
1.75	0.353553390593274
2.93095238095238	0.33335033970223
1.58333333333333	1.4142135623731
1.33333333333333	0.707106781186548
1.70833333333333	1.23743686707646
1.33333333333333	0.707106781186548
0.583333333333333	0.353553390593274
1	NA
1.0875	0.0294627825494395
1.33333333333333	0.707106781186548
1	NA
1.16071428571429	1.23743686707646
2.01785714285714	0.260956074009321
NA	NA
1.2	0.353553390593274
2.18571428571429	0.877971146071061
1.51666666666667	1.5084944665313
1.61904761904762	1.88561808316413
1.625	0.883883476483184
1	0.707106781186548
1.90833333333333	0.247487373415291
1	0.707106781186548
1	0.707106781186548
1.36904761904762	0
1.6547619047619	0.252538136138053
2.11904761904762	0.53611096424751
1.58333333333333	1.53206469257085
1.58333333333333	0.824957911384305
NA	NA
2.325	1.4142135623731
1.9047619047619	0.686358824066646
2.13333333333333	0.282842712474619
1	0.707106781186548
2.03333333333333	0.989949493661166
2.38095238095238	1.83511045593652
1.75714285714286	0.83604999362283
1.725	0.153206469257085
1.55	1.34350288425444
1.75	1.29636243217534
1.13888888888889	0.917928424547684
1.65	1
1.24126984126984	0.471404520791032
1.25	0.353553390593274
1.73333333333333	0.777817459305202
1.34166666666667	1.11956506105091
1.87142857142857	0.494974746830583
1	NA
1.41666666666667	0.117851130197758
1.54166666666667	0.648181216087669
1.25	1.06066017177982
1.5	0.707106781186548
1.9	0.584700778176325
1.38888888888889	0.458964212273842
0.333333333333333	0
2.72222222222222	0.707106781186548
1	NA
1	0
2.26785714285714	0.707106781186547
1.41666666666667	0.58925565098879
1.36746031746032	0.865338082035403
1.44444444444444	0.63098981620003
1	NA
1.71111111111111	1.55682487894551
1	0.866025403784439
2.08333333333333	0.707106781186547
1.66666666666667	1.41421356237309
2.325	0.247487373415292
1.80892857142857	0.267920627397433
2.2961741961742	0.82180164603641
1.95833333333333	2.12132034355964
NA	NA
1	0.707106781186548
2	1.4142135623731
NA	NA
NA	NA
2.11309523809524	0.782868222027963
1	0.707106781186548
1.66666666666667	0.707106781186548
1.25	0.353553390593274
2.47619047619048	0.90913729009699
1	0
1	0
1.96210317460317	1.16256222453937
1	0.707106781186548
1	0.707106781186548
1.13333333333333	0.240370085030933
2.43333333333333	1.4142135623731
1.625	0.294627825494395
1.83333333333333	1.4142135623731
0.944444444444444	0.787635937708768
1	0.707106781186548
1.25	1.06066017177982
2.1	0.848528137423857
