1.11111111111111	0.947706783846221
1	NA
1.83333333333333	1.4142135623731
NA	NA
0.75	0.58925565098879
1	NA
NA	NA
1	0
2.23571428571429	1.21218305346265
1	0
1	0
NA	NA
1	0.707106781186548
1.83333333333333	1.17851130197758
1	0.707106781186548
2	1.4142135623731
2.11309523809524	1.5741543819272
1.75	0.707106781186548
1.33333333333333	0.707106781186548
1	0.707106781186548
0.583333333333333	0.353553390593274
2	0.235702260395516
1.22222222222222	0.346944333244355
1.25	1.4142135623731
1	NA
1.66666666666667	0.471404520791032
0.333333333333333	0
1.66666666666667	0.942809041582063
1.5	0.471404520791032
NA	NA
1.25	0.353553390593274
NA	NA
2	NA
1	0.707106781186548
NA	NA
2	1.4142135623731
1	NA
1.27777777777778	1.08759844169177
2.06309523809524	0.146472118960071
2.23888888888889	1.28064894814897
1.5	0.707106781186548
1	0.707106781186548
NA	NA
1.83333333333333	0.707106781186548
1.33333333333333	0.707106781186548
1.25	1.06066017177982
1.25	1.21655250605964
1.22222222222222	0.346944333244355
1.78214285714286	2.31830008974732
1	NA
1.33333333333333	0.707106781186548
0.5	0
1.25	0.353553390593274
1.38888888888889	0.458964212273842
1	0
1.33333333333333	1.06066017177982
1.58333333333333	1.4142135623731
1.79166666666667	0.530330085889911
NA	NA
NA	NA
1	0
1	NA
1.33333333333333	0.707106781186548
NA	NA
1	0
1.16666666666667	1.17851130197758
2.05952380952381	0.740778532671621
1.25	0.353553390593274
1.67678571428571	1.1914049948183
NA	NA
NA	NA
NA	NA
1	0
1	0.707106781186548
1	0.707106781186548
1.5	0.942809041582063
1	NA
1	0.707106781186548
1.53333333333333	0.763762615825973
1	0.707106781186548
1.68333333333333	1.22474487139159
1	NA
1.78333333333333	0.707106781186548
1.16666666666667	0.707106781186547
1.89316979316979	1.04514561716939
1	0.707106781186548
1.625	0.294627825494395
NA	NA
0.816666666666667	0.58925565098879
1	0.5
1.91666666666667	0.117851130197758
1.70833333333333	0.53033008588991
2.16666666666667	0.235702260395516
1	NA
1.33333333333333	0.707106781186548
1.58333333333333	1.25830573921179
1	NA
1.5	0.471404520791032
1.5	0.471404520791032
1.25	1.06066017177982
