1.83095238095238	1.13729189508381
1.88452380952381	0.90919860387319
2.40190476190476	0.558615608748191
2.43809523809524	0.6557438524302
1.62984848484848	1.50236618927167
1.72916666666667	0.549094372243633
1.71666666666667	1.10151410945722
NA	NA
1.33333333333333	0.430331482911935
1.22222222222222	0.92170333461317
1.72222222222222	0.673575314054563
2.04761904761905	0.930299572196356
1.19166666666667	0.726036934067152
1.44444444444444	0.769800358919501
1.7968253968254	1.38777733297742
2.13904761904762	0.814145769093799
1.4125	0.255087131083566
1.75873015873016	0.309682499003357
1.75833333333333	0.534731240905186
NA	NA
2.12619047619048	0.763762615825973
2.15252525252525	0.487928976651832
1.80952380952381	0.849336141987475
2.3015873015873	1.13447654759234
1.76242424242424	0.956713747029768
1.75	1.02175411987497
1.16666666666667	0.288675134594813
1.25	0.440958551844098
0.76984126984127	0.675676084247389
1.60996336996337	1.012628879194
1.45535714285714	1.02147088934427
NA	NA
1.33333333333333	0.763762615825973
1.5	0.707106781186548
1.86190476190476	0.931597632918775
2.37301587301587	0.731376227872428
1.84583333333333	1.02824688993776
1.9774531024531	1.48503171182206
2.27532051282051	0.94255117973166
1.60500594177065	0.929125856270116
2.31531862745098	1.36182401602232
2.06875	0.634552007324853
1.22222222222222	0.962250448649376
1.66666666666667	1.12731243820572
1.22222222222222	0.673575314054563
2.08174603174603	1.45614915800902
2.03049450549451	1.59489337981564
1	0.763762615825973
1.51111111111111	1.08440118310795
2.61333333333333	1.20375954286437
1	0.763762615825973
1.66666666666667	1.52752523165195
2.29983974358974	1.0643241164425
2.32332251082251	1.0078932692578
1.91190476190476	0.797372227467073
1.52222222222222	0.250739646586595
2.34338624338624	1.13618015727887
1.16666666666667	0.577350269189626
2.25630619380619	1.24115207006324
1.65	1.30170827931778
2.07460317460317	1.1375330683024
1.50793650793651	0.192450089729875
1.64980463980464	0.587960341789274
1.87460317460317	0.924524402257923
2.19397435897436	0.823506690791674
1.66388888888889	1.10479803751804
1.5	0.629152869605896
1.45	1
1	0.763762615825973
1.85555555555556	1.25447347668402
2.77482941894707	0.796847011071465
1.57777777777778	0.637994543109137
1.63333333333333	1.0814941653239
1.56666666666667	0.916515138991168
2.78707403707404	0.815287851055623
2.38888888888889	0.917928424547684
0.955555555555556	0.542200591553976
1.56666666666667	0.491030662088541
2.81666666666667	1.64991582276861
2.17936507936508	1.16023820110163
NA	NA
2.31	1.19847124843833
1.11111111111111	0.751541625470482
NA	NA
1	0.763762615825973
NA	NA
1.82010582010582	1.17420985835889
2.325	1.16225355810741
2.36607142857143	0.630418687134539
2.11666666666667	1.01036297108185
1.93813131313131	0.975391659226635
1.12916666666667	0.697000850204062
2.44172494172494	1.58984441435978
1.47804232804233	0.908126529491794
1.73333333333333	1.25830573921179
0.766666666666667	0.845248155540398
2.21759259259259	1.37024523953229
1.87579365079365	1.05463044255814
NA	NA
1.5	0.518187725171601
