1.52551020408163	1.02502992442512
1.61071428571429	0.861990261478837
2.22099567099567	1.46301783576238
1.33333333333333	0.390867979985286
1.5125	0.522347798140494
1.44642857142857	0.977754264301897
2.01607142857143	0.262534416273164
2.15435606060606	0.520148585688509
1.45	0.522414267288583
2.23043831168831	1.49208815051192
1.72569444444444	1.3125
1.89821428571429	1.0247289614549
2.47619047619048	1.24096736459909
1.78571428571429	1.11924010502591
1.54583333333333	0.422815737819855
1.76677655677656	0.591192373847791
1.92321428571429	1.59654308740227
2.1644419306184	0.984074623285499
NA	NA
1.87	1.03564258098803
2.05766233766234	1.18776302002358
1.57708333333333	0.791546043442129
1.70717948717949	1.37115057958638
2.12878787878788	1.27467983940694
1.80869130869131	1.3352573701166
1.60699404761905	1.50386833661807
1.98125	0.865794833921088
1.14772727272727	0.758518018426824
1.7547619047619	1.42208314937948
1.41666666666667	0.759751421336099
1.94484126984127	0.918504908022804
1.76790764790765	1.38316741584837
2.08015873015873	1.15870297858968
1.42916666666667	1.13727867199635
2.37142857142857	0.385155385788404
1.85595238095238	2.08254013622721
1.77670454545455	1.39593529910041
1.48333333333333	1.11836520901749
1.79047619047619	1.20225128956691
1.90283525997812	0.657883967518573
1.29567307692308	0.888698981449641
2.06714285714286	0.780991215643022
1.78580586080586	1.59723197007585
1.61111111111111	1.34456687535597
1.86480186480186	1.60644962319682
2.40891053391053	1.24180990362241
1.21875	1.25571609715997
1.85728557157129	0.876814224537856
2.21493506493506	1.45165578677541
2.08333333333333	0.524890659167824
1.69642857142857	0.44004698093165
2.00162337662338	0.740531923131996
1.67142857142857	0.549788662757013
1.39047619047619	0.833435367903028
1.91979024265208	1.07426413174906
1.78891774891775	1.44914160594792
1.83058441558442	0.935951511592079
2.02045454545455	1.11167214944894
1.47	0.695461477485753
1.54666666666667	0.487966301204408
1.98422035480859	1.36552469613627
2.10833333333333	1.22926004039568
1.85119047619048	0.65800064787788
1.50833333333333	1.09187339009612
2.53732600732601	1.11247913676199
2.67578251813546	1.17990923039183
1.97916666666667	0.480956801016936
2.16402116402116	1.30272875487753
1.98153846153846	1.16285924228042
2.19480519480519	1.50938295823179
1.62142857142857	0.53431032962565
1.58661858974359	0.817582007940713
1.31785714285714	0.97501187077294
1.5	0.930949336251263
1.72550116550117	1.29606479402668
1.7047619047619	1.14835318677321
1.88	1.03992521098608
2.17166666666667	1.13176361882192
2.36272727272727	0.838790396738207
2.08253968253968	0.556505612444855
1.68429487179487	0.649569873194696
2.94030365769496	1.06972110895832
NA	NA
1.88839285714286	0.47724028624617
1.98340326340326	1.33638871686765
1.99366883116883	1.36908942410036
1.96212121212121	0.53600827125178
1.49166666666667	0.721687836487032
1.65128205128205	1.36723496266352
1.53125	0.425809414418478
1.62536213786214	0.685510614623393
2.13333333333333	0.846069343099804
1.82916666666667	1.00860877780568
1.4	0.912870929175277
2.24905303030303	0.270815673649015
1.3370004995005	1.00970067934634
1.66468253968254	1.10379536035031
1.33785714285714	1.03510600638024
1.40883190883191	1.37913780583783
2.15400432900433	1.2802241324085
