1.55	0.806225774829855
1.83333333333333	0.166666666666667
1.9	1.04432992871027
1	0.5
1.56736111111111	0.797373437072084
1.40416666666667	0.419076365356005
2.08333333333333	0.710242525088751
1.38666666666667	0.925067565099977
1	0.707106781186548
1.54285714285714	1.06718737290547
NA	NA
1.36666666666667	0.912870929175277
1.42559523809524	0.664919408161592
NA	NA
1.62051948051948	0.705720427870732
1.52559523809524	1.20459622268741
1.1375	1.02824688993776
NA	NA
1	0
1.96279761904762	1.13211484743279
1.51333333333333	0.27823850680067
NA	NA
1.20833333333333	0.583333333333333
1.4	1.5919066136764
1.5	1.02672618875076
NA	NA
1.56220238095238	1.15314826505607
1.125	0.25
NA	NA
1.125	0.671854812358212
1.33333333333333	0.490653381462658
1.82026277815751	1.29181172979412
1.72023809523809	0.841877962297007
NA	NA
1	0.577350269189626
1.23333333333333	0.748609822715857
1.33333333333333	0.5
1.56428571428571	0.760831088730101
NA	NA
NA	NA
1.7375	1.11308505215609
1.16666666666667	0.360041149911548
2.13404761904762	0.45931758881224
1.75595238095238	0.883522634060927
NA	NA
2.21944444444444	0.957427107756338
1.3202380952381	0.993062671430034
NA	NA
NA	NA
NA	NA
1.39214285714286	0.953783416778908
1.325	0.924211375534118
1	0.645497224367903
1.33333333333333	0.5
1.3	0.571547606649408
1.63214285714286	0.746302298121482
1.5875	0.516106326972205
1.49166666666667	0.40150181033677
1.4875	0.408333333333333
1.33333333333333	0.561083607686782
1.35833333333333	0.808003942051257
1.73809523809524	0.595917073068309
1.4125	0.741010946087993
1.77777777777778	0.693888666488711
1	0.763762615825973
1.375	0.433012701892219
1.475	1.04434101142689
1	0.52704627669473
NA	NA
1.15	0.388193823295071
1.33333333333333	0.360041149911548
1.28333333333333	1.25
1.79285714285714	0.512504263205173
2	0.707106781186548
1	0.52704627669473
1.87946428571429	0.961272666254944
1.7172619047619	1.16465549845572
1.46285714285714	0.836693226670059
NA	NA
1.76666666666667	1.02632028788938
1.4375	1.08656569060504
1.1875	1.125
1.25	0.763762615825973
1.66666666666667	0.544331053951817
1.27	0.857758707329748
NA	NA
1.125	0.478713553878169
NA	NA
NA	NA
1.11428571428571	0.714365074956398
1.36666666666667	0.707106781186547
1.41666666666667	0.877971146071062
1.50776515151515	0.434628184350454
1.48095238095238	0.806696744252887
1	0.652630006915041
1.33333333333333	0.5
1.47361111111111	0.56958602575971
0.958333333333333	0.629152869605896
1.27777777777778	0.917928424547684
1.82083333333333	0.677737931433459
