1.125	0.777281587757401
1	0.707106781186548
1.49484126984127	1.00063178161353
1	0.5
NA	NA
NA	NA
1.86458333333333	0.763076588311835
1.63042328042328	0.932947451093607
1.9952380952381	1.27279220613579
NA	NA
1.52380952380952	1.11116779900743
1.39583333333333	1.08733236255832
1.41666666666667	0.346944333244355
NA	NA
1	0.652630006915041
NA	NA
1.625	0.613656315924536
1.54095238095238	0.687938137720471
1.4875	0.818577696034069
NA	NA
1	0.623609564462324
1.2	0.828318242652612
1.21428571428571	0.703869631890569
1.11111111111111	0.947706783846221
1.1875	0.688446318410763
1.16666666666667	0.471404520791032
1.96095238095238	0.994736145920113
NA	NA
NA	NA
NA	NA
1.33333333333333	1.44337567297406
1.32	0.763980802551129
1	0.799305253885453
NA	NA
1.3125	0.362444120852775
1.98634920634921	0.914961376773716
1.34	0.583761747443062
1.125	0.583333333333333
1.7	1.09544511501033
1.16666666666667	0.793492047615872
1.13333333333333	0.431405970184826
1.25	0.759202798262025
1.80888888888889	0.530397009469625
1.65416666666667	0.898597157714096
NA	NA
1	0.623609564462324
1.34571428571429	0.99750453939942
1.5	0
1.05	0.817771361689806
1.1875	0.688446318410763
1.4	0.604152298679729
NA	NA
1.69642857142857	0.458449274142136
NA	NA
1.13333333333333	0.414996653266291
NA	NA
NA	NA
NA	NA
1	0.707106781186548
NA	NA
1.24333333333333	0.782854463556996
1.52	0.77445321212955
1.82946428571429	0.921028775393061
1.48452380952381	1.04363148029688
1.49166666666667	0.561166113915842
1.125	0.671854812358212
1.41666666666667	0.5
1.125	0.515949322805742
NA	NA
1.33333333333333	0.763762615825973
1	0.408248290463863
1.66666666666667	0.192450089729875
NA	NA
NA	NA
1.41666666666667	0.520416499866533
1.44583333333333	0.51700257897487
1.59166666666667	0.954666899441312
1.125	0.478713553878169
1.59821428571429	1.46483003820113
NA	NA
NA	NA
1	0.52704627669473
1.57428571428571	1.16027574132978
1	1.15470053837925
NA	NA
1.395	0.970477402564783
NA	NA
NA	NA
1	0.577350269189626
1.16666666666667	0.95257934441568
1.125	0.497679801865803
1.71789321789322	1.15234159712413
2.01785714285714	1.01036297108185
NA	NA
NA	NA
1	0.707106781186547
NA	NA
NA	NA
1.78511904761905	0.546521069737867
1.61666666666667	0.720082299823096
