2.01111111111111	1.72250893670745
1	0.805076485899413
1	0
1.49166666666667	0.618316112368758
NA	NA
1	0.90267093384844
1.4	0.672887641272878
NA	NA
1.4422619047619	0.8613507273961
1.10416666666667	0.752695772491068
1.79166666666667	0.409663366770906
1.25	0.656167322834317
1.44761904761905	0.927059208200967
1	0.871354841186562
1.15333333333333	0.749944442386679
NA	NA
1.475	0.330403793359983
NA	NA
NA	NA
1.25	0.577350269189626
1.3375	0.769604876976924
NA	NA
1.125	0.75
NA	NA
NA	NA
NA	NA
NA	NA
1	0.763762615825973
1	0.866025403784439
1	0.905231707600018
1.66845238095238	0.726645381847252
NA	NA
1.33333333333333	0.577350269189626
1.30416666666667	0.986893273527251
1.13333333333333	0.532290647422377
NA	NA
NA	NA
1	0.577350269189626
1.74821428571429	0.977369352056906
1.43333333333333	0.525892099199066
1	0.5
1.60416666666667	1.15208144966694
NA	NA
2.14075854700855	0.49541277205107
NA	NA
1.78035714285714	0.695138542013455
NA	NA
1.5	0.5
NA	NA
1.13333333333333	0.758287544405155
1.94146825396825	0.788968762258006
1.56547619047619	1.21830567079161
1.32083333333333	0.854549372259807
NA	NA
1.33333333333333	0.816496580927726
1.2	0.957427107756338
1.28666666666667	0.727572065922759
NA	NA
NA	NA
1.34333333333333	1.12327645751169
1	0.5
NA	NA
1.35416666666667	0.229482106136921
1.16	0.866314030822542
1.16666666666667	0.288675134594813
1	0.816496580927726
1.33333333333333	0.288675134594813
1.1875	0.590726953281576
1.23333333333333	0.518411033833193
NA	NA
1	0.652630006915041
1.18611111111111	0.816320788434075
NA	NA
1.4875	0.610612170057412
NA	NA
1.125	0.924211375534118
1.27083333333333	0.875
NA	NA
1.25	0.645497224367903
1.43333333333333	0.748609822715857
1.33333333333333	0.577350269189626
NA	NA
1	0.763762615825973
1.37333333333333	0.565267881431254
NA	NA
NA	NA
NA	NA
1.59166666666667	0.83815273071201
NA	NA
NA	NA
1.36666666666667	1.26197963240006
NA	NA
1	0.408248290463863
NA	NA
1.125	0.478713553878169
1	0.408248290463863
NA	NA
NA	NA
NA	NA
NA	NA
