2.24187594124665	1.57579983311131
2.25254386314169	1.11284340208489
2.87776441081912	1.90004329263235
2.64083297528894	0.983907407050846
2.10055445761967	0.880139666946862
2.17283364958887	1.1187918436161
2.09863306982872	1.29050558717263
2.31761904761905	1.2667668110379
2.7046176046176	1.37095726028342
2.14080298786181	0.883742475526846
1.59832810867294	1.14281872682483
2.40804029304029	0.963320127522958
2.39108618654073	1.27318404361303
2.84840495449949	1.64571186901193
2.62414965986395	2.08212898457603
2.42285393660606	1.39843483258875
2.23958333333333	0.442982733087938
2.33618483530764	1.45693341986238
2.12312845774915	1.49066747162318
2.56481481481481	1.43181354253134
2.32245879120879	1.56626586138983
2.73065853667357	1.36469899819053
2.50536062378168	1.74641312292385
2.65016330947095	1.11651880237842
2.425292909101	1.30428938300024
2.78143796992481	1.62068489440912
2.67321801972537	0.907708035520287
2.71805813234385	1.24199890437941
2.24720666044195	0.895397694915313
2.30895244461421	1.69316433182599
2.0109643857543	0.903262582323716
2.40952915937749	0.788444815576729
2.73937130407719	1.39245215213004
2.2288888799667	0.970724655404487
1.60805110602593	1.25410830392291
2.73339619002807	1.16721322023295
2.44921658986175	1.64840712625857
1.96910014005602	1.09047387754625
2.8521761734997	1.4136573288169
2.34053476553477	1.25896010806066
2.85015824511623	1.49853218575368
2.27381136020842	1.51065121298519
2.6913678564622	1.22778740687809
2.33657455532456	1.25506266960496
2.56137362637363	1.40508809920682
2.13341733454515	2.16728021794913
2.42270408163265	1.34179198601052
2.56097402193427	1.50054426183284
2.7275392915787	1.49915465284063
2.25698390151515	1.38902132138587
2.63142572100275	1.42048067785733
2.82366441133783	1.69749781196155
2.85875632304204	0.735902677737039
2.02107043283514	1.09286643967115
2.36049382716049	1.33638785713172
2.05525265824805	0.404468120727844
2.25889850889851	1.49907992136459
2.85389643036702	1.1465038818973
2.31909968212794	1.21343737246432
2.35778029160382	1.31875073061856
2.29840794944731	1.52085603038401
1.97727710885606	1.66993297401262
2.21704914004914	1.39582298323591
1.83991935483871	0.969080555968782
2.92070982602897	1.71267365582877
2.12536912848356	1.68947714298422
2.72599574338705	1.43927478955531
2.55971616433881	0.644548453106518
2.42712581991652	1.43442006363263
2.63648838845883	1.38514659542092
2.85461364032793	1.41840454649409
2.44697472068162	1.67317586580858
2.86293345543346	1.47867250767086
2.24136752136752	1.11350545220532
2.49925559947299	1.59204548241008
2.58744347050799	1.83760341719434
2.95548480115343	1.86344887189994
2.62399251930502	1.71225626254795
2.43592111911077	1.08320800301709
2.49318489151146	1.46223136638716
1.92283995416348	0.946991501680932
2.604072543618	1.32230067138326
2.38605330839373	1.29422441300158
2.55454545454545	1.61840029609998
3.14017120356103	1.29102602113358
1.60347036541889	1.04103244561402
2.90742307692308	1.74141341205173
1.68815144690145	0.81215738924831
2.92701048951049	1.82572776837066
2.29062897886427	1.24891147284562
1.96156382188099	1.36930049346747
2.23401360544218	2.10148062101213
2.5481093748088	1.43714984047005
2.164281073053	1.7012934195752
2.45589403350273	1.35670423768184
2.5422281121751	1.1839072563919
2.18501339929911	1.91414177934017
2.07162981945591	0.927143948109747
2.80595555811073	1.3335201082399
1.87183235867446	1.24903053313674
