1.65918367346939	0.266522879926361
1.24761904761905	0.525236152480973
NA	NA
1	0.384900179459751
1.14285714285714	0.693411930831959
NA	NA
1.51020408163265	0.853238145606122
NA	NA
NA	NA
NA	NA
1.02380952380952	0.485231630718501
1.11904761904762	0.833412694633769
1.490625	0.61130937891221
1.51190476190476	0.571131583821298
1	0.61913918736689
1.0952380952381	0.880992598824572
NA	NA
NA	NA
NA	NA
1.45850340136054	0.797841543408128
1.375	0.273734461760947
NA	NA
1.28571428571429	0.448395139423033
NA	NA
NA	NA
NA	NA
1.125	0.580776710364308
NA	NA
1.21428571428571	0.356348322549899
NA	NA
NA	NA
NA	NA
1	0.726483157256779
1.3	0.715179335189071
NA	NA
NA	NA
1.05952380952381	0.590656974373165
NA	NA
1.39404761904762	0.511866462206966
NA	NA
1.07142857142857	0.677735491785252
NA	NA
NA	NA
1	0.522635770061855
1.28571428571429	0.94972248005175
NA	NA
1.27083333333333	0.757377867519225
NA	NA
1.15	0.525462759014481
1.21428571428571	0.48557226370585
1.39375	0.852491097565583
NA	NA
2.0011544011544	0.759033065447667
NA	NA
1.33571428571429	0.61352587082298
1.30204081632653	0.579834711655784
NA	NA
NA	NA
NA	NA
NA	NA
NA	NA
1.32142857142857	1.26035394373647
NA	NA
NA	NA
NA	NA
1.21428571428571	0.65767749128253
NA	NA
NA	NA
1.51666666666667	0.764707642029147
NA	NA
NA	NA
1.46001984126984	0.67105428226504
1.30833333333333	0.534448239434766
NA	NA
1.1	0.768114574786861
NA	NA
NA	NA
NA	NA
NA	NA
NA	NA
NA	NA
1.25	0.600925212577332
1.25	0.489249506249193
NA	NA
1.2	0.605530070819498
1	0.833333333333333
NA	NA
NA	NA
1	0.447213595499958
NA	NA
NA	NA
NA	NA
NA	NA
1.16190476190476	0.539179270479018
1.36111111111111	0.752714078017111
1.25	0.436435780471985
NA	NA
NA	NA
NA	NA
NA	NA
