1.63901436727524	0.684007784914366
2.0793275012025	0.937411658738347
1.56	0.800784447852478
1.93632224435411	1.44229973612467
2.15155569068613	1.20469192159805
2.09520944741533	0.945167054131523
2.09163008044587	1.25405330957878
1.79673202614379	0.794661133094928
1.85454039746803	0.82030281117522
1.99097699951358	1.16221880133696
1.48419913419913	0.859173920382561
1.74124274418392	0.649438124190364
1.96691454478536	0.818685701350484
2.22743612596554	0.849046306293958
2.0158019729631	1.45884753430044
2.19585382748173	1.1929865312519
2.12103502558048	1.39462272722212
2.01592195930431	0.602516599205559
NA	NA
1.66372549019608	1.1207567434813
2.11368123835229	1.29613959634657
1.94558929529944	1.24821481596785
1.89781125737008	1.32780366060532
1.9294009911657	1.03806201383082
2.08412867037269	0.761007404515129
2.09668553668554	1.24172689679234
1.93307206600198	1.15354161632083
1.83973429951691	0.60588400888539
1.94459633272906	0.846432198441829
2.10324576146248	1.15830349997174
1.8201048951049	0.814562212536626
2.26150708128079	1.14377815711869
1.60144641683103	1.11437998060378
1.84889276595159	1.10816426924212
2.45724896019014	1.28920152784502
1.84297520661157	0.850500857872097
2.03951418951419	1.17718952337835
1.66470196470196	0.847337948151269
2.16619047619048	0.831667874675156
1.9133069828722	1.15569970389346
1.68414823194235	1.08759865952464
1.92175081602889	1.01843827764582
2.17919910439092	1.25651603623885
1.41611570247934	0.8321484259592
2.14017469063721	0.974187418565038
1.48333333333333	0.948142851961068
2.14428571428571	1.0507823813715
1.57678167420814	0.864300717018051
2.31229589124326	1.35289537672301
1.48126284489921	1.00925600913123
2.16910889355742	1.16259753301864
1.93171296296296	0.932829242729094
1.74452214452214	0.551390041231649
2.17521732907766	1.06464026633782
1.65130359836242	1.04505954224054
2.34072082099942	1.0756887335037
2.19226783968719	0.795436450187482
1.99788052411047	0.880562311228867
1.64428904428904	0.955483218076122
1.63380952380952	0.678741786839677
1.51744366744367	0.839633113640849
1.91597985347985	1.14067019957886
2.19248815782471	1.17483376404226
2.06528499278499	1.06509071710295
2.12254273504273	1.2673605524114
1.64233516483516	0.597335463093966
2.54272527100271	0.798499509978208
1.89068376068376	1.10904166517966
2.4318132402357	1.00088383457428
2.09022901118489	0.959030414055592
1.90455988316379	1.16080856755264
2.17902199667904	1.06016233996788
2.1453823953824	1.0771174993262
2.08800547278808	1.48403541847876
1.9039046479836	0.57950367181183
1.39242424242424	1.23015864956454
1.7966401245813	1.02429270993523
1.38756493506494	0.699197138583318
1.66317752501458	0.683860137677443
1.80386770092652	1.00218700928419
1.86006851448147	0.91142629706193
2.10171561097557	0.875690945987709
1.99901434172534	0.866395606633239
1.70980979804509	0.844314438123215
2.24694674012856	1.32252448588699
1.84969197469197	0.761095467066197
1.83749191984486	0.904796364857047
1.99367877492877	1.25514793574756
2.24071146245059	0.808882269622132
2.39961859979101	1.45202238604671
1.67565456162741	0.899404395266681
1.89008214008214	0.82341960266947
2.0157264957265	0.940490344234863
1.59018859927951	1.09336956035071
1.80144110275689	1.08480696819007
1.73892189681663	0.754134103183242
2.21339640751405	0.954849546830371
2.46012775103684	0.840887224074043
1.98520779220779	1.39926432544892
2.02295117736294	1.21276841692109
