0	1	1	3	2	3	3	2	2	2	2	3	3	2	3	2	1	2	3	2	1	2	2	1	2	2	4	2	2	2	3	3	2	3	2	2	3	2	1	3	2	4	2	1	4	1	2	2	1	3	3	2	2	1	1	3	1	2	2	3	3	2	2	3	2	1	1	2	2	3	2	2	1	2	2	2	2	2	1	1	2	2	2	2	1	3	1	2	3	2	2	2	2	1	2	3	2	2	2	2	2
5	6	8	12	10	27	17	10	19	17	7	18	19	14	12	16	1	14	12	13	NA	16	17	12	1	15	19	19	18	8	14	14	10	13	14	9	23	2	7	19	9	18	12	12	20	NA	11	11	12	14	9	8	7	5	NA	16	8	4	10	1	9	5	22	17	11	12	6	15	12	18	13	8	7	6	14	2	15	6	5	4	5	4	1	14	2	22	26	17	7	17	16	18	6	9	2	13	8	15	9	9	7
10	13	14	32	22	51	26	7	40	35	11	30	24	29	26	36	NA	23	17	15	NA	31	34	15	NA	18	13	24	22	23	11	23	14	22	15	17	28	8	18	35	15	27	13	24	37	NA	18	19	24	18	24	27	16	6	NA	25	27	6	18	NA	8	6	41	16	22	21	14	33	3	13	12	4	15	16	30	9	20	10	16	15	3	15	NA	42	0	37	36	27	19	39	31	36	2	20	13	14	11	27	16	25	18
15	41	24	53	40	82	38	15	62	65	34	79	27	51	41	69	NA	31	31	9	NA	32	47	38	NA	31	15	42	22	37	10	37	17	24	22	41	54	16	31	38	51	43	24	33	65	NA	35	38	28	27	23	46	33	6	NA	41	29	NA	26	NA	9	6	33	35	27	23	10	40	7	28	7	16	32	25	43	14	23	24	14	35	9	10	NA	46	NA	42	46	25	23	55	27	26	NA	40	26	14	27	33	23	31	23
20	50	27	76	45	97	52	17	82	112	40	121	35	54	42	70	NA	34	48	7	NA	64	81	54	NA	46	41	48	27	56	13	58	33	23	52	44	48	13	36	59	84	59	49	66	85	NA	74	49	43	57	25	37	49	20	NA	49	42	NA	32	NA	6	15	35	72	39	30	21	56	10	36	16	24	58	19	52	21	40	24	20	72	15	14	NA	57	NA	50	100	36	30	69	50	59	NA	69	23	62	38	82	44	33	31
25	52	27	83	32	156	71	63	78	152	44	176	50	66	42	107	NA	52	78	5	NA	107	105	100	NA	86	59	109	42	62	14	54	26	33	59	43	45	18	51	98	124	88	54	119	111	NA	103	44	53	56	23	40	59	31	NA	73	74	NA	37	NA	28	38	53	82	46	39	48	85	12	34	32	15	65	30	23	32	41	32	33	88	20	14	NA	59	NA	41	148	65	26	63	52	75	NA	77	22	86	35	128	67	48	36
30	68	45	115	45	216	102	95	89	186	60	265	49	72	90	138	NA	75	65	NA	NA	131	144	122	NA	89	89	177	50	108	17	80	22	47	58	74	45	35	61	166	172	133	52	159	137	NA	158	44	69	89	37	51	106	35	NA	101	114	NA	77	NA	54	45	86	116	41	44	59	114	30	33	44	18	74	42	27	69	58	23	50	121	42	48	NA	70	NA	53	153	81	33	68	97	63	NA	82	43	119	31	180	91	87	54
35	99	57	145	86	314	118	116	170	237	94	447	48	86	128	191	NA	95	50	NA	NA	225	181	185	NA	92	125	273	68	135	41	124	25	52	74	78	69	69	93	218	194	178	69	198	190	NA	230	91	81	105	67	55	129	35	NA	121	204	NA	131	NA	59	72	123	173	49	57	103	167	75	46	69	17	70	45	18	101	64	26	84	120	67	83	NA	90	NA	85	217	107	39	73	133	81	NA	125	76	166	41	203	146	93	67
40	138	63	183	87	366	145	95	268	359	140	619	79	102	174	241	NA	87	67	NA	NA	291	175	264	NA	102	166	368	84	187	90	111	43	36	84	98	95	97	141	284	278	269	90	290	256	NA	272	131	78	112	114	79	227	25	NA	111	310	NA	110	NA	60	85	187	246	42	88	187	238	89	53	98	17	89	44	16	116	72	26	109	145	85	98	NA	135	NA	159	300	136	44	110	211	112	NA	140	68	193	62	308	175	123	71
45	241	101	240	98	471	232	110	406	606	187	848	97	143	222	457	NA	91	113	NA	NA	367	220	292	NA	174	219	450	117	236	104	159	96	45	118	152	165	96	194	341	392	342	122	368	287	NA	352	167	133	131	184	119	276	34	NA	196	403	NA	96	NA	76	128	198	315	50	127	243	296	115	82	133	40	130	52	18	148	91	35	168	166	98	158	NA	188	NA	218	438	212	87	124	299	163	NA	173	97	284	85	345	233	139	94
50	323	178	305	110	603	356	156	488	791	307	988	146	166	299	566	NA	134	117	NA	NA	483	280	397	NA	215	259	627	182	252	142	238	108	88	148	175	231	156	243	561	545	451	159	499	396	NA	448	226	169	191	217	171	317	49	NA	192	528	NA	124	NA	90	156	261	399	88	140	309	433	180	113	211	61	181	54	22	208	103	53	193	253	169	190	NA	252	NA	284	565	231	134	200	379	242	NA	247	149	424	119	536	333	190	122
55	403	246	366	129	905	442	228	599	1033	498	1330	201	227	406	698	NA	179	126	NA	NA	634	326	500	NA	210	372	843	201	341	207	315	156	171	208	169	271	221	303	776	733	601	216	619	560	NA	615	330	203	287	257	242	384	70	NA	223	690	NA	168	NA	111	236	350	541	131	186	405	584	225	148	318	69	280	53	29	355	126	101	228	332	188	302	NA	398	NA	362	794	352	215	280	452	283	NA	335	187	584	177	795	412	245	124
60	577	323	465	151	1163	486	271	787	1335	621	1526	273	328	565	958	NA	219	185	NA	NA	855	415	731	NA	271	464	1041	251	388	234	474	204	255	241	210	402	302	426	1048	855	771	253	766	766	NA	879	481	249	392	292	266	448	81	NA	307	913	NA	224	NA	167	297	363	682	148	266	531	698	305	192	449	92	390	66	46	432	187	98	328	460	270	449	NA	499	NA	536	988	436	245	372	603	368	NA	497	214	751	265	1013	552	321	143
65	787	442	543	216	1617	574	397	991	1601	769	2162	346	458	739	1254	NA	283	259	NA	NA	1135	501	1012	NA	348	615	1319	251	511	294	724	364	288	290	262	584	423	584	1404	1000	932	324	1088	1041	NA	1144	711	366	419	384	350	647	88	NA	450	1018	NA	298	NA	192	395	490	883	219	314	636	934	403	246	679	106	493	80	53	568	243	103	403	617	360	589	NA	583	NA	606	1289	648	314	548	797	466	NA	703	337	1002	376	1242	686	395	216
70	1061	635	668	340	2031	755	465	1266	2089	995	2803	482	603	919	1596	NA	441	380	NA	NA	1464	672	1387	NA	434	686	1717	321	610	439	954	535	427	307	322	806	585	698	1798	1440	1196	418	1406	1363	NA	1495	888	450	515	548	446	879	110	NA	620	1366	NA	516	NA	238	551	687	1119	291	451	896	1193	578	355	997	139	689	133	66	739	276	160	616	801	441	737	NA	714	NA	779	1501	795	496	769	1104	610	NA	936	480	1425	465	1550	946	582	271
75	1385	823	846	479	2490	973	625	1715	2645	1291	3313	665	752	1266	1968	NA	526	512	NA	NA	1972	876	1787	NA	533	844	2114	432	863	552	1277	689	562	421	449	1009	768	871	2319	1925	1672	557	1771	1893	NA	1949	1259	533	714	827	532	1329	109	NA	851	1806	NA	608	NA	331	747	944	1516	397	495	1039	1610	810	388	1174	195	966	137	84	918	398	210	805	1139	591	918	NA	861	NA	1064	1934	1098	619	1076	1434	872	NA	1269	643	1812	638	2103	1222	853	453
80	1773	1035	1143	635	3092	1255	786	2250	3477	1625	4199	892	921	1780	2520	NA	681	689	NA	NA	2445	1097	2146	NA	653	1041	2676	648	1080	809	1635	814	759	594	642	1292	1124	1144	3006	2485	2176	739	2199	2554	NA	2454	1577	642	955	1134	632	1818	149	NA	1222	2203	NA	824	NA	432	1082	1136	1991	536	656	1263	2063	1098	563	1400	248	1152	137	92	1128	467	243	970	1354	826	1246	NA	1211	NA	1324	2569	1445	841	1406	1805	1249	NA	1663	891	2447	764	2714	1583	1089	578
85	2330	1277	1446	824	3900	1736	1062	2886	4284	2071	5169	1413	1188	2266	3272	NA	844	896	NA	NA	3105	1460	2619	NA	828	1350	3584	868	1410	1002	2041	1023	990	715	780	1636	1558	1602	3723	3308	2709	947	2921	3295	NA	2970	2056	760	1224	1357	759	2358	229	NA	1613	3024	NA	1087	NA	511	1438	1511	2621	777	829	1616	2501	1383	743	1596	300	1425	259	111	1424	609	311	1251	1721	1133	1625	NA	1663	NA	1648	3248	1913	1147	1784	2303	1662	NA	2095	1239	3124	1015	3525	1939	1495	871
90	2789	1753	1703	1012	4781	2234	1343	3571	5327	2745	6070	1844	1594	2775	4163	NA	1168	1129	NA	NA	3837	1974	3430	NA	1143	1766	4413	1075	1645	1238	2916	1230	1365	874	1025	2174	2035	2165	4754	3967	3377	1250	3665	3994	NA	3603	2754	1049	1540	1791	1065	2926	354	NA	2106	3964	NA	1506	NA	592	1834	2035	3259	1076	1184	2146	3210	1820	1023	1938	379	1861	387	126	1871	760	410	1631	2401	1509	2202	NA	1890	NA	2217	4152	2549	1399	2319	3036	2158	NA	2631	1806	3787	1351	4299	2501	1901	1269
95	3403	2215	2250	1150	5828	2984	1723	4310	6333	3813	7243	2488	1967	3407	5089	NA	1580	1503	NA	NA	4840	2529	4186	NA	1459	2367	5602	1426	2195	1511	3484	1599	1877	1295	1384	2782	2513	2884	5670	4972	4220	1584	4571	4961	NA	4336	3470	1434	1974	2309	1389	3552	567	NA	2805	4983	NA	1946	NA	774	2506	2619	4225	1405	1483	3001	4110	2353	1394	2451	522	2458	547	159	2503	937	551	2184	3081	1970	2927	NA	2433	NA	3074	5353	3297	1735	2987	3825	2798	NA	3184	2478	4620	1627	4964	3179	2383	1754
100	4215	2820	3003	1594	6811	3791	2234	5351	7308	4829	8314	3061	2490	4031	6188	NA	2189	1963	NA	NA	5766	3173	5095	NA	1877	2964	6781	1886	2929	1975	4386	2056	2461	1671	1774	3502	3318	3697	6595	5925	4994	1995	5871	6011	NA	5335	4265	1839	2536	3040	1779	4431	809	NA	3542	6010	NA	2508	NA	1057	3404	3310	5296	1763	1975	3629	4952	3016	1693	3207	685	3282	797	153	3233	1138	768	2779	3848	2564	3533	NA	3130	NA	3928	6366	4158	2186	3886	4608	3559	NA	3845	3209	5602	2108	6043	4060	3063	2219
105	5328	3536	3922	2064	7962	4783	2843	6351	8513	6034	9039	3812	3080	4973	7016	NA	2761	2510	NA	NA	7098	3884	5760	NA	2468	3542	7347	2230	3711	2796	5342	2622	3087	2188	2290	4343	4261	4772	7317	7067	6004	2581	6889	7130	NA	6340	5402	2532	3373	3947	2343	5354	1077	NA	4298	7150	NA	3187	NA	1411	4294	4132	6434	2303	2693	4398	6111	3845	2288	4156	895	4061	1057	189	4166	1554	1002	3249	4706	3474	4083	NA	4069	NA	5037	7212	5124	2626	5105	5750	4546	NA	4796	4067	6462	2700	7166	4968	3750	2688
110	6421	4429	4790	2618	8864	5827	3619	7183	9108	6768	9095	4787	3777	6048	8219	NA	3627	3338	NA	NA	8317	5013	6687	NA	3016	4378	8305	2933	4761	3627	6710	3556	3791	2821	3054	5180	4944	5721	7879	8110	7424	3176	8006	8289	NA	7221	6389	3302	4313	5030	3003	6338	1250	NA	5211	8279	NA	3982	NA	1774	5088	5116	7415	2909	3421	5264	7312	4650	3013	5030	1144	5284	1282	246	5189	2187	1217	3986	5588	4412	4974	NA	5426	NA	6017	7951	6265	3470	6133	6757	5682	NA	5945	5163	7424	3389	8288	5774	4353	3360
115	7856	5299	5954	3461	9440	7028	4552	8121	8982	7721	9138	5772	4634	7061	9118	NA	4700	4355	NA	NA	8874	6246	7526	NA	3934	5401	9280	3879	5981	4562	7773	4456	4769	3572	3833	6134	5867	6998	8453	9007	8414	3823	9074	9491	NA	8186	7541	4094	4937	6279	3821	7445	1616	NA	6337	9085	NA	4751	NA	2223	6038	6330	8422	3733	4251	6355	8392	5637	3795	6231	1474	6378	1694	319	6219	2847	1669	4981	6653	5414	5889	NA	6698	NA	7270	8647	7435	4270	7139	7794	6858	NA	7289	6493	8551	4335	9231	7014	5353	3968
120	8700	6406	7167	4307	9508	8222	5668	8619	8931	8540	8450	6831	5670	7995	9434	NA	5926	5311	NA	NA	9077	7238	8331	NA	4954	6560	9673	4986	7302	5879	8569	5545	5931	4530	4637	7052	7118	8184	8447	9655	9330	4654	9810	9974	NA	8777	8530	5062	5770	7458	4712	8750	2113	NA	7286	9592	NA	5788	NA	2821	7231	7712	9204	4617	5396	7339	9047	6822	4816	7537	1748	7473	2102	450	7263	3796	2102	5980	7733	6443	6769	NA	7865	NA	8332	8696	8126	5280	8298	8711	7939	NA	8217	7763	9209	5209	9922	8080	6375	4876
125	9376	7329	8075	5098	8571	9079	6933	9026	8395	9085	7517	7793	6701	8690	9363	NA	6908	6433	NA	NA	9049	7848	8824	NA	5958	7851	9375	6090	8294	6777	9168	6831	7148	5603	6081	8324	8330	9244	8565	9517	9580	5734	9876	9961	NA	9159	9010	5837	6869	8517	5655	9410	2483	NA	8245	9429	NA	6652	NA	3711	8183	8798	9863	5450	6778	8036	9279	8043	6074	8745	2201	8376	2726	677	7840	4816	2542	6939	8538	7688	7802	NA	8645	NA	9129	8551	8993	6269	9089	9366	8764	NA	9402	8505	9577	6484	9891	8660	7609	5844
130	9605	8163	8751	5919	7539	9491	7882	8839	7132	9064	6374	8522	7674	9067	8861	NA	8068	7450	NA	NA	8529	8386	8744	NA	7289	8469	8696	7292	9370	8014	9488	7829	8125	6520	7212	9046	9503	9436	8649	9232	9399	6633	9043	9371	NA	8992	9364	6692	8026	9091	6943	9608	2988	NA	9248	8726	NA	7760	NA	4705	8947	9404	9845	6372	7959	8430	9228	8767	7263	9642	2826	8830	3504	852	8731	5864	3230	7980	9100	8533	8785	NA	9347	NA	9577	8163	9322	7347	9557	9437	9409	NA	9763	9436	9173	7266	9232	9086	8612	6506
135	9138	8754	9248	7005	6408	9395	8634	8395	6187	8993	5021	9071	8553	8967	7629	NA	8952	8593	NA	NA	7492	8919	8355	NA	8275	8944	7708	8320	10260	9030	9069	8505	9050	7686	8346	9163	9950	9315	7934	8072	8491	7915	8111	8013	NA	8291	9226	7821	8685	9723	7938	9286	3710	NA	9741	7783	NA	8698	NA	5651	9294	9756	8666	7536	8859	8723	8537	9445	8305	9935	3585	9186	4128	1117	9106	6969	3982	8951	9028	9084	9079	NA	9485	NA	9566	7284	9414	8213	9285	9229	9829	NA	9265	9458	8429	7964	8105	8990	9491	7371
140	8261	8942	9441	8294	5182	8757	8880	7304	4920	8302	3881	9338	9044	8305	6081	NA	9647	9348	NA	NA	6317	8660	7431	NA	8677	9057	6193	9167	10086	9577	8043	8864	9431	8508	9244	9135	10015	9248	6228	6352	7283	8677	6635	6214	NA	6858	8585	9066	9225	9514	8471	8483	4753	NA	9671	6502	NA	9192	NA	6655	9288	9494	7444	8325	9758	8828	7768	9772	9046	9481	4413	9146	4895	1617	9023	7996	4808	9342	8638	9683	9291	NA	9258	NA	8802	6495	8936	8983	8592	8204	9333	NA	8593	9434	7191	8891	6386	8462	9481	8105
145	7073	8689	9218	9035	4079	7879	9026	6240	3620	7206	2770	8761	9028	7601	4886	NA	9688	9929	NA	NA	5341	8059	6347	NA	8978	8686	4205	9377	9129	9744	7111	9239	9669	9104	9601	8515	9018	8313	4813	4863	5844	9101	5362	4594	NA	5570	7670	9449	9353	9019	9162	7078	5676	NA	8900	5129	NA	9474	NA	7497	8515	8552	6183	8827	9679	8015	6805	9188	9622	8800	5328	8859	6047	2113	8407	8970	5781	9205	7592	9393	8692	NA	8603	NA	7764	5255	7531	9510	7813	7089	8455	NA	7787	8755	5793	9254	4698	7807	9091	8667
150	5795	7845	8187	9325	3210	6623	8754	5022	2559	5872	1809	8076	8665	6275	3753	NA	8943	9504	NA	NA	4331	7321	5154	NA	9189	7912	3005	9292	7729	9527	6111	9079	9081	9065	9677	7510	7592	6929	3533	3652	4385	8919	4025	3334	NA	4490	6259	9445	8621	7979	9197	5616	6639	NA	7647	3811	NA	9042	NA	8285	7438	7302	4845	8696	9294	7260	5316	8305	9426	7520	6270	7651	7314	2622	7667	9288	6894	8625	6591	8652	7789	NA	7499	NA	6542	3980	6462	9314	6582	5890	7251	NA	6356	7579	4468	8976	3278	6466	8158	8692
155	4460	7122	6938	9398	2172	5168	8265	3538	1725	4514	1263	6896	7802	5179	2552	NA	8154	8486	NA	NA	3271	6174	4089	NA	8620	7036	2002	8449	6185	8759	4773	8331	7941	8635	9176	6168	6184	5494	2442	2678	3305	8543	2967	2371	NA	3668	4760	8672	7723	6613	8619	4221	7761	NA	6146	2632	NA	7988	NA	9179	6192	5920	3553	8795	8091	6242	3780	7114	8739	5906	7276	6068	7991	3205	6360	9088	7977	7796	5594	7445	6550	NA	5973	NA	5409	3071	4988	8586	5469	4424	5811	NA	4910	6218	3403	8245	2217	5426	7027	8261
160	3190	6043	5344	8728	1517	4101	7123	2552	1215	3389	815	5695	6717	3947	1752	NA	6915	7015	NA	NA	2340	5222	3101	NA	7855	5775	1280	7507	4685	7345	3636	7064	6533	8111	8045	4818	4747	4236	1570	1774	2473	7889	2077	1769	NA	2773	3563	7517	6526	5305	7662	2982	8826	NA	4766	2001	NA	6653	NA	9386	5029	4854	2488	8289	6758	4892	2575	5750	7529	4417	8275	4771	8712	4044	5013	8539	8656	6259	4572	6060	5060	NA	4761	NA	4044	2355	3583	7622	4228	3058	4289	NA	3770	5065	2392	7236	1514	4335	5724	7766
165	2363	4722	4027	7616	1003	2995	6010	1804	852	2443	550	4477	5384	2744	1319	NA	5510	5715	NA	NA	1523	4133	2382	NA	6658	4410	944	6342	3119	5997	2654	6008	5216	7038	6602	3806	3563	3044	1094	1041	1892	6710	1372	1235	NA	1926	2441	6339	5090	3903	6805	2035	9362	NA	3567	1462	NA	5487	NA	8730	3892	3350	1765	6920	5202	3670	1666	4418	6344	3324	9003	3591	8993	5020	3885	7715	9140	4988	3381	4924	3975	NA	3553	NA	2823	1481	2599	6245	3066	2041	3092	NA	2758	3838	1549	6257	963	3097	4318	6926
170	1655	3684	2689	6317	660	2113	4471	1155	620	1689	362	3213	4334	2096	887	NA	4412	4485	NA	NA	1095	3110	1610	NA	5390	3250	641	5278	2304	4489	1816	4518	3951	5902	5207	2648	2422	2128	800	737	1390	5505	876	857	NA	1321	1618	5250	3779	2706	5821	1545	9296	NA	2585	899	NA	4160	NA	8042	2918	2238	995	5780	4116	2846	1014	3127	5345	2225	9277	2815	8943	6337	2869	6585	9123	3810	2481	3459	2736	NA	2460	NA	1880	894	1935	4687	2072	1307	2153	NA	1882	2742	993	5295	621	1905	2783	5762
175	1083	3059	1796	4866	377	1470	3361	834	446	1059	206	2189	3263	1389	612	NA	3310	3344	NA	NA	786	2401	1051	NA	4093	2248	476	4128	1692	3123	1161	3321	2825	4823	3894	1862	1742	1432	502	550	953	4329	521	545	NA	811	1081	3858	2790	1771	4507	1100	8917	NA	1573	631	NA	2919	NA	6937	2227	1618	623	4552	3401	1963	625	2000	4216	1433	9052	1919	8440	7618	2149	5316	8572	2600	1748	2393	1954	NA	1691	NA	1198	614	1301	3173	1301	800	1509	NA	1151	1805	600	4065	401	1235	1946	4378
180	751	2130	1228	3633	226	1009	2500	535	291	589	109	1439	2164	795	403	NA	2366	2376	NA	NA	522	1626	744	NA	2756	1517	326	2942	1151	2049	727	2416	1853	3557	2643	1257	1310	839	367	411	591	3287	325	336	NA	465	780	2741	1684	1071	3166	744	7792	NA	934	434	NA	1981	NA	5710	1594	1060	402	3538	2562	1318	432	1278	3111	957	8253	1394	7678	8552	1452	4179	7556	1851	1138	1612	1346	NA	1059	NA	762	431	839	2218	880	539	962	NA	738	1199	297	2872	294	752	1434	3294
185	407	1486	756	2504	139	676	1681	423	150	365	69	833	1552	461	304	NA	1520	1678	NA	NA	346	1114	524	NA	1870	999	201	2027	773	1214	486	1689	1293	2609	1582	760	848	524	258	274	376	2368	244	180	NA	297	525	1946	1101	684	2214	517	6586	NA	575	262	NA	1452	NA	4599	1052	751	226	2519	1762	854	313	803	2296	647	7336	958	6596	9247	911	3188	6490	1215	665	1058	855	NA	613	NA	537	251	589	1506	565	337	572	NA	460	848	203	1848	191	499	904	2416
190	274	952	509	1546	88	366	1050	235	103	207	35	507	1086	336	206	NA	865	1195	NA	NA	181	682	401	NA	1259	717	108	1456	550	820	321	1208	899	1801	1009	476	542	278	170	170	284	1518	115	146	NA	204	320	1455	804	418	1504	341	5326	NA	372	177	NA	1039	NA	3452	713	480	100	1888	1115	621	188	511	1405	377	6116	603	5076	9529	619	2425	5206	885	466	667	473	NA	370	NA	307	180	315	949	329	187	394	NA	253	548	139	1070	87	414	490	1584
195	189	653	287	1054	64	224	590	126	83	104	18	342	796	219	162	NA	497	797	NA	NA	102	485	239	NA	830	505	80	960	313	433	226	786	617	1070	628	373	340	198	86	137	191	952	72	84	NA	128	157	963	618	281	959	241	4119	NA	201	108	NA	596	NA	2345	427	292	44	1279	776	421	99	274	850	237	4613	358	3772	9277	415	1672	3943	633	283	381	302	NA	219	NA	219	102	257	569	241	127	232	NA	172	390	84	617	34	291	367	1133
200	135	454	178	718	63	142	344	75	77	51	9	220	378	140	101	NA	252	598	NA	NA	53	292	155	NA	525	358	73	644	220	240	143	415	415	631	381	266	205	158	62	125	86	566	48	62	NA	65	75	574	391	167	540	201	3106	NA	125	35	NA	393	NA	1537	250	146	41	919	475	266	58	181	494	176	3393	222	2565	8706	243	1078	2838	374	161	240	200	NA	172	NA	146	68	169	410	177	60	134	NA	88	296	63	443	22	162	280	748
205	101	237	135	495	37	128	189	72	45	25	8	149	244	97	72	NA	144	453	NA	NA	36	159	117	NA	319	253	35	433	138	134	73	210	277	429	252	144	121	108	43	91	55	322	24	46	NA	27	60	373	292	91	360	119	2104	NA	83	17	NA	252	NA	1024	195	76	27	570	287	179	69	66	297	110	2310	154	1888	7517	131	786	2043	247	113	167	161	NA	113	NA	61	50	112	244	75	33	47	NA	57	205	47	288	10	100	263	419
210	73	212	114	324	31	77	115	51	39	28	11	87	164	90	50	NA	78	348	NA	NA	12	135	65	NA	209	155	12	324	88	72	49	112	179	305	165	51	64	70	25	35	26	195	21	49	NA	16	57	268	233	71	220	71	1368	NA	46	23	NA	193	NA	584	142	26	9	357	197	98	49	51	190	117	1476	119	1411	6303	80	563	1448	200	79	116	88	NA	65	NA	56	14	58	175	44	12	19	NA	20	147	11	230	4	63	230	274
215	56	143	71	195	27	37	72	25	28	18	15	70	106	47	57	NA	44	184	NA	NA	7	112	41	NA	134	95	1	203	82	34	17	51	113	225	100	36	54	53	11	26	9	125	20	42	NA	2	20	185	101	59	127	44	909	NA	27	17	NA	99	NA	399	95	10	9	203	102	82	28	31	94	75	999	107	871	4734	45	347	888	133	57	35	57	NA	35	NA	34	5	35	103	41	9	7	NA	12	85	3	161	1	40	168	185
220	43	71	46	117	14	16	29	31	25	13	4	67	72	39	45	NA	30	108	NA	NA	2	88	20	NA	79	73	NA	120	59	25	14	27	69	143	97	15	46	58	3	20	19	58	10	16	NA	2	8	87	69	44	66	21	573	NA	21	20	NA	71	NA	259	54	1	4	116	52	56	12	25	79	51	686	89	522	3598	25	196	572	84	63	25	30	NA	16	NA	18	6	22	70	31	11	5	NA	13	79	1	59	NA	28	102	142
225	41	29	33	67	5	13	25	16	15	8	3	41	37	36	24	NA	16	58	NA	NA	NA	77	9	NA	65	40	NA	86	29	25	20	25	68	78	70	7	33	76	0	15	21	16	13	12	NA	2	2	41	60	12	43	25	344	NA	9	9	NA	30	NA	189	38	NA	NA	99	35	49	11	22	49	39	428	58	272	2510	20	162	344	59	63	27	24	NA	17	NA	14	8	5	53	28	5	5	NA	6	38	NA	27	NA	12	85	71
230	42	5	11	46	11	7	18	8	11	4	4	15	22	23	10	NA	7	33	NA	NA	NA	40	7	NA	31	35	NA	52	4	7	20	20	62	45	52	13	21	72	NA	11	18	7	2	21	NA	1	NA	28	46	0	30	30	192	NA	4	4	NA	1	NA	122	17	NA	NA	53	23	53	24	16	36	18	308	28	189	1668	2	106	210	37	49	28	33	NA	1	NA	9	1	2	39	22	6	1	NA	6	24	NA	5	NA	NA	74	40
235	46	0	10	17	18	10	14	7	1	3	1	9	18	18	5	NA	1	16	NA	NA	NA	11	2	NA	8	29	NA	59	NA	0	10	15	33	27	31	15	2	64	NA	10	1	4	1	18	NA	NA	NA	6	24	NA	29	15	154	NA	1	2	NA	NA	NA	70	8	NA	NA	32	21	25	9	7	18	3	221	14	116	1009	NA	53	131	16	23	15	27	NA	NA	NA	2	NA	NA	16	16	8	NA	NA	4	26	NA	4	NA	NA	39	29
240	27	NA	5	9	22	4	8	8	NA	1	NA	2	26	7	4	NA	NA	12	NA	NA	NA	8	NA	NA	7	23	NA	19	NA	NA	4	6	14	23	15	0	NA	20	NA	15	NA	NA	NA	16	NA	NA	NA	10	9	NA	19	4	89	NA	NA	3	NA	NA	NA	37	1	NA	NA	34	12	7	4	3	15	NA	156	5	81	618	NA	41	136	10	15	15	10	NA	NA	NA	3	NA	NA	7	15	10	NA	NA	2	13	NA	1	NA	NA	39	20
245	13	NA	0	2	18	3	6	10	NA	NA	NA	NA	24	7	NA	NA	NA	9	NA	NA	NA	12	NA	NA	19	17	NA	9	NA	NA	0	9	12	20	5	NA	NA	3	NA	15	NA	NA	NA	24	NA	NA	NA	10	11	NA	10	4	44	NA	NA	NA	NA	NA	NA	19	NA	NA	NA	31	10	4	0	NA	26	NA	88	0	72	400	NA	24	99	8	4	12	18	NA	NA	NA	3	NA	NA	4	16	7	NA	NA	NA	5	NA	NA	NA	NA	23	9
250	2	NA	NA	NA	9	NA	0	7	NA	NA	NA	NA	20	2	NA	NA	NA	1	NA	NA	NA	2	NA	NA	18	21	NA	2	NA	NA	NA	5	17	10	1	NA	NA	4	NA	8	NA	NA	NA	16	NA	NA	NA	2	3	NA	4	5	17	NA	NA	NA	NA	NA	NA	15	NA	NA	NA	13	2	6	NA	NA	18	NA	60	NA	62	244	NA	21	57	2	1	17	20	NA	NA	NA	3	NA	NA	0	7	7	NA	NA	NA	3	NA	NA	NA	NA	23	11
255	NA	NA	NA	NA	4	NA	NA	2	NA	NA	NA	NA	9	NA	NA	NA	NA	NA	NA	NA	NA	NA	NA	NA	14	17	NA	NA	NA	NA	NA	2	18	4	NA	NA	NA	NA	NA	7	NA	NA	NA	4	NA	NA	NA	NA	0	NA	1	1	9	NA	NA	NA	NA	NA	NA	16	NA	NA	NA	8	3	4	NA	NA	20	NA	51	NA	29	122	NA	7	27	1	NA	11	17	NA	NA	NA	4	NA	NA	NA	1	3	NA	NA	NA	11	NA	NA	NA	NA	24	16
260	NA	NA	NA	NA	1	NA	NA	2	NA	NA	NA	NA	5	NA	NA	NA	NA	NA	NA	NA	NA	NA	NA	NA	5	4	NA	NA	NA	NA	NA	5	16	0	NA	NA	NA	NA	NA	5	NA	NA	NA	NA	NA	NA	NA	NA	NA	NA	NA	NA	6	NA	NA	NA	NA	NA	NA	14	NA	NA	NA	5	NA	1	NA	NA	6	NA	44	NA	21	67	NA	1	11	NA	NA	6	4	NA	NA	NA	0	NA	NA	NA	NA	NA	NA	NA	NA	1	NA	NA	NA	NA	13	10
265	NA	NA	NA	NA	NA	NA	NA	NA	NA	NA	NA	NA	2	NA	NA	NA	NA	NA	NA	NA	NA	NA	NA	NA	1	NA	NA	NA	NA	NA	NA	3	22	NA	NA	NA	NA	NA	NA	0	NA	NA	NA	NA	NA	NA	NA	NA	NA	NA	NA	NA	2	NA	NA	NA	NA	NA	NA	9	NA	NA	NA	NA	NA	NA	NA	NA	NA	NA	21	NA	15	33	NA	0	8	NA	NA	5	NA	NA	NA	NA	NA	NA	NA	NA	NA	NA	NA	NA	NA	NA	NA	NA	NA	NA	13	6
270	NA	NA	NA	NA	NA	NA	NA	NA	NA	NA	NA	NA	NA	NA	NA	NA	NA	NA	NA	NA	NA	NA	NA	NA	NA	NA	NA	NA	NA	NA	NA	0	15	NA	NA	NA	NA	NA	NA	NA	NA	NA	NA	NA	NA	NA	NA	NA	NA	NA	NA	NA	NA	NA	NA	NA	NA	NA	NA	6	NA	NA	NA	NA	NA	NA	NA	NA	NA	NA	6	NA	15	10	NA	NA	1	NA	NA	NA	NA	NA	NA	NA	NA	NA	NA	NA	NA	NA	NA	NA	NA	NA	NA	NA	NA	NA	14	11
275	NA	NA	NA	NA	NA	NA	NA	NA	NA	NA	NA	NA	NA	NA	NA	NA	NA	NA	NA	NA	NA	NA	NA	NA	NA	NA	NA	NA	NA	NA	NA	NA	5	NA	NA	NA	NA	NA	NA	NA	NA	NA	NA	NA	NA	NA	NA	NA	NA	NA	NA	NA	NA	NA	NA	NA	NA	NA	NA	0	NA	NA	NA	NA	NA	NA	NA	NA	NA	NA	1	NA	19	NA	NA	NA	NA	NA	NA	NA	NA	NA	NA	NA	NA	NA	NA	NA	NA	NA	NA	NA	NA	NA	NA	NA	NA	NA	7	6
280	NA	NA	NA	NA	NA	NA	NA	NA	NA	NA	NA	NA	NA	NA	NA	NA	NA	NA	NA	NA	NA	NA	NA	NA	NA	NA	NA	NA	NA	NA	NA	NA	2	NA	NA	NA	NA	NA	NA	NA	NA	NA	NA	NA	NA	NA	NA	NA	NA	NA	NA	NA	NA	NA	NA	NA	NA	NA	NA	NA	NA	NA	NA	NA	NA	NA	NA	NA	NA	NA	NA	NA	34	NA	NA	NA	NA	NA	NA	NA	NA	NA	NA	NA	NA	NA	NA	NA	NA	NA	NA	NA	NA	NA	NA	NA	NA	NA	3	3
285	NA	NA	NA	NA	NA	NA	NA	NA	NA	NA	NA	NA	NA	NA	NA	NA	NA	NA	NA	NA	NA	NA	NA	NA	NA	NA	NA	NA	NA	NA	NA	NA	NA	NA	NA	NA	NA	NA	NA	NA	NA	NA	NA	NA	NA	NA	NA	NA	NA	NA	NA	NA	NA	NA	NA	NA	NA	NA	NA	NA	NA	NA	NA	NA	NA	NA	NA	NA	NA	NA	NA	NA	36	NA	NA	NA	NA	NA	NA	NA	NA	NA	NA	NA	NA	NA	NA	NA	NA	NA	NA	NA	NA	NA	NA	NA	NA	NA	3	0
290	NA	NA	NA	NA	NA	NA	NA	NA	NA	NA	NA	NA	NA	NA	NA	NA	NA	NA	NA	NA	NA	NA	NA	NA	NA	NA	NA	NA	NA	NA	NA	NA	NA	NA	NA	NA	NA	NA	NA	NA	NA	NA	NA	NA	NA	NA	NA	NA	NA	NA	NA	NA	NA	NA	NA	NA	NA	NA	NA	NA	NA	NA	NA	NA	NA	NA	NA	NA	NA	NA	NA	NA	25	NA	NA	NA	NA	NA	NA	NA	NA	NA	NA	NA	NA	NA	NA	NA	NA	NA	NA	NA	NA	NA	NA	NA	NA	NA	NA	NA
295	NA	NA	NA	NA	NA	NA	NA	NA	NA	NA	NA	NA	NA	NA	NA	NA	NA	NA	NA	NA	NA	NA	NA	NA	NA	NA	NA	NA	NA	NA	NA	NA	NA	NA	NA	NA	NA	NA	NA	NA	NA	NA	NA	NA	NA	NA	NA	NA	NA	NA	NA	NA	NA	NA	NA	NA	NA	NA	NA	NA	NA	NA	NA	NA	NA	NA	NA	NA	NA	NA	NA	NA	18	NA	NA	NA	NA	NA	NA	NA	NA	NA	NA	NA	NA	NA	NA	NA	NA	NA	NA	NA	NA	NA	NA	NA	NA	NA	NA	NA
300	NA	NA	NA	NA	NA	NA	NA	NA	NA	NA	NA	NA	NA	NA	NA	NA	NA	NA	NA	NA	NA	NA	NA	NA	NA	NA	NA	NA	NA	NA	NA	NA	NA	NA	NA	NA	NA	NA	NA	NA	NA	NA	NA	NA	NA	NA	NA	NA	NA	NA	NA	NA	NA	NA	NA	NA	NA	NA	NA	NA	NA	NA	NA	NA	NA	NA	NA	NA	NA	NA	NA	NA	8	NA	NA	NA	NA	NA	NA	NA	NA	NA	NA	NA	NA	NA	NA	NA	NA	NA	NA	NA	NA	NA	NA	NA	NA	NA	NA	NA
305	NA	NA	NA	NA	NA	NA	NA	NA	NA	NA	NA	NA	NA	NA	NA	NA	NA	NA	NA	NA	NA	NA	NA	NA	NA	NA	NA	NA	NA	NA	NA	NA	NA	NA	NA	NA	NA	NA	NA	NA	NA	NA	NA	NA	NA	NA	NA	NA	NA	NA	NA	NA	NA	NA	NA	NA	NA	NA	NA	NA	NA	NA	NA	NA	NA	NA	NA	NA	NA	NA	NA	NA	13	NA	NA	NA	NA	NA	NA	NA	NA	NA	NA	NA	NA	NA	NA	NA	NA	NA	NA	NA	NA	NA	NA	NA	NA	NA	NA	NA
310	NA	NA	NA	NA	NA	NA	NA	NA	NA	NA	NA	NA	NA	NA	NA	NA	NA	NA	NA	NA	NA	NA	NA	NA	NA	NA	NA	NA	NA	NA	NA	NA	NA	NA	NA	NA	NA	NA	NA	NA	NA	NA	NA	NA	NA	NA	NA	NA	NA	NA	NA	NA	NA	NA	NA	NA	NA	NA	NA	NA	NA	NA	NA	NA	NA	NA	NA	NA	NA	NA	NA	NA	6	NA	NA	NA	NA	NA	NA	NA	NA	NA	NA	NA	NA	NA	NA	NA	NA	NA	NA	NA	NA	NA	NA	NA	NA	NA	NA	NA
