0	1	1	1	1	1	1	1	1	1	1	1	1	1	1	1	1	1	1	1	1	1	1	1	1	1	1	1	1	1	1	1	1	1	1	1	1	1	1	1	1	1	1	1	1	1	1	1	1	1	1	1	1	1	1	1	1	1	1	1	1	1	1	1	1	1	1	1	1	1	1	1	1	1	1	1	1	1	1	1	1	1	1	1	1	1	1	1	1	1	1	1	1	1	1	1	1	1	1	1	1
5	1	3	1	3	8	1	3	3	3	1	1	1	1	1	1	1	3	1	1	2	3	1	2	2	2	1	1	1	2	1	2	2	2	1	1	1	1	1	4	3	3	2	1	2	2	1	1	3	4	3	4	2	2	1	2	1	3	1	1	2	1	1	2	1	1	4	2	2	2	1	2	2	1	1	1	2	3	1	2	1	2	3	2	1	2	1	1	1	1	2	2	2	1	2	2	1	1	1	2	2
10	6	7	4	6	3	2	2	4	3	9	2	4	2	4	3	3	5	4	4	1	5	1	4	4	3	5	1	4	3	6	4	7	5	4	5	4	2	2	2	8	3	3	3	2	7	5	5	3	5	4	4	4	2	2	3	3	3	1	6	3	3	3	3	4	5	4	2	6	3	4	4	5	3	5	2	5	5	2	1	1	1	6	5	5	2	2	5	1	9	3	7	5	5	5	5	3	7	NA	4	6
15	11	17	7	11	7	3	1	5	2	7	5	8	2	9	5	3	6	10	4	1	4	3	5	7	6	6	8	9	7	6	5	9	8	4	10	9	10	5	9	14	8	6	6	9	5	7	11	8	11	10	10	4	5	3	4	5	2	2	10	6	6	4	7	5	5	5	7	10	5	11	8	4	5	7	2	4	8	2	2	4	1	6	6	5	3	5	9	10	16	8	7	9	9	7	10	5	7	NA	5	11
20	12	23	6	15	11	6	6	8	5	16	4	8	7	12	8	9	11	12	8	3	3	6	13	8	9	7	13	8	9	12	7	15	10	5	11	18	5	5	15	19	12	14	8	21	9	9	15	19	18	19	6	8	7	3	4	9	5	1	14	8	11	7	11	13	13	14	11	19	4	21	14	6	14	11	12	8	15	3	5	10	2	8	14	6	2	6	10	9	27	7	7	13	9	9	8	6	13	NA	5	8
25	27	45	8	24	16	8	10	11	10	18	7	10	13	16	14	10	26	25	8	5	4	7	16	17	6	10	16	13	9	33	10	16	17	6	20	31	5	18	16	31	14	11	15	28	13	12	18	24	29	22	13	19	16	12	12	9	4	3	22	10	15	4	13	16	11	25	15	28	8	39	16	10	13	19	13	9	17	6	5	21	9	10	15	10	3	17	16	14	51	11	19	15	13	12	19	14	14	NA	8	12
30	40	51	20	27	15	17	12	9	13	31	15	15	17	28	19	9	36	28	10	8	9	8	29	15	23	6	32	14	14	38	23	38	23	9	23	54	7	14	23	43	21	18	18	40	32	12	23	46	37	35	14	28	24	14	16	23	5	5	25	15	16	4	21	30	15	39	16	39	12	56	22	14	20	28	21	13	24	7	16	23	7	11	35	19	3	18	23	15	64	16	22	20	18	14	29	20	27	NA	18	22
35	49	53	21	46	28	27	21	18	15	38	25	23	30	33	42	11	55	35	20	14	17	14	34	20	36	8	41	20	10	59	30	55	39	13	28	84	14	25	39	58	27	25	39	70	47	20	31	87	52	47	22	22	37	29	23	23	8	10	34	22	20	6	29	41	23	56	26	36	18	57	28	18	26	34	26	17	22	7	13	33	19	12	37	32	6	31	40	14	98	21	31	31	33	19	29	33	40	NA	28	34
40	75	78	20	62	44	25	37	19	16	44	45	30	39	57	39	22	68	56	18	25	36	15	36	37	75	15	69	30	14	98	40	64	39	18	22	97	8	29	46	58	37	41	43	110	73	33	39	116	71	64	26	30	61	41	23	35	11	8	62	36	39	10	46	72	33	96	28	60	20	105	46	37	50	49	38	35	49	13	19	53	26	20	70	40	10	50	48	27	137	31	45	47	40	34	57	33	56	NA	35	43
45	76	95	30	73	90	39	61	24	22	49	63	40	51	69	67	40	109	65	30	45	40	26	55	46	106	17	107	47	31	139	55	106	64	33	38	166	9	29	80	91	66	50	48	175	100	41	53	138	102	116	36	43	80	71	49	50	26	9	76	46	51	11	60	99	51	149	27	90	42	142	58	46	77	78	48	34	63	19	25	60	33	29	80	65	18	64	85	38	189	45	67	60	38	53	56	54	73	NA	46	73
50	140	130	45	96	124	58	85	30	39	81	83	50	61	101	68	59	165	96	32	54	62	33	79	65	186	24	137	51	35	178	94	123	95	44	57	198	12	44	117	128	82	62	73	246	143	57	59	218	153	166	60	79	116	103	77	78	32	12	93	69	81	21	91	133	72	223	40	121	41	196	68	58	108	97	68	75	89	21	40	88	33	45	118	83	13	88	131	42	268	57	103	77	81	85	80	51	92	NA	70	89
55	211	181	73	147	177	80	134	39	54	104	85	83	81	135	84	84	199	122	61	82	93	30	138	90	263	35	193	77	33	240	120	191	128	53	52	276	20	65	149	186	129	98	109	311	177	88	112	310	203	224	92	105	174	175	91	102	50	21	138	112	125	19	124	191	104	307	54	137	52	275	87	76	141	145	121	93	126	39	50	138	54	63	159	112	8	109	184	68	376	106	141	116	100	114	114	87	137	NA	106	107
60	283	247	96	191	258	108	171	64	85	137	113	98	93	172	126	120	304	181	99	126	128	65	166	126	374	46	251	101	66	369	140	240	182	60	84	356	27	78	179	262	178	146	166	404	219	137	143	453	273	282	143	136	240	232	125	146	81	25	190	137	153	41	184	258	135	449	82	188	70	408	127	104	203	187	157	131	160	50	79	177	80	82	250	171	12	174	258	94	557	146	178	173	148	181	166	97	174	NA	167	177
65	404	346	120	258	336	152	249	84	140	175	154	145	134	246	174	191	389	217	156	165	166	74	251	200	452	77	330	136	85	516	197	322	270	102	105	508	33	110	248	351	239	205	212	562	282	190	222	621	352	433	208	201	298	308	180	203	85	37	233	207	222	42	222	362	202	612	112	277	93	509	189	138	284	262	221	182	218	55	117	241	122	124	336	262	16	239	342	145	760	208	229	232	224	246	201	148	247	NA	233	236
70	581	519	195	373	467	227	318	109	219	273	184	221	177	345	241	261	552	302	219	248	243	97	366	260	599	89	457	171	133	688	274	430	385	140	128	652	46	157	297	498	372	289	315	727	426	284	296	941	481	530	316	307	400	424	276	315	119	57	353	289	259	79	323	506	287	800	140	357	151	683	264	200	439	355	293	275	287	78	161	317	194	171	482	338	12	298	431	182	1003	307	327	320	314	341	302	205	328	NA	316	313
75	815	660	253	495	655	308	449	178	284	360	251	274	249	467	303	375	717	410	317	356	312	163	496	357	803	108	582	241	204	931	378	583	511	187	215	935	69	211	450	652	518	379	409	1061	575	359	376	1203	586	770	462	416	572	569	346	440	181	74	447	406	376	118	434	658	422	1054	205	494	182	911	373	253	629	511	428	374	378	97	220	409	285	212	634	485	13	451	591	260	1302	454	433	427	424	468	431	254	438	NA	426	464
80	1098	888	374	712	887	412	692	211	453	513	350	330	341	658	431	537	940	539	456	471	490	224	681	489	1030	148	748	350	268	1216	519	790	645	270	272	1200	77	320	585	823	732	505	550	1367	757	531	522	1472	794	1065	617	591	802	855	478	567	231	97	623	561	546	142	584	945	585	1337	312	695	282	1211	512	367	887	762	591	571	515	157	295	609	353	315	823	671	22	598	796	339	1656	624	552	603	616	688	541	391	543	NA	625	582
85	1486	1178	504	884	1149	609	873	272	619	651	440	443	490	948	583	725	1211	762	645	637	656	295	927	682	1305	187	1074	534	372	1540	712	1036	888	405	347	1548	114	413	824	1142	981	696	751	1765	1026	796	718	1868	1009	1353	790	796	1033	1112	640	764	337	120	850	712	754	179	760	1247	825	1816	421	929	399	1531	666	532	1174	941	834	775	702	207	443	765	466	441	1087	882	27	819	1022	480	2049	827	698	851	788	917	726	535	703	NA	885	762
90	1928	1517	687	1155	1502	768	1150	361	888	911	584	621	656	1203	838	1018	1635	961	842	887	862	404	1264	913	1655	265	1319	692	501	2010	942	1387	1200	577	479	1995	152	561	1083	1535	1294	928	1018	2154	1364	1003	941	2127	1357	1778	1014	1083	1449	1469	910	982	432	177	1164	930	972	271	936	1636	1081	2171	610	1313	588	1903	922	789	1477	1291	1074	990	916	277	603	989	650	637	1426	1204	38	1133	1341	647	2450	1210	909	1103	970	1189	1018	712	926	NA	1071	1012
95	2315	1904	946	1415	1909	1012	1520	495	1138	1111	772	785	834	1575	1042	1278	2055	1232	1114	1177	1128	590	1622	1248	2063	341	1621	940	675	2409	1311	1765	1575	787	627	2386	235	752	1472	1871	1607	1234	1348	2596	1755	1323	1254	2409	1705	2174	1327	1488	1860	1876	1235	1244	613	244	1515	1222	1298	373	1198	2023	1485	2576	791	1624	783	2263	1188	1016	1920	1632	1401	1347	1214	346	755	1283	907	849	1721	1550	58	1498	1722	870	2857	1504	1174	1396	1273	1553	1308	1062	1192	NA	1397	1272
100	2764	2388	1187	1816	2347	1375	1945	650	1495	1517	1021	1044	1081	1946	1372	1552	2551	1577	1434	1513	1408	804	2024	1664	2553	483	2085	1220	899	2854	1770	2150	2044	1063	875	2660	305	976	1748	2325	2048	1592	1786	3001	2116	1764	1657	2763	2075	2534	1699	1839	2229	2273	1565	1609	803	354	1884	1550	1673	509	1556	2446	1857	2987	1104	2006	986	2675	1565	1339	2290	2133	1839	1739	1517	489	987	1580	1183	1080	2129	1923	75	1953	2186	1176	3057	1879	1573	1785	1694	2013	1714	1375	1565	NA	1797	1674
105	3008	2802	1536	2267	2806	1705	2407	950	1827	1892	1346	1389	1419	2360	1673	2013	2828	1985	1856	1875	1808	1089	2451	2173	2834	675	2345	1679	1171	2991	2180	2582	2468	1350	1126	2990	400	1202	2146	2698	2415	2077	2234	3158	2625	2151	2056	2947	2537	2743	2200	2246	2587	2720	1974	1962	1051	483	2193	1892	1967	655	1938	2787	2296	3136	1399	2472	1310	2962	1897	1673	2671	2503	2164	2100	1953	662	1269	2003	1512	1503	2546	2373	93	2373	2597	1438	3166	2366	1889	2278	2101	2383	2118	1705	1900	NA	2237	2104
110	3088	3090	1996	2661	3139	2090	2769	1324	2274	2309	1770	1838	1870	2696	2079	2374	3133	2404	2203	2223	2191	1452	2750	2633	3112	895	2755	1957	1564	3204	2608	2874	2798	1671	1449	3111	559	1605	2662	2897	2734	2417	2695	3101	2764	2579	2459	2986	2835	2835	2498	2601	2958	3048	2362	2442	1417	683	2658	2332	2336	918	2406	3066	2731	3047	1806	2715	1655	3029	2393	2129	3000	2783	2644	2533	2408	891	1692	2287	1892	1885	2827	2768	130	2804	2833	1823	2800	2836	2285	2701	2450	2752	2555	2141	2323	NA	2621	2498
115	2991	3051	2522	3076	3227	2443	3035	1637	2596	2738	2246	2265	2230	2919	2449	2723	3170	2820	2728	2555	2560	1810	3129	3049	3001	1161	2930	2431	1905	2887	2990	3139	3075	2102	1802	2925	793	2044	2898	3056	2988	2871	3028	2858	3015	2936	2699	2693	2981	2869	2868	2991	2996	3124	2760	2827	1796	890	2898	2590	2743	1171	2749	3087	2989	2745	2184	2934	2003	2852	2759	2476	3124	3026	2930	2873	2803	1175	2060	2578	2174	2336	3060	3067	197	3055	3102	2267	2367	3097	2602	3011	2839	2963	2938	2623	2658	NA	2975	2904
120	2584	2904	2812	3152	3036	2764	3176	2123	2881	3032	2595	2620	2607	3058	2773	3084	2874	2978	3043	2672	2828	2263	3195	3263	2798	1490	2994	2719	2401	2501	3151	3074	3107	2588	2217	2577	1081	2372	3046	2873	2962	3122	3088	2315	3029	3138	2825	2319	3021	2681	2968	3140	2949	2989	3070	3060	2145	1135	3125	2902	2995	1621	3049	2943	3138	2276	2598	3090	2364	2426	2964	2865	3010	2955	3058	3059	2993	1429	2528	2824	2659	2699	2949	3110	273	3094	3049	2702	1823	3240	2890	3080	3106	3042	3092	2924	2928	NA	3076	3047
125	2138	2600	3051	2944	2587	3053	2985	2485	3020	3218	2947	2890	2835	2915	2947	3072	2399	3006	3138	2914	2912	2636	2884	3220	2309	1787	2770	2996	2815	1896	3084	2767	2883	2832	2552	2109	1482	2738	2935	2647	2888	3086	2934	1642	2799	3194	3002	1879	2751	2331	3009	3046	2697	2664	3042	3138	2611	1607	2918	3093	3056	1902	3120	2486	3049	1708	2962	2839	2638	2034	3110	3028	2693	2747	2971	3181	3060	1915	2883	2898	2971	3009	2659	2989	376	3004	2778	3048	1273	2983	3056	2976	2996	2952	3119	3021	2956	NA	2947	2986
130	1705	2066	3039	2579	2000	3006	2640	2834	2976	2936	3085	2968	3039	2624	2884	2897	1921	2944	3099	2840	2918	2938	2443	2941	1834	2134	2286	3040	3036	1444	2813	2387	2468	3094	2767	1499	1848	3008	2638	2142	2503	2859	2662	1113	2339	2787	2868	1250	2238	1827	2791	2787	2270	2218	2828	2886	3008	1940	2529	2939	2796	2372	2933	1905	2707	1137	3072	2366	2906	1483	2904	3001	2151	2300	2677	2834	2907	2250	3105	2795	3157	3025	2253	2530	547	2671	2285	3027	807	2583	2979	2603	2784	2493	2820	3010	2938	NA	2735	2762
135	1162	1499	2882	2058	1468	2813	2199	3032	2682	2587	2978	2872	2906	2112	2697	2491	1354	2384	2762	2624	2591	3008	1865	2420	1236	2505	1838	2879	3060	975	2277	1674	1947	3000	2838	936	2307	3040	2148	1572	2059	2413	2197	663	1801	2339	2411	786	1635	1370	2345	2267	1726	1606	2504	2459	3168	2291	2115	2483	2431	2783	2477	1437	2117	717	2839	1948	2895	1024	2564	2821	1594	1881	2220	2332	2426	2564	3049	2516	2890	2832	1727	1957	769	2054	1721	2996	528	2066	2452	2247	2371	2051	2226	2758	2553	NA	2273	2381
140	735	994	2446	1505	964	2340	1527	2949	2200	2038	2755	2597	2683	1542	2238	1863	895	1892	2103	2205	2165	3001	1328	1761	793	2815	1303	2557	2800	560	1711	1135	1348	2834	2793	580	2699	2830	1650	1040	1527	1860	1651	345	1243	1803	1960	457	1181	916	1789	1671	1184	1090	2040	1822	3069	2603	1579	2065	1896	2996	1912	859	1615	436	2699	1336	2857	665	1993	2427	1125	1315	1724	1814	1966	2896	2754	1995	2710	2594	1163	1440	1024	1465	1219	2554	323	1472	1955	1623	1797	1482	1801	2220	2062	NA	1741	1791
145	458	576	1892	1020	568	1812	951	2762	1591	1499	2230	2157	2174	1044	1797	1381	483	1368	1545	1688	1680	2647	861	1207	481	2904	887	1992	2454	355	1216	707	893	2312	2718	286	3001	2445	1183	674	1000	1335	1146	188	772	1213	1482	242	738	576	1284	1079	739	656	1541	1270	2802	2851	1095	1500	1416	3007	1364	513	1093	229	2223	903	2471	381	1389	1866	604	924	1187	1334	1478	2925	2324	1497	2185	2069	805	964	1427	970	790	2076	199	950	1454	1092	1255	988	1273	1807	1464	NA	1202	1266
150	224	318	1397	647	346	1291	590	2388	1091	992	1595	1652	1652	632	1325	953	273	850	964	1217	1195	2170	522	728	304	2846	534	1483	1915	169	787	435	527	1870	2332	149	3111	1928	756	354	632	907	736	89	432	738	951	113	451	327	913	580	397	341	1004	809	2246	2958	612	1003	894	2847	875	294	641	137	1776	590	1991	197	999	1249	320	613	809	794	984	2923	1789	946	1543	1476	500	589	1802	578	483	1628	108	583	1019	693	848	674	771	1234	940	NA	683	775
155	138	155	900	347	192	823	311	1934	706	585	1094	1137	1169	390	897	543	144	513	638	738	850	1728	307	409	173	2521	303	962	1440	68	438	229	316	1217	1703	70	2935	1357	388	230	327	525	388	36	222	360	567	55	266	161	534	312	248	182	597	525	1681	2740	340	629	565	2438	517	165	337	69	1177	356	1482	127	605	802	188	383	461	463	562	2575	1313	636	1020	1064	308	345	2198	325	267	1124	59	362	653	379	581	381	457	828	575	NA	388	456
160	83	77	551	183	117	505	154	1319	404	319	671	723	764	174	529	344	59	258	353	431	541	1152	152	242	82	2103	157	620	959	29	243	131	175	786	1209	29	2602	864	237	103	143	291	216	15	122	188	344	27	134	68	300	180	108	86	394	291	1102	2512	174	380	372	1954	290	80	183	30	756	190	927	54	335	465	82	188	281	229	365	2054	843	344	573	677	179	198	2621	176	148	649	36	176	379	182	316	204	242	515	333	NA	208	237
165	46	31	333	98	41	296	75	891	244	155	391	440	416	100	320	173	36	136	182	240	282	732	99	138	57	1626	92	333	629	20	146	71	93	455	780	13	2236	492	114	49	81	156	125	7	76	82	187	22	72	35	145	91	62	45	234	177	651	2004	109	208	187	1430	140	46	108	18	483	80	584	36	185	269	43	90	138	94	197	1621	502	206	348	402	78	100	2940	91	92	373	18	85	200	92	176	108	122	295	179	NA	114	122
170	32	9	148	50	18	174	33	548	143	80	231	239	200	48	177	85	10	61	101	129	139	406	43	74	28	1202	58	175	385	6	71	35	49	276	458	3	1610	286	56	19	39	77	72	1	43	34	86	14	33	23	74	51	32	20	100	98	376	1627	60	102	81	946	73	14	62	12	226	40	327	23	104	144	20	43	82	66	86	1114	280	133	155	220	41	47	3100	44	56	181	7	55	98	56	73	49	37	196	73	NA	62	57
175	9	0	66	35	6	78	18	326	77	37	110	135	96	37	72	41	5	45	52	79	48	233	25	43	15	799	28	117	212	3	43	14	22	147	259	1	1099	157	23	13	15	36	52	NA	28	11	40	5	12	6	42	26	10	21	46	50	211	1155	29	36	37	588	35	7	26	10	112	19	188	14	56	77	12	19	40	44	47	683	136	66	75	102	14	27	2999	26	23	93	3	36	56	29	27	24	14	86	39	NA	22	40
180	3	NA	32	16	2	39	9	173	38	27	41	76	37	16	36	15	1	26	21	34	25	136	12	24	8	476	20	50	109	1	16	13	9	78	148	0	664	96	12	5	2	24	31	NA	13	4	11	1	9	6	22	20	3	8	20	22	113	710	14	18	10	347	13	2	12	10	70	9	96	5	19	35	7	9	28	20	20	394	55	27	36	46	4	14	2790	17	10	46	4	17	25	16	14	10	8	37	18	NA	10	20
185	2	NA	11	6	1	29	5	88	13	16	15	30	21	6	10	10	1	19	4	19	15	61	5	6	3	270	15	27	48	2	7	5	2	46	53	NA	363	60	7	2	1	10	10	NA	3	1	3	2	9	2	6	13	6	4	10	9	62	439	8	6	5	183	2	NA	3	4	24	5	45	2	9	12	4	4	23	11	10	191	27	14	14	31	1	6	2197	11	4	23	5	7	7	9	10	7	7	17	7	NA	4	9
190	0	NA	6	3	NA	19	3	39	4	6	6	17	4	6	10	5	NA	5	1	9	11	33	2	3	1	146	8	12	23	0	2	2	NA	27	22	NA	215	30	3	1	NA	12	8	NA	1	NA	1	NA	5	2	5	5	4	1	1	NA	31	231	1	3	NA	98	1	NA	NA	2	22	2	21	NA	12	6	1	4	11	9	1	104	11	6	3	12	1	5	1594	8	NA	8	2	2	6	2	1	5	1	17	2	NA	2	3
195	NA	NA	6	3	NA	10	2	23	NA	4	4	10	4	4	7	2	NA	NA	2	7	1	15	1	1	1	71	2	5	11	NA	1	NA	NA	10	11	NA	109	13	1	NA	NA	8	4	NA	NA	NA	0	NA	1	0	2	1	1	1	2	NA	25	173	NA	NA	NA	62	1	NA	NA	NA	9	NA	10	NA	7	5	NA	4	6	2	2	51	5	1	2	6	1	2	1113	4	NA	9	1	NA	1	NA	NA	6	NA	5	2	NA	1	NA
200	NA	NA	1	5	NA	4	2	10	NA	1	1	4	2	2	2	1	NA	NA	NA	8	NA	17	NA	NA	0	44	2	NA	2	NA	NA	NA	NA	9	2	NA	69	2	NA	NA	NA	2	2	NA	NA	NA	NA	NA	NA	NA	0	NA	0	1	1	NA	15	100	NA	NA	NA	29	NA	NA	NA	NA	4	NA	2	NA	NA	1	NA	2	3	NA	0	32	4	1	2	5	3	0	709	1	NA	4	NA	NA	NA	NA	NA	2	NA	0	0	NA	NA	NA
205	NA	NA	NA	2	NA	2	1	4	NA	1	NA	3	NA	0	1	1	NA	NA	NA	1	NA	6	NA	NA	NA	19	NA	NA	NA	NA	NA	NA	NA	5	0	NA	20	NA	NA	NA	NA	1	NA	NA	NA	NA	NA	NA	NA	NA	NA	NA	NA	1	1	NA	9	49	NA	NA	NA	18	NA	NA	NA	NA	3	NA	3	NA	NA	2	NA	2	1	NA	NA	22	0	NA	4	5	1	NA	471	2	NA	4	NA	NA	NA	NA	NA	NA	NA	NA	NA	NA	NA	NA
210	NA	NA	NA	NA	NA	1	NA	3	NA	NA	NA	2	NA	NA	2	1	NA	NA	NA	NA	NA	1	NA	NA	NA	6	NA	NA	NA	NA	NA	NA	NA	4	NA	NA	6	NA	NA	NA	NA	NA	NA	NA	NA	NA	NA	NA	NA	NA	NA	NA	NA	2	NA	NA	3	18	NA	NA	NA	4	NA	NA	NA	NA	1	NA	2	NA	NA	NA	NA	NA	1	NA	NA	16	NA	NA	2	5	NA	NA	255	5	NA	1	NA	NA	NA	NA	NA	NA	NA	NA	NA	NA	NA	NA
215	NA	NA	NA	NA	NA	NA	NA	0	NA	NA	NA	3	NA	NA	NA	NA	NA	NA	NA	NA	NA	0	NA	NA	NA	2	NA	NA	NA	NA	NA	NA	NA	0	NA	NA	0	NA	NA	NA	NA	NA	NA	NA	NA	NA	NA	NA	NA	NA	NA	NA	NA	2	NA	NA	2	8	NA	NA	NA	0	NA	NA	NA	NA	NA	NA	NA	NA	NA	NA	NA	NA	NA	NA	NA	11	NA	NA	2	5	NA	NA	159	2	NA	NA	NA	NA	NA	NA	NA	NA	NA	NA	NA	NA	NA	NA
220	NA	NA	NA	NA	NA	NA	NA	NA	NA	NA	NA	3	NA	NA	NA	NA	NA	NA	NA	NA	NA	NA	NA	NA	NA	NA	NA	NA	NA	NA	NA	NA	NA	NA	NA	NA	NA	NA	NA	NA	NA	NA	NA	NA	NA	NA	NA	NA	NA	NA	NA	NA	NA	1	NA	NA	1	7	NA	NA	NA	NA	NA	NA	NA	NA	NA	NA	NA	NA	NA	NA	NA	NA	NA	NA	NA	5	NA	NA	1	2	NA	NA	85	1	NA	NA	NA	NA	NA	NA	NA	NA	NA	NA	NA	NA	NA	NA
225	NA	NA	NA	NA	NA	NA	NA	NA	NA	NA	NA	2	NA	NA	NA	NA	NA	NA	NA	NA	NA	NA	NA	NA	NA	NA	NA	NA	NA	NA	NA	NA	NA	NA	NA	NA	NA	NA	NA	NA	NA	NA	NA	NA	NA	NA	NA	NA	NA	NA	NA	NA	NA	2	NA	NA	NA	2	NA	NA	NA	NA	NA	NA	NA	NA	NA	NA	NA	NA	NA	NA	NA	NA	NA	NA	NA	4	NA	NA	1	1	NA	NA	45	1	NA	NA	NA	NA	NA	NA	NA	NA	NA	NA	NA	NA	NA	NA
230	NA	NA	NA	NA	NA	NA	NA	NA	NA	NA	NA	3	NA	NA	NA	NA	NA	NA	NA	NA	NA	NA	NA	NA	NA	NA	NA	NA	NA	NA	NA	NA	NA	NA	NA	NA	NA	NA	NA	NA	NA	NA	NA	NA	NA	NA	NA	NA	NA	NA	NA	NA	NA	1	NA	NA	NA	NA	NA	NA	NA	NA	NA	NA	NA	NA	NA	NA	NA	NA	NA	NA	NA	NA	NA	NA	NA	4	NA	NA	NA	NA	NA	NA	20	NA	NA	NA	NA	NA	NA	NA	NA	NA	NA	NA	NA	NA	NA	NA
235	NA	NA	NA	NA	NA	NA	NA	NA	NA	NA	NA	2	NA	NA	NA	NA	NA	NA	NA	NA	NA	NA	NA	NA	NA	NA	NA	NA	NA	NA	NA	NA	NA	NA	NA	NA	NA	NA	NA	NA	NA	NA	NA	NA	NA	NA	NA	NA	NA	NA	NA	NA	NA	NA	NA	NA	NA	NA	NA	NA	NA	NA	NA	NA	NA	NA	NA	NA	NA	NA	NA	NA	NA	NA	NA	NA	NA	1	NA	NA	NA	NA	NA	NA	9	NA	NA	NA	NA	NA	NA	NA	NA	NA	NA	NA	NA	NA	NA	NA
240	NA	NA	NA	NA	NA	NA	NA	NA	NA	NA	NA	2	NA	NA	NA	NA	NA	NA	NA	NA	NA	NA	NA	NA	NA	NA	NA	NA	NA	NA	NA	NA	NA	NA	NA	NA	NA	NA	NA	NA	NA	NA	NA	NA	NA	NA	NA	NA	NA	NA	NA	NA	NA	NA	NA	NA	NA	NA	NA	NA	NA	NA	NA	NA	NA	NA	NA	NA	NA	NA	NA	NA	NA	NA	NA	NA	NA	0	NA	NA	NA	NA	NA	NA	12	NA	NA	NA	NA	NA	NA	NA	NA	NA	NA	NA	NA	NA	NA	NA
245	NA	NA	NA	NA	NA	NA	NA	NA	NA	NA	NA	1	NA	NA	NA	NA	NA	NA	NA	NA	NA	NA	NA	NA	NA	NA	NA	NA	NA	NA	NA	NA	NA	NA	NA	NA	NA	NA	NA	NA	NA	NA	NA	NA	NA	NA	NA	NA	NA	NA	NA	NA	NA	NA	NA	NA	NA	NA	NA	NA	NA	NA	NA	NA	NA	NA	NA	NA	NA	NA	NA	NA	NA	NA	NA	NA	NA	NA	NA	NA	NA	NA	NA	NA	5	NA	NA	NA	NA	NA	NA	NA	NA	NA	NA	NA	NA	NA	NA	NA
250	NA	NA	NA	NA	NA	NA	NA	NA	NA	NA	NA	NA	NA	NA	NA	NA	NA	NA	NA	NA	NA	NA	NA	NA	NA	NA	NA	NA	NA	NA	NA	NA	NA	NA	NA	NA	NA	NA	NA	NA	NA	NA	NA	NA	NA	NA	NA	NA	NA	NA	NA	NA	NA	NA	NA	NA	NA	NA	NA	NA	NA	NA	NA	NA	NA	NA	NA	NA	NA	NA	NA	NA	NA	NA	NA	NA	NA	NA	NA	NA	NA	NA	NA	NA	0	NA	NA	NA	NA	NA	NA	NA	NA	NA	NA	NA	NA	NA	NA	NA
