0	2	1	3	3	1	3	1	4	2	3	3	3	3	1	2	3	1	2	2	2	4	2	3	2	4	2	1	3	1	1	3	3	2	1	3	2	3	2	2	2	1	2	3	3	2	2	3	3	3	1	1	1	1	3	3	2	2	1	2	2	2	3	1	3	1	3	1	3	3	3	3	2	2	3	2	3	2	3	2	3	1	3	1	2	2	2	1	1	1	3	1	4	3	1	3	2	2	2	2	3
5	12	3	3	7	5	14	3	14	10	11	17	7	16	NA	30	8	7	4	3	8	17	10	2	7	15	10	11	11	5	2	15	19	8	4	21	11	11	10	3	17	1	16	10	12	17	12	5	14	16	4	1	10	13	9	5	9	10	4	8	12	5	11	5	22	7	4	6	22	16	15	6	8	5	8	1	13	4	16	12	5	4	12	3	16	10	15	19	6	9	5	5	7	12	10	20	7	13	6	8	10
10	11	11	5	17	9	14	3	28	10	19	10	7	28	NA	41	6	12	10	NA	24	10	31	16	9	14	8	9	16	3	6	38	22	7	5	32	13	8	4	7	31	NA	28	12	15	14	21	4	28	17	NA	1	23	18	15	9	12	15	NA	11	13	4	13	13	40	17	4	16	39	6	31	18	8	6	13	NA	28	3	11	10	8	5	20	6	27	15	12	27	7	11	1	5	5	20	11	31	13	20	18	1	9
15	14	24	11	21	9	27	5	60	12	17	5	14	22	NA	61	20	21	20	NA	12	11	37	13	15	33	4	14	7	4	13	31	23	8	8	15	33	13	14	5	39	NA	30	21	12	11	30	1	36	11	NA	5	42	33	20	6	11	12	NA	15	22	9	17	30	38	11	1	38	45	4	49	23	6	4	27	NA	30	NA	9	20	0	4	33	1	35	27	12	25	9	13	NA	10	18	20	12	18	9	33	31	NA	1
20	15	26	18	30	17	40	10	52	17	16	16	24	22	NA	79	34	28	43	NA	15	38	37	13	14	27	NA	6	12	8	25	40	31	3	17	21	39	5	24	9	55	NA	41	41	10	18	41	NA	46	15	NA	10	81	36	26	15	17	27	NA	25	11	8	31	25	42	15	NA	38	34	5	46	39	14	5	49	NA	40	NA	17	11	NA	7	50	NA	43	24	22	26	8	20	NA	14	18	26	22	24	19	37	56	NA	NA
25	8	22	15	32	15	37	7	68	22	10	22	32	32	NA	101	29	44	48	NA	27	38	60	3	18	22	NA	12	11	6	46	55	36	NA	27	18	31	1	19	1	61	NA	44	35	22	14	67	NA	59	27	NA	12	69	41	47	33	18	20	NA	54	16	23	41	39	30	11	NA	62	67	4	40	40	20	6	67	NA	74	NA	35	2	NA	14	63	NA	33	31	49	19	27	35	NA	15	11	9	16	63	6	60	79	NA	NA
30	19	19	14	43	19	40	15	61	26	11	17	25	41	NA	173	16	64	27	NA	22	44	70	13	32	27	NA	15	9	1	39	41	33	NA	34	32	37	NA	17	NA	56	NA	66	56	36	8	116	NA	44	54	NA	31	82	62	49	51	20	18	NA	40	17	37	67	30	25	10	NA	73	74	6	56	39	16	2	64	NA	99	NA	44	8	NA	22	58	NA	15	55	68	24	38	27	NA	14	15	2	35	52	4	58	103	NA	NA
35	23	28	15	72	12	61	20	53	49	17	12	42	45	NA	199	6	91	34	NA	26	55	80	12	45	20	NA	12	7	NA	28	15	36	NA	26	43	68	NA	21	NA	61	NA	73	72	48	10	100	NA	38	53	NA	57	134	75	63	56	13	26	NA	72	21	31	81	22	36	15	NA	68	71	1	55	52	19	NA	67	NA	135	NA	49	20	NA	21	45	NA	18	81	65	36	59	47	NA	23	34	NA	56	46	5	55	115	NA	NA
40	26	17	33	61	12	88	13	57	85	11	17	38	62	NA	194	6	90	34	NA	28	59	83	19	55	25	NA	18	20	NA	59	9	35	NA	22	60	113	NA	21	NA	85	NA	79	99	70	6	92	NA	35	35	NA	80	128	77	70	74	10	22	NA	81	32	48	131	20	52	13	NA	97	105	NA	44	61	35	NA	90	NA	145	NA	64	25	NA	16	45	NA	37	74	82	54	46	55	NA	31	45	NA	90	54	12	66	122	NA	NA
45	19	32	18	84	7	111	2	69	93	8	22	43	72	NA	213	0	107	30	NA	20	51	102	11	58	26	NA	6	21	NA	74	15	49	NA	30	40	113	NA	30	NA	96	NA	131	115	85	9	87	NA	40	70	NA	96	128	118	86	92	22	17	NA	103	32	46	178	22	60	23	NA	160	107	NA	58	49	21	NA	109	NA	188	NA	65	29	NA	21	28	NA	21	75	95	75	39	61	NA	39	50	NA	97	62	24	110	109	NA	NA
50	37	34	33	115	0	120	1	84	87	9	7	38	69	NA	292	NA	139	31	NA	32	47	109	3	63	34	NA	4	15	NA	96	12	54	NA	27	49	126	NA	32	NA	133	NA	142	161	103	12	125	NA	51	113	NA	81	160	184	94	82	23	10	NA	91	26	54	199	38	71	20	NA	196	107	NA	40	65	16	NA	159	NA	201	NA	74	58	NA	20	38	NA	23	106	124	93	39	58	NA	31	33	NA	82	44	33	137	117	NA	NA
55	75	20	46	112	NA	148	NA	95	121	3	5	31	105	NA	313	NA	143	31	NA	47	27	127	3	71	56	NA	4	24	NA	149	10	51	NA	32	68	140	NA	24	NA	170	NA	124	183	104	3	170	NA	54	148	NA	110	206	257	121	98	27	3	NA	101	24	64	226	51	69	16	NA	253	110	NA	66	69	14	NA	182	NA	188	NA	91	59	NA	11	56	NA	32	134	132	124	43	86	NA	50	59	NA	143	56	44	102	130	NA	NA
60	93	41	50	136	NA	146	NA	127	155	4	11	41	135	NA	349	NA	161	29	NA	72	33	146	1	87	55	NA	1	47	NA	169	11	30	NA	88	87	165	NA	37	NA	171	NA	105	208	116	7	221	NA	80	147	NA	122	258	326	92	141	38	NA	NA	95	23	62	219	48	77	28	NA	270	107	NA	84	83	21	NA	243	NA	193	NA	120	80	NA	10	35	NA	91	133	170	99	41	120	NA	49	94	NA	152	77	50	86	171	NA	NA
65	135	55	57	189	NA	144	NA	150	212	0	8	40	126	NA	353	NA	169	37	NA	80	39	195	NA	81	47	NA	NA	44	NA	158	12	52	NA	68	101	180	NA	51	NA	197	NA	116	246	130	4	214	NA	48	205	NA	147	292	344	97	147	51	NA	NA	88	29	69	246	47	96	59	NA	314	153	NA	126	90	32	NA	280	NA	231	NA	148	85	NA	12	35	NA	114	179	201	120	28	132	NA	55	122	NA	174	95	80	89	193	NA	NA
70	149	75	67	257	NA	180	NA	184	246	NA	7	41	158	NA	411	NA	153	44	NA	63	40	201	NA	78	33	NA	NA	49	NA	172	6	51	NA	79	107	192	NA	84	NA	233	NA	127	307	157	7	210	NA	73	223	NA	168	338	410	67	184	44	NA	NA	86	24	74	334	74	119	78	NA	325	178	NA	171	119	25	NA	306	NA	256	NA	194	101	NA	18	31	NA	135	192	213	168	31	163	NA	54	116	NA	193	127	90	81	232	NA	NA
75	173	94	107	272	NA	207	NA	170	212	NA	7	45	163	NA	446	NA	204	53	NA	59	48	217	NA	119	60	NA	NA	83	NA	204	11	69	NA	52	116	245	NA	92	NA	278	NA	158	332	161	4	226	NA	76	221	NA	223	421	463	85	236	65	NA	NA	108	14	99	361	57	140	77	NA	432	241	NA	221	164	27	NA	389	NA	321	NA	205	108	NA	43	32	NA	146	292	201	196	16	177	NA	98	153	NA	247	119	99	76	202	NA	NA
80	240	99	156	244	NA	252	NA	174	209	NA	18	36	194	NA	550	NA	253	73	NA	60	71	302	NA	132	101	NA	NA	88	NA	309	11	66	NA	44	115	314	NA	106	NA	290	NA	191	387	166	NA	258	NA	97	260	NA	240	437	504	115	234	90	NA	NA	157	26	115	432	55	190	95	NA	523	231	NA	229	167	41	NA	371	NA	318	NA	197	145	NA	53	24	NA	180	248	265	237	17	244	NA	136	192	NA	323	102	99	68	215	NA	NA
85	333	97	187	262	NA	352	NA	184	264	NA	16	37	247	NA	690	NA	274	89	NA	60	80	335	NA	174	120	NA	NA	100	NA	398	12	74	NA	59	118	359	NA	134	NA	320	NA	232	458	165	NA	331	NA	147	315	NA	325	539	577	133	333	87	NA	NA	161	30	142	504	68	172	112	NA	579	273	NA	234	181	46	NA	339	NA	337	NA	207	176	NA	67	28	NA	214	289	302	274	29	251	NA	148	255	NA	390	131	113	73	265	NA	NA
90	394	118	230	292	NA	399	NA	251	283	NA	31	42	260	NA	759	NA	288	134	NA	76	80	314	NA	216	181	NA	NA	139	NA	451	16	92	NA	85	138	331	NA	163	NA	322	NA	264	563	170	NA	367	NA	182	436	NA	351	623	628	126	450	97	NA	NA	201	30	143	561	99	184	117	NA	614	260	NA	271	173	45	NA	427	NA	385	NA	274	221	NA	75	31	NA	248	410	381	300	37	253	NA	153	207	NA	498	175	116	71	335	NA	NA
95	415	122	339	387	NA	478	NA	275	312	NA	30	29	292	NA	914	NA	310	138	NA	85	77	355	NA	220	246	NA	NA	141	NA	570	11	108	NA	114	149	314	NA	210	NA	371	NA	355	706	155	NA	456	NA	255	556	NA	390	715	718	145	511	109	NA	NA	266	34	160	652	133	225	132	NA	660	337	NA	335	136	51	NA	460	NA	443	NA	288	278	NA	74	47	NA	338	524	465	377	68	297	NA	194	230	NA	608	186	142	87	417	NA	NA
100	585	124	398	469	NA	510	NA	274	440	NA	41	26	277	NA	970	NA	336	152	NA	72	69	428	NA	259	315	NA	NA	196	NA	674	3	132	NA	167	207	260	NA	260	NA	408	NA	383	851	210	NA	569	NA	320	630	NA	467	831	944	182	573	130	NA	NA	287	44	156	765	152	263	181	NA	712	388	NA	376	150	68	NA	449	NA	485	NA	278	320	NA	77	59	NA	405	637	569	365	61	347	NA	237	245	NA	658	187	144	106	537	NA	NA
105	668	144	445	541	NA	532	NA	262	596	NA	52	35	289	NA	1037	NA	365	170	NA	57	93	521	NA	235	352	NA	NA	208	NA	772	0	193	NA	178	236	240	NA	332	NA	439	NA	459	930	264	NA	574	NA	378	754	NA	480	920	1211	194	686	159	NA	NA	331	62	232	951	161	332	179	NA	855	474	NA	480	190	89	NA	545	NA	587	NA	316	396	NA	89	51	NA	474	696	615	368	64	395	NA	234	268	NA	730	232	170	115	589	NA	NA
110	675	206	474	552	NA	623	NA	282	671	NA	58	61	325	NA	1254	NA	480	199	NA	66	97	675	NA	346	403	NA	NA	209	NA	833	NA	277	NA	211	249	293	NA	421	NA	590	NA	555	1084	363	NA	584	NA	429	821	NA	484	1047	1381	199	733	178	NA	NA	355	40	259	1010	207	362	229	NA	978	579	NA	507	233	79	NA	627	NA	617	NA	312	424	NA	97	83	NA	535	790	679	522	46	474	NA	239	294	NA	860	270	216	77	663	NA	NA
115	690	237	496	632	NA	661	NA	378	742	NA	52	58	413	NA	1439	NA	658	246	NA	70	106	809	NA	429	478	NA	NA	261	NA	977	NA	374	NA	243	356	366	NA	501	NA	633	NA	616	1138	399	NA	574	NA	538	951	NA	527	1181	1573	216	880	212	NA	NA	368	42	326	1134	234	435	281	NA	1070	682	NA	582	290	88	NA	776	NA	739	NA	395	501	NA	120	85	NA	662	908	756	514	66	677	NA	301	360	NA	988	307	242	71	776	NA	NA
120	878	262	488	672	NA	732	NA	446	877	NA	50	45	491	NA	1520	NA	716	294	NA	95	128	868	NA	437	585	NA	NA	295	NA	1155	NA	487	NA	280	407	453	NA	599	NA	741	NA	648	1322	380	NA	643	NA	562	1052	NA	513	1263	1620	276	968	249	NA	NA	391	37	407	1185	259	499	298	NA	1203	808	NA	657	354	104	NA	905	NA	841	NA	465	540	NA	148	117	NA	814	1026	883	576	49	831	NA	282	388	NA	1099	433	293	58	913	NA	NA
125	1009	310	523	789	NA	832	NA	448	1024	NA	71	67	602	NA	1709	NA	703	359	NA	104	146	1007	NA	492	714	NA	NA	358	NA	1396	NA	613	NA	325	441	498	NA	723	NA	950	NA	646	1362	402	NA	797	NA	645	1201	NA	554	1311	1644	312	1134	287	NA	NA	432	36	451	1407	361	577	369	NA	1362	944	NA	692	358	105	NA	971	NA	907	NA	559	615	NA	163	129	NA	820	1206	1008	773	58	964	NA	351	437	NA	1333	478	296	74	1040	NA	NA
130	1119	315	644	940	NA	977	NA	441	1093	NA	112	67	552	NA	1866	NA	836	468	NA	126	113	1094	NA	651	733	NA	NA	478	NA	1615	NA	742	NA	338	512	569	NA	827	NA	1033	NA	658	1552	449	NA	855	NA	775	1364	NA	547	1494	1739	313	1236	325	NA	NA	559	51	504	1676	430	636	401	NA	1533	1130	NA	871	354	92	NA	1112	NA	1063	NA	705	803	NA	174	167	NA	896	1401	1079	960	53	1003	NA	332	562	NA	1665	561	319	80	1140	NA	NA
135	1192	328	735	1004	NA	1123	NA	415	1232	NA	126	70	643	NA	2063	NA	956	547	NA	131	109	1223	NA	772	820	NA	NA	491	NA	1726	NA	906	NA	408	576	722	NA	907	NA	1188	NA	733	1723	503	NA	1023	NA	827	1540	NA	722	1556	1871	352	1400	400	NA	NA	679	58	596	1846	532	746	445	NA	1668	1141	NA	990	367	99	NA	1256	NA	1214	NA	742	912	NA	135	171	NA	1097	1578	1078	1087	62	1024	NA	371	638	NA	1813	682	408	99	1362	NA	NA
140	1376	390	855	1107	NA	1247	NA	544	1428	NA	143	80	799	NA	2452	NA	1100	628	NA	155	119	1461	NA	904	995	NA	NA	607	NA	1805	NA	938	NA	469	646	801	NA	1108	NA	1452	NA	851	1970	580	NA	1164	NA	968	1757	NA	852	1603	1970	442	1584	535	NA	NA	767	87	648	1905	603	941	568	NA	1880	1215	NA	1269	454	145	NA	1398	NA	1181	NA	854	1055	NA	148	243	NA	1277	1774	1126	1282	59	1222	NA	400	751	NA	2096	721	468	98	1596	NA	NA
145	1587	370	979	1265	NA	1391	NA	657	1676	NA	180	79	906	NA	2560	NA	1225	751	NA	201	127	1620	NA	979	1151	NA	NA	800	NA	2002	NA	1040	NA	610	689	958	NA	1165	NA	1732	NA	951	2129	643	NA	1421	NA	1192	1961	NA	1054	1735	2292	581	1672	638	NA	NA	1030	155	743	1917	736	1111	672	NA	1880	1461	NA	1466	507	214	NA	1579	NA	1389	NA	984	1084	NA	148	284	NA	1522	1963	1260	1417	71	1484	NA	444	834	NA	2294	847	573	125	1800	NA	NA
150	1804	408	1140	1448	NA	1619	NA	815	1726	NA	187	95	1054	NA	2675	NA	1257	920	NA	261	111	1728	NA	1084	1338	NA	NA	1049	NA	2138	NA	1258	NA	738	811	1053	NA	1451	NA	1923	NA	992	2334	783	NA	1588	NA	1450	2265	NA	1157	1804	2475	753	1793	738	NA	NA	1237	151	900	2105	808	1188	736	NA	2093	1601	NA	1704	611	239	NA	1803	NA	1627	NA	1124	1162	NA	134	294	NA	1655	2154	1339	1622	57	1623	NA	456	854	NA	2429	908	675	118	2036	NA	NA
155	1837	435	1306	1580	NA	1829	NA	918	1842	NA	212	123	1171	NA	2834	NA	1395	1016	NA	287	120	1877	NA	1232	1462	NA	NA	1349	NA	2228	NA	1422	NA	832	918	1123	NA	1573	NA	2109	NA	1093	2618	969	NA	1732	NA	1755	2575	NA	1277	1972	2700	952	2037	975	NA	NA	1376	146	984	2328	895	1266	815	NA	2150	1814	NA	1869	686	241	NA	2036	NA	1730	NA	1368	1363	NA	139	341	NA	1764	2396	1507	1792	52	1766	NA	589	930	NA	2592	1063	720	97	2157	NA	NA
160	2062	422	1445	1654	NA	1970	NA	1074	1969	NA	233	157	1355	NA	2827	NA	1447	1198	NA	336	153	2040	NA	1399	1743	NA	NA	1505	NA	2378	NA	1637	NA	847	1063	1290	NA	1731	NA	2293	NA	1239	2755	1236	NA	1844	NA	1978	2695	NA	1415	2201	2765	1119	2270	1038	NA	NA	1440	184	1126	2465	1070	1407	1043	NA	2391	1908	NA	1927	833	261	NA	2203	NA	1873	NA	1623	1521	NA	209	367	NA	2058	2754	1767	1911	80	1939	NA	647	944	NA	2624	1276	748	93	2295	NA	NA
165	2130	515	1752	1925	NA	2057	NA	1226	2163	NA	307	223	1612	NA	2851	NA	1490	1270	NA	417	256	2213	NA	1555	2086	NA	NA	1539	NA	2580	NA	1823	NA	1008	1381	1547	NA	1802	NA	2584	NA	1430	2909	1488	NA	2013	NA	2152	2826	NA	1581	2406	2915	1134	2444	1030	NA	NA	1605	195	1406	2665	1274	1660	1180	NA	2696	2065	NA	2088	1033	328	NA	2259	NA	1971	NA	1806	1791	NA	284	399	NA	2206	2712	1838	2210	83	2109	NA	718	1108	NA	2599	1571	850	73	2484	NA	NA
170	2336	625	1795	2069	NA	2135	NA	1446	2199	NA	362	275	2001	NA	2818	NA	1623	1379	NA	537	331	2441	NA	1697	2299	NA	NA	1697	NA	2799	NA	2029	NA	1014	1573	1779	NA	2030	NA	2885	NA	1528	2943	1776	NA	2192	NA	2447	2935	NA	1760	2369	2834	1217	2392	1192	NA	NA	1896	259	1522	2885	1531	1784	1271	NA	2847	2192	NA	2295	1099	404	NA	2447	NA	2218	NA	2066	2100	NA	278	529	NA	2237	2774	1864	2302	87	2241	NA	887	1310	NA	2889	1750	934	87	2789	NA	NA
175	2377	750	1937	2091	NA	2163	NA	1481	2419	NA	378	330	2117	NA	2817	NA	1769	1589	NA	567	396	2537	NA	1784	2527	NA	NA	1866	NA	2934	NA	2102	NA	1196	1652	1948	NA	2217	NA	3132	NA	1727	2951	1944	NA	2459	NA	2730	3028	NA	1873	2536	2950	1290	2524	1328	NA	NA	2067	308	1542	3009	1677	1995	1394	NA	2826	2313	NA	2330	1274	429	NA	2377	NA	2436	NA	2171	2368	NA	404	583	NA	2401	2828	2094	2491	132	2388	NA	971	1390	NA	3075	1744	1096	104	2899	NA	NA
180	2550	890	2127	2253	NA	2212	NA	1596	2586	NA	375	397	2352	NA	2781	NA	1889	1715	NA	532	449	2675	NA	1826	2805	NA	NA	1941	NA	2902	NA	2352	NA	1338	1793	2115	NA	2500	NA	3449	NA	1802	3050	2186	NA	2284	NA	2963	3253	NA	2037	2658	2887	1425	2540	1468	NA	NA	2325	353	1731	3311	1751	2190	1506	NA	2947	2568	NA	2353	1434	470	NA	2437	NA	2821	NA	2405	2422	NA	475	609	NA	2298	2932	2256	2706	149	2638	NA	1061	1463	NA	3083	1917	1209	149	3073	NA	NA
185	2822	1060	2489	2437	NA	2356	NA	1899	2472	NA	456	476	2580	NA	2563	NA	2027	2080	NA	602	545	2668	NA	1987	2982	NA	NA	2073	NA	2964	NA	2519	NA	1419	2007	2227	NA	2576	NA	3370	NA	1968	3086	2353	NA	2296	NA	2982	3209	NA	2310	2748	2813	1610	2576	1483	NA	NA	2452	401	1968	3232	1912	2339	1670	NA	2917	2817	NA	2453	1493	653	NA	2467	NA	2790	NA	2527	2549	NA	555	825	NA	2455	2983	2435	2786	152	2754	NA	1220	1665	NA	3165	2120	1373	130	3329	NA	NA
190	2815	1210	2734	2702	NA	2457	NA	2232	2503	NA	510	573	2926	NA	2544	NA	2328	2269	NA	761	637	2808	NA	1950	3162	NA	NA	2379	NA	2816	NA	2695	NA	1565	2176	2285	NA	2637	NA	3153	NA	2063	3265	2574	NA	2472	NA	2994	3062	NA	2502	2773	2774	1846	2589	1634	NA	NA	2566	529	2124	3068	2056	2523	1724	NA	2942	2786	NA	2637	1669	866	NA	2498	NA	2797	NA	2541	2780	NA	729	1016	NA	2635	3040	2603	2993	158	2736	NA	1366	1902	NA	3096	2229	1521	135	3436	NA	NA
195	2597	1340	3003	2751	NA	2489	NA	2397	2722	NA	581	616	3084	NA	2305	NA	2590	2469	NA	905	858	2824	NA	1909	3181	NA	NA	2582	NA	2809	NA	2747	NA	1685	2330	2528	NA	2711	NA	3144	NA	2092	3054	2755	NA	2463	NA	3071	2904	NA	2795	2716	2601	2173	2800	1742	NA	NA	2610	523	2260	2932	2200	2755	1776	NA	2678	2860	NA	2758	1823	1072	NA	2563	NA	2717	NA	2624	3018	NA	847	1114	NA	2775	3049	2822	3092	201	2741	NA	1496	2028	NA	3016	2455	1671	131	3193	NA	NA
200	2572	1533	3264	2839	NA	2602	NA	2491	2800	NA	686	605	3366	NA	2133	NA	2789	2613	NA	926	939	2872	NA	2022	3236	NA	NA	2545	NA	2693	NA	2874	NA	1853	2502	2580	NA	2735	NA	2928	NA	2249	2844	2775	NA	2429	NA	3056	2830	NA	2986	2698	2500	2372	2765	1973	NA	NA	2603	640	2404	2641	2300	2952	1900	NA	2520	2935	NA	2721	2002	1187	NA	2496	NA	2721	NA	2805	2995	NA	878	1247	NA	2749	2821	2870	3060	245	2620	NA	1670	2111	NA	3064	2797	1895	130	3088	NA	NA
205	2632	1607	3140	2990	NA	2462	NA	2613	2893	NA	829	724	3501	NA	1916	NA	2946	2811	NA	1155	1063	2976	NA	2021	3171	NA	NA	2714	NA	2507	NA	3001	NA	2047	2604	2789	NA	2858	NA	2743	NA	2369	2668	2734	NA	2405	NA	2817	2630	NA	3017	2567	2288	2566	2600	2169	NA	NA	2630	691	2457	2496	2426	2878	1987	NA	2410	2816	NA	2776	2255	1297	NA	2528	NA	2617	NA	2982	3129	NA	966	1357	NA	2777	2652	2808	3044	363	2572	NA	1941	2330	NA	2746	2862	2081	170	3035	NA	NA
210	2351	1865	2979	2923	NA	2380	NA	2950	2953	NA	902	916	3502	NA	1807	NA	2827	3103	NA	1314	1190	2914	NA	2242	3213	NA	NA	2829	NA	2505	NA	2803	NA	2233	2764	2848	NA	2989	NA	2788	NA	2401	2490	2708	NA	2427	NA	2674	2744	NA	2948	2536	1998	2744	2510	2439	NA	NA	2628	862	2593	2438	2302	2768	2077	NA	2306	2773	NA	2789	2474	1431	NA	2567	NA	2479	NA	3036	3159	NA	1169	1390	NA	2713	2571	2791	2934	402	2597	NA	2179	2440	NA	2532	2976	2317	203	2797	NA	NA
215	2281	2040	3068	2848	NA	2403	NA	2934	2975	NA	1017	970	3439	NA	1715	NA	2733	3151	NA	1360	1405	2782	NA	2224	3095	NA	NA	2909	NA	2338	NA	2835	NA	2422	2856	2868	NA	2984	NA	2719	NA	2587	2383	2826	NA	2401	NA	2522	2601	NA	2831	2385	2001	2754	2396	2824	NA	NA	2483	919	2637	2151	2416	2863	2188	NA	2267	2672	NA	2698	2477	1530	NA	2514	NA	2299	NA	3012	2949	NA	1308	1525	NA	2670	2474	2487	2972	554	2621	NA	2270	2509	NA	2255	2905	2587	231	2525	NA	NA
220	2088	2079	2877	2692	NA	2328	NA	2832	2745	NA	1262	1106	3220	NA	1411	NA	2645	3112	NA	1564	1507	2641	NA	2337	2839	NA	NA	2953	NA	2049	NA	2866	NA	2451	2886	2817	NA	2868	NA	2728	NA	2606	2169	2775	NA	2338	NA	2369	2277	NA	2726	2268	1757	2947	2208	2904	NA	NA	2384	1077	2573	1929	2502	2898	2353	NA	2171	2612	NA	2623	2671	1693	NA	2391	NA	2177	NA	3062	2871	NA	1501	1672	NA	2508	2391	2444	2891	677	2576	NA	2455	2409	NA	2021	2785	2790	271	2279	NA	NA
225	2049	2201	2742	2687	NA	2130	NA	2866	2453	NA	1435	1267	2999	NA	1250	NA	2525	3047	NA	1889	1824	2345	NA	2531	2428	NA	NA	2914	NA	1755	NA	2624	NA	2711	2891	2780	NA	2695	NA	2325	NA	2475	2014	2820	NA	2095	NA	2402	2038	NA	2644	1983	1527	2962	2194	2924	NA	NA	2427	1264	2537	1751	2735	2718	2531	NA	1969	2284	NA	2437	2867	2005	NA	2201	NA	2076	NA	2883	2748	NA	1769	1810	NA	2336	2170	2275	2642	765	2500	NA	2713	2395	NA	1887	2738	2868	275	2111	NA	NA
230	1995	2160	2764	2553	NA	2104	NA	2802	2281	NA	1584	1488	2930	NA	986	NA	2345	2915	NA	2144	1945	2341	NA	2553	2238	NA	NA	2900	NA	1557	NA	2464	NA	2791	2806	2734	NA	2607	NA	2134	NA	2505	1731	2745	NA	1972	NA	2380	1736	NA	2482	1801	1343	3083	1964	2972	NA	NA	2504	1583	2487	1624	2726	2669	2627	NA	1801	2080	NA	2240	3020	2244	NA	1972	NA	1904	NA	2567	2658	NA	1971	1877	NA	2207	2031	2078	2353	872	2346	NA	2617	2338	NA	1626	2626	2903	319	1937	NA	NA
235	2023	2306	2512	2397	NA	2032	NA	2896	2180	NA	1773	1708	2702	NA	956	NA	2299	2742	NA	2366	2197	2175	NA	2518	2149	NA	NA	2894	NA	1403	NA	2392	NA	2758	2807	2451	NA	2274	NA	1950	NA	2367	1393	2567	NA	1918	NA	2241	1451	NA	2534	1714	1087	2982	1926	2979	NA	NA	2404	1733	2443	1454	2745	2548	2731	NA	1548	1995	NA	2097	3118	2493	NA	1857	NA	1892	NA	2497	2591	NA	1997	2038	NA	2063	1678	1971	2268	972	2144	NA	2625	2411	NA	1452	2515	3047	387	1722	NA	NA
240	2014	2442	2218	2275	NA	1843	NA	2900	1907	NA	2029	1827	2362	NA	832	NA	2366	2732	NA	2446	2325	1888	NA	2291	1884	NA	NA	2689	NA	1260	NA	2337	NA	2643	2664	2197	NA	2102	NA	1734	NA	2362	1235	2469	NA	1896	NA	2086	1379	NA	2330	1551	1049	2979	1706	2874	NA	NA	2346	1983	2347	1249	2719	2321	2692	NA	1363	1828	NA	1861	3116	2633	NA	1722	NA	1869	NA	2395	2316	NA	2298	2081	NA	1878	1431	1907	2034	1050	1946	NA	2730	2446	NA	1336	2235	2912	471	1504	NA	NA
245	1760	2467	2198	2084	NA	1761	NA	2634	1645	NA	2002	1982	2168	NA	730	NA	2150	2736	NA	2639	2490	1575	NA	2269	1658	NA	NA	2580	NA	1172	NA	2053	NA	2695	2555	2071	NA	1887	NA	1437	NA	2234	999	2555	NA	1729	NA	1920	1191	NA	2233	1300	979	2997	1522	2794	NA	NA	2192	2150	2308	1121	2545	2092	2755	NA	1197	1774	NA	1686	2977	2653	NA	1593	NA	1683	NA	2218	2086	NA	2495	2021	NA	1779	1176	1689	1756	1210	1890	NA	2661	2419	NA	1137	2157	2830	565	1448	NA	NA
250	1546	2483	1994	1971	NA	1588	NA	2403	1442	NA	2107	2213	1800	NA	638	NA	1929	2681	NA	2769	2485	1451	NA	2215	1540	NA	NA	2380	NA	1023	NA	1929	NA	2693	2615	1843	NA	1798	NA	1154	NA	2186	826	2439	NA	1458	NA	1662	1131	NA	2085	1126	738	2888	1341	2723	NA	NA	2145	2494	2351	971	2387	1915	2567	NA	1012	1682	NA	1506	2860	2803	NA	1450	NA	1574	NA	2081	1927	NA	2613	2120	NA	1557	1013	1457	1539	1385	1754	NA	2687	2445	NA	924	1944	2609	737	1321	NA	NA
255	1467	2547	1718	1717	NA	1373	NA	2109	1392	NA	2277	2192	1495	NA	595	NA	1759	2338	NA	2930	2644	1297	NA	2058	1382	NA	NA	2118	NA	986	NA	1884	NA	2717	2419	1768	NA	1673	NA	1005	NA	2197	655	2239	NA	1368	NA	1584	926	NA	1822	1051	632	2742	1161	2574	NA	NA	1967	2606	2303	860	2098	1814	2534	NA	914	1524	NA	1428	2738	2702	NA	1419	NA	1343	NA	1931	1658	NA	2768	2354	NA	1516	961	1439	1354	1481	1614	NA	2543	2430	NA	782	1900	2657	890	1187	NA	NA
260	1344	2408	1583	1606	NA	1161	NA	1952	1241	NA	2433	2382	1369	NA	555	NA	1482	2190	NA	3105	2883	1205	NA	1827	1414	NA	NA	1918	NA	813	NA	1732	NA	2590	2206	1607	NA	1430	NA	937	NA	2155	491	1991	NA	1291	NA	1381	806	NA	1674	893	511	2509	1156	2458	NA	NA	1704	2727	2116	733	1887	1652	2548	NA	802	1384	NA	1280	2673	2728	NA	1330	NA	1125	NA	1618	1421	NA	2797	2450	NA	1355	934	1316	1219	1726	1466	NA	2484	2294	NA	664	1744	2646	1043	1036	NA	NA
265	1255	2383	1458	1560	NA	1011	NA	1915	996	NA	2480	2555	1137	NA	528	NA	1329	1979	NA	3025	2885	1035	NA	1697	1254	NA	NA	1683	NA	674	NA	1489	NA	2412	1824	1431	NA	1333	NA	800	NA	1851	429	1801	NA	1205	NA	1241	767	NA	1537	833	447	2262	1054	2240	NA	NA	1607	2970	1868	587	1738	1452	2413	NA	737	1199	NA	1091	2461	2976	NA	1233	NA	982	NA	1349	1233	NA	2804	2505	NA	1268	686	1245	1117	1821	1296	NA	2443	2078	NA	605	1633	2603	1149	919	NA	NA
270	1096	2311	1276	1383	NA	831	NA	1806	882	NA	2520	2495	1021	NA	507	NA	1122	1755	NA	3064	2989	861	NA	1660	1252	NA	NA	1595	NA	579	NA	1252	NA	2195	1713	1286	NA	1270	NA	640	NA	1693	378	1638	NA	1100	NA	1048	692	NA	1293	824	392	2090	899	2334	NA	NA	1410	3233	1736	465	1492	1319	2301	NA	627	1110	NA	1029	2203	2907	NA	1034	NA	812	NA	1194	1073	NA	2782	2523	NA	1041	504	1154	989	2202	1125	NA	2170	1719	NA	500	1553	2311	1349	811	NA	NA
275	1039	2346	1104	1220	NA	775	NA	1709	766	NA	2557	2514	775	NA	450	NA	1026	1572	NA	2900	2908	796	NA	1522	1059	NA	NA	1428	NA	535	NA	1171	NA	2035	1529	1245	NA	1122	NA	569	NA	1558	347	1481	NA	951	NA	871	615	NA	1151	784	332	1786	804	2129	NA	NA	1411	3240	1584	485	1403	1208	2027	NA	601	1000	NA	939	1840	2753	NA	935	NA	757	NA	1038	951	NA	2834	2486	NA	937	409	1170	939	2443	970	NA	1892	1584	NA	472	1384	2223	1448	621	NA	NA
280	878	2289	1012	1037	NA	780	NA	1460	725	NA	2503	2620	644	NA	345	NA	990	1270	NA	2790	2819	698	NA	1313	913	NA	NA	1311	NA	570	NA	1042	NA	2014	1295	1120	NA	999	NA	489	NA	1460	277	1337	NA	867	NA	715	527	NA	989	711	307	1565	625	1765	NA	NA	1367	3294	1393	426	1193	1082	1862	NA	496	862	NA	763	1554	2775	NA	835	NA	681	NA	946	851	NA	2638	2591	NA	809	338	1002	786	2559	809	NA	1726	1458	NA	424	1331	1935	1560	505	NA	NA
285	770	2238	935	867	NA	758	NA	1353	623	NA	2579	2571	585	NA	262	NA	920	1132	NA	2714	2697	661	NA	1289	815	NA	NA	1205	NA	610	NA	840	NA	1836	1221	1017	NA	845	NA	446	NA	1201	278	1096	NA	872	NA	657	492	NA	894	580	268	1402	516	1523	NA	NA	1142	3214	1443	347	1115	899	1697	NA	408	754	NA	609	1376	2625	NA	758	NA	555	NA	765	795	NA	2476	2523	NA	745	260	896	687	2711	647	NA	1684	1409	NA	385	1192	1624	1683	454	NA	NA
290	601	2115	836	727	NA	648	NA	1267	547	NA	2688	2562	502	NA	223	NA	868	1106	NA	2620	2459	582	NA	1234	688	NA	NA	1039	NA	556	NA	712	NA	1681	1169	844	NA	683	NA	382	NA	1118	207	938	NA	768	NA	567	422	NA	736	547	275	1343	429	1209	NA	NA	926	3106	1311	295	1074	753	1463	NA	339	642	NA	563	1343	2436	NA	676	NA	460	NA	688	665	NA	2357	2380	NA	638	201	836	599	2948	573	NA	1357	1266	NA	382	1155	1411	1775	396	NA	NA
295	526	2004	721	699	NA	547	NA	990	380	NA	2553	2633	424	NA	208	NA	894	943	NA	2459	2504	502	NA	1166	581	NA	NA	916	NA	509	NA	564	NA	1522	996	699	NA	676	NA	311	NA	998	182	733	NA	661	NA	535	352	NA	648	429	227	1197	426	987	NA	NA	753	2927	1194	216	973	721	1346	NA	286	660	NA	542	1086	2268	NA	672	NA	411	NA	576	585	NA	2119	2143	NA	582	144	657	396	3102	455	NA	1307	1254	NA	328	1038	1263	1882	352	NA	NA
300	387	1786	545	560	NA	448	NA	855	294	NA	2585	2646	434	NA	185	NA	777	801	NA	2295	2349	442	NA	1137	499	NA	NA	933	NA	449	NA	480	NA	1279	879	676	NA	626	NA	236	NA	768	165	642	NA	582	NA	507	320	NA	570	400	195	1020	329	913	NA	NA	622	2598	1064	194	934	589	1130	NA	274	590	NA	432	969	2133	NA	558	NA	351	NA	503	514	NA	2112	1891	NA	512	109	608	366	3154	349	NA	1192	1164	NA	286	895	1153	2025	310	NA	NA
305	374	1485	463	571	NA	359	NA	762	314	NA	2538	2667	344	NA	147	NA	681	612	NA	2113	2305	358	NA	976	409	NA	NA	804	NA	400	NA	448	NA	1254	811	618	NA	476	NA	194	NA	585	150	504	NA	493	NA	444	320	NA	504	365	134	855	323	788	NA	NA	611	2387	885	211	877	488	1054	NA	264	485	NA	334	853	1911	NA	455	NA	353	NA	432	397	NA	2158	1805	NA	439	116	525	360	3210	281	NA	1115	1059	NA	258	796	986	2252	289	NA	NA
310	299	1259	419	458	NA	284	NA	626	285	NA	2364	2495	271	NA	130	NA	545	621	NA	2038	1952	251	NA	900	269	NA	NA	697	NA	334	NA	387	NA	969	704	532	NA	375	NA	129	NA	501	140	427	NA	425	NA	372	243	NA	486	271	121	669	299	663	NA	NA	475	2262	759	198	739	409	978	NA	226	404	NA	307	748	1788	NA	441	NA	318	NA	386	352	NA	2047	1678	NA	404	79	503	334	3276	269	NA	1000	883	NA	232	709	904	2494	252	NA	NA
315	267	1171	409	359	NA	285	NA	472	294	NA	2210	2324	237	NA	166	NA	448	583	NA	1895	1795	217	NA	857	233	NA	NA	652	NA	316	NA	300	NA	767	564	485	NA	323	NA	84	NA	445	109	378	NA	392	NA	303	239	NA	394	195	98	583	294	513	NA	NA	362	2041	743	151	652	378	881	NA	179	289	NA	298	619	1570	NA	393	NA	355	NA	401	310	NA	1757	1616	NA	313	82	376	315	3079	249	NA	941	833	NA	203	576	803	2665	213	NA	NA
320	282	1008	405	304	NA	227	NA	430	268	NA	2162	2095	197	NA	153	NA	417	562	NA	1558	1488	211	NA	772	199	NA	NA	568	NA	305	NA	233	NA	596	448	478	NA	259	NA	59	NA	435	118	399	NA	410	NA	261	210	NA	277	156	73	531	235	442	NA	NA	301	1865	706	145	625	393	810	NA	135	263	NA	291	521	1482	NA	336	NA	330	NA	343	245	NA	1486	1499	NA	256	55	231	273	2817	251	NA	812	830	NA	145	544	713	2750	178	NA	NA
325	228	916	310	300	NA	200	NA	311	214	NA	1883	1854	191	NA	140	NA	387	431	NA	1308	1322	197	NA	663	180	NA	NA	505	NA	231	NA	203	NA	522	406	411	NA	209	NA	45	NA	361	108	334	NA	394	NA	198	201	NA	224	134	52	445	172	377	NA	NA	239	1692	640	141	640	345	776	NA	107	219	NA	273	553	1347	NA	299	NA	289	NA	264	205	NA	1300	1321	NA	197	46	222	217	2658	171	NA	711	667	NA	130	504	584	2970	103	NA	NA
330	185	908	283	281	NA	154	NA	235	178	NA	1509	1685	190	NA	113	NA	320	365	NA	1090	1218	206	NA	578	141	NA	NA	480	NA	212	NA	161	NA	454	337	382	NA	187	NA	27	NA	302	88	355	NA	333	NA	182	158	NA	212	159	40	416	133	299	NA	NA	180	1485	530	133	553	280	725	NA	107	163	NA	259	526	1206	NA	288	NA	210	NA	231	153	NA	1122	1207	NA	173	35	231	160	2617	129	NA	657	563	NA	118	498	456	2948	90	NA	NA
335	183	716	237	232	NA	111	NA	214	157	NA	1320	1527	184	NA	134	NA	267	330	NA	950	1147	175	NA	546	111	NA	NA	342	NA	186	NA	143	NA	453	266	351	NA	186	NA	11	NA	229	61	290	NA	330	NA	186	131	NA	175	106	35	362	121	238	NA	NA	169	1443	425	137	441	245	631	NA	83	127	NA	249	429	1073	NA	250	NA	170	NA	180	155	NA	988	1139	NA	161	32	210	108	2458	108	NA	564	479	NA	86	416	357	2861	66	NA	NA
340	173	642	245	189	NA	114	NA	171	109	NA	1161	1366	156	NA	127	NA	198	277	NA	821	915	141	NA	552	102	NA	NA	266	NA	178	NA	131	NA	407	230	328	NA	187	NA	3	NA	185	60	187	NA	347	NA	177	135	NA	185	86	20	305	116	200	NA	NA	186	1316	348	123	338	240	553	NA	58	95	NA	232	330	877	NA	244	NA	162	NA	158	121	NA	963	1061	NA	141	24	169	108	2217	103	NA	489	412	NA	95	354	327	2860	60	NA	NA
345	138	656	200	149	NA	96	NA	173	98	NA	1192	1178	142	NA	118	NA	140	234	NA	660	789	106	NA	407	70	NA	NA	240	NA	162	NA	118	NA	354	246	378	NA	146	NA	1	NA	167	63	167	NA	307	NA	178	104	NA	167	108	13	247	141	168	NA	NA	184	1119	289	92	311	208	458	NA	44	88	NA	230	279	731	NA	184	NA	172	NA	163	90	NA	747	1035	NA	128	14	147	97	2183	103	NA	467	346	NA	81	268	301	2651	38	NA	NA
350	127	590	160	139	NA	85	NA	143	120	NA	1259	999	109	NA	96	NA	112	216	NA	486	702	88	NA	295	45	NA	NA	240	NA	147	NA	88	NA	301	232	353	NA	133	NA	NA	NA	159	68	167	NA	286	NA	150	73	NA	132	92	24	191	102	146	NA	NA	125	974	244	79	264	146	391	NA	44	70	NA	191	251	628	NA	132	NA	182	NA	145	91	NA	681	889	NA	115	14	161	100	1925	110	NA	383	321	NA	54	229	278	2508	26	NA	NA
355	104	550	111	148	NA	95	NA	117	96	NA	1070	916	115	NA	77	NA	118	156	NA	418	702	75	NA	217	40	NA	NA	202	NA	108	NA	84	NA	239	239	272	NA	76	NA	NA	NA	118	59	161	NA	240	NA	102	61	NA	137	68	17	129	89	135	NA	NA	115	880	238	69	227	122	319	NA	35	62	NA	167	255	484	NA	103	NA	160	NA	119	66	NA	593	785	NA	150	20	129	70	1720	114	NA	341	244	NA	57	195	220	2265	19	NA	NA
360	104	536	104	131	NA	47	NA	106	77	NA	1009	819	87	NA	63	NA	120	142	NA	363	562	84	NA	191	32	NA	NA	138	NA	84	NA	64	NA	181	172	259	NA	46	NA	NA	NA	82	43	111	NA	188	NA	73	55	NA	126	33	14	134	58	112	NA	NA	128	692	236	35	165	96	272	NA	25	47	NA	190	206	368	NA	108	NA	186	NA	95	57	NA	545	657	NA	132	30	97	64	1406	121	NA	326	207	NA	64	178	197	2158	21	NA	NA
365	117	482	97	109	NA	25	NA	66	68	NA	878	695	62	NA	43	NA	91	150	NA	325	452	83	NA	130	27	NA	NA	118	NA	80	NA	45	NA	164	130	222	NA	25	NA	NA	NA	77	32	115	NA	132	NA	38	50	NA	91	29	15	111	39	83	NA	NA	87	641	210	35	158	73	204	NA	34	28	NA	172	172	295	NA	113	NA	163	NA	61	46	NA	551	685	NA	134	32	107	40	1226	96	NA	335	149	NA	42	160	151	1987	26	NA	NA
370	110	409	71	90	NA	20	NA	66	71	NA	751	630	52	NA	35	NA	50	155	NA	282	460	55	NA	115	27	NA	NA	114	NA	53	NA	32	NA	138	124	154	NA	23	NA	NA	NA	50	38	108	NA	111	NA	43	49	NA	58	12	19	66	34	76	NA	NA	46	554	172	37	118	98	168	NA	16	31	NA	125	130	262	NA	86	NA	142	NA	57	56	NA	462	623	NA	108	20	84	33	976	104	NA	310	87	NA	23	120	106	1896	21	NA	NA
375	104	408	52	78	NA	21	NA	50	57	NA	683	598	46	NA	27	NA	41	139	NA	213	370	48	NA	101	26	NA	NA	94	NA	43	NA	29	NA	134	162	118	NA	29	NA	NA	NA	43	22	82	NA	107	NA	18	29	NA	38	9	18	45	19	58	NA	NA	67	447	149	19	107	77	131	NA	25	34	NA	105	94	225	NA	98	NA	78	NA	52	61	NA	413	512	NA	112	8	87	20	861	93	NA	215	108	NA	20	135	105	1635	16	NA	NA
380	78	341	22	49	NA	18	NA	51	41	NA	466	508	30	NA	38	NA	48	74	NA	191	334	31	NA	75	31	NA	NA	85	NA	30	NA	25	NA	137	150	121	NA	16	NA	NA	NA	37	26	63	NA	90	NA	7	21	NA	20	9	11	31	16	44	NA	NA	82	353	152	11	117	51	103	NA	34	23	NA	85	148	185	NA	83	NA	55	NA	39	74	NA	378	449	NA	101	11	67	22	726	78	NA	177	123	NA	12	109	84	1379	9	NA	NA
385	60	286	18	58	NA	14	NA	41	24	NA	321	404	17	NA	57	NA	32	49	NA	136	297	33	NA	59	27	NA	NA	60	NA	24	NA	6	NA	126	191	78	NA	10	NA	NA	NA	51	22	46	NA	63	NA	NA	3	NA	2	9	1	16	8	30	NA	NA	84	314	115	7	57	39	110	NA	31	6	NA	63	115	123	NA	69	NA	52	NA	33	62	NA	415	383	NA	92	6	48	29	596	53	NA	187	116	NA	6	65	73	1221	1	NA	NA
390	35	231	13	45	NA	18	NA	30	27	NA	288	376	16	NA	32	NA	8	59	NA	133	258	37	NA	40	14	NA	NA	46	NA	33	NA	6	NA	99	170	45	NA	9	NA	NA	NA	30	30	40	NA	75	NA	NA	NA	NA	NA	4	3	16	9	27	NA	NA	79	282	105	8	86	36	104	NA	16	NA	NA	52	67	142	NA	71	NA	65	NA	34	72	NA	387	235	NA	78	10	37	13	486	42	NA	163	102	NA	2	66	49	1130	NA	NA	NA
395	26	168	14	29	NA	20	NA	12	16	NA	313	337	5	NA	23	NA	6	52	NA	126	269	22	NA	33	8	NA	NA	33	NA	28	NA	0	NA	58	150	52	NA	0	NA	NA	NA	28	19	47	NA	69	NA	NA	NA	NA	NA	10	NA	19	6	23	NA	NA	82	221	107	18	89	32	105	NA	11	NA	NA	38	53	121	NA	62	NA	72	NA	20	73	NA	327	157	NA	56	11	19	11	420	43	NA	178	86	NA	3	37	38	1054	NA	NA	NA
400	32	154	18	22	NA	26	NA	10	11	NA	269	223	18	NA	18	NA	10	29	NA	112	210	5	NA	20	4	NA	NA	23	NA	29	NA	NA	NA	51	89	41	NA	NA	NA	NA	NA	37	13	38	NA	78	NA	NA	NA	NA	NA	0	NA	15	10	15	NA	NA	54	179	89	6	65	54	75	NA	3	NA	NA	38	51	110	NA	60	NA	82	NA	13	39	NA	296	120	NA	54	6	19	7	296	31	NA	184	76	NA	NA	18	25	1030	NA	NA	NA
405	32	128	19	19	NA	30	NA	11	1	NA	238	241	13	NA	4	NA	13	24	NA	103	132	NA	NA	19	4	NA	NA	34	NA	13	NA	NA	NA	31	77	34	NA	NA	NA	NA	NA	18	3	36	NA	73	NA	NA	NA	NA	NA	NA	NA	16	15	16	NA	NA	51	158	82	0	83	44	46	NA	NA	NA	NA	29	39	100	NA	43	NA	122	NA	18	40	NA	228	103	NA	51	1	15	5	251	21	NA	163	56	NA	NA	25	20	862	NA	NA	NA
410	19	114	7	4	NA	26	NA	14	NA	NA	197	211	9	NA	NA	NA	20	17	NA	77	87	NA	NA	21	7	NA	NA	46	NA	11	NA	NA	NA	22	58	36	NA	NA	NA	NA	NA	11	NA	24	NA	74	NA	NA	NA	NA	NA	NA	NA	23	12	17	NA	NA	30	176	75	NA	86	50	52	NA	NA	NA	NA	25	40	83	NA	44	NA	104	NA	20	38	NA	216	66	NA	57	1	4	5	218	12	NA	137	62	NA	NA	1	27	824	NA	NA	NA
415	21	127	7	5	NA	22	NA	15	NA	NA	155	181	33	NA	NA	NA	8	12	NA	64	63	NA	NA	7	3	NA	NA	56	NA	5	NA	NA	NA	14	58	53	NA	NA	NA	NA	NA	4	NA	5	NA	62	NA	NA	NA	NA	NA	NA	NA	27	19	22	NA	NA	26	108	53	NA	83	46	54	NA	NA	NA	NA	36	55	78	NA	42	NA	80	NA	14	46	NA	124	51	NA	53	0	NA	8	181	29	NA	108	83	NA	NA	NA	54	729	NA	NA	NA
420	23	89	3	5	NA	21	NA	13	NA	NA	137	138	37	NA	NA	NA	8	5	NA	42	56	NA	NA	1	0	NA	NA	43	NA	11	NA	NA	NA	13	45	43	NA	NA	NA	NA	NA	0	NA	2	NA	75	NA	NA	NA	NA	NA	NA	NA	6	16	18	NA	NA	39	73	35	NA	89	31	44	NA	NA	NA	NA	43	65	58	NA	23	NA	89	NA	2	48	NA	90	38	NA	44	NA	NA	13	164	13	NA	99	78	NA	NA	NA	51	598	NA	NA	NA
425	22	95	3	7	NA	18	NA	6	NA	NA	114	110	11	NA	NA	NA	9	1	NA	71	58	NA	NA	NA	NA	NA	NA	17	NA	15	NA	NA	NA	17	31	46	NA	NA	NA	NA	NA	NA	NA	0	NA	84	NA	NA	NA	NA	NA	NA	NA	5	9	17	NA	NA	33	55	34	NA	71	16	40	NA	NA	NA	NA	36	52	64	NA	19	NA	89	NA	3	18	NA	106	34	NA	22	NA	NA	5	168	21	NA	78	51	NA	NA	NA	40	606	NA	NA	NA
430	21	109	7	7	NA	16	NA	4	NA	NA	96	107	4	NA	NA	NA	10	NA	NA	51	47	NA	NA	NA	NA	NA	NA	8	NA	8	NA	NA	NA	13	21	37	NA	NA	NA	NA	NA	NA	NA	NA	NA	68	NA	NA	NA	NA	NA	NA	NA	7	10	26	NA	NA	33	44	18	NA	57	22	38	NA	NA	NA	NA	30	43	53	NA	20	NA	54	NA	2	13	NA	144	37	NA	20	NA	NA	4	163	13	NA	71	41	NA	NA	NA	39	515	NA	NA	NA
435	15	81	12	5	NA	13	NA	0	NA	NA	90	84	NA	NA	NA	NA	7	NA	NA	29	34	NA	NA	NA	NA	NA	NA	11	NA	12	NA	NA	NA	9	14	24	NA	NA	NA	NA	NA	NA	NA	NA	NA	52	NA	NA	NA	NA	NA	NA	NA	3	8	25	NA	NA	25	53	12	NA	52	20	31	NA	NA	NA	NA	22	51	48	NA	13	NA	59	NA	5	14	NA	150	42	NA	8	NA	NA	10	148	11	NA	49	29	NA	NA	NA	33	502	NA	NA	NA
440	15	77	8	0	NA	17	NA	NA	NA	NA	69	66	NA	NA	NA	NA	10	NA	NA	33	19	NA	NA	NA	NA	NA	NA	10	NA	18	NA	NA	NA	8	16	23	NA	NA	NA	NA	NA	NA	NA	NA	NA	76	NA	NA	NA	NA	NA	NA	NA	2	5	20	NA	NA	23	47	2	NA	45	17	38	NA	NA	NA	NA	23	31	38	NA	8	NA	49	NA	5	11	NA	121	33	NA	7	NA	NA	25	146	31	NA	33	29	NA	NA	NA	38	458	NA	NA	NA
445	18	59	14	NA	NA	9	NA	NA	NA	NA	41	48	NA	NA	NA	NA	7	NA	NA	27	4	NA	NA	NA	NA	NA	NA	10	NA	15	NA	NA	NA	1	19	30	NA	NA	NA	NA	NA	NA	NA	NA	NA	60	NA	NA	NA	NA	NA	NA	NA	NA	2	21	NA	NA	16	40	3	NA	38	9	19	NA	NA	NA	NA	28	22	16	NA	2	NA	32	NA	7	13	NA	107	31	NA	15	NA	NA	25	101	35	NA	28	24	NA	NA	NA	23	395	NA	NA	NA
450	9	60	24	NA	NA	4	NA	NA	NA	NA	37	49	NA	NA	NA	NA	4	NA	NA	34	1	NA	NA	NA	NA	NA	NA	5	NA	1	NA	NA	NA	NA	4	7	NA	NA	NA	NA	NA	NA	NA	NA	NA	49	NA	NA	NA	NA	NA	NA	NA	NA	NA	24	NA	NA	17	30	1	NA	37	1	13	NA	NA	NA	NA	18	13	17	NA	NA	NA	21	NA	11	18	NA	89	25	NA	5	NA	NA	19	82	35	NA	24	22	NA	NA	NA	15	311	NA	NA	NA
455	6	58	18	NA	NA	NA	NA	NA	NA	NA	36	44	NA	NA	NA	NA	1	NA	NA	28	NA	NA	NA	NA	NA	NA	NA	1	NA	NA	NA	NA	NA	NA	3	NA	NA	NA	NA	NA	NA	NA	NA	NA	NA	30	NA	NA	NA	NA	NA	NA	NA	NA	NA	26	NA	NA	19	25	NA	NA	20	NA	13	NA	NA	NA	NA	19	9	5	NA	NA	NA	24	NA	3	9	NA	94	23	NA	6	NA	NA	19	86	13	NA	18	8	NA	NA	NA	9	273	NA	NA	NA
460	2	37	20	NA	NA	NA	NA	NA	NA	NA	11	49	NA	NA	NA	NA	NA	NA	NA	19	NA	NA	NA	NA	NA	NA	NA	NA	NA	NA	NA	NA	NA	NA	9	NA	NA	NA	NA	NA	NA	NA	NA	NA	NA	16	NA	NA	NA	NA	NA	NA	NA	NA	NA	19	NA	NA	30	29	NA	NA	10	NA	20	NA	NA	NA	NA	18	5	NA	NA	NA	NA	11	NA	3	NA	NA	100	11	NA	3	NA	NA	10	89	6	NA	8	13	NA	NA	NA	6	203	NA	NA	NA
465	NA	52	17	NA	NA	NA	NA	NA	NA	NA	4	44	NA	NA	NA	NA	NA	NA	NA	3	NA	NA	NA	NA	NA	NA	NA	NA	NA	NA	NA	NA	NA	NA	2	NA	NA	NA	NA	NA	NA	NA	NA	NA	NA	14	NA	NA	NA	NA	NA	NA	NA	NA	NA	24	NA	NA	44	19	NA	NA	4	NA	22	NA	NA	NA	NA	8	7	NA	NA	NA	NA	10	NA	5	NA	NA	118	8	NA	3	NA	NA	NA	76	8	NA	14	7	NA	NA	NA	16	168	NA	NA	NA
470	NA	68	10	NA	NA	NA	NA	NA	NA	NA	1	47	NA	NA	NA	NA	NA	NA	NA	2	NA	NA	NA	NA	NA	NA	NA	NA	NA	NA	NA	NA	NA	NA	NA	NA	NA	NA	NA	NA	NA	NA	NA	NA	NA	11	NA	NA	NA	NA	NA	NA	NA	NA	NA	21	NA	NA	47	13	NA	NA	6	NA	12	NA	NA	NA	NA	9	10	NA	NA	NA	NA	7	NA	2	NA	NA	68	17	NA	5	NA	NA	NA	91	6	NA	5	6	NA	NA	NA	18	128	NA	NA	NA
475	NA	63	9	NA	NA	NA	NA	NA	NA	NA	1	39	NA	NA	NA	NA	NA	NA	NA	NA	NA	NA	NA	NA	NA	NA	NA	NA	NA	NA	NA	NA	NA	NA	NA	NA	NA	NA	NA	NA	NA	NA	NA	NA	NA	15	NA	NA	NA	NA	NA	NA	NA	NA	NA	14	NA	NA	20	5	NA	NA	1	NA	8	NA	NA	NA	NA	7	2	NA	NA	NA	NA	8	NA	5	NA	NA	60	19	NA	6	NA	NA	NA	57	6	NA	NA	6	NA	NA	NA	10	130	NA	NA	NA
480	NA	71	8	NA	NA	NA	NA	NA	NA	NA	NA	44	NA	NA	NA	NA	NA	NA	NA	NA	NA	NA	NA	NA	NA	NA	NA	NA	NA	NA	NA	NA	NA	NA	NA	NA	NA	NA	NA	NA	NA	NA	NA	NA	NA	6	NA	NA	NA	NA	NA	NA	NA	NA	NA	11	NA	NA	41	1	NA	NA	NA	NA	11	NA	NA	NA	NA	9	NA	NA	NA	NA	NA	10	NA	9	NA	NA	39	13	NA	12	NA	NA	NA	55	4	NA	NA	7	NA	NA	NA	9	69	NA	NA	NA
485	NA	62	3	NA	NA	NA	NA	NA	NA	NA	NA	51	NA	NA	NA	NA	NA	NA	NA	NA	NA	NA	NA	NA	NA	NA	NA	NA	NA	NA	NA	NA	NA	NA	NA	NA	NA	NA	NA	NA	NA	NA	NA	NA	NA	0	NA	NA	NA	NA	NA	NA	NA	NA	NA	23	NA	NA	67	NA	NA	NA	NA	NA	4	NA	NA	NA	NA	2	NA	NA	NA	NA	NA	15	NA	4	NA	NA	33	18	NA	1	NA	NA	NA	59	2	NA	NA	13	NA	NA	NA	11	35	NA	NA	NA
490	NA	85	6	NA	NA	NA	NA	NA	NA	NA	NA	44	NA	NA	NA	NA	NA	NA	NA	NA	NA	NA	NA	NA	NA	NA	NA	NA	NA	NA	NA	NA	NA	NA	NA	NA	NA	NA	NA	NA	NA	NA	NA	NA	NA	NA	NA	NA	NA	NA	NA	NA	NA	NA	NA	14	NA	NA	50	NA	NA	NA	NA	NA	1	NA	NA	NA	NA	NA	NA	NA	NA	NA	NA	16	NA	NA	NA	NA	32	9	NA	NA	NA	NA	NA	54	9	NA	NA	3	NA	NA	NA	11	23	NA	NA	NA
495	NA	69	1	NA	NA	NA	NA	NA	NA	NA	NA	51	NA	NA	NA	NA	NA	NA	NA	NA	NA	NA	NA	NA	NA	NA	NA	NA	NA	NA	NA	NA	NA	NA	NA	NA	NA	NA	NA	NA	NA	NA	NA	NA	NA	NA	NA	NA	NA	NA	NA	NA	NA	NA	NA	5	NA	NA	36	NA	NA	NA	NA	NA	NA	NA	NA	NA	NA	NA	NA	NA	NA	NA	NA	17	NA	NA	NA	NA	37	4	NA	NA	NA	NA	NA	29	7	NA	NA	NA	NA	NA	NA	4	14	NA	NA	NA
500	NA	50	NA	NA	NA	NA	NA	NA	NA	NA	NA	60	NA	NA	NA	NA	NA	NA	NA	NA	NA	NA	NA	NA	NA	NA	NA	NA	NA	NA	NA	NA	NA	NA	NA	NA	NA	NA	NA	NA	NA	NA	NA	NA	NA	NA	NA	NA	NA	NA	NA	NA	NA	NA	NA	2	NA	NA	26	NA	NA	NA	NA	NA	NA	NA	NA	NA	NA	NA	NA	NA	NA	NA	NA	21	NA	NA	NA	NA	40	9	NA	NA	NA	NA	NA	21	2	NA	NA	NA	NA	NA	NA	NA	8	NA	NA	NA
505	NA	27	NA	NA	NA	NA	NA	NA	NA	NA	NA	55	NA	NA	NA	NA	NA	NA	NA	NA	NA	NA	NA	NA	NA	NA	NA	NA	NA	NA	NA	NA	NA	NA	NA	NA	NA	NA	NA	NA	NA	NA	NA	NA	NA	NA	NA	NA	NA	NA	NA	NA	NA	NA	NA	NA	NA	NA	17	NA	NA	NA	NA	NA	NA	NA	NA	NA	NA	NA	NA	NA	NA	NA	NA	24	NA	NA	NA	NA	52	14	NA	NA	NA	NA	NA	9	4	NA	NA	NA	NA	NA	NA	NA	11	NA	NA	NA
510	NA	35	NA	NA	NA	NA	NA	NA	NA	NA	NA	55	NA	NA	NA	NA	NA	NA	NA	NA	NA	NA	NA	NA	NA	NA	NA	NA	NA	NA	NA	NA	NA	NA	NA	NA	NA	NA	NA	NA	NA	NA	NA	NA	NA	NA	NA	NA	NA	NA	NA	NA	NA	NA	NA	NA	NA	NA	16	NA	NA	NA	NA	NA	NA	NA	NA	NA	NA	NA	NA	NA	NA	NA	NA	28	NA	NA	NA	NA	42	13	NA	NA	NA	NA	NA	19	7	NA	NA	NA	NA	NA	NA	NA	16	NA	NA	NA
515	NA	41	NA	NA	NA	NA	NA	NA	NA	NA	NA	97	NA	NA	NA	NA	NA	NA	NA	NA	NA	NA	NA	NA	NA	NA	NA	NA	NA	NA	NA	NA	NA	NA	NA	NA	NA	NA	NA	NA	NA	NA	NA	NA	NA	NA	NA	NA	NA	NA	NA	NA	NA	NA	NA	NA	NA	NA	13	NA	NA	NA	NA	NA	NA	NA	NA	NA	NA	NA	NA	NA	NA	NA	NA	38	NA	NA	NA	NA	29	11	NA	NA	NA	NA	NA	10	2	NA	NA	NA	NA	NA	NA	NA	33	NA	NA	NA
520	NA	36	NA	NA	NA	NA	NA	NA	NA	NA	NA	84	NA	NA	NA	NA	NA	NA	NA	NA	NA	NA	NA	NA	NA	NA	NA	NA	NA	NA	NA	NA	NA	NA	NA	NA	NA	NA	NA	NA	NA	NA	NA	NA	NA	NA	NA	NA	NA	NA	NA	NA	NA	NA	NA	NA	NA	NA	18	NA	NA	NA	NA	NA	NA	NA	NA	NA	NA	NA	NA	NA	NA	NA	NA	24	NA	NA	NA	NA	29	7	NA	NA	NA	NA	NA	6	NA	NA	NA	NA	NA	NA	NA	NA	17	NA	NA	NA
525	NA	25	NA	NA	NA	NA	NA	NA	NA	NA	NA	64	NA	NA	NA	NA	NA	NA	NA	NA	NA	NA	NA	NA	NA	NA	NA	NA	NA	NA	NA	NA	NA	NA	NA	NA	NA	NA	NA	NA	NA	NA	NA	NA	NA	NA	NA	NA	NA	NA	NA	NA	NA	NA	NA	NA	NA	NA	29	NA	NA	NA	NA	NA	NA	NA	NA	NA	NA	NA	NA	NA	NA	NA	NA	28	NA	NA	NA	NA	16	9	NA	NA	NA	NA	NA	5	NA	NA	NA	NA	NA	NA	NA	NA	11	NA	NA	NA
530	NA	25	NA	NA	NA	NA	NA	NA	NA	NA	NA	47	NA	NA	NA	NA	NA	NA	NA	NA	NA	NA	NA	NA	NA	NA	NA	NA	NA	NA	NA	NA	NA	NA	NA	NA	NA	NA	NA	NA	NA	NA	NA	NA	NA	NA	NA	NA	NA	NA	NA	NA	NA	NA	NA	NA	NA	NA	23	NA	NA	NA	NA	NA	NA	NA	NA	NA	NA	NA	NA	NA	NA	NA	NA	45	NA	NA	NA	NA	25	12	NA	NA	NA	NA	NA	2	NA	NA	NA	NA	NA	NA	NA	NA	11	NA	NA	NA
535	NA	18	NA	NA	NA	NA	NA	NA	NA	NA	NA	34	NA	NA	NA	NA	NA	NA	NA	NA	NA	NA	NA	NA	NA	NA	NA	NA	NA	NA	NA	NA	NA	NA	NA	NA	NA	NA	NA	NA	NA	NA	NA	NA	NA	NA	NA	NA	NA	NA	NA	NA	NA	NA	NA	NA	NA	NA	23	NA	NA	NA	NA	NA	NA	NA	NA	NA	NA	NA	NA	NA	NA	NA	NA	52	NA	NA	NA	NA	17	4	NA	NA	NA	NA	NA	1	NA	NA	NA	NA	NA	NA	NA	NA	5	NA	NA	NA
540	NA	8	NA	NA	NA	NA	NA	NA	NA	NA	NA	33	NA	NA	NA	NA	NA	NA	NA	NA	NA	NA	NA	NA	NA	NA	NA	NA	NA	NA	NA	NA	NA	NA	NA	NA	NA	NA	NA	NA	NA	NA	NA	NA	NA	NA	NA	NA	NA	NA	NA	NA	NA	NA	NA	NA	NA	NA	29	NA	NA	NA	NA	NA	NA	NA	NA	NA	NA	NA	NA	NA	NA	NA	NA	50	NA	NA	NA	NA	31	3	NA	NA	NA	NA	NA	NA	NA	NA	NA	NA	NA	NA	NA	NA	NA	NA	NA	NA
545	NA	1	NA	NA	NA	NA	NA	NA	NA	NA	NA	34	NA	NA	NA	NA	NA	NA	NA	NA	NA	NA	NA	NA	NA	NA	NA	NA	NA	NA	NA	NA	NA	NA	NA	NA	NA	NA	NA	NA	NA	NA	NA	NA	NA	NA	NA	NA	NA	NA	NA	NA	NA	NA	NA	NA	NA	NA	18	NA	NA	NA	NA	NA	NA	NA	NA	NA	NA	NA	NA	NA	NA	NA	NA	27	NA	NA	NA	NA	23	NA	NA	NA	NA	NA	NA	NA	NA	NA	NA	NA	NA	NA	NA	NA	NA	NA	NA	NA
550	NA	NA	NA	NA	NA	NA	NA	NA	NA	NA	NA	32	NA	NA	NA	NA	NA	NA	NA	NA	NA	NA	NA	NA	NA	NA	NA	NA	NA	NA	NA	NA	NA	NA	NA	NA	NA	NA	NA	NA	NA	NA	NA	NA	NA	NA	NA	NA	NA	NA	NA	NA	NA	NA	NA	NA	NA	NA	7	NA	NA	NA	NA	NA	NA	NA	NA	NA	NA	NA	NA	NA	NA	NA	NA	22	NA	NA	NA	NA	19	NA	NA	NA	NA	NA	NA	NA	NA	NA	NA	NA	NA	NA	NA	NA	NA	NA	NA	NA
555	NA	NA	NA	NA	NA	NA	NA	NA	NA	NA	NA	47	NA	NA	NA	NA	NA	NA	NA	NA	NA	NA	NA	NA	NA	NA	NA	NA	NA	NA	NA	NA	NA	NA	NA	NA	NA	NA	NA	NA	NA	NA	NA	NA	NA	NA	NA	NA	NA	NA	NA	NA	NA	NA	NA	NA	NA	NA	7	NA	NA	NA	NA	NA	NA	NA	NA	NA	NA	NA	NA	NA	NA	NA	NA	16	NA	NA	NA	NA	15	NA	NA	NA	NA	NA	NA	NA	NA	NA	NA	NA	NA	NA	NA	NA	NA	NA	NA	NA
560	NA	NA	NA	NA	NA	NA	NA	NA	NA	NA	NA	36	NA	NA	NA	NA	NA	NA	NA	NA	NA	NA	NA	NA	NA	NA	NA	NA	NA	NA	NA	NA	NA	NA	NA	NA	NA	NA	NA	NA	NA	NA	NA	NA	NA	NA	NA	NA	NA	NA	NA	NA	NA	NA	NA	NA	NA	NA	3	NA	NA	NA	NA	NA	NA	NA	NA	NA	NA	NA	NA	NA	NA	NA	NA	4	NA	NA	NA	NA	9	NA	NA	NA	NA	NA	NA	NA	NA	NA	NA	NA	NA	NA	NA	NA	NA	NA	NA	NA
565	NA	NA	NA	NA	NA	NA	NA	NA	NA	NA	NA	20	NA	NA	NA	NA	NA	NA	NA	NA	NA	NA	NA	NA	NA	NA	NA	NA	NA	NA	NA	NA	NA	NA	NA	NA	NA	NA	NA	NA	NA	NA	NA	NA	NA	NA	NA	NA	NA	NA	NA	NA	NA	NA	NA	NA	NA	NA	NA	NA	NA	NA	NA	NA	NA	NA	NA	NA	NA	NA	NA	NA	NA	NA	NA	7	NA	NA	NA	NA	14	NA	NA	NA	NA	NA	NA	NA	NA	NA	NA	NA	NA	NA	NA	NA	NA	NA	NA	NA
570	NA	NA	NA	NA	NA	NA	NA	NA	NA	NA	NA	20	NA	NA	NA	NA	NA	NA	NA	NA	NA	NA	NA	NA	NA	NA	NA	NA	NA	NA	NA	NA	NA	NA	NA	NA	NA	NA	NA	NA	NA	NA	NA	NA	NA	NA	NA	NA	NA	NA	NA	NA	NA	NA	NA	NA	NA	NA	NA	NA	NA	NA	NA	NA	NA	NA	NA	NA	NA	NA	NA	NA	NA	NA	NA	1	NA	NA	NA	NA	4	NA	NA	NA	NA	NA	NA	NA	NA	NA	NA	NA	NA	NA	NA	NA	NA	NA	NA	NA
575	NA	NA	NA	NA	NA	NA	NA	NA	NA	NA	NA	20	NA	NA	NA	NA	NA	NA	NA	NA	NA	NA	NA	NA	NA	NA	NA	NA	NA	NA	NA	NA	NA	NA	NA	NA	NA	NA	NA	NA	NA	NA	NA	NA	NA	NA	NA	NA	NA	NA	NA	NA	NA	NA	NA	NA	NA	NA	NA	NA	NA	NA	NA	NA	NA	NA	NA	NA	NA	NA	NA	NA	NA	NA	NA	NA	NA	NA	NA	NA	4	NA	NA	NA	NA	NA	NA	NA	NA	NA	NA	NA	NA	NA	NA	NA	NA	NA	NA	NA
580	NA	NA	NA	NA	NA	NA	NA	NA	NA	NA	NA	28	NA	NA	NA	NA	NA	NA	NA	NA	NA	NA	NA	NA	NA	NA	NA	NA	NA	NA	NA	NA	NA	NA	NA	NA	NA	NA	NA	NA	NA	NA	NA	NA	NA	NA	NA	NA	NA	NA	NA	NA	NA	NA	NA	NA	NA	NA	NA	NA	NA	NA	NA	NA	NA	NA	NA	NA	NA	NA	NA	NA	NA	NA	NA	NA	NA	NA	NA	NA	17	NA	NA	NA	NA	NA	NA	NA	NA	NA	NA	NA	NA	NA	NA	NA	NA	NA	NA	NA
585	NA	NA	NA	NA	NA	NA	NA	NA	NA	NA	NA	30	NA	NA	NA	NA	NA	NA	NA	NA	NA	NA	NA	NA	NA	NA	NA	NA	NA	NA	NA	NA	NA	NA	NA	NA	NA	NA	NA	NA	NA	NA	NA	NA	NA	NA	NA	NA	NA	NA	NA	NA	NA	NA	NA	NA	NA	NA	NA	NA	NA	NA	NA	NA	NA	NA	NA	NA	NA	NA	NA	NA	NA	NA	NA	NA	NA	NA	NA	NA	10	NA	NA	NA	NA	NA	NA	NA	NA	NA	NA	NA	NA	NA	NA	NA	NA	NA	NA	NA
590	NA	NA	NA	NA	NA	NA	NA	NA	NA	NA	NA	36	NA	NA	NA	NA	NA	NA	NA	NA	NA	NA	NA	NA	NA	NA	NA	NA	NA	NA	NA	NA	NA	NA	NA	NA	NA	NA	NA	NA	NA	NA	NA	NA	NA	NA	NA	NA	NA	NA	NA	NA	NA	NA	NA	NA	NA	NA	NA	NA	NA	NA	NA	NA	NA	NA	NA	NA	NA	NA	NA	NA	NA	NA	NA	NA	NA	NA	NA	NA	3	NA	NA	NA	NA	NA	NA	NA	NA	NA	NA	NA	NA	NA	NA	NA	NA	NA	NA	NA
595	NA	NA	NA	NA	NA	NA	NA	NA	NA	NA	NA	43	NA	NA	NA	NA	NA	NA	NA	NA	NA	NA	NA	NA	NA	NA	NA	NA	NA	NA	NA	NA	NA	NA	NA	NA	NA	NA	NA	NA	NA	NA	NA	NA	NA	NA	NA	NA	NA	NA	NA	NA	NA	NA	NA	NA	NA	NA	NA	NA	NA	NA	NA	NA	NA	NA	NA	NA	NA	NA	NA	NA	NA	NA	NA	NA	NA	NA	NA	NA	4	NA	NA	NA	NA	NA	NA	NA	NA	NA	NA	NA	NA	NA	NA	NA	NA	NA	NA	NA
600	NA	NA	NA	NA	NA	NA	NA	NA	NA	NA	NA	35	NA	NA	NA	NA	NA	NA	NA	NA	NA	NA	NA	NA	NA	NA	NA	NA	NA	NA	NA	NA	NA	NA	NA	NA	NA	NA	NA	NA	NA	NA	NA	NA	NA	NA	NA	NA	NA	NA	NA	NA	NA	NA	NA	NA	NA	NA	NA	NA	NA	NA	NA	NA	NA	NA	NA	NA	NA	NA	NA	NA	NA	NA	NA	NA	NA	NA	NA	NA	4	NA	NA	NA	NA	NA	NA	NA	NA	NA	NA	NA	NA	NA	NA	NA	NA	NA	NA	NA
605	NA	NA	NA	NA	NA	NA	NA	NA	NA	NA	NA	22	NA	NA	NA	NA	NA	NA	NA	NA	NA	NA	NA	NA	NA	NA	NA	NA	NA	NA	NA	NA	NA	NA	NA	NA	NA	NA	NA	NA	NA	NA	NA	NA	NA	NA	NA	NA	NA	NA	NA	NA	NA	NA	NA	NA	NA	NA	NA	NA	NA	NA	NA	NA	NA	NA	NA	NA	NA	NA	NA	NA	NA	NA	NA	NA	NA	NA	NA	NA	1	NA	NA	NA	NA	NA	NA	NA	NA	NA	NA	NA	NA	NA	NA	NA	NA	NA	NA	NA
610	NA	NA	NA	NA	NA	NA	NA	NA	NA	NA	NA	2	NA	NA	NA	NA	NA	NA	NA	NA	NA	NA	NA	NA	NA	NA	NA	NA	NA	NA	NA	NA	NA	NA	NA	NA	NA	NA	NA	NA	NA	NA	NA	NA	NA	NA	NA	NA	NA	NA	NA	NA	NA	NA	NA	NA	NA	NA	NA	NA	NA	NA	NA	NA	NA	NA	NA	NA	NA	NA	NA	NA	NA	NA	NA	NA	NA	NA	NA	NA	NA	NA	NA	NA	NA	NA	NA	NA	NA	NA	NA	NA	NA	NA	NA	NA	NA	NA	NA	NA
