1.53333333333333	0.763762615825973
1.58333333333333	1.53206469257085
1.41666666666667	0.117851130197758
2.075	1.23743686707646
1.5	0.471404520791032
1.63452380952381	0.707106781186548
NA	NA
1	0
1.70833333333333	0.53033008588991
1.66666666666667	0.471404520791032
NA	NA
1.58333333333333	0.824957911384305
1.5	0
1.50555555555556	0.0785674201318387
1.325	1.59099025766973
1.14444444444444	0.585314097380708
1.25	0.353553390593274
2.1	0.848528137423857
1.7968253968254	0.924962461700774
NA	NA
1.5047619047619	1.40747921207608
NA	NA
NA	NA
1.55	0.785811682275086
1.5	0.471404520791032
1	NA
NA	NA
1.53333333333333	0.763762615825973
1	0.707106781186548
1.90446428571429	1.00713599710599
NA	NA
2.03968253968254	0.792725154655688
1	0
1.33333333333333	0.707106781186548
1.45833333333333	0.883883476483184
2	NA
NA	NA
1	NA
1.83333333333333	1.17851130197758
1.22222222222222	0.673575314054563
1.95	0.707106781186548
1	NA
1.505	0.984420303190326
1.61666666666667	1.06066017177982
1.83333333333333	1.4142135623731
2.25	0.707106781186548
1.5	0.707106781186548
NA	NA
1.5	0.471404520791032
2.03333333333333	1.41421356237309
1.38888888888889	1.45614915800902
1	0.707106781186548
1.25	0.353553390593274
1.45	0.763762615825973
NA	NA
1	0.707106781186548
1.5	0.942809041582063
1	0.707106781186548
1	0.707106781186548
NA	NA
NA	NA
1.5	0.707106781186548
1.29166666666667	1.1195857368787
1.83333333333333	0.353553390593274
NA	NA
1	NA
2	NA
NA	NA
1.58333333333333	0.58925565098879
NA	NA
1.25	0.799305253885453
1.22222222222222	0.346944333244355
1.66666666666667	1.17851130197758
1	NA
1.58928571428571	2.04555890271823
NA	NA
1.86666666666667	1.4142135623731
1.33333333333333	0.707106781186548
1	0.707106781186548
1	0
2	0.707106781186548
NA	NA
1	0
2.4	0.707106781186548
1.25	1.06066017177982
1.79166666666667	0.883883476483184
1.25	0.353553390593274
2.25	1.06066017177982
1.33333333333333	0.707106781186548
1.66666666666667	1.17851130197758
1.37777777777778	1.09561415214042
1	0
1.38888888888889	0.976577546180386
NA	NA
1.46666666666667	1.41891977691952
NA	NA
1	NA
NA	NA
NA	NA
1	0.707106781186548
