1	0
1.625	0.530330085889911
1.25	0.353553390593274
1.77857142857143	1.17000675909438
1.45	1.4142135623731
1.53333333333333	1.88561808316413
0.833333333333333	0
1	NA
2.7	0.707106781186548
1.75	1.06066017177982
1.4	1.27279220613579
2.125	0.530330085889911
1.85833333333333	2.06239477846076
2.27830687830688	1.22390456606358
1.5	1.25
2.08333333333333	0.117851130197758
1.6547619047619	1.13787044502433
1.33333333333333	0.707106781186548
1.46666666666667	1.16761865920913
1.55238095238095	0.754676776532203
2.61994949494949	0.763762615825974
1.65	1.15470053837925
1.59523809523809	1.16957848483954
NA	NA
2	0.707106781186548
1.98333333333333	1.4142135623731
1.43571428571429	0.909137290096989
1.25	0.763762615825973
0.833333333333333	0.471404520791032
2.13541666666667	0.589623820753538
1.95	0.707106781186548
2.6	0.707106781186548
2.16666666666667	0.707106781186548
2.29285714285714	1.02698842029475
1.65	0.763762615825973
1.75	0.707106781186548
2.32619047619048	1.21218305346265
1.33333333333333	0.707106781186548
1.91190476190476	1.23733085887364
1	0.707106781186548
2.06363636363636	0.763762615825974
2	0.763762615825973
2.03095238095238	1.54890056831339
NA	NA
1.75	0.117851130197758
1.58333333333333	0.866025403784438
2.45833333333333	0.763762615825974
1.77777777777778	0.254587538608658
1.5	0.471404520791032
3.22904595404595	0.652713951864505
2.18333333333333	0.707106781186548
NA	NA
1.7	1.13137084989848
NA	NA
NA	NA
1.66666666666667	1.21655250605964
2.18333333333333	0.707106781186548
1.1047619047619	0.980614828654386
1.66666666666667	0.471404520791032
2.43162393162393	0.503494255225347
1.45	1.15470053837925
1	0.763762615825973
2.06666666666667	0.707106781186548
1	0.707106781186548
2.23333333333333	0.141421356237309
1.97222222222222	0.42763345328724
1.14285714285714	0
NA	NA
1.25	0.353553390593274
1.44444444444444	1.20569635634504
1.56666666666667	1.1139269874338
1.65833333333333	1.42599867539287
2.11666666666667	0.824957911384305
1.9	2.1920310216783
2.11666666666667	0.707106781186548
0.883333333333333	0.683536555146996
2.16071428571429	0.883883476483184
1.525	1.30814754519511
1.40781440781441	1.0309826235529
1.83333333333333	1.17851130197758
1.24444444444444	1.29971506848973
1.66666666666667	0.942809041582063
1.47777777777778	1.08440118310795
2.03333333333333	1.29636243217534
2.57222222222222	1.33564614224126
1.51666666666667	1.36137185711081
2.23148148148148	0.798017089867231
0.971428571428571	0.0168358757425369
1.5515873015873	0.797461091522221
1.66666666666667	0.235702260395516
2.28333333333333	1.06066017177982
1	NA
1.41666666666667	0.117851130197758
1.91944444444444	1.05479504767163
2.175	1.87383297014435
1.25	1
2.4	0.707106781186548
1.5	0.471404520791032
1.58333333333333	0.6557438524302
2.18333333333333	1.90918830920368
