1	NA
1.5	0.471404520791032
1.58333333333333	0.707106781186547
1.79166666666667	0.530330085889911
NA	NA
1.40079365079365	1.14583462172675
1.75	0.117851130197758
1.5	0
1	NA
0.583333333333333	0.353553390593274
1	0.707106781186548
1.66666666666667	0.471404520791032
1	NA
NA	NA
NA	NA
1.33333333333333	0.707106781186548
1	0
1	NA
NA	NA
1.25	0.353553390593274
NA	NA
1.81666666666667	1.06066017177982
NA	NA
1	0.707106781186548
1.25	0.353553390593274
1.75	0.353553390593274
NA	NA
2.34285714285714	1.4142135623731
1.63888888888889	1.11518350923032
0.75	0.117851130197758
1	NA
NA	NA
1.58333333333333	0.707106781186547
1.86666666666667	0.707106781186548
1.625	0.294627825494395
1	NA
0.75	0.707106781186548
1	0.707106781186548
1.66666666666667	0.707106781186548
1.75	0.707106781186548
1.91666666666667	0.353553390593274
NA	NA
2.2968253968254	0.973015549340944
2.05	0.848528137423857
NA	NA
1	0.707106781186548
2	0.707106781186548
1	0.707106781186548
1	0.707106781186548
NA	NA
NA	NA
NA	NA
1.66666666666667	0.471404520791032
1.725	0.624610990048117
NA	NA
NA	NA
1.66666666666667	0.707106781186548
NA	NA
1.25	0.353553390593274
1.08333333333333	1.06066017177982
1.5	0.471404520791032
2.13333333333333	1.73205080756888
NA	NA
NA	NA
1.75	0.353553390593274
1	NA
1.31111111111111	1.08440118310795
1.825	0.459619407771256
1	NA
1.78988095238095	0.888545940786907
NA	NA
NA	NA
1.25	0.353553390593274
1	0.5
NA	NA
NA	NA
1.58333333333333	1.41421356237309
1.25	1.06066017177982
1	0.707106781186548
1.58333333333333	0.707106781186547
1.25	0.353553390593274
2	0.235702260395516
1	0.707106781186548
NA	NA
1.25	1.06066017177982
1	0
1.41666666666667	0.117851130197758
1.125	0.176776695296637
1	0
1.95	0.707106781186548
1.86666666666667	0.707106781186548
1.25	0.353553390593274
1	0.707106781186548
1.5	0.707106781186548
0.816666666666667	0.58925565098879
1.41666666666667	0.117851130197758
1	NA
1	0
1	NA
1.22222222222222	0.53575837561072
