1.16666666666667	1.17851130197758
1	0.707106781186548
0.533333333333333	0.471404520791032
NA	NA
1	0.707106781186548
1.66666666666667	0.942809041582063
1.25	0.353553390593274
1.58333333333333	0.707106781186547
1	0
NA	NA
NA	NA
1.25	0.353553390593274
1.38888888888889	1.18243314743293
1	NA
1	0.707106781186548
1.5	1.4142135623731
1	0.5
1.5	0.707106781186548
2	NA
1.5	0
1	0.707106781186548
1.5	0.471404520791032
1	NA
1	0.707106781186548
1.33333333333333	0.707106781186548
1.33333333333333	0.707106781186548
1.08333333333333	1.06066017177982
NA	NA
1.64166666666667	0.200346921336188
1	0.707106781186548
1	0.707106781186548
NA	NA
1.25	1.06066017177982
1	0
1	NA
2	NA
1.33333333333333	0.707106781186548
1.74479076479076	1.08434774046377
NA	NA
1	NA
1.25	0.763762615825973
1	0.707106781186548
NA	NA
1	NA
NA	NA
1	0.707106781186548
1.33333333333333	0.707106781186548
1.38888888888889	0.81791288135197
1.33333333333333	0.707106781186548
NA	NA
1	0.866025403784439
1	0
1	NA
NA	NA
1	0.707106781186548
1	0.707106781186548
NA	NA
2.45238095238095	0.707106781186547
NA	NA
NA	NA
1.5	0.471404520791032
1	NA
NA	NA
1.33333333333333	0.707106781186548
NA	NA
1.58333333333333	0.707106781186547
1	NA
1.81666666666667	1.64991582276861
NA	NA
1.5	1.4142135623731
1.25	0.353553390593274
2	NA
NA	NA
NA	NA
1	0.707106781186548
1	NA
1.58333333333333	0.707106781186547
1	NA
2.01666666666667	0.0235702260395515
1.13888888888889	1.26197963240006
1	0.707106781186548
1	NA
1	0.707106781186548
0.958333333333333	0.176776695296637
1.91666666666667	0.824957911384306
1.33333333333333	1.06066017177982
NA	NA
NA	NA
NA	NA
1.65793650793651	0.976577546180386
1.86666666666667	0.707106781186548
0.583333333333333	0.353553390593274
NA	NA
1.33333333333333	1.4142135623731
0.833333333333333	0.353553390593274
NA	NA
1.41666666666667	0.58925565098879
1.2	0.957427107756338
NA	NA
1.25	0.763762615825973
