1.38888888888889	0.728074579004509
1.83333333333333	0.235702260395516
2.1	0.565685424949238
1.53333333333333	1.24922198009623
1.69196428571429	1.01685733640103
1.33333333333333	0.707106781186548
NA	NA
1.71111111111111	1.06788125293516
2.18333333333333	1.62634559672906
1.66666666666667	0.707106781186548
NA	NA
1.58333333333333	0.707106781186547
1	0.707106781186548
1	0.763762615825973
1.68452380952381	0.957427107756338
1.97222222222222	0.878300652986799
2.15	0.942809041582063
1	NA
1.83333333333333	1.06066017177982
1.16666666666667	0.707106781186548
1	0.707106781186548
1.59285714285714	1.53206469257085
1.58333333333333	0.707106781186547
1	NA
1	0
2.30952380952381	1.02698842029475
1.41269841269841	0.875573454241122
1.58333333333333	0.707106781186547
1.5	0.707106781186548
2.11666666666667	1.06066017177982
2.51399711399711	0.808443731633582
1.41666666666667	1.04083299973307
1.54166666666667	0.0589255650988789
1.22222222222222	0.822147143719374
2.04166666666667	1.47313912747197
1.66666666666667	0.471404520791032
1.775	0.73399591279516
1	0.707106781186548
0.916666666666667	0.471404520791032
2.3520202020202	1.91204530629938
1.4484126984127	0.41943524640393
1.36190476190476	0.329983164553722
2.60555555555556	0.250739646586595
1.75	0.353553390593274
1.85634920634921	0.816612289364632
1.79166666666667	1.23743686707646
1.78333333333333	1.17851130197758
1.33217893217893	0.471404520791032
1.75	0.353553390593274
1.91666666666667	0.117851130197758
2.15238095238095	1.13841398206357
1.25	0.353553390593274
1.525	0.638502298496399
1.85	1.36137185711081
1.88888888888889	0.834721066739818
1.88888888888889	1.18243314743293
1.39166666666667	1.61456048370928
1.83452380952381	1.82669251806525
1.46666666666667	1.01738362697875
1.71565656565657	0.502595041090785
0.7	0.518544972870135
1.91666666666667	0.353553390593274
1.28333333333333	0.400693842672377
1.41666666666667	0.58925565098879
1.46666666666667	0.872098363463408
1	NA
2.83333333333333	0.707106781186548
1.95833333333333	0.883883476483185
1	NA
1.85	0.683536555146996
1.66666666666667	0.235702260395516
1.25	0.353553390593274
2.05555555555556	0.728074579004509
2.42619047619048	0.90913729009699
1.58333333333333	0.824957911384305
1.25	0.353553390593274
2.31746031746032	1.17062819476142
1.52222222222222	1.43530226523635
2.15833333333333	1.15470053837925
1.2	0.471404520791032
0.35	0.212132034355964
1.5	1.4142135623731
1.5952861952862	0.610610307638549
2.72222222222222	0.864241621450225
1.39285714285714	0.26937401188059
1.08333333333333	1.06066017177982
2.18298368298368	1.30542790372901
1.66666666666667	0.471404520791032
1.81266025641026	1.40717197416683
1	NA
1.57936507936508	0.70201093293638
NA	NA
1.74444444444444	0.823497509497235
1.33333333333333	1.4142135623731
1.43333333333333	0.801387685344754
1.87301587301587	1.3791209804656
1.65714285714286	1.27408096796286
0.633333333333333	0.329983164553722
1	0.707106781186548
2.01904761904762	1.15470053837925
