2.01785714285714	0.917555227968258
2.05	0.763762615825973
2.01666666666667	1.01986443059366
1.79761904761905	2.07081271633203
2.07059314954052	0
1.61190476190476	0.606091526731326
2.44646464646465	1.88561808316413
NA	NA
1.95833333333333	2.12132034355964
2.38888888888889	0.346944333244355
2.36666666666667	0.707106781186548
1.77777777777778	0.315494908100015
2.47777777777778	0.707106781186548
2.73015873015873	1.09428875350124
2.46349206349206	0.707106781186548
2.06666666666667	0.329983164553722
1.25	1.06066017177982
1.83333333333333	0
1.55833333333333	0.742462120245875
3.5642316017316	2.12132034355964
1.43571428571429	1.3090850635859
2.87222222222222	1.06066017177982
2.1	1.03708994574027
1.41666666666667	1.64991582276861
1.06666666666667	0
2.50833333333333	0.793725393319377
0.954545454545454	0.104972776216296
1.99807692307692	1.25827242952524
1.9676800976801	1.07998138696309
2.10119047619048	0.0252538136138055
2.58333333333333	1.06066017177982
1.68910256410256	0
2.54074074074074	1.3789123166303
2	0.235702260395516
2.41805555555556	2.00543339886518
1.88717948717949	1.53156097245447
1.66666666666667	0.235702260395516
1.41666666666667	1.06066017177982
1.93422619047619	0.63224962106223
0.658333333333333	0.0589255650988789
3.07777777777778	0.58925565098879
1.68333333333333	0.70059498523279
1	NA
3.4531302031302	1.21477318819227
0.896428571428571	0.146472118960071
3.22619047619048	0.707106781186547
1.86666666666667	0.707106781186548
2.11666666666667	1.21700908423525
2.44642857142857	0.311463701236931
1.33333333333333	0.707106781186548
2.15	0.58925565098879
1.25	0.763762615825973
1.82358058608059	1.25854084466721
1.70833333333333	0.883883476483184
1.875	0.883883476483184
1	0.707106781186548
3.44551282051282	0.707106781186548
2.66666666666667	0.824957911384306
2.03095238095238	1.16167542623504
1.22222222222222	0.838870492807861
1.5	1.4142135623731
2.91532356532357	1.624446164594
1.68910256410256	1.71616317679372
2.65833333333333	2.12132034355964
1.89166666666667	0.388908729652601
3.56984126984127	0.707106781186548
2.31666666666667	1.06066017177982
2.46666666666667	1.06066017177982
1.73412698412698	0.785674201318386
1.71515151515152	0.869955615641631
1.54166666666667	0.176776695296637
3.36201298701299	0.707106781186548
2.50833333333333	0.793725393319377
1.81666666666667	1.64991582276861
2.22539682539683	0
1.61666666666667	1.76776695296637
1.01666666666667	1.20208152801713
1.25793650793651	0.157134840263677
2.36666666666667	1.4142135623731
1.16666666666667	0.942809041582063
2.32100840336134	1.70348462323312
1.83122433122433	1.44246331551776
2.03333333333333	0.763762615825973
2.45	1.44337567297406
2.55238095238095	0.303045763365663
1.44494949494949	0.895823643358446
2	0.5
1.25	1.29636243217534
2.06666666666667	0.707106781186548
1.675	0.883883476483184
2.66931818181818	0.239452069083626
2.25833333333333	1.53490257864332
1.54166666666667	0.883883476483184
2.28042328042328	1.43300312015949
1.11666666666667	1.10780062385892
1.25	0.353553390593274
1.43589743589744	0.256089543018438
2.30277777777778	0.428192439718521
2.33333333333333	0.707106781186547
1.55925324675325	0.915828454559965
