1.71111111111111	1.06788125293516
1.43333333333333	0.471404520791032
1.75	0.707106781186548
0.695238095238095	0.378773530958939
2.13333333333333	0.966379267621615
2.45238095238095	0.909137290096989
1.88888888888889	0.483429109284602
1.875	0.883883476483184
2.63095238095238	1.12800367474997
1.70119047619048	1.33822021107639
2.16666666666667	0.589255650988789
1.41666666666667	0.629152869605896
1.63333333333333	1.03655412036441
1.41666666666667	0.58925565098879
1	0.707106781186548
1.90079365079365	1.68919953283453
2.35238095238095	1.76776695296637
2.00595238095238	2.27115963766822
1.97083333333333	1.34820697114243
1	NA
1.75	0.353553390593274
1	0
1.99166666666667	1.28525589516228
1.63333333333333	0.851958527942137
2.16666666666667	0.707106781186548
1	0.707106781186548
0.871572871572872	0
1.68333333333333	1.20208152801713
2.15740740740741	0.703459996786021
3.15079365079365	0.785674201318386
2.11046037296037	1.55252352411949
1.85913752913753	1.25403739824087
1.57777777777778	0.619438216211838
2.5125	0.383016173142713
1.73597883597884	1.26085818968098
1.96041666666667	0.781273147805223
2.35555555555556	1.0463339881772
2.1	0.565685424949238
0.717857142857143	0.282842712474619
2	0.989949493661167
2.5452380952381	0.707106781186548
1.58333333333333	0.707106781186547
2.35416666666667	0.724784450716211
1.7468253968254	1.28658498589325
1	0
1.82142857142857	0.565685424949238
2.11666666666667	0.471404520791032
1.32	1.15231650744634
1.93452380952381	1.37689263682153
3.38095238095238	0.707106781186548
2.45820105820106	0.898100418739418
2.35798368298368	2.20109649323197
2.4047619047619	1.1365619029264
1.95952380952381	1.06066017177982
NA	NA
2.87222222222222	0.494974746830583
2	0.707106781186548
1.5	1.4142135623731
1.45	0.763762615825973
0.733333333333333	0.188561808316413
2.09415584415584	0.353553390593274
1.77777777777778	0.838870492807861
2.56071428571429	0.530330085889911
1.94112554112554	0.471404520791032
2.31666666666667	0.471404520791032
1.66666666666667	1.41421356237309
2.16666666666667	1.25830573921179
1.375	1.47313912747197
NA	NA
2	0.707106781186547
2.675	0.530330085889911
3.21349206349206	1
1.25	0.824957911384305
1	NA
1.98809523809524	0.929486728378245
0.783333333333333	0.577350269189626
2.21031746031746	1.19717796162747
1	0.5
1.79166666666667	0.530330085889911
2.16666666666667	1.17851130197758
1	0.353553390593274
1.33333333333333	0.707106781186548
1.25	0.353553390593274
0.722222222222222	0
1.98611111111111	0.975391659226636
1.81666666666667	1.17851130197758
2.29285714285714	0.707106781186548
2.16666666666667	1.4142135623731
1.25	0.353553390593274
NA	NA
1.65119047619048	0.612825877028341
1.9375	1.50260191002141
1.95082956259427	0.866025403784438
2.62222222222222	1.37492985230718
1.91666666666667	0.353553390593274
2.14166666666667	1.64991582276861
1.5	0.471404520791032
1.1375	1.02824688993776
1.28598484848485	1.24419950466451
1.8	0.353553390593274
