1.25	0.353553390593274
1.22222222222222	0.346944333244355
1	NA
1	0.707106781186548
NA	NA
1.33333333333333	0.707106781186548
1	0
1.08333333333333	1.06066017177982
NA	NA
1.19920634920635	1.25188369028376
1.5	0
1	NA
1	0
2.23571428571429	1.4142135623731
1	NA
1.41666666666667	0.629152869605896
NA	NA
1	0.707106781186548
1.64166666666667	0.742462120245875
1.8547619047619	0.20539768405895
1.5	0.471404520791032
1	NA
1.33333333333333	0.707106781186548
1	0.707106781186548
1.27777777777778	0.965852147261873
1.5	0.707106781186548
1	NA
1	0
1.83333333333333	0.707106781186547
1.33333333333333	0.707106781186548
1	0
1	0.707106781186548
1.22222222222222	0.346944333244355
NA	NA
1.84464285714286	0.903044265569651
0.972222222222222	0.976577546180386
1	0.707106781186548
1.78333333333333	0.707106781186548
NA	NA
1.33333333333333	1.06066017177982
1.81111111111111	1.18243314743293
1	0
2.46349206349206	0.707106781186548
2.21666666666667	1.4142135623731
1	0
2	0.707106781186548
0.583333333333333	0
1.33333333333333	1.15470053837925
1.33333333333333	0.707106781186548
1.33333333333333	0.707106781186548
1.5	0.707106781186548
1.5	0.707106781186548
1.08333333333333	1.06066017177982
1.76666666666667	0.377123616632825
1	0.5
NA	NA
1.33333333333333	1.06066017177982
1	0.763762615825973
1	0.707106781186548
1.25	0.353553390593274
1.41666666666667	1.29636243217534
NA	NA
NA	NA
1	0
NA	NA
1.75	0.353553390593274
1	0.707106781186548
1.375	0.648181216087669
1	NA
NA	NA
1	0
NA	NA
0.944444444444444	0.787635937708768
1	0.763762615825973
1.54166666666667	0.766032346285426
1.33333333333333	0.707106781186548
1	0.707106781186548
0.888888888888889	0.26787918780536
0.833333333333333	0.353553390593274
1	0
1.33333333333333	0.707106781186548
NA	NA
NA	NA
1	NA
1	NA
NA	NA
1	0.707106781186548
1.90833333333333	0.247487373415291
1.25	0.353553390593274
2.2	0.707106781186548
NA	NA
1.5	0.942809041582063
1	0.707106781186548
1.33333333333333	0.763762615825973
1	NA
0.666666666666667	0.235702260395516
NA	NA
1	0.707106781186548
1.375	0.753464221667713
NA	NA
