1	0.707106781186548
1.58333333333333	0.707106781186547
1.91666666666667	0.117851130197758
1.03333333333333	0.353553390593274
1.83333333333333	1.17851130197758
1.5	0
1.83125	1.20106771557952
1.70833333333333	0.883883476483184
1.625	0.176776695296637
1	0.707106781186548
2.03333333333333	1.13137084989848
1.3	0.938379217350616
NA	NA
1	0.707106781186548
1.61666666666667	1.06066017177982
1.13888888888889	0.917928424547684
1	0
1.79166666666667	0.530330085889911
1.75	1.06066017177982
1	NA
1	NA
1.66666666666667	0.471404520791032
1.53333333333333	1.29636243217534
1.96666666666667	0.848528137423857
NA	NA
0.916666666666667	0.353553390593274
NA	NA
2.03333333333333	0.989949493661166
1.875	0.883883476483184
1.04166666666667	0.53033008588991
1	NA
1.70833333333333	1.23743686707646
1.66666666666667	0.471404520791032
2.13333333333333	0.44783429475148
2.30952380952381	0.707106781186547
2.2	0.989949493661166
NA	NA
1.25	0.763762615825973
1.41666666666667	0.117851130197758
2.1047619047619	0.323248814256707
1.25	1.06066017177982
2.16666666666667	0.707106781186547
1.66666666666667	0.235702260395516
1.28333333333333	0.707106781186547
1	0.707106781186548
1.5	0.707106781186548
2.02222222222222	0.875806506619492
1	NA
1.33333333333333	0.707106781186548
2.3510656010656	1.45111491377763
1	0
NA	NA
1	NA
1.71111111111111	1.28333406955835
1.96041666666667	0.646728769927434
1.6	0.912870929175277
1.25	1.13137084989848
1	0
2	NA
2	NA
1.7	1.53206469257085
1	0.5
1	NA
1.41666666666667	0.117851130197758
1	0.707106781186548
1.66666666666667	0.235702260395516
1.8	1.90918830920368
1.57777777777778	0.609264887962292
1.05555555555556	0.63098981620003
2	1.4142135623731
1.81666666666667	1.34350288425444
2	1
NA	NA
1.91666666666667	1.06066017177982
1	0.707106781186548
1	0.707106781186548
1.25	0.353553390593274
1.55555555555556	1.07151675122144
1.5	1.17851130197758
2.55079365079365	1.49278098250493
1.33333333333333	0.707106781186548
1.89166666666667	0.388908729652601
1.38888888888889	0.728074579004509
1	NA
1.83333333333333	1.4142135623731
NA	NA
1.86666666666667	0.707106781186548
1.5	0.707106781186548
1.375	1.23743686707646
1.13888888888889	1.26197963240006
1.41666666666667	0.117851130197758
1	0
1.33333333333333	0.707106781186548
1	0
1.59375	1.24321072898631
2.03333333333333	1.4142135623731
1	NA
NA	NA
1.42261904761905	0.4798224586623
1.66666666666667	0.707106781186548
