2.65	1.13578166916005
2.0718253968254	1.33427050397503
1.92222222222222	0.822147143719375
1.41666666666667	0.117851130197758
1.72321428571429	1.85615530061469
2.01666666666667	0.0235702260395515
1.16666666666667	0.235702260395516
1.83968253968254	1.32648182944199
2.55606060606061	1.88561808316413
3.47916666666667	1.4142135623731
1	NA
2.60285547785548	1.07326233051252
1	0.763762615825973
1.81078088578089	1.65661917194866
2.95238095238095	0.90913729009699
2.31912393162393	1.74039028190039
1.66666666666667	0.989743318610787
2.05555555555556	0.917928424547684
2.54444444444444	0.707106781186548
2	0.707106781186548
3.30999185999186	1.08629699081944
2.5468253968254	1.06066017177982
2.0468253968254	1.35950782521946
0.892857142857143	0
1.67575757575758	1.53369960092282
1.15595238095238	0.0420896893563421
1.04166666666667	0.0589255650988789
1.5952380952381	1.16575523192949
1.80529100529101	0.850222405556267
2.30595238095238	1.61119330856078
2.2042328042328	1.09055050846929
1	NA
1.99698912198912	1.44041661400978
0.509523809523809	0
2.28095238095238	1.29299525702683
1.89646464646465	1.29099444873581
1.91790373369321	0.194669073363098
1.79166666666667	2.00346921336188
NA	NA
1.29166666666667	1.00173460668094
2.125	1.25830573921179
2.03131313131313	1.230803003351
1.5	1.4142135623731
NA	NA
1.22222222222222	0.838870492807861
1.07386363636364	0.811565737498197
1.41666666666667	0.117851130197758
0.988095238095238	1.22060099133392
1.75	1.06066017177982
2.95	0.707106781186548
2.82222222222222	0.636396103067893
1.44372294372294	0.471404520791032
2.15	1.17851130197758
1.94017094017094	1.83275422686825
1.45833333333333	0.707106781186548
2.66190476190476	0.471404520791032
3.03333333333333	0.707106781186548
1.96825396825397	1.23312494409122
2.33718487394958	0.863254526468662
NA	NA
2.93193277310924	1.85095598604714
1.3	0.0942809041582062
1.26666666666667	0.235702260395516
1	0.707106781186548
2.58452380952381	0.707106781186548
2.27486772486772	1.08419244187958
1.83229166666667	0.91619542811564
2.15440115440115	1.63359012507888
1.77672735760971	1.85904380870777
2.29861111111111	0.826009483399959
1.31363636363636	0.808462189042327
2.55476190476191	2.60956074009321
2.30357142857143	1.82669251806525
NA	NA
2.50952380952381	1.46097380005408
2.28076923076923	1.24922198009623
1.33333333333333	0.707106781186548
1.69993894993895	0
2.74081196581197	3.54067100647982
2.2	0.424264068711929
2.41428571428571	1.01015254455221
1.95833333333333	1.4142135623731
1.79166666666667	0.530330085889911
0.944444444444444	0.707106781186548
1.5	0.707106781186548
1.64047619047619	0.99659283506935
2.12619047619048	0.707106781186547
2.04126984126984	2.16846079563875
2.15	1.29636243217534
1.5	1.4142135623731
0.823412698412698	0.608897506021749
1.59523809523809	1.81827458019398
1.13490675990676	0.217571317288168
0.831907675657676	0.305951813347089
2.7968253968254	1.41421356237309
1.5	0.707106781186548
2.31904761904762	0.707106781186548
1.46666666666667	0.89566858950296
2.73177655677656	2.18024590865852
1.48333333333333	1.53206469257085
