0.583333333333333	0.577350269189626
2.20026455026455	1.25256937578414
NA	NA
2.28459595959596	1.50572827258241
1.85	0.901849950564579
1.5	0.471404520791032
1.27777777777778	0.63098981620003
2.05387205387205	1.05712009292297
1.63333333333333	0.851958527942137
1.22222222222222	0.585314097380708
1.90555555555556	0.855266906574481
1.6375	1.36176004938417
1.20833333333333	0.862006702732383
1.61111111111111	0.585314097380708
1	1.22474487139159
1.22222222222222	0.838870492807861
2.07063492063492	1.49148819540653
1.88095238095238	0.565384704378866
1.95555555555556	0.991216569709084
1.29166666666667	0.654401054966097
2.20833333333333	0.763762615825973
2.69161671661672	1.17586268808245
1.3125	1.03497852903119
NA	NA
1.63333333333333	0.901849950564579
1.71904761904762	1.29725493653729
2.16666666666667	0.805076485899413
1.82222222222222	1.2929523871881
1.85555555555556	1.0463339881772
2.31060606060606	0.856353865028214
1.49814814814815	1.24156516280779
1.40666666666667	1.03585713300628
1	0.707106781186548
1.56666666666667	0.671441235949456
1.62592592592593	1.03649953001444
1.50416666666667	1.22877347760247
1.92261904761905	0.862335461974974
2	1
1.38333333333333	0.627384340823957
1.92409812409812	1.63021683493504
1.35	0.968389269755597
NA	NA
1.07777777777778	0.416777762966912
1.25	1
1.80952380952381	1
2.0484126984127	1.41196967114375
1.27	0.387728427295876
NA	NA
1	0.707106781186548
1.51111111111111	0.333888426695927
1.45	1
1.54464285714286	0.662196963594748
1.22222222222222	0.585314097380708
NA	NA
1	0.707106781186548
1.33888888888889	0.917928424547684
1.83333333333333	0.707106781186547
1	0.5
1.84583333333333	1.03497852903119
NA	NA
2.32275132275132	0.73588735029476
1.92361111111111	0.52966281299828
1.28730158730159	0.137464349807054
1.36111111111111	0.63098981620003
1	0.5
NA	NA
1.23611111111111	1.26197963240006
1.97175324675325	1.28907742567582
0.883333333333333	0.7285195541238
1.50357142857143	1.08930685641725
0.813888888888889	0.453790619036936
1.47777777777778	1.38777733297742
1.25	1
1.36666666666667	1.12731243820572
1	0.707106781186548
NA	NA
1.52222222222222	0.250739646586595
1.33333333333333	0.288675134594813
NA	NA
1.5	1.73205080756888
NA	NA
1.8875	0.344366030500924
1.33333333333333	0.726483157256779
1.56666666666667	0.916515138991168
1.38888888888889	0.728074579004509
1.73333333333333	0.901849950564579
1.44285714285714	1.28062484748657
1.73888888888889	0.997960883965863
1	0.707106781186548
NA	NA
2.13498168498168	1.09746660033735
1.47222222222222	0.591216573716466
1.33333333333333	0.513701166914081
NA	NA
NA	NA
1.20833333333333	0.7806247497998
1	0.763762615825973
1.6952380952381	0.941497335928303
2.4	1.32790561913614
1.62819865319865	0.993579398994659
