1	0.707106781186548
1	0.763762615825973
1.6	1.02510162097879
1.33333333333333	0.763762615825973
NA	NA
1	0.763762615825973
NA	NA
NA	NA
1.47222222222222	0.473853391923111
1.2875	0.983792265786951
NA	NA
1	0.707106781186548
NA	NA
1	0
1.1875	0.850857410694256
NA	NA
NA	NA
1	0.5
1	0.707106781186548
1	0.763762615825973
1.47222222222222	0.127293769304329
1	0.763762615825973
1	0.707106781186548
NA	NA
NA	NA
1.25	1
NA	NA
1	0
1.22222222222222	0.53575837561072
NA	NA
1	0.763762615825973
NA	NA
1.5	1.22757665522135
1	0.5
NA	NA
NA	NA
1	0
NA	NA
1.80555555555556	0.751541625470482
1	0.763762615825973
1.55555555555556	0.481125224324688
NA	NA
1	0.5
1	0.763762615825973
1.16666666666667	0.577350269189626
0.833333333333333	0.288675134594813
1.16666666666667	0.763762615825973
1.36111111111111	1.07151675122144
1.25	0.763762615825973
NA	NA
1.08333333333333	1.06066017177982
NA	NA
NA	NA
0.716666666666667	0.469337594677624
1.41666666666667	1.06066017177982
1.5	0.957427107756338
0.888888888888889	0.585314097380708
1.47222222222222	1.14762234077114
1	0
1.22222222222222	1.01835015443463
NA	NA
1	0
1	0
NA	NA
NA	NA
NA	NA
1	0.866025403784439
1.5	0.707106781186548
1	0.763762615825973
1.22222222222222	0.962250448649376
NA	NA
NA	NA
NA	NA
NA	NA
1	0.763762615825973
NA	NA
NA	NA
1	0.707106781186548
NA	NA
1.5	1
NA	NA
1.22222222222222	0.822147143719374
1.33333333333333	0.166666666666667
2	NA
1.27777777777778	0.509175077217316
1	0
1	0.707106781186548
1	0.707106781186548
1.53333333333333	0.763762615825973
NA	NA
NA	NA
1.475	0.899536917900909
1.16666666666667	0.757676760943659
1.44444444444444	0.41943524640393
1.22222222222222	0.822147143719374
NA	NA
1	0.707106781186548
NA	NA
NA	NA
NA	NA
