1.29166666666667	0.82915619758885
1.22619047619048	0.867627672321358
1.16666666666667	0.787635937708768
NA	NA
1	0.577350269189626
1.36666666666667	0.535412613473634
1.16666666666667	0.577350269189626
2.00848484848485	0.863826135450011
2.01666666666667	0.570791090624059
2.03571428571429	0.678884639494441
1	0.799305253885453
1.875	0.802578751937294
NA	NA
1.83333333333333	0.381881307912987
1.34375	0.57495470836116
1.22222222222222	0.838870492807861
1.77777777777778	0.346944333244355
1.5	1.25830573921179
1.92916666666667	1.23381184411022
2.10873015873016	0.665957672882482
1.99761904761905	0.745665225737242
1.16666666666667	0.680413817439772
1.65	0.916515138991168
2.125	1.58771324027147
1.65555555555556	0.293604672482751
1.38888888888889	0.458964212273842
1.38888888888889	0.693888666488711
1.65634920634921	1.17290927840095
1.52777777777778	0.292657048690354
1.33333333333333	0.577350269189626
1.93174603174603	0.855266906574481
NA	NA
NA	NA
2.10833333333333	1.08253175473055
1	0.5
1.65416666666667	0.876242504062617
2.20833333333333	0.970931683144254
1.25	0.763762615825973
1.41666666666667	1.06066017177982
1.77777777777778	1.43694635070862
NA	NA
1	0.763762615825973
1	0.707106781186548
NA	NA
1.65	0.13228756555323
1.60178571428571	0.509614199814979
2.09027777777778	0.495413636047589
1.47222222222222	0.488288773090193
1.16666666666667	0.288675134594813
2.08333333333333	1
2.03571428571429	1.76923947879685
1.81242424242424	1.19119695418295
2	NA
1.68333333333333	0.680685928555404
1.5	1.4142135623731
1.45555555555556	0.505891219459209
1.97380952380952	0.951189731211342
1.33676767676768	0.739488319858138
1	0.799305253885453
1.36111111111111	1.07151675122144
1	0.5
1.5	0.520416499866533
1.45634920634921	0.885532121990983
2.47619047619048	0.824957911384305
1	1.15470053837925
1.22222222222222	0.53575837561072
1	0.5
1.94107142857143	1.38464629792968
1.33333333333333	0.881917103688197
1.5	1.03708994574027
NA	NA
NA	NA
1.64583333333333	1.0744830798523
1.22916666666667	0.724488964208054
1.51904761904762	0.718361388091138
1.58333333333333	0.144337567297406
NA	NA
1.44444444444444	0.728074579004509
1.7247619047619	0.621299931950887
2.15793650793651	0.763762615825973
NA	NA
1.63333333333333	1.21655250605964
1.68888888888889	0.171053381314896
2.00138287638288	0.936168339734737
0.938888888888889	0.518098374757078
1.33333333333333	0.763762615825973
2.0953823953824	1.17318176473584
NA	NA
1.63047619047619	0.586020051818866
1.6	0.912870929175277
1.83194444444444	1.20401527306666
1.77878787878788	1.27854909446627
2.00119047619048	0.763762615825973
1.81111111111111	0.417110874326577
1.54166666666667	0.724888241705549
2	NA
1.76111111111111	0.233531661744263
1.86607142857143	0.383963176735003
1.33333333333333	1.04083299973307
1.47685185185185	0.611952283031789
