1.81696428571429	1.13364732170107
2.11085858585859	0.898352401364318
2.68198529411765	1.00040315907164
2.03701298701299	0.638221626891844
1.94911297852474	0.821916650924889
1.42116402116402	0.513200239279667
2.01607142857143	0.165359456941537
2.46527777777778	0.50734066200641
2.07811355311355	1.26197963240006
2.64283216783217	0.750423943297758
1.76825396825397	1.54512864337096
2.58158508158508	1.46153846153846
2.57682668208984	1.73008591662714
2.94925123895712	0.80124000923
2.04166666666667	1.52752523165195
2.3503663003663	1.14592290966607
2.30740740740741	1.67037858255352
2.46139705882353	1.44272539007471
3.26332580463015	1.06841676687221
1.08888888888889	0.673575314054563
1.3125	0.816968953880708
1.93055555555556	1.85607735510893
1.4	1.30170827931778
2.29177489177489	1.38777733297742
2.61111111111111	1.93148858348895
2.00396825396825	1.16326540972139
1.11507936507936	0.192450089729875
1.78585858585859	1.43643076176102
1.35721247563353	0.957837883773152
1.27083333333333	1.07387969186152
2.93525480367586	1.62215096585598
2.52424128159422	1.38789155159777
1.47222222222222	0.336787657027282
1.45	0.927960727138337
1.00925925925926	0.284750450271885
1.91952380952381	1.70624220779329
2	1.60727512683216
1.57395833333333	0.512476004406638
NA	NA
1.35898268398268	0.44612139941703
2.54444444444444	1.52752523165195
2.45082123758594	1.64491028355834
0.656873219373219	0.298235956360239
2.5297619047619	1.29805584609902
2.1267316017316	1.33010024684859
2.08571428571429	1.39536269014082
1.95178571428571	1.07834999829409
2.45	0.568074232238476
2.24559884559885	2.0374561469411
2.03463203463203	1.12690040299981
2.23535353535354	0.646893994104292
2.03944547515976	1.35742335532967
3.03195346320346	1.1742683892535
1.21773504273504	0.270173360145122
1.65714285714286	1.38131358166216
2.46666666666667	1.30256157883866
1.60357142857143	0.900412805828233
2.11972527472527	0.909744884592192
2.6515873015873	0.532674355502333
1.71111111111111	1.00958370592005
1.87666666666667	0.699761864255738
2.99162057985587	1.52204702754433
2.37380952380952	0.946565578582817
2.49166666666667	0.917877987534291
2.02321428571429	1.08201270237241
1.26258741258741	0.577350269189626
2.7676282051282	1.02581253573997
2.57646011396011	0.186225528741939
2.02142857142857	1.16054714913878
2.68181818181818	1.2409451654208
1.81929292929293	1.18439142932193
2.33808004860636	1.28338699590256
1.69146825396825	1.41777824944843
2.15416666666667	1.77911055727293
1.84580498866213	0.980591773714926
1.76034632034632	1.60061544780559
2.02049062049062	0.833879545883822
3.39498746867168	1.293495339731
2.15119047619048	0.854400374531753
2.38888888888889	1.25830573921179
1.06666666666667	0.821245666316995
1.78901653901654	0.817837518899534
2.07029637029637	1.7825184884421
1.16269841269841	0.236901770739671
2.92708665603402	1.91862822330416
2.57742817187897	2.31178601779005
2.2537037037037	0.857772800311791
1.59828417196838	0.908942637633841
2.41382575757576	1.52062677063066
2.62435897435897	0.354995694059504
1.43371212121212	0.329914439536929
1.5	0.80363756341608
1.58403361344538	0.749139750980777
2.87261904761905	1.5342311652191
1.47029220779221	1.07987658886584
2.40764790764791	1.57527187541754
1.30952380952381	0.415133232718159
1.51964285714286	1.63983547167076
2.83777472527472	0.799144552196987
2.225	1.26861144563653
