1.93113660218923	1.40791159490744
1.23333333333333	0.671441235949456
2.11666666666667	0.873265476583492
2.19656593406593	1.19141768326391
2.70790598290598	1.38497225537126
2.19166666666667	1.09582541188518
1.1896331738437	0.472665499042566
1.62575757575758	1.13732282750227
2.43333333333333	0.787635937708768
2.29769230769231	0.946161837225652
2.21309921962096	1.31747261431766
1.99266106442577	0.738419795513806
2.48152958152958	1.5485955405296
1.8452380952381	2.02576450082412
2.10555555555556	0.125092558324419
2.16136363636364	0.554826197081998
1.73672161172161	0.756512061253149
2.88927738927739	1.13314768174279
3.15666666666667	0.882902061036622
1.63452380952381	1.385364462471
2.27044252044252	1.83830766876095
1.65382395382395	0.543997070744197
2.36582887700535	1.86911460171827
2.18957431457431	1.58434247985542
1.5	0.440958551844098
1.73099415204678	0.928648019845243
1.93928571428571	1.20526763336083
2.70659983291562	1.46091422135527
2.29254901960784	0.990264412318885
1.25128205128205	0.558105260216638
2.48035714285714	1.56064890350136
2.3962148962149	1.34359478670146
1.54630467571644	0.385549039784813
2.08571428571429	1.41531548208595
2.3	1.50687314219435
1.33333333333333	0.661437827766148
1.33333333333333	0.927960727138337
2.81153552330023	1.12710992283905
2.78406432748538	1.15417364602161
NA	NA
1.62222222222222	0.822147143719374
2.4473168661404	1.51196253039772
1.95047619047619	1.62299099604484
1.99007936507936	1.08759844169177
1.55822510822511	1.1798267962343
2.971875	1.17228002260078
2.66291737248259	1.45490585675332
3.20841216216216	1.75635319549467
1.57131185807656	0.629152869605896
1.72424242424242	0.914001886779132
2.36065601065601	0.773961731102267
2.30381016042781	1.15577859537164
1.43333333333333	0
1.77333333333333	1.15238882327103
2.73631760396466	1.89917550737572
1.7	1.25830573921179
2.23333333333333	1.43662412930066
1.93095238095238	1.14268186486584
1.70535714285714	0.36348534858981
2.22396231219761	1.37504275262205
1.29828042328042	1.00879020631452
0.970634920634921	0.761295639447961
2.79761904761905	1.49659477426835
2.32408008658009	1.10305761912563
1.13214285714286	0.941873585116461
2.03194444444444	0.980524078814897
2.20357142857143	0.569233548691048
1.22761904761905	0.566470554299947
2.01048951048951	1.26964157802978
1.97857548816628	1.68813708810206
2.53373015873016	1.1776052236366
2.52391079508727	0.670741348748859
2.46399711399711	1.50526852532475
1.69666666666667	1.492964984333
3.36997691850633	1.08205505386229
2.31904761904762	1.11623760667603
1.54285714285714	1.15470053837925
1.29386446886447	0.515100732519331
1.56266233766234	1.32677040007306
3.53055555555556	1.21342951451533
1.22222222222222	0.53575837561072
2.21749622926094	1.90831513819565
2.40324675324675	1
2.8015873015873	0.708741712342949
2.57000811688312	1.16745694959886
2.16318920730685	1.10884427848866
2.96885026737968	1.53729351454505
1.90277777777778	0.14389139136963
2.31555944055944	1.19317471462793
2.76269841269841	1.43720407582067
2.04227994227994	1.36248267695241
2.55555555555556	0.763762615825973
1.999037999038	1.41027519527651
2.61559454191033	1.83445532446243
2.25	1.01036297108185
2.1165404040404	1.49872824174117
2.17460317460317	0.977447893227978
1.55892857142857	0.20265038087985
1.88480392156863	0.67030533343834
1.38412698412698	1.2573116970154
