1.16666666666667	0.288675134594813
NA	NA
1.16666666666667	0.866025403784439
1.22222222222222	0.53575837561072
1.6	1.06718737290548
NA	NA
1	0.763762615825973
1.79375	1.2391823581163
NA	NA
1	0.763762615825973
1.52777777777778	0.292657048690354
1.38888888888889	1.26197963240006
NA	NA
NA	NA
NA	NA
NA	NA
1.41666666666667	1.23322071557906
1	0.707106781186548
1.03333333333333	1.26197963240006
2.02380952380952	0.610285981808395
1.16666666666667	1.22474487139159
NA	NA
1.75	0.353553390593274
1.81071428571429	0.837743432655199
NA	NA
1	0
NA	NA
1.1875	0.657488909919146
2.04484126984127	0.963336050102486
NA	NA
1.76666666666667	0.680685928555405
1.45	1.14564392373896
1	0.707106781186548
NA	NA
1.25	0.763762615825973
1.30833333333333	0.443992826101537
1.24583333333333	0.738037312115095
NA	NA
1.16666666666667	0.577350269189626
1.16666666666667	0.763762615825973
1	0.707106781186548
1.53333333333333	0.884865024233138
1.3	0.431405970184826
NA	NA
1.16666666666667	0.917928424547684
1.22222222222222	0.673575314054563
1.41666666666667	0.80363756341608
1.3452380952381	0.95057268810657
1.83214285714286	0.446368249892924
1.87222222222222	0.673575314054563
1	0.707106781186548
1.38888888888889	0.602848178172519
1.16666666666667	0.288675134594813
1.83333333333333	0.763762615825973
1.13888888888889	0.917928424547684
1.5	0.707106781186548
NA	NA
NA	NA
1.98571428571429	1.25830573921179
1.71666666666667	0.750555349946513
0.825	0.529937103186155
NA	NA
NA	NA
1	0
1.5	0.763762615825973
1.22222222222222	0.53575837561072
NA	NA
1.34444444444444	0.833555525933824
1.65	0.763762615825973
NA	NA
1.67619047619048	1.29099444873581
1.22222222222222	0.822147143719374
1.22222222222222	0.585314097380708
1	0.707106781186548
1.5	1
1.55555555555556	0.346944333244355
1.21369047619048	0.61563351892959
1.79166666666667	1.02810617876502
NA	NA
NA	NA
NA	NA
1	0.707106781186547
NA	NA
1.25	0.353553390593274
1	1.15470053837925
NA	NA
1.5	0.881917103688197
NA	NA
1.83333333333333	0.942809041582063
1.41666666666667	0.363241578628389
NA	NA
1.43888888888889	0.570168915842132
1	0.5
1.55555555555556	0.384900179459751
NA	NA
1.5	1.16666666666667
1.5	1.23322071557906
NA	NA
1.25	0.682112730989371
NA	NA
