1.36111111111111	0.947706783846221
1.8643543956044	0.469456973581169
1	0
1.25887445887446	0.318181818181818
2.61111111111111	1.01036297108185
NA	NA
0.787301587301587	0.481125224324688
2.12472943722944	0.647246489372266
1.71944444444444	1.17205106702042
1.9579797979798	0.627122088647811
1.43333333333333	1.14054080739504
2	1.66458202961985
1.86375661375661	0.697073632129391
1.62698412698413	0.737316822277828
2.10634920634921	0.883228505310258
0.911111111111111	0.179763218748483
2.33290043290043	0.975250384821166
2.3331746031746	1.02587361144864
1.31190476190476	1.27821224004945
1.98444055944056	0.945483057562383
1	0.5
1.603367003367	1.03377167488522
1.98035714285714	1.57869935917725
NA	NA
1.30714285714286	0.900764981013587
2.11666666666667	1.08599388398341
2.08264957264957	0.948842420802041
1.43333333333333	1.14794502384817
2	1.2142670400058
1.5	0.881917103688197
1.87797619047619	1.0278333165113
1	0.707106781186548
1.90178571428571	0.502297724994995
1.58333333333333	1.25830573921179
1.44497354497355	0.29709830987019
1.69285714285714	0.741120273140102
1.46746031746032	1.00998510724447
1.55833333333333	0.333333333333333
1.98333333333333	1.58219257150744
1.38888888888889	1.35486093313969
2.46746031746032	1.04194440741728
NA	NA
2.42142857142857	1.27279220613579
2.73015873015873	1.59292654130264
1.75396825396825	0.872330178046918
1.88412698412698	0.681473881780886
1.54583333333333	1.21977343069204
1.44444444444444	1.20569635634504
1	0.799305253885453
2.22857142857143	0.728773703635848
1.38888888888889	0.917928424547684
2.06666666666667	0.5
1.27979797979798	0.38490017945975
1.47222222222222	0.53575837561072
1.6	1.23186849947549
1	0.692820323027551
2.12083333333333	0.772486965010486
1.5625	1.77218085984473
2.31313131313131	1.42088040754227
1	1.12216721537356
2.52459150326797	1.11120992688238
1.22222222222222	0.822147143719374
1.57777777777778	0.952384920626653
1.24337121212121	0.866320120152806
2.10238095238095	1.53646776151072
2.20833333333333	1
2.13525641025641	1.26197963240006
1.33333333333333	0.763762615825973
1.5952380952381	1.34025978686831
2.06944444444444	1.21335164821342
2.31005291005291	0.694629604944853
NA	NA
2.00992063492063	0.286972263678805
1.85	1.14017542509914
1.73349567099567	0.656112319806388
1.68611111111111	1.23041446394555
1	0.707106781186548
1.67936507936508	1.17350119908244
1.44444444444444	1.1097213530799
1.73392857142857	0.751705983656814
1.23492063492063	0.334465198503262
1.89206349206349	1.14067582836977
2.83272283272283	0.357368201660676
2.20714285714286	0.954536251685767
2.33611111111111	1.38777733297742
1.76984126984127	1.3479262718398
1.2343253968254	0.554338945652086
1.32777777777778	0.670837646638997
2.16666666666667	0.877971146071062
1.71025641025641	1.35499417137888
1	0.652630006915041
1.36210317460317	0.607046669075957
1.75555555555556	1.13447654759234
2.09523809523809	1.15470053837925
1.42777777777778	0.39662931663559
NA	NA
1.53333333333333	1.08972473588517
1.97359307359307	0.585314097380708
1.32142857142857	1.31643199493134
1.66666666666667	0.939118972465387
