1.60833333333333	0.783451527726059
1.30952380952381	0.771802443858322
1.2	0.957427107756338
1.25	0.561083607686782
1.41666666666667	0.584522597225006
1.77655677655678	0.764854330454717
1.27083333333333	0.826009483399959
1.44583333333333	0.85487436807123
NA	NA
2.04788961038961	1.20994145863894
1.57916666666667	1.06981955903269
1.7118954248366	1.17868123821426
1.81875	1.03131616884613
1.22	0.856056851694637
1.43333333333333	1.3126168378331
1.59464285714286	0.642734776713754
1.3375	1.01273145502645
1.47083333333333	0.882900837517379
1.92291666666667	0.799837223023118
1.27777777777778	0.799073537616231
2.06607142857143	1.15015095627584
1.82708333333333	1.38865067401577
1.125	0.478713553878169
1.3625	0.148058421902627
1.56095238095238	0.733699661131013
1.47571428571429	0.948879575594075
1.28	0.92933668100784
1.7	0.98952850725316
1.28333333333333	1.06718737290547
1.9758547008547	1.12071242036903
1.59968253968254	1.09142561658741
2.3108309234625	0.582420748080635
2.28859649122807	0.988450385380199
1.5	0.304290309725092
1.5	0.735980072193987
1.4	0.583571380000387
2	0.282842712474619
2.1374358974359	1.09305770567203
2.1212987012987	0.820549604163308
1.44285714285714	0.825799276122499
1.69880952380952	1.55601082582939
1.42738095238095	0.41713805534672
2.07575757575758	0.32151631774653
NA	NA
1.65119047619048	1.0251854910236
1.92291666666667	1.32046524839627
2.62380952380952	1.13314324136103
1.47546296296296	0.946504969019498
1.5375	0.666718747965654
1.35416666666667	0.661000224127266
1.57086167800454	0.984013446502117
1.39166666666667	0.21709359647311
1	0.408248290463863
1.81666666666667	1.07013325580751
1.50952380952381	1.17260393995586
NA	NA
NA	NA
1.95317035905271	1.0434747189889
2.16969696969697	1.37695515890746
1.34666666666667	0.861394218694321
1.2922619047619	1.06028619797559
1.83863636363636	1.23184299147553
1.08333333333333	0.664057393771218
1.96733821733822	1.04930741831647
1.70277777777778	0.474222343712019
1.85	0.680005446601281
1.45	0.687184270936277
1.82952380952381	1.13819809258283
1.75571428571429	1.07569072888897
1.5875	0.503391277017965
1.70833333333333	0.68549792662517
1	0.5
1.99958791208791	0.937701326180312
1.88181818181818	1.12643541728378
1.46482683982684	0.222807086276325
1.72079365079365	1.01657983223336
1.2547619047619	0.511079068304462
1.23666666666667	0.847332415420431
1.92222222222222	1.09848380355227
1.91984126984127	0.71005507849439
1.81309523809524	0.818275522016865
2.28328338328338	1.24509620120879
1.88	0.500888100166982
2.01448412698413	0.764678146515553
1.22916666666667	0.628692794319793
2.77565066512435	0.647448467822995
1.5	0.898146239020499
1.4	1.11753697428268
1.75	0.450924975282289
1.6875	0.528690730852063
1.89102564102564	1.32091728931342
1.41666666666667	0.927960727138337
1.52916666666667	0.492043170343296
1.55333333333333	0.898241069056959
1.52738095238095	0.441688593132196
1.72738095238095	1.18145390656315
1.81410256410256	1.20359831970113
2.22574229691877	0.834255851136932
1	0.577350269189626
1.77936507936508	1.01448317624808
