1.81104106419896	0.524210662512452
1.94	1.78549712965325
2.76129838298956	1.33011778323251
2.03333333333333	0.857969178415583
2.4219696969697	1.23812881517351
1.66697252023339	1.03336953868225
2.67300889075083	1.32527467933757
2.52128671981613	1.51100960444193
2.60633116883117	0.510877059937487
2.37962962962963	1.29853510373723
2.20416666666667	0.567238273796171
2.62668466036887	0.906187818257079
2.55822890559733	1.61637654344336
1.61266286817757	0.869069028251698
1.56594836765115	0.466741616556221
1.83977313009571	0.557348634783283
2.41719683824947	1.24800501739166
1.28	0.921231060411375
1.825	0.754960447823446
2.6053967041362	1.85421523955927
2.3384013861955	0.72917684217237
1.75416666666667	0.552498533599529
2.40714285714286	1.2153356805124
2.2747619047619	0.939822859268023
1.9469696969697	1.23046722295917
2.55261302483525	1.0039328610519
2.78847402597403	1.53281241151319
2.8847049689441	2.25273831857426
2.10075757575758	1.54553191032343
2.14074417645846	1.32751918099903
2.52774663932559	2.04562272782448
2.72058823529412	1.62859722213841
2.51542207792208	1.09292263005368
1.88363611083718	0.992570920377567
2.18885448916409	1.26997581304233
1.93201271590018	1.03234928155827
2.27529411764706	1.55254664280281
2.39369889369889	1.53071487982973
2.7336041575172	1.31581860483239
2.17111870585555	1.44109302165176
2.30333333333333	1.14733386596927
2.18616106116106	1.73630854657161
2.6598242933537	1.48971473779378
1.79919191919192	1.32844938848937
2.96520441606371	1.71582542723488
2.49499497406618	2.03929780492945
1.96161616161616	1.2554140938292
2.84188311688312	1.72280192318226
2.26276336621605	1.27578082537333
2.38835884353741	1.60409357079043
2.99590455840456	1.40883767020102
2.31847145909646	1.55154196278598
2.15223529411765	0.649676842745684
1.07279191869985	0.832841942964976
2.31919191919192	1.00933146190932
2.5622230710466	1.52012068811074
1.37350427350427	0.780843171523025
2.37646885272612	1.4975524196134
2.7003663003663	1.68942791105944
1.87430340557276	1.04032379486291
1.95206043956044	1.30346938445033
2.08611111111111	1.29204562504709
1.56666666666667	0.693221144769514
2.97083333333333	1.10867789130417
2.29289377289377	1.56884040108662
2.65065789473684	2.18315838993774
2.17838827838828	0.738257237786822
1.35416666666667	0.923898242753477
2.42268170426065	1.98741790571907
2.43757631257631	1.75902005375399
2.34821428571429	2.11779290033456
2.14162781662782	1.49812506094279
2.20775534851622	1.57463989041909
2.03263729734318	0.6468987660143
2.12564102564103	0.766523012010822
2.02254901960784	1.66476875149125
0.844444444444444	0.384900179459751
2.33784263029114	1.50098605503095
2.09120139120139	0.614206364558964
2.55416666666667	1.51949141710859
2.48409090909091	1.57100755513524
3.4812030075188	1.66176564718802
1.83461538461538	1.60913013854111
2.41514695830485	1.33932691929754
2.44642788033593	1.48796685219248
2.6605381546558	0.873808535385594
2.74134615384615	1.06429581964601
2.54761904761905	1.61659478064457
2.26681783824641	1.49063876574032
2.88949275362319	0.497984513978903
2.32904761904762	1.50170481351655
2.43371212121212	1.03279555898864
2.00971055088702	1.53628942103537
2.99777220829852	1.72087222909435
2.83196532999165	1.45070190290091
2.37061224489796	1.32455251258702
2.8764371657754	1.35095189639308
2.68166971916972	0.934583199252496
2.88039215686275	0.910762679411262
2.34267676767677	1.49972219649729
