NA	NA
NA	NA
NA	NA
2.09886363636364	0.553924660801352
1.75277777777778	1.70989314517055
1.40144230769231	0.66535751945719
1.6	1.01543641411519
2.06785714285714	1.21117481993494
NA	NA
1.94027777777778	0.935517451058273
NA	NA
1.65038961038961	1.1926627538598
1.375	0.53424401416082
1.84642857142857	0.869699690134708
2.05321067821068	1.03339306876324
1.4875	0.841666666666666
1.69375	0.956710582615709
1.475	0.875753643694644
0.9125	0.449768458950454
1	0.5
NA	NA
NA	NA
1.74621212121212	1.09550955476116
1.6625	0.606045927852557
1.76458333333333	0.611781513589917
1.35833333333333	1.08397416943394
1.16666666666667	0.757676760943659
1	0.652630006915041
NA	NA
NA	NA
1.25	0.757676760943659
NA	NA
NA	NA
1.85089285714286	0.945702963834305
1	0.777281587757401
NA	NA
1.27083333333333	1.04831213545076
1.10555555555556	0.650972681530312
1.7625	0.767918663709949
NA	NA
NA	NA
1.4125	0.8172192008404
NA	NA
1.61898148148148	0.754158055335872
1.20833333333333	0.498175684217605
1.67410714285714	0.685538843710426
NA	NA
1.57738095238095	1.11116779900743
1.69809523809524	0.52259436973952
1.59142857142857	0.622321015804559
1.63333333333333	1.01452415410342
1.13333333333333	0.519080383413248
1.125	0.478713553878169
1.50327380952381	0.713984973063964
1.65238095238095	1.5
NA	NA
1.75625	1.13254414924982
1	0.912870929175277
1	0.652630006915041
1.69642857142857	1.25627675793075
1.72142857142857	1.21039526161597
1.16666666666667	0.608580619450185
1.275	0.835164654424503
2.01190476190476	0.554818104653859
NA	NA
1.325	0.924211375534118
1	0.942809041582063
NA	NA
1.76309523809524	1.39799756914158
NA	NA
1.53333333333333	0.763762615825973
NA	NA
2.02242424242424	0.405468530356271
1.54285714285714	0.957427107756338
1.66071428571429	1.26540507348438
NA	NA
NA	NA
1.67904761904762	1.2361604234858
NA	NA
1.97640692640693	1.30255922891912
NA	NA
1.66666666666667	1.11388542532019
1.70912698412698	1.21154851088955
1.51785714285714	1.07294865714147
1.325	0.82915619758885
NA	NA
1.89107142857143	0.952883052169106
1.49642857142857	0.754281054579162
1.28333333333333	1.06718737290547
1.6	0.883804905570857
1.43333333333333	0.445554170128076
NA	NA
1.36666666666667	0.912870929175277
1.86111111111111	1.00346621489936
1.70833333333333	0.973458023448355
1.48809523809524	0.8699440907831
NA	NA
1.16666666666667	0.680413817439772
1	0.763762615825973
2.03333333333333	1
