1.44	0.748294356817185
1.76587301587302	0.547676555526543
1.79417989417989	0.746594631733783
1.65	0.895947034391751
1.3125	1.08733236255832
1.27083333333333	1.11881013184146
1.58412698412698	0.576389838263841
1.11	0.838450952650183
2.49174436674437	1.57126704373454
1	0.942809041582063
1.43333333333333	1.42935494386648
1	0.623609564462324
1.38095238095238	1.08408398901473
1	0.67700320038633
1.52559523809524	1.19090210634986
1.4	0.667083203206317
1.68535353535354	0.410667742953523
1.66190476190476	0.609972398171108
1.45	0.675359986311827
1.04666666666667	0.40041644987854
1.66190476190476	1.04527154012371
1.28333333333333	0.881917103688197
1.86690476190476	0.894749344167901
1.3375	1.22877347760247
1	0.763762615825973
2.03583638583639	0.766152726882451
1.47916666666667	0.487695829613318
1.84144327894328	1.28925876332899
1.65208333333333	0.658926420609902
1.25	0.805076485899413
1.875	0.853912563829966
1.8	0.84182341774666
2.27083333333333	1.27240719179373
1.84563492063492	1.00623058987491
1.33333333333333	0.45133546692422
1.13333333333333	1.18790197874703
1.76111111111111	1.05312585861049
1.80496031746032	1.11861700878615
2.06369047619048	0.982190956013175
1.51238095238095	1.14786156299462
2.18106060606061	0.953492685443237
1.9	0.854400374531753
2.14702380952381	0.327380952380952
1.57797619047619	1.10799740872781
1.4125	0.451617463494641
NA	NA
1.425	1.23051479741881
1.605	1.14437938056689
1.76626262626263	1.11952646515071
1.45833333333333	0.831943285103997
2.03674463937622	1.84350769660165
1.88928571428571	0.870271480044929
1.39583333333333	0.970335470817143
1.9530303030303	0.872782510878149
1.29166666666667	0.671854812358212
1.78553391053391	1.44505002492412
1.53333333333333	1.06718737290548
1.57083333333333	1.38755769538592
1	1.06718737290547
1.66964285714286	1.38404057406479
1.13888888888889	0.915403169626893
1.93473389355742	0.767256692776393
1.75595238095238	0.740044788332245
2.19001831501831	0.613515707860552
1.81210317460317	0.82696797326534
1.62	1.39206082242599
1.73761904761905	1.06300978166636
1.13333333333333	0.798435971133566
NA	NA
1.51480810855811	1.23957922454015
1.2	1.15470053837925
1.74285714285714	1.2720704639705
NA	NA
1.80892857142857	1.10874755698703
1.86875	1.32188443981394
1.66666666666667	0.73282810879294
1.98528138528139	1.18980146168381
NA	NA
1.65	0.888541598823322
1.65714285714286	0.76043384800271
1.55308441558442	0.378230403005778
2.04465709728868	1.10799231418721
1	0.408248290463863
2.47811355311355	0.90916254540464
1.40416666666667	0.553670412723965
1.92361111111111	0.915719207326496
1.125	0.557150488348226
1.95868131868132	1.26001715310814
1.64888888888889	1.46229039861327
1.3875	0.726913184484762
1.44166666666667	0.143048813217597
2.05	0.912870929175277
1.25064935064935	0.619468031114951
1.41666666666667	1.06718737290547
2.09753787878788	0.834763321977558
1.44	0.647816846544351
1.96428571428571	0.38710800522561
1.73511904761905	1.05588929859354
NA	NA
1.73115079365079	1.07308199456807
