NA	NA
NA	NA
1.125	0.777281587757401
1.16666666666667	0.288675134594813
NA	NA
NA	NA
NA	NA
NA	NA
1	0.763762615825973
1	0
1	0
1.125	0.777281587757401
1	0.5
NA	NA
1	1.15470053837925
NA	NA
NA	NA
1	0.763762615825973
NA	NA
NA	NA
NA	NA
1	0.5
NA	NA
1.22222222222222	0.838870492807861
NA	NA
NA	NA
NA	NA
1	0.942809041582063
NA	NA
NA	NA
NA	NA
1	0.763762615825973
NA	NA
NA	NA
1.13333333333333	1.15830335692627
NA	NA
1.5	0
NA	NA
NA	NA
NA	NA
NA	NA
NA	NA
1.7968253968254	0.799305253885453
1	0.763762615825973
NA	NA
NA	NA
NA	NA
NA	NA
NA	NA
NA	NA
1.13333333333333	0.875198390207742
NA	NA
NA	NA
NA	NA
NA	NA
1.31333333333333	0.488108594474631
1	0.763762615825973
NA	NA
NA	NA
1	0.763762615825973
NA	NA
NA	NA
1.1875	1.125
NA	NA
NA	NA
NA	NA
NA	NA
NA	NA
NA	NA
1.2875	0.944611913256797
1.29166666666667	0.975391659226635
1	0.577350269189626
NA	NA
1.33333333333333	1.28740335847294
NA	NA
1	0.816496580927726
1	0.353553390593274
1	1.06718737290547
NA	NA
NA	NA
NA	NA
1	0.5
NA	NA
NA	NA
1.33333333333333	0.577350269189626
NA	NA
1.54714285714286	0.755679834633461
NA	NA
1	0.5
1	0
NA	NA
NA	NA
1	1.15470053837925
1	0.5
NA	NA
NA	NA
1	0.5
NA	NA
1.33333333333333	0.763762615825973
1.20833333333333	0.416666666666667
