1.65833333333333	0.923509810651933
1.27083333333333	0.965552518854706
2.1038961038961	1.51575745459392
1.50694444444444	0.971905641686294
1.68333333333333	0.465872339849703
0.791666666666667	0.315494908100015
1.78611111111111	0.764832750215672
1.39166666666667	0.917373464884435
2.0343253968254	1.1323014092906
1	0.577350269189626
1.79375	0.71877516059021
1.62349206349206	1.18659175793531
1.64166666666667	0.797739862918288
1.25	0.961769203083567
2.01666666666667	0.906083690572227
1.59444444444444	0.757212236014693
1.80108173076923	0.857485159693975
1.98412698412698	0.859466769323873
1.53333333333333	1.01653004546513
1.47940559440559	1.09130618603958
NA	NA
2.02670454545455	1.36781897475664
1.25	0.518187725171601
1	0.5
1.66075036075036	1.44606223723363
1.81269841269841	0.409230699830855
1.25	0.728868986855663
1.69047619047619	0.826845493056445
1.28333333333333	0.881917103688197
1.29267676767677	0.914721201259191
1.33333333333333	1.05409255338946
1.62152777777778	0.667570278817514
1.70833333333333	0.959571072923173
2.10416666666667	0.863683433946764
1.71428571428571	0.462340246356902
1.30555555555556	0.693888666488711
1.49318783068783	1.47719033847583
1.9969696969697	1.22541947616397
1.94133644133644	1.0027378693926
1.27083333333333	0.299498036845109
1.31666666666667	0.695721048824727
1.125	0.515949322805742
1.64166666666667	0.724377127070024
1.63452380952381	0.678604844624169
1.36666666666667	0.727915593397415
1.51964285714286	0.729331937862171
1.69047619047619	0.797530201164011
1.82600732600733	1.19537594105875
1.63958333333333	0.43553792835646
1.74285714285714	0.884757974943004
1.92083333333333	0.730103625422361
1.62619047619048	1.13447654759234
1	0.799305253885453
1.74583333333333	0.169626496008578
1.26984126984127	1.14388388072281
1.31333333333333	0.827513007618477
1.83250083250083	1.01048165046591
1.26666666666667	0.858778201865883
1.43333333333333	0.379143772202578
1.7840404040404	1.61307160411434
1.61666666666667	0.602771377334171
1.86845238095238	0.515732734284334
1.33333333333333	0.587839736284947
1	0.912870929175277
2.18690476190476	1.05586252846303
1.5125	0.662119911932709
1.69464285714286	1.07645974823454
2.78352644087938	1.12216721537356
NA	NA
1.64434523809524	1.15027740541594
1.5	1.37436854187255
1.71785714285714	0.627022803709627
1.25	1.15470053837925
1.26309523809524	0.902192780983619
1.83541666666667	1.40079962283452
1.66666666666667	0.974204328708344
1.63857142857143	1.02688891820885
1.75793650793651	0.922801441264587
1.45029761904762	0.760422691503276
1.30952380952381	1
1.29848484848485	0.941346943455095
1.51785714285714	1.34969132273519
1.34166666666667	0.220058914670426
1.4125	0.944611913256797
1.23666666666667	1.1365803160423
0.797619047619048	0.556857883977452
NA	NA
1.52333333333333	0.621519940981009
2.22083333333333	0.937988555827947
1.29166666666667	0.38789555677136
NA	NA
1.6984126984127	1.27401348315205
1.45	0.957427107756338
1.75	0.645497224367903
1	0.707106781186548
2.08952380952381	0.71164113609035
1.45833333333333	0.671854812358212
2.01349206349206	1.14756855143687
1.73333333333333	1.28740335847294
1.59888888888889	1.22893610518093
