1	0.957427107756338
1.75	0.440958551844098
1.43333333333333	0.591326193117358
1.3125	0.678284191504154
1.54404761904762	0.870579211367527
1.33333333333333	0.577350269189626
NA	NA
1.6	0.844590630621328
1.4973544973545	1.20159796043444
1	0.577350269189626
1.28968253968254	0.738698458792457
1.47916666666667	1.02824688993776
1.21	0.785599558723569
NA	NA
1.75208333333333	1.1742683892535
1.00833333333333	0.136422546197874
1.125	0.607247890074556
NA	NA
1.1875	0.688446318410763
NA	NA
1.49166666666667	0.975391659226636
1.20833333333333	0.629152869605896
NA	NA
NA	NA
1.33333333333333	0.288675134594813
1	0.5
1.29166666666667	0.292657048690354
1.01595238095238	0.575639412464228
1.2625	1.46308748883995
1.25	0.645497224367903
1.4	0.442530601578392
NA	NA
1.48333333333333	0.988264472024906
1.125	0.478713553878169
1.74642857142857	0.666330697656543
1.25	1
1.53214285714286	0.950039781161753
1.69877344877345	1.12254055654464
1.25	0.419435246403931
NA	NA
NA	NA
1.58333333333333	0.887151079037295
1.1875	0.800390529679106
1.47222222222222	0.585314097380708
1.68134920634921	0.970344185455042
NA	NA
NA	NA
NA	NA
1.60714285714286	0.972408469364864
1.26	0.895172236685954
1.46	0.954637802170715
1.3125	0.695138542013456
1.48333333333333	0.698410894658565
1.66142857142857	0.503844066688708
1.74375	0.64862300726659
1.02291666666667	0.804166666666667
1	0.75
1.31666666666667	0.508993196490949
1.82083333333333	1.21623216493083
1.46666666666667	0.744610263456289
NA	NA
1	0.5
1.29166666666667	0.759202798262025
NA	NA
1.375	0.458964212273842
1.10416666666667	1.01464963849049
1	0.5
NA	NA
1.9202380952381	1.59720620124076
1	0.763762615825973
NA	NA
1.38214285714286	0.838954961282018
1	0.485912657903775
1.275	0.845083822272481
1	0.763762615825973
1.65	1.15470053837925
NA	NA
1.1875	0.850857410694256
NA	NA
NA	NA
1.72761904761905	0.961960158706573
1.28333333333333	0.663045722126031
1.45833333333333	0.550672988933306
1.33333333333333	0.577350269189626
NA	NA
1.94196428571429	1.12132888673316
1.5	0.707106781186548
NA	NA
1.28333333333333	0.887151079037295
1	1.15470053837925
1.35416666666667	0.463356314378119
NA	NA
NA	NA
1.34375	0.699185207011493
1.30416666666667	1.02824688993776
1.1875	0.657488909919146
1	1.15470053837925
1.16	1.04067285925982
NA	NA
1.55714285714286	1.02067071452207
