1.27261904761905	1.02483448140942
1.25	0.957427107756338
1.55436507936508	1.07072507768703
1	0.5
NA	NA
1.61714285714286	0.401578518004199
0.645833333333333	0.468325425002427
NA	NA
1	1.06718737290547
1.78779761904762	0.80799597595875
1.16666666666667	0.577350269189626
NA	NA
1.15	0.945383520059452
1.08928571428571	0.421065218662557
1.3375	0.422377529915806
1.41666666666667	0.799305253885453
1.33333333333333	0.440958551844098
1.16666666666667	0.235702260395516
2.0625	1.20401527306666
1.76994949494949	0.717453885307695
NA	NA
1.5375	0.454478740895464
1.08333333333333	0.288675134594813
NA	NA
2.03681818181818	1.1437268516176
1.25	0.440958551844098
NA	NA
1.24563492063492	0.943032936598469
NA	NA
1.68214285714286	0.157748951408388
1.26666666666667	0.769198717280955
1.65873015873016	0.936669763392529
1.5	0.718795288428261
1.5375	0.822977318439984
1.72111111111111	0.495339389823897
1.47916666666667	0.880590605681672
1.33333333333333	0.881917103688197
1.33333333333333	0.634647758821992
1.85119047619048	1.01043310352014
1.125	0.478713553878169
2.3599025974026	1.30949440505787
1.3375	0.422377529915806
2.14357517482517	1.33989732448091
NA	NA
1.88111111111111	0.71558488552726
2.25541125541126	0.858036068773804
NA	NA
1.80926216640502	0.7700875937463
1.58928571428571	1.48351676615563
NA	NA
1.34333333333333	0.827026131523196
1.41666666666667	0.269516027146604
1.4	0.962635271879577
1.5	0.5
1.275	0.660597372753547
2.12745726495727	1.34794510960889
1.86309523809524	0.68107308287561
1	0.577350269189626
1.49166666666667	0.383574803173553
1.4	0.680957930935314
2.00718614718615	1.43524265809072
1.12083333333333	0.769364215632815
1	0.577350269189626
1.39583333333333	0.515388203202207
1.20833333333333	0.629152869605896
1.87797619047619	1.07316327824274
1.53333333333333	1.06352574869657
1.60684523809524	1.1990911993133
NA	NA
1	0.90267093384844
1.4	0.387059187741119
2.40508847769877	0.766951048605954
1	0.866025403784439
1.33333333333333	0.932936423541481
1.72444444444444	0.628092349897688
NA	NA
1.125	0.698874756967173
1.78928571428571	0.638446065603671
NA	NA
1.125	0.478713553878169
1.20833333333333	0.708741712342948
1	0.957427107756338
1.27083333333333	0.678284191504154
1.87222222222222	0.454922776425063
2.04375	0.934012030020075
1.3375	0.662958436773293
1.26666666666667	0.748609822715857
1	0.52704627669473
1	0.5
1.55428571428571	0.716232762967668
NA	NA
1.29642857142857	0.962889641955418
NA	NA
1.125	0.478713553878169
1.5625	1.05051794985282
1.35833333333333	0.699797103734045
NA	NA
NA	NA
1.25416666666667	0.753802091130419
1.47916666666667	0.812902322044405
