1.44583333333333	0.694338880865447
NA	NA
1	0.799305253885453
1.5	0.707106781186548
1.26666666666667	0.278886675511359
1.56380952380952	0.542158071183728
NA	NA
1.45333333333333	1.25316786793128
NA	NA
1.43333333333333	0.357977859857489
1.5	0.707106781186548
1.08333333333333	0.616140917022745
1.125	0.25
1.3125	0.578851832893742
1.49333333333333	0.605254767295007
1.58214285714286	1.02731680536926
1.68333333333333	1.17788259491658
1.5	0.707106781186548
1.55416666666667	0.249953699416215
1.5	0
1.71130952380952	0.800434795394356
1.69642857142857	1.15033515770696
1.29166666666667	0.771302409828601
1.33333333333333	0.577350269189626
1	0.577350269189626
1.49880952380952	0.639944902673699
1	0.408248290463863
1	0.5
1	0.408248290463863
1.5625	1.18902192921247
NA	NA
NA	NA
NA	NA
1.16666666666667	0.889756521002609
1	1.06718737290547
NA	NA
1.04880952380952	0.391488718199774
NA	NA
1.3125	0.554338945652086
1.125	0.671854812358212
1.5	0.5
1.55952380952381	0.919779295883969
1.33333333333333	0.577350269189626
1.47678571428571	0.796604128039944
1.68214285714286	1.34721304669947
1.125	0.478713553878169
1.22916666666667	0.68507569195214
1	0.408248290463863
1.35416666666667	0.387148885132399
1.09333333333333	1.07687820419334
NA	NA
NA	NA
1	0.816496580927726
1.33	0.786377065337545
1	0.763762615825973
1.15	0.659861096494305
1.3125	0.554338945652086
NA	NA
NA	NA
1.22222222222222	0.53575837561072
1.125	0.478713553878169
1.25	0.623609564462324
NA	NA
1.38333333333333	0.168874268373007
1	0.763762615825973
NA	NA
1.79166666666667	0.209717623201965
NA	NA
1.16666666666667	0.490653381462658
1.2875	0.797957461968438
1.14583333333333	0.701766949814432
1.125	0.478713553878169
NA	NA
1.5	0.905947427139534
NA	NA
1	0.707106781186547
1.30428571428571	0.767532046351728
1.29166666666667	1.10867789130417
NA	NA
1	0.652630006915041
1.27777777777778	0.855266906574481
1.13333333333333	0.570087712549569
1.1875	0.951059350876111
1	0.799305253885453
1.375	0.322748612183951
NA	NA
1.33333333333333	0.95257934441568
1	0.763762615825973
1.375	0.38789555677136
NA	NA
NA	NA
1.4625	0.409013039726934
NA	NA
1	0.942809041582063
NA	NA
1.325	0.924211375534118
1.5	0.440328160454097
1.5	0.9670497325294
1.32047619047619	0.730152346417918
1.5	0.790569415042095
