1	0.957427107756338
1.75174603174603	1.08704031010928
1.50738095238095	1.21865966436533
2.07007575757576	0.679995459256702
2.03125	1.2965298235418
1.22222222222222	0.346944333244355
1.90396825396825	1.00725928171599
1.33333333333333	1.15470053837925
1.2	0.952890339965728
1.71071428571429	1.06183802907976
1.3375	0.730724526297929
1.78238095238095	0.748571201381281
1.90575396825397	0.64360312553868
1	0.5
NA	NA
1.76666666666667	0.902157906848291
0.983333333333333	0.945383520059452
1.79924242424242	0.330190649031257
1.41369047619048	1.0320388397084
1.55555555555556	0.917928424547683
1	0.645497224367903
2.29466938290468	1.13425229043726
NA	NA
1.375	0.520416499866533
1.325	0.939118972465387
2.18754273504273	0.972172713471275
1.95357142857143	0.682112730989371
NA	NA
1.57	0.453596737201669
1	0.777281587757401
NA	NA
NA	NA
1.45	0.435411682587104
NA	NA
1.41322233322233	0.960155830553998
1.33333333333333	0.707106781186547
1.3625	0.832040664070373
1.64004329004329	0.82089144338171
1	0.763762615825973
2.04166666666667	1.14345966260293
1.77651515151515	1.31115879919033
2.14471153846154	1.18950391491977
1.69666666666667	1.36992244306019
1.16666666666667	0.763762615825973
1.2125	0.433627037219092
1	0.726483157256779
2.4770698051948	0.668546804953957
1.51666666666667	0.489784533125423
1.81777777777778	1.12210120359579
1.73928571428571	0.754493342635727
1	0.912870929175277
2.16103896103896	0.762778363291825
1.78333333333333	0.799659791606984
1.94058441558442	0.957339435501244
1.125	0.478713553878169
NA	NA
1.50694444444444	0.688404287437958
1.47	0.736960725623226
1.76041666666667	1.59112665359417
2.01406926406926	0.841308514304696
1.70357142857143	0.545487570291389
1.65714285714286	0.887898931450903
1.27	0.963889689400885
NA	NA
NA	NA
1.73333333333333	0.59207732227772
1.12666666666667	0.9555103348473
1.7125	1.37820081990978
NA	NA
1.83333333333333	0.605721180204348
1.56666666666667	0.681501610008696
1.625	0.478713553878169
1.74285714285714	0.732043805404424
1.5	0.707106781186548
1.79675324675325	1.24999163913065
1.7125	1.16311960787454
2.01111111111111	1.16726175299288
NA	NA
1.91111111111111	1.20758065105673
1.64196428571429	1.13148499363285
1	0.5
1.90774572649573	1.39283775007927
1.10416666666667	0.68168839954489
1.2108843537415	1.07866196503476
1.02380952380952	0.737711113563317
1.29166666666667	0.51144312887561
1.375	1.30968613712514
1	0.763762615825973
2.09107142857143	1.06487479702232
1.62380952380952	0.766430013756243
1.625	1.11699829238239
NA	NA
1.39583333333333	1.11258582690156
2.11458333333333	1.14263020302467
1.68660714285714	0.859528412576163
NA	NA
1.85333333333333	1.23166553901617
2.32929292929293	1.38568040789984
1.33333333333333	1.08576649832682
1.96191378066378	0.872738461292501
