1.08571428571429	0.700226720653718
NA	NA
NA	NA
1.16666666666667	0.752772652709081
1	0.549169647365276
1	0.577350269189626
NA	NA
1.25	0.376386326354541
NA	NA
1.303125	0.671735750612392
1.0952380952381	0.628100773770087
1.36666666666667	0.820278698283177
NA	NA
1.2	0.942072184070838
1.53469387755102	0.646071267183839
NA	NA
NA	NA
NA	NA
1.14013605442177	0.767025732454161
NA	NA
1.225	0.684580742973971
1.18571428571429	0.908316950485723
1.3	0.758287544405155
1.38888888888889	0.864985311133875
1.24761904761905	0.701943635717903
1.17006802721088	0.874323901566489
NA	NA
1.42876984126984	0.561014923423674
NA	NA
1.25	0.664580067912563
1	0.57130455003342
1	0.781735959970572
NA	NA
NA	NA
NA	NA
1.70740740740741	1.05556808680949
NA	NA
1.24583333333333	0.645973487096604
NA	NA
1.3452380952381	0.663787599366175
1.10714285714286	0.797441344810199
1.14285714285714	0.455710387935098
1.17916666666667	0.998878339192484
1.23809523809524	0.56462969222527
1.41947250280584	0.738090755541913
NA	NA
NA	NA
1	0.565194165260439
1.42857142857143	0.549891764241794
NA	NA
1.25	0.761577310586391
1.13333333333333	0.755424825291482
1.33928571428571	0.646137281267213
1.07142857142857	0.345032779671177
1.34285714285714	0.517549169506766
1.22857142857143	0.882636742407441
1.53996598639456	0.478423759665804
1.28571428571429	0.553559907714216
1.28571428571429	0.551800803718268
1.25	0.707106781186547
NA	NA
1.11904761904762	0.497347461393438
NA	NA
NA	NA
1.43010204081633	0.681014369710736
1.33333333333333	0.557773351022717
1.41333333333333	0.587899238308141
1.51964285714286	0.49798549473257
1.29591836734694	0.780678564906146
1.51248997915665	0.577365958049371
1.28571428571429	0.723061173288582
1.37142857142857	0.470294852913838
1.21481481481481	0.856853272657692
1.11111111111111	0.775134396948899
1.43981481481481	0.448656258478142
NA	NA
NA	NA
NA	NA
NA	NA
1	0.927721222494488
NA	NA
NA	NA
NA	NA
1.47439393939394	0.492752993946142
1.22142857142857	0.623365587825199
NA	NA
NA	NA
1.34285714285714	0.655380660016612
1.125	0.579151678463135
1.19047619047619	0.935254166701763
1.2	1.03682206766639
NA	NA
1	0.82663978450915
1.92106108177537	1.11472492909031
NA	NA
1	0.632455532033676
1.1547619047619	0.551573027107748
1.35714285714286	0.586724834778648
NA	NA
1.4265306122449	0.946026847527229
