1.14285714285714	0.584748849448391
1.62399505256648	0.81547079008913
1.64109848484848	1.01391172192828
1.77386363636364	0.846135665349289
1.41741071428571	0.675638409271264
1.48956916099773	0.806434012716744
1.0952380952381	0.460043706228236
1.33888888888889	0.7252330404518
1.69909297052154	0.689244694610832
1	0.868907359849138
1.33560090702948	0.935258496251435
NA	NA
NA	NA
1.10714285714286	0.612588401999703
1.11904761904762	0.767597778270853
1.17916666666667	1.07782350815856
1.31904761904762	0.788307409218366
1.47878787878788	0.951896275726974
1.42280558947226	0.75919458205629
1.41327838827839	0.637097301949099
1.39455782312925	0.324094512444189
1.10714285714286	0.802649382822931
1.54104308390023	0.870878602473636
1.6718253968254	0.984301939773551
NA	NA
1.14285714285714	0.857969178415583
1.48299319727891	0.884216610489374
1.325	0.528474894659826
1.63391608391608	0.887291100015443
1.47448979591837	1.0762551903967
1.41224489795918	0.565323586044042
1.59191919191919	1.00748481996943
1.5540404040404	0.958222171912048
1.61017316017316	0.550638373529858
NA	NA
1.62857142857143	0.764896161296511
1.20833333333333	0.716638980639086
1.29931972789116	0.906489280747749
NA	NA
1.38095238095238	1.0170504089727
1.69943482443482	1.22272864609115
1.1452380952381	0.902040602565787
1.14285714285714	0.485231630718501
1.27142857142857	0.747237651318361
NA	NA
1	0.990697472229278
NA	NA
1.79105180533752	1.06734421003581
1.52403628117914	0.599786102078707
1	0.700528900717694
1.1547619047619	0.655158609981433
1.59166666666667	0.980518570281393
1.23809523809524	0.383178022367407
NA	NA
1.63595779220779	1.08203630173958
1.29387755102041	1.01714967258029
1.57016317016317	0.661795775425912
1.25	0.857043645051878
1.11190476190476	0.507965648965656
1.37993197278912	0.786586645521286
1.64100185528757	0.711304797068245
NA	NA
NA	NA
1	0.853912563829966
NA	NA
1.29241071428571	0.755072989363464
1.52255244755245	0.953448561837189
NA	NA
1.43484848484848	1.04085883669812
1.37755102040816	0.755635613100786
NA	NA
1.11904761904762	0.487950036474267
NA	NA
1.50283173616507	1.16771940860937
NA	NA
1	0.447213595499958
NA	NA
1.30952380952381	1.01428944033893
1.3312925170068	0.883303842158867
1	0.797913946905721
1.12222222222222	0.565071283605489
1.59535834535835	0.493230467339677
1.42142857142857	0.870242864574627
1.61003401360544	0.703302414508996
1.40868055555556	0.669497029977093
1.24761904761905	0.59125013283442
1	0.889194391945129
1.53875811688312	0.69146482749007
1.37738095238095	1.12440019283652
1.10767195767196	0.625915177780314
1.14583333333333	0.620019840952371
1.4234693877551	0.803486390058193
1.12962962962963	0.686060501957137
1.23045634920635	0.509036849814706
1.3452380952381	1.01618298842344
NA	NA
NA	NA
1.69555206698064	0.72938855120249
1.1875	0.833273807397807
1.38571428571429	0.385792663014706
