NA	NA
NA	NA
1.17857142857143	0.444692391155192
NA	NA
NA	NA
NA	NA
NA	NA
NA	NA
1	0.969535971483266
NA	NA
NA	NA
NA	NA
NA	NA
1	0.889194391945129
1.09375	0.404433515245668
NA	NA
NA	NA
NA	NA
1	0.77876920938201
1.38095238095238	0.677031111713686
NA	NA
NA	NA
NA	NA
NA	NA
NA	NA
NA	NA
NA	NA
1.2	0.670820393249937
1.17857142857143	0.707807928390226
1	0.707106781186547
NA	NA
1	0.899735410842437
NA	NA
1.12857142857143	0.660787569223432
1.42232142857143	0.481088834638925
NA	NA
NA	NA
NA	NA
NA	NA
NA	NA
NA	NA
NA	NA
1.22448979591837	1.05255485373287
NA	NA
NA	NA
1	0.447213595499958
NA	NA
NA	NA
NA	NA
NA	NA
1.36428571428571	0.901679429537346
NA	NA
1	0.763762615825973
NA	NA
1.16666666666667	0.705468061066683
1	0.52704627669473
1	0.52704627669473
1.15555555555556	0.71840873540841
1.2	1.15108644332213
1.14285714285714	0.904866326472075
1.35714285714286	0.47364398480148
1.28163265306122	0.744262145944106
NA	NA
NA	NA
NA	NA
NA	NA
1.31428571428571	0.615496530320016
NA	NA
1	0.333333333333333
1.2	0.824115687671741
NA	NA
NA	NA
NA	NA
NA	NA
NA	NA
NA	NA
NA	NA
1	0.710242525088751
NA	NA
NA	NA
NA	NA
NA	NA
1.36882716049383	0.931238561895542
NA	NA
1.45634920634921	0.675296928856396
1	0.518187725171601
1.13333333333333	0.670958407939855
1	0.806225774829855
1.11428571428571	0.79724227064001
NA	NA
1	0.447213595499958
NA	NA
NA	NA
1	0.658280588604383
NA	NA
NA	NA
NA	NA
NA	NA
1.32857142857143	0.755517622763942
1	0.656167322834318
