NA	NA
NA	NA
NA	NA
NA	NA
NA	NA
NA	NA
1	0.845740963757685
NA	NA
NA	NA
1.14285714285714	0.884164029887007
1.22380952380952	0.802360934232886
NA	NA
NA	NA
1.25	0.524404424085076
1.14583333333333	0.468766534099933
NA	NA
1	0.872325845629018
1.17857142857143	0.656922841015304
NA	NA
NA	NA
NA	NA
NA	NA
1.14285714285714	0.377964473009227
1.16666666666667	0.743801546610882
1	0.50395263067897
1.2375	0.781520191373076
NA	NA
1.41772314986601	1.1512939720904
NA	NA
NA	NA
NA	NA
NA	NA
NA	NA
NA	NA
1.37857142857143	0.714303854644933
1.27142857142857	0.792190720449399
NA	NA
NA	NA
1.11904761904762	0.568577543770789
1.32857142857143	0.497653222795482
NA	NA
NA	NA
NA	NA
1.16666666666667	0.516397779494322
NA	NA
NA	NA
1.44017857142857	0.956609183385571
NA	NA
NA	NA
NA	NA
NA	NA
1.46938775510204	0.892204977240306
1.52721088435374	0.309043758208504
NA	NA
NA	NA
NA	NA
1.08333333333333	0.752772652709081
NA	NA
NA	NA
NA	NA
NA	NA
NA	NA
NA	NA
1.125	0.682839542842857
NA	NA
1.0952380952381	0.395075506814401
1.0952380952381	0.498675494362064
1.19047619047619	0.539449062475125
NA	NA
NA	NA
1.12380952380952	0.79102940098805
1	0.739118594202782
NA	NA
NA	NA
NA	NA
1.22619047619048	0.368663394457191
1.2	0.832499582916145
1.03809523809524	0.794641445216034
NA	NA
NA	NA
1.47460317460317	0.783558919073112
NA	NA
1.72640692640693	1.08569067270662
1.10714285714286	0.796570028009973
1.15625	0.689256414378499
NA	NA
NA	NA
NA	NA
1.2	0.701189465598754
1.23809523809524	0.547360187265364
1.0952380952381	0.551573027107748
NA	NA
NA	NA
NA	NA
NA	NA
1.15	0.546622626952358
1	0.548567157170319
1	0.78616509433805
NA	NA
NA	NA
