1.62857142857143	0.874310007616286
2.01610644257703	0.828814139434321
NA	NA
1.65850340136054	0.944782042978992
1.45833333333333	0.893888293456816
1.69042267256553	1.02896333333708
1.68335949764521	0.686466639706213
1.59948979591837	0.695017175551532
1.26666666666667	0.615539510420646
1.29047619047619	0.768045688676253
1.72632575757576	1.01633890761511
1.67663289091861	1.19406394875445
1.45050054112554	0.862253772811091
1.07142857142857	0.586160947253104
1.25	0.555277708298589
1.11904761904762	0.571015062023937
NA	NA
1.07142857142857	0.676025577926296
1.38988095238095	1.08226598886869
1.71970159470159	1.08298165921429
1.78514739229025	0.569272961345917
NA	NA
1.49366883116883	0.725705084382117
1.75	0.833333333333333
1.46329365079365	0.678312298853516
1.45833333333333	0.881022761023901
1.6798988048988	1.04443269444416
2.06966425005641	1.38793299522785
1.64594751341163	0.945300348684214
1.16904761904762	0.552806691434934
1.4625	0.900535015364193
1.52455357142857	0.709379675785055
1.71646556058321	0.846620979666258
1.30555555555556	0.875930829799993
1.44285714285714	0.747263661795296
1.91737741425241	0.876434396258086
1.71923314780458	0.994942534420155
1.41666666666667	0.698212002188447
2.02198546085101	1.50744024224964
1.21428571428571	0.676416796464785
1.31428571428571	0.278791799959876
1.99025379382522	1.32412450123962
1.68538461538462	0.977771853433851
1.48513708513709	1.08175997515207
1.66904761904762	0.931883338764714
1.67673067673068	0.456196038712292
1.64717813051146	0.845432769807964
1.56887755102041	0.690329564539544
1.54646464646465	1.06218605257491
1.64722222222222	0.800651662023021
NA	NA
1.70039682539683	0.815584803333517
1.3015873015873	0.68888774595765
NA	NA
1.33809523809524	0.450484747729052
1.559375	0.899199793070007
1.32278911564626	0.68141545075005
1.41666666666667	0.288675134594813
1.51984126984127	0.94124106596986
NA	NA
1.85494505494506	1.09038076610149
1.68418560606061	0.895931491332103
1.86428571428571	1.26056382782514
1.72889550640747	0.889226562083607
1.85347985347985	0.660114364676983
1.53472222222222	0.664472248184002
1.94710844710845	0.955125115202484
1.5647095959596	0.980175009929166
1.63492063492063	1.0026786581331
NA	NA
1.6108843537415	0.504729815434873
1.62083333333333	0.757204624614387
1.9369358748284	1.21624559246847
1.87734299516908	1.23968789378258
1.45034013605442	1.06229922612538
1.26666666666667	0.457043640026736
1.53832199546485	1.034330880333
1.31292517006803	0.791874429287238
1.46083052749719	1.17990105313916
1.51321123321123	0.692431650459634
1.21875	0.613889337786232
1.85686813186813	0.624336127177857
NA	NA
NA	NA
1.67074829931973	1.52340378668615
1.27380952380952	1.01666016131148
1.44489795918367	0.582147204468834
1.59920634920635	0.768974174858336
2.14552154195011	0.701221241060169
1.59863945578231	0.56226816079953
1.24285714285714	0.804090073661432
1.77261167624945	1.02847471131099
1.46483516483516	0.902564261548623
NA	NA
1.37965367965368	0.768143394105495
1.64689754689755	0.636585268282238
2.03632897603486	0.694286181642026
1.71227904040404	0.886550877242693
1.39732142857143	0.851744800711668
1.59202226345083	0.957299556398271
