1.16666666666667	0.516397779494322
1.38180272108844	0.943184946394659
NA	NA
1.57207792207792	1.20704955619741
NA	NA
NA	NA
NA	NA
NA	NA
1.46775793650794	0.627008120827383
1.62630385487528	1.23185370756893
1.38333333333333	0.508143558990183
NA	NA
1.42431972789116	0.72335278807776
1.22619047619048	0.404586796856344
1.2	0.811377429642539
1	0.761577310586391
1.40816326530612	0.693647420821306
1.37738095238095	0.725729426892834
1.50793650793651	1.0034295980585
NA	NA
1.28571428571429	0.819181421333639
1.73733974358974	1.00683742382993
1.31423611111111	0.976985725831809
1.20238095238095	1.25264270908099
NA	NA
NA	NA
1	0.785281265959316
1.19047619047619	0.490922897210235
1.41111111111111	0.712793149570108
1.45213293650794	0.785523034326338
1.61111111111111	1.07019574379697
NA	NA
1	1.0654506958021
1	0.459468291736341
NA	NA
1.38333333333333	1.02767266729787
NA	NA
1.16666666666667	0.808290376865476
NA	NA
1	0.916515138991168
NA	NA
1.10714285714286	0.964241621566869
1	0.540061724867322
1.62411616161616	0.547913778349261
1.6547619047619	1.12293289620858
NA	NA
NA	NA
1.02083333333333	0.555902669338597
1	0.408248290463863
NA	NA
1.48384353741497	0.81594998125993
1	0.954521404218424
NA	NA
1.89248251748252	0.699145599088379
NA	NA
NA	NA
1.24285714285714	0.435024173749036
NA	NA
NA	NA
1.54553571428571	0.622453266127763
NA	NA
NA	NA
1	0.965852147261873
1.46825396825397	0.745186958368603
NA	NA
1.14285714285714	0.861354292339231
1.109375	1.01059307492939
1.73015873015873	0.668537938131227
1.42727272727273	0.920441264401005
NA	NA
1.22857142857143	0.643249439385563
1.46904761904762	0.403660967732512
NA	NA
NA	NA
1.53455710955711	0.782689236987621
NA	NA
1	0.5
1.55793650793651	0.725998724213933
1.34659863945578	1.41437780760957
NA	NA
NA	NA
NA	NA
NA	NA
1.62582417582418	0.73847113803672
1.57551020408163	0.509725361200084
NA	NA
NA	NA
1.23333333333333	0.469379867822918
1.48979591836735	0.815206147253715
NA	NA
1.58680555555556	0.899862509094233
1.21428571428571	0.972335594296798
1.40357142857143	0.775982601923706
1.29166666666667	0.711440172707139
1.28571428571429	0.487950036474267
1	0.654047229011619
1.31904761904762	0.134862265618781
NA	NA
1.22619047619048	0.691740768644795
1	0.636832439151427
