1.72582360879574	1.14077742281785
2.05532212885154	1.60489456012831
2.06752645502646	0.590064549050629
1.81766381766382	0.94701273110491
1.94135269492412	1.09761170011461
1.81642316017316	0.877609746403743
1.86096048201311	1.39771224695576
1.56344696969697	1.05652692304477
2.06326530612245	0.788346789018618
1.64116809116809	1.06054216288599
1.78312894834634	0.958492822460298
2.17254336077866	1.31441664000479
2.30021251475797	1.07297408238914
1.91005291005291	1.17985673594701
1.84511904761905	1.03058595495806
1.93371212121212	0.522097148282313
2.17961030566073	0.94374827282894
1.94160601303458	1.15895426145519
2.51156462585034	1.06541383037464
1.63775510204082	0.99639981996735
2.07781385281385	1.31871303353628
2.13060573511701	1.05275347191199
2.08975440681323	1.34106040305083
2.18957431457431	1.58434247985542
1.603125	0.416968640574111
2.35627725101409	1.4846560257632
2.04089285714286	0.877085041802638
2.46480176134781	1.05640726284861
2.12885154061625	0.886137645084427
1.95907932223722	1.44041412178653
2.19583333333333	1.16875733877106
2.15021757690931	0.961043001416749
2.18665539253775	1.26200339293634
1.70687830687831	1.2399782180972
2.16449275362319	1.29802192723216
1.53741496598639	0.507522241070149
1.94454365079365	0.806182182862007
1.74823963255336	1.27696516571077
1.88098933230512	1.11704221233321
NA	NA
1.61190476190476	0.81204555870837
1.85663073310132	1.30055227958767
1.65751391465677	1.43387126205082
1.67902494331066	0.752350269944397
1.55822510822511	1.1798267962343
2.47961205461205	1.11854059942657
2.35389879271867	1.33660519334646
2.8194807360552	1.40258490143279
2.06050938894076	1.31060227623586
2.01890714327689	1.24655084917743
1.96639704832982	0.977302396815028
2.25400792728158	1.0632726076837
2.13940960999785	1.7731729784701
1.8966033966034	1.06942564414574
2.37969418536645	1.18797921500525
1.93777777777778	1.28284826199347
1.90056022408964	1.30697010296309
1.63027343027343	0.982364469399004
1.66419294990724	0.298835709588136
2.22396231219761	1.37504275262205
2.03202947845805	1.3318596434795
2.04163677166773	1.43534765351979
1.92175417175417	1.01827946349116
2.08333333333333	0.850158753916476
1.56844465058751	0.931039917842004
1.88081671415005	0.730196283006024
2.01214024071167	0.504675303207255
1.56613756613757	1.57242833356485
1.73056110556111	1.14670323861121
1.97245599590016	1.48466401876443
2.24003837072019	0.936607417727851
2.26806933475731	0.768091900961735
2.02406235221361	0.968010558394575
1.64264069264069	1.09510426436243
2.51883650799092	1.25300467829562
1.66690716690717	0.933225255347765
1.35816326530612	0.911094025138648
1.72641432641433	1.37460310749583
1.81564767952636	1.26732708550469
2.50738686779059	1.1989290500137
1.33333333333333	0.44820630170591
1.77175716440422	1.41583264686096
1.81806764663908	0.88385194181918
1.87702773417059	1.01450719146224
2.07159909418313	1.17262932891556
1.83537867361397	0.914261418275868
2.36515469824293	1.2273279710145
1.68649097815764	0.322585937464769
1.88606975447245	0.862527615080831
2.31522817460317	1.10020381197443
1.73265306122449	1.23501250583899
1.74232513518228	0.945774251805095
2.12600270674805	1.05610537412269
1.74040935672515	1.19965072649054
2.00396825396825	0.817508474463785
1.68633207070707	0.915833179874909
1.77714285714286	0.733789454796656
1.56061224489796	0.674267482170205
1.9055348065152	1.29577648550544
1.36394557823129	1.0549629216271
