1.33266092881477	0.892704976592921
2.00933828076685	1.12294020510233
1.21224489795918	0.961014123438701
2.01008812615955	0.578766478112476
1.31269841269841	1.00858181963094
NA	NA
1.70913461538462	0.537045577432742
2.14100436600437	0.60643104775071
1.36637806637807	0.705284581479497
1.79399350649351	1.17890909658104
1.48809523809524	0.979550048777481
1.76009098925766	0.971451546423342
1.88199219081572	0.826446253147791
1.19761904761905	0.78742598543589
1.54629457843744	0.969897416334499
1.83441706117145	0.819655672550331
1.61656746031746	0.600276999596408
1.31459435626102	0.930216685721939
1.62056277056277	0.877122024664728
1.79228509585652	0.871914541018001
1.53015873015873	0.620465916988694
1.63997113997114	0.964364654156328
1.57006802721088	0.555498620341371
NA	NA
1.71566558441558	0.743216087325119
1.33214285714286	0.781419928069697
1.72408216783217	0.472247754268599
2.07958964362473	0.486325021986657
1.36122448979592	0.677571965544269
1.58956916099773	0.855880743160433
1.45352504638219	0.690226025446191
1.50714285714286	0.969290363886802
1.44920634920635	0.683702405723306
1.65009778233462	0.957549340198389
1.15	0.650640709864771
NA	NA
1.69654188948307	1.01483481868597
2.12850140056022	1.17229394041566
1.45157377344877	1.27899546276032
1.43782467532468	0.532792030353375
1.17857142857143	0.578208783075281
NA	NA
1.76280148423006	0.997618698754614
1.7234693877551	0.952663412384179
1.4031746031746	0.630189216007209
1.95653988868275	1.09183515989453
1.36805555555556	0.888834855217114
1.35238095238095	0.577464811452272
1.49444444444444	0.678369504905096
1.84952547452547	0.877772922430646
NA	NA
1.36458333333333	1.07914713164889
1.94220085470085	1.31299847897548
1.58928571428571	1.02356014822243
1.43055555555556	0.660422143335161
1.7157515324182	0.574778759912881
1.14285714285714	0.541590348713957
1.84029304029304	0.702059961600903
1.23333333333333	0.725143663926903
1.79256264568765	0.876597155424682
1.4421768707483	0.612334964400677
1.798556998557	1.38224758734809
1.8116452991453	0.763533772490662
1.47309833024119	1.10583787651252
1.6768253968254	1.17925403186359
1.61245421245421	1.3500825571024
1.74519230769231	1.06230788902945
1.22857142857143	0.725061573739972
1.63401360544218	0.910655111975001
1.33333333333333	0.752772652709081
1.57142857142857	1.08757672338631
1.82310606060606	0.738664850472671
2.22850759494202	1.53983029675222
2.00456349206349	1.08763594094498
1.73063164659803	1.22550209081317
1.72585034013605	0.862839785482138
2.11123949579832	1.01221168728102
1.5864315423139	0.668702072098554
1.35034013605442	0.43572388872111
1.58271604938272	0.636169905364191
1.61769480519481	0.577030008875734
1.66964285714286	0.888300922118564
1.74761904761905	0.674245937158134
2.11726201951766	0.715147396131725
NA	NA
1.31770833333333	0.763621693632648
2.16487084344227	0.619169902281164
1.75709706959707	0.703497461321418
1.47891156462585	0.526065539594672
NA	NA
1.82881701631702	0.627728176038373
1.89810606060606	1.03029631793714
1.29795918367347	0.743441884953205
1.60584723918057	1.03890472878613
1.86024531024531	0.989949653168481
2.07735304648175	1.06348930214043
1.67301587301587	0.697595765259422
1.98145731977001	1.35662750563897
1.73011204481793	1.29445080311132
1.98094035594036	0.980960221755577
