NA	NA
1.20833333333333	0.980008503364469
NA	NA
NA	NA
NA	NA
NA	NA
NA	NA
1.07142857142857	0.479748611419283
1.22222222222222	0.737237084334828
NA	NA
1.03095238095238	0.833523787760076
1.28333333333333	0.574179884428687
NA	NA
NA	NA
NA	NA
NA	NA
NA	NA
NA	NA
1.28571428571429	0.747305565659462
NA	NA
NA	NA
NA	NA
NA	NA
NA	NA
NA	NA
NA	NA
NA	NA
1.42431972789116	0.453657793480952
NA	NA
NA	NA
NA	NA
NA	NA
NA	NA
NA	NA
NA	NA
NA	NA
NA	NA
NA	NA
NA	NA
NA	NA
NA	NA
NA	NA
NA	NA
NA	NA
NA	NA
NA	NA
NA	NA
NA	NA
NA	NA
NA	NA
NA	NA
NA	NA
1	0.973538791100682
1	0.916515138991168
1	0.516397779494322
1.09375	0.477421771203459
NA	NA
NA	NA
NA	NA
NA	NA
NA	NA
1	0.797913946905721
NA	NA
NA	NA
NA	NA
NA	NA
NA	NA
NA	NA
1.13888888888889	0.657576921285569
NA	NA
NA	NA
NA	NA
NA	NA
1	0.487950036474267
1.11428571428571	0.620590263484914
NA	NA
1.43888888888889	0.666138679811299
1	0.634647758821992
NA	NA
NA	NA
NA	NA
NA	NA
1	0.724568837309472
NA	NA
1.10714285714286	0.600991244687039
NA	NA
NA	NA
NA	NA
NA	NA
NA	NA
NA	NA
NA	NA
NA	NA
1.27777777777778	0.291865011923638
NA	NA
NA	NA
NA	NA
NA	NA
NA	NA
NA	NA
