1.81817765567766	1.26640706917032
2.0566524953743	1.22953531225964
2.13597726324572	1.17294497746893
1.3875	0.742622444609706
1.86629560915275	1.1413411889358
1.79591836734694	0.813094034587078
2.28993206959405	1.43674415018208
1.53089569160998	1.37793353948666
1.5949494949495	1.04975400502898
1.81258503401361	0.753107337579153
1.17857142857143	0.649837179444482
1.95238095238095	1.3117105359447
2.15555555555556	0.980032123434208
1.40410353535354	1.04716038089478
NA	NA
1.6108630952381	0.619461020226334
2.21241258741259	0.774109633326975
1.81391723356009	0.9024659065688
2.32470631457204	1.05829547626396
1.91002886002886	1.30287309975951
1.6264880952381	0.936672915586679
1.64618364092048	1.00059730500145
1.6907029478458	1.11377210783807
1.83399541634836	0.881168074991367
1.61485260770975	0.448837817465684
2.27516306792623	1.3385881728408
1.89437958489891	1.26431630680607
2.08888888888889	1.35305520117438
2.84501817400442	1.57544243990813
NA	NA
2.1030303030303	0.85808422660302
2.36340852130326	1.48915999076684
2.52090101797704	0.930948100407675
2.08841728999292	1.38031031952937
2.24040404040404	0.82275578826837
1.80622710622711	1.3951446417589
2.1781045751634	1.21384130554556
1.64382601525459	1.19381481422833
1.53409090909091	1.06256930232119
1.93527800983941	1.25274210894048
1.7922619047619	0.923669031676252
1.28541666666667	0.701949524482092
1.68367346938776	1.2605161786368
1.89828623757195	0.522637681393329
1.6047619047619	1.34992161246065
1.35396825396825	1.65615734242165
2.51892964543677	1.52528964714238
1.45012368583797	0.544112030841204
1.90646258503401	0.609062812842914
2.1047152194211	1.00031940450368
1.7167032967033	1.2349720646328
2.64689722042663	1.1676813427602
1.99935064935065	1.29645808703119
2.21643005028098	1.32950850599659
1.7168759811617	1.20227627662807
1.98503401360544	0.921550291666856
1	1
1.36230158730159	0.880664214069078
1.53125	0.712795237262813
1.22589285714286	1.0944328876094
1.73916559630845	0.789192481339987
1.77232142857143	0.653887093391352
NA	NA
NA	NA
1.53571428571429	0.649603053398094
1.39662698412698	0.941661494615956
2.40875571725572	1.05081490356911
1.71692949907236	1.09963477165528
2.20133925461512	0.985203086823142
1.22329931972789	1.0479752522005
1.35714285714286	0.493947822065475
1.44761904761905	0.684986386146724
NA	NA
1.8031746031746	1.22284721989267
1.81311069882498	1.08544158041389
1.76816239316239	0.847420919565411
1.87140180081357	0.960818642227625
1.61061507936508	0.95577305378918
2.32645338837289	1.09984395711373
1.43055555555556	0.830610496084845
1.71103896103896	0.24714417491673
1.62633547008547	0.714141561915354
1.97483766233766	1.36715815065198
2.11046176046176	1.18722028537199
1.94300674815381	1.21936520324363
1.88849431818182	0.941437540635933
NA	NA
2.15948963317384	0.871181828604116
1	0.957427107756338
1.81921818434976	0.640264244166006
1.92943844204348	1.37288837078385
1.90661661275696	1.12295914895718
1.83056698203757	1.30494053015463
1.41071428571429	0.554040593130123
2.26283422459893	1.28288627816048
2.21304320679321	1.07795174165935
1.5515873015873	1.28114589686573
1.05442176870748	0.935839917019009
1.82798534798535	1.11692372931064
1.97648358585859	1.18614480346789
