NA	NA
1	0.596284793999944
1.38690476190476	0.548346078235957
NA	NA
1.10714285714286	0.615603974945138
1.14285714285714	0.664430774398849
1.07142857142857	0.758392200750199
1	0.921954445729289
1.50449134199134	1.15260400060825
NA	NA
NA	NA
1.48333333333333	0.499555357848913
NA	NA
NA	NA
NA	NA
NA	NA
NA	NA
1	0.889194391945129
1.07142857142857	0.449867705421219
NA	NA
NA	NA
1.20833333333333	0.581800707710178
NA	NA
1.3	0.517293526532657
1.11904761904762	0.824757459938901
1.07142857142857	0.452433163236038
NA	NA
NA	NA
NA	NA
NA	NA
1	0.878445596873629
1.16666666666667	0.888819441731559
1.36394557823129	0.859533074491055
1	0.833333333333333
1.2625	0.841849343683487
NA	NA
1.21428571428571	0.65767749128253
NA	NA
1.28571428571429	0.591876220435878
NA	NA
NA	NA
NA	NA
1	0.892561855933059
1	0.794949334514121
1.16875	0.706401427086948
1.10714285714286	0.41864609190168
NA	NA
1.28095238095238	0.637081639880648
NA	NA
NA	NA
1.28571428571429	0.539755480598371
1.42633928571429	1.01042176994694
NA	NA
1.16964285714286	0.724753815683954
1	0.888715260820256
NA	NA
1.07142857142857	0.449867705421219
NA	NA
1.19047619047619	0.644984721528573
1.09583333333333	0.366639609391297
1.10714285714286	0.584748849448391
NA	NA
NA	NA
1	0.948683298050514
NA	NA
NA	NA
NA	NA
1.6	0.470224532655529
NA	NA
1.20714285714286	0.501927501668535
1.07142857142857	0.534522483824849
1.2125	0.400867115693523
NA	NA
NA	NA
1.34829931972789	0.581036479545453
NA	NA
NA	NA
1.35204081632653	0.872720200910219
NA	NA
1.14285714285714	0.580776710364308
1.14285714285714	0.686702880845018
NA	NA
1	0.718795288428261
NA	NA
1.25	0.846506984066921
1.48384353741497	0.740596075996232
1.07142857142857	0.449867705421219
NA	NA
NA	NA
1.3265306122449	0.569186123430198
1.19047619047619	0.522002655631916
1.09876543209877	0.900864544367058
1.08333333333333	0.659184199995578
1.34761904761905	0.596085111638817
1.10714285714286	0.893228494203551
1.41938775510204	0.390002685639697
NA	NA
1.34285714285714	0.552339899952344
NA	NA
NA	NA
