2.0359693877551	0.561062402869107
1.51520146520147	1.21290645926316
1.97490079365079	1.02428109931047
2.34528963980687	1.5304361700024
2.08280274492242	1.15060624328166
1.88041532402435	0.469941997537529
1.51775793650794	0.717808889485813
1.83583333333333	1.06070833999723
2.32455982752425	1.2324522235052
1.82470085470085	0.526501290787364
2.6000962000962	1.2992342225117
1.80960111317254	1.29312035226583
1.90022675736961	1.29547715028988
2.05301999587714	1.29559413685659
2.00737203972498	1.64683189585084
1.8586902037703	0.598128726960228
2.09162612413386	1.41820158547852
1.92504719279016	0.999649150607064
2.0690386002886	1.33763905098633
2.39582750582751	0.964439267504632
1.57660256410256	1.10682358173472
2.08461081402258	1.34220452015923
1.62677426739927	0.975000735003213
2.51758205036401	1.05297881664115
2.18333279672022	1.24023168666215
NA	NA
2.5983843537415	1.56402426461604
2.13522727272727	1.01389580030571
2.15044466403162	1.53327142073377
1.80132575757576	0.737829974115953
1.64656593406593	0.751791156399862
2.53341369608236	1.08170511318186
2.38997093132431	0.999371245446411
2.06087006376413	1.33007522373343
2.0489291958042	0.935498254116079
1.71329170829171	1.13762449920609
2.20480192076831	0.985420175645693
2.36965340081282	1.0258160619798
1.93743399457685	1.08973084143408
1.91746031746032	0.780889467074797
2.38537252221463	0.77450423223962
1.76820908560039	0.738856460418202
2.17305871212121	1.550176522734
2.05151753008896	0.633121615194379
1.77925407925408	1.2038043033556
2.24178720208404	1.54491187712181
1.9015873015873	1.06213640877942
2.17054131054131	1.01505832537801
2.27743097238896	1.12989001285761
2.13184805975376	1.0489590862783
1	0.894427190999916
1.44791666666667	0.628312649653249
1.51785714285714	0.553491204291011
1.97511714476	0.711194375446784
1.71168258811279	1.10863275999707
1.61940836940837	0.883729710313974
1.73359497645212	0.840489920171333
1.97732426303855	0.429355264277408
2.38314371311683	1.47801706184119
1.93528693528694	1.25333030580619
1.95812461348176	0.981320513075256
1.96580882352941	1.1021521220466
1.97916666666667	1.65651671257721
2.14487179487179	1.21771863388067
2.31796975546976	1.36775923428868
2.03455882352941	1.37495415023643
2.34261087768441	0.737392167530722
1.74751439037153	0.91988117937697
1.94860548807917	1.16117188820864
1.89125650260104	1.40488435618431
1.82550558685012	1.1652373551132
1.96527520098949	1.2920184771995
2.03139483065954	0.855676789869505
1.67525116209327	1.14460632542074
2.38910535724261	0.654842046485576
2.03947163947164	0.867459979380015
2.28557852653578	1.27667726352989
2.21434644303065	1.48973832882835
2.11026228673287	0.967283026494904
2.42530199831129	0.832090032175071
2.35707878744234	1.36511672448503
1.66239316239316	1.29610731804669
1.7469474969475	1.07179482012994
2.43623251677581	1.51982747073984
1.91979166666667	1.07803987019715
2.06904761904762	1.26915314936901
1.73494397759104	1.21421844743505
1.60984848484848	0.59326272233598
1.44377104377104	0.644239581446386
1.96049719651693	0.988169304174961
2.41636382623225	1.02930783135742
1.6742340992341	0.705828586879271
1.70311325818572	1.11421532900215
2.0083227415859	1.34827269296476
1.25	0.707106781186548
1.94150155400155	0.88296640320882
2.07148912915042	1.32303980833385
1.74452380952381	1.26757886257207
1.4957671957672	0.48926366793365
2.16944444444444	1.45098745112883
