1.125	0.375462677535627
1.11428571428571	0.693450081745626
NA	NA
1.08333333333333	0.723746864455746
1.54960317460317	0.538889132399755
1.08333333333333	0.632784850218988
1.2	0.82915619758885
1.27857142857143	0.522699039327877
1.45408163265306	0.642240613068845
1	0.547722557505166
1	0.702179147764696
1.13333333333333	0.765699873512002
NA	NA
NA	NA
1.29591836734694	0.638648354038917
NA	NA
1.49503968253968	0.667409456891321
1	0.796868872525461
NA	NA
NA	NA
NA	NA
NA	NA
NA	NA
NA	NA
1.59807256235828	0.879027863200567
NA	NA
NA	NA
NA	NA
1	0.752772652709081
1.20952380952381	0.555015610629402
1.33333333333333	0.585314097380708
NA	NA
1.0952380952381	1.17925665506004
NA	NA
NA	NA
1.1047619047619	0.848621664912421
1	0.795822425754221
NA	NA
NA	NA
NA	NA
NA	NA
1.22222222222222	0.50735333585915
1.13095238095238	0.838673366617193
NA	NA
1.20833333333333	0.914738231269488
1.01190476190476	0.36141623250996
NA	NA
NA	NA
NA	NA
NA	NA
NA	NA
NA	NA
NA	NA
1.14965986394558	1.01197145305107
1.54166666666667	0.702179147764696
NA	NA
1.22222222222222	0.602464076076709
NA	NA
NA	NA
NA	NA
1.22857142857143	0.7587583842794
1.37142857142857	0.760620196878986
NA	NA
NA	NA
1	0.762852832756387
NA	NA
NA	NA
1	0.552770798392567
1.02380952380952	0.779830058817253
1	0.623609564462324
NA	NA
NA	NA
NA	NA
NA	NA
1.37830687830688	0.468198476668871
1.0952380952381	0.853718910904508
NA	NA
NA	NA
NA	NA
NA	NA
NA	NA
NA	NA
NA	NA
1.16666666666667	0.505525029603437
1.36	1.15057956410382
1.46388888888889	0.717280099222571
1.60454030096887	0.848658405143842
NA	NA
NA	NA
1.11904761904762	0.768080132503823
NA	NA
NA	NA
1	0.395284707521047
1.38180272108844	1.10463547662891
1.43945578231293	0.3861864079573
NA	NA
NA	NA
1	0.66248689714506
1.50925925925926	0.664272320700918
NA	NA
