NA	NA
NA	NA
1.14455782312925	0.994212242129068
1.10714285714286	0.664430774398849
1.45996503496504	0.598712988049066
1.25	0.841625411530173
1.3	0.684348838921594
1.51178451178451	0.604497880038232
1.10714285714286	0.674801558131828
NA	NA
NA	NA
1.34126984126984	0.980969717831079
NA	NA
1.3421768707483	0.638683858877411
NA	NA
1.5283950617284	0.320453652737509
1.13333333333333	1.06645831298431
1.22448979591837	0.60047020232547
1.52040816326531	0.81506519262055
1.44270833333333	0.538653478076996
1.43809523809524	0.656499857952813
NA	NA
NA	NA
1.07142857142857	0.976848403915779
1	0.52704627669473
1	1.08397416943394
1.32857142857143	0.839351286417423
1.65431318681319	0.885125893735869
1.41428571428571	0.600350831455478
NA	NA
NA	NA
1.60226757369614	0.43657200794118
NA	NA
1	0.687184270936277
NA	NA
1.43622448979592	0.823590396911793
1.42888888888889	0.928831209233375
1.56666666666667	0.402154690463419
1.26428571428571	0.744388176030327
1.22962962962963	0.64834420962922
NA	NA
1.23809523809524	0.699584154636159
NA	NA
1.31904761904762	0.769886269344289
1.35238095238095	0.552052447473883
1.175	0.635897066642927
NA	NA
1.63766233766234	0.611605586266429
1.35850340136054	0.390923227319258
NA	NA
1.55999278499279	0.778746088410343
NA	NA
NA	NA
1.25	0.59013046714601
1.45493197278912	0.807558137704398
1.77621753246753	0.674776364287454
NA	NA
1.36326530612245	0.589526337185354
1.30803571428571	0.727783117498592
1.27857142857143	0.636957051703084
1	0.806225774829855
1.27678571428571	0.825467002729214
1.37619047619048	0.727938307752917
NA	NA
1.35357142857143	0.682005275152089
1.14285714285714	0.611529438349663
NA	NA
1.32142857142857	0.47791157225942
NA	NA
1.33333333333333	0.605530070819498
NA	NA
NA	NA
1.39548611111111	1.00628529328928
1.33197278911565	0.453990156140381
1.16666666666667	0.593171014001739
1.39795918367347	0.935208705220072
NA	NA
NA	NA
1.45663265306122	1.19331761245624
1.27777777777778	0.841075149678914
1	1.01816828995342
NA	NA
NA	NA
NA	NA
1.23611111111111	0.617829234467715
1.38690476190476	0.741723581310611
1	0.735980072193987
1.57070707070707	0.955092865093432
1.16666666666667	0.683130051063973
1.23333333333333	1.0080922576828
1.85185185185185	0.890304533940484
1	0.809663853432741
1.48809523809524	0.65527191021747
1.57369614512472	0.424557785382781
1.45408163265306	1.0047571694443
NA	NA
NA	NA
1.59087301587302	0.796095012704753
1.22619047619048	0.524215210864381
1.3125	0.659710735071254
