1.46436147186147	0.503630161243948
1	0.693821943216622
NA	NA
NA	NA
1.24305555555556	0.593772335512318
1.4015873015873	0.329738425487995
NA	NA
NA	NA
NA	NA
1.37354797979798	0.693897774018455
NA	NA
NA	NA
NA	NA
1.34856902356902	0.905604911449455
1.13809523809524	1.08668155186444
1.15666666666667	0.920429506366716
1.12307692307692	0.837246510233626
1.06333333333333	0.92934996531161
1.08333333333333	0.563279638028292
1.2	0.580708379672812
1.25310245310245	0.888786874428507
1	0.945261084842975
1.51621212121212	0.774954538322186
NA	NA
1.29030691530692	0.690224514695781
NA	NA
1	0.866025403784438
1.67929116090881	0.892623406408387
NA	NA
1.12526455026455	0.6542438226104
1.4725	0.709238217530858
1.27792207792208	0.653652819035791
1.19166666666667	0.570371873494893
NA	NA
1.11666666666667	0.698212002188447
1	0.724952105697718
NA	NA
NA	NA
NA	NA
1.38041125541126	0.80503066159624
NA	NA
1.05	0.527338998892635
1.35698412698413	0.582057573860502
1.54144620811287	0.307035628348096
1.39047619047619	0.649499293552751
1.16969696969697	0.650675639530779
1.45681818181818	0.582768975517486
NA	NA
NA	NA
NA	NA
NA	NA
1.125	0.573211504221111
1.33477078477078	0.970258875095566
1.58716977466977	0.761677162079538
NA	NA
NA	NA
1.45867768595041	0.769370391641182
1.19285714285714	0.549611053751327
NA	NA
NA	NA
NA	NA
NA	NA
1.32857142857143	0.644709998848528
1.51293574846206	1.11826543321634
1.43090909090909	1.28924366461708
1.51168831168831	0.486331254448862
NA	NA
1.15034965034965	0.859346388047358
NA	NA
NA	NA
NA	NA
1.47847985347985	0.965984348791055
NA	NA
NA	NA
NA	NA
NA	NA
1.54914472101972	0.757604645806816
1.05	0.60883414190211
1.44318181818182	0.483063814987885
NA	NA
NA	NA
1.30357142857143	0.712661292206843
NA	NA
NA	NA
NA	NA
NA	NA
NA	NA
NA	NA
1	0.729345216234702
1	0.576435406422765
NA	NA
NA	NA
1.34785714285714	0.80935276748917
1	0.899808915634917
1.39444444444444	0.642942054618227
NA	NA
NA	NA
1.19480519480519	0.751617920936134
1.19833333333333	0.855896396753315
1.33131313131313	0.775136620540823
