1	0.835829594541322
1.31666666666667	0.578418448214239
NA	NA
1.65324425574426	0.890923949107826
NA	NA
1.28937728937729	0.712520713112495
NA	NA
1.25757575757576	0.471021731835668
NA	NA
1.34583333333333	0.825904386448913
1.24166666666667	0.452104134186083
1.40927021696252	0.791633463833748
1.2275974025974	0.616022788091773
NA	NA
NA	NA
1.3595041322314	0.983748313340569
1.21964285714286	0.539933779638353
1.11818181818182	0.831546569333129
1.86145978282905	1.14781258200957
1.30082644628099	0.857907063007795
NA	NA
1.55549450549451	1.05299768633184
1.30604748786567	0.88846893237888
1.5147619047619	0.567648209541718
1.37976809515271	0.723477893561491
1.5497570611207	0.613678470931061
1.38111888111888	0.658117758140989
1.22222222222222	0.735508138787208
NA	NA
1.49422799422799	0.699017513273866
1.16883116883117	0.798863602275256
1.08	0.720269643805957
1.06666666666667	0.584469792437218
1	0.665554628083197
NA	NA
1.46299533799534	0.868191564080186
1.275	0.82973429163136
1.34444444444444	0.525452969394281
1.54642857142857	0.406512819598067
1.05	0.984603699182795
1.2	0.836027391262869
1.12626262626263	0.953272760666619
1.23636363636364	0.940131396054318
1.70747863247863	1.1878434103385
1.40680803571429	0.540420814271634
1.58627391127391	0.689612069385725
1.61785714285714	0.545072581795808
1.10606060606061	0.768124437519828
1.09166666666667	0.609150896588698
1.325	0.735464675726593
1.33772727272727	1.01261774852211
1.15714285714286	0.735162290140446
NA	NA
NA	NA
NA	NA
1.35092180546726	0.917124632686564
1.135	0.539744452564428
1.35209235209235	0.837172384922541
NA	NA
NA	NA
NA	NA
1.22575757575758	0.675851190462687
NA	NA
1.15952380952381	0.723542313528283
NA	NA
1.05	0.574939610355345
1.27400793650794	0.563640659357483
1.46047619047619	0.659156679663243
NA	NA
NA	NA
NA	NA
1.10606060606061	0.787862405281367
NA	NA
1.29040404040404	0.947760232798601
1.40787747605929	0.687955785887648
1.411741541287	0.712917421197649
1.26767676767677	0.525954359110805
NA	NA
NA	NA
1.4425	0.673488820514509
NA	NA
1.05	0.619886489011705
NA	NA
1.59360689815235	0.783972919362755
1.27995726495727	1.18374999909468
1.28095238095238	1.03237592697124
1.49118659118659	0.686843602242131
1.06818181818182	0.890862707512422
NA	NA
1.20666666666667	0.782572522573097
1.09090909090909	0.607927427885729
1.48726495726496	0.726651669692859
1.40728715728716	0.590795651781986
1.06666666666667	0.71345101140794
NA	NA
1.1	0.438853725736256
1.42948970221697	0.774462254824815
NA	NA
NA	NA
NA	NA
