2.32690457533412	1.35073139247455
1.8855150697256	1.1773882195091
2.33911297852474	0.967852239565039
1.86805947675513	0.737797099839404
1.71520979020979	0.83917576965102
1.99117285876179	1.5147024870535
2.2053544529047	1.21270293641727
2.06004330636684	1.40765564002819
2.37851731601732	1.37423842978862
1.73018151439204	1.21910922360959
2.04343595804593	0.857630399184739
2.15791659439572	0.873633700086854
2.00731140204824	1.19905905698212
1.99217245989305	1.37708201764058
2.09972027900927	1.50825306712918
2.52354681161133	1.55889685342112
2.18720051877947	1.08595340577697
1.58515993810111	0.875215349358225
2.0008804716155	0.720072501827265
2.51161046390495	1.53044553358542
1.72245673936553	0.81583536562932
1.76363636363636	0.63845502553024
1.865595053811	0.82195005308891
1.74016475076383	1.05016290113321
1.50818181818182	0.966097644499921
2.24224898558232	0.883027715897464
2.1313948160102	1.08261567468758
2.42078690171721	1.57696243966104
2.38905325443787	0.940343430915554
1.98421717171717	1.15189970609012
2.32970825665563	1.78621708903059
2.36144192320663	1.06163035974512
2.11309205500382	0.891424238290603
2.09920845165964	1.43817214028361
1.86761870740199	0.998754466144084
1.97676022471419	0.99194617193555
1.85368428363081	1.18935199219513
2.18791967291967	1.34670569350278
2.37611091148641	1.15684520667916
1.72661201887208	1.08696980552032
2.14218398560504	1.08488727591021
2.04266705516706	1.44643110887007
2.49282808382161	1.06459737466205
2.40034867924141	1.58117418954725
2.42939594866287	1.39091181882654
1.93022087122756	1.3292831641963
1.8842377860235	1.07627463498101
2.16267942583732	1.36748891034431
1.94423402211126	1.0790973901006
2.25452336748653	1.36477326987626
2.69219598317476	1.48523537086897
2.20554098679099	1.3538831027304
2.31800993124523	1.41933515385674
1.5634998751367	1.28985744312593
2.28839869281046	0.707905105295012
2.03604644719841	1.15901480254297
1.51038406038406	0.812326329717536
2.21407335378638	1.3378531201258
1.89002935336269	1.31271430356166
2.07121118303781	1.33580574259377
1.85619790837182	0.958426189443091
2.03805383022774	1.00659639078603
2.1052104899931	0.836194768691231
2.45675747863248	0.750510100105096
2.45026467785088	1.33070492636186
2.42644723697355	1.41409967019313
2.42782805429864	1.38160730964827
1.94023569023569	0.990204504852855
1.95984898142793	1.13504503670801
1.99092907092907	1.12429252165786
2.17214285714286	1.38035475574241
1.7919283331048	1.15039749369781
2.12377994676131	1.24411756347623
1.95388774828113	1.3739273631247
1.80757020757021	0.70972382595352
2.30325014854427	1.21400163851418
1.64093314093314	1.43675489383728
2.06174609778729	1.18101470016837
2.42703049062698	1.03716327987889
1.92604166666667	1.17942450689646
2.25123478671866	1.09477505972895
2.29636667125978	1.11181015447432
1.83177117000646	1.13411465973828
1.96272814305668	0.952070836444164
2.38699734173872	1.25744162275339
2.09983124421627	0.889932755551831
2.50204647657373	1.18921558083283
2.04058608058608	0.968969774843141
2.17076339343325	1.21666451683451
2.26378889408342	0.702955169412254
1.86312266842221	1.08379948110552
1.97820855614973	0.979834017615941
1.68951580632253	1.15304256998518
2.18006126427179	1.28609944882955
2.32012504086303	1.12029080288956
2.03302603800141	1.08614799046109
1.9984431857735	1.10321217892158
2.01872614295475	0.931863195853539
2.29124862066039	0.832703330526383
1.7277490311546	1.09626608995457
