2.11395154553049	1.52308214757125
2.20836940836941	1.60701126498836
2.04506302521008	1.47276761997179
1.81736111111111	1.09190338588434
2.05955587281988	1.17127471933994
1.86780517727886	0.970526414706655
2.03682818156502	0.973144795219725
2.34122262177182	1.50901484172179
1.92648496596706	1.33919235406828
1.92890669113495	1.30499740301447
1.77297410922411	1.00715180761568
2.27835565828987	0.922959847872979
1.92973886328725	0.836273417137866
2.33894522144522	1.44847207218257
2.14641032566754	1.19656419091092
2.00296330653474	1.13056222774063
2.1540522875817	0.936448720898267
2.11203626605338	1.31016401089712
1.93724222415012	1.04426308561574
1.77752477785373	0.816585650033626
2.02310309489649	1.29602769010507
1.70510892616156	0.920601441774044
2.20050828543476	1.22986420539427
1.9640413062873	0.918101996157592
2.03032708032708	1.24764238444098
1.82465836177731	1.4483156674295
2.02954545454545	1.43102609341432
2.54564636131132	0.963765468461898
2.19302498655547	1.31252453223763
2.34506610410866	1.79462199494012
1.96599547511312	0.578595008779055
2.15411326594767	1.63292282801812
2.06766551770774	0.908718472727125
1.44222222222222	0.983510630794479
1.66108225108225	0.824525675761389
2.33022050413355	1.27127943489051
1.51179653679654	1.1892112868824
2.25417378673958	1.63457949191359
2.01064844246662	1.12571783740548
1.99160714285714	1.00137131385913
2.05012263251883	1.23313595278664
1.92048977710742	0.897908927481154
1.39765661688739	1.10783185757648
1.58650137741047	0.664029087206052
2.06523540338871	1.1183356756772
2.21099687628326	1.01304824212714
1.51674933862434	1.11554317772242
2.47682582207754	1.48320379212683
2.16415885070691	1.2690745562041
2.66293405372689	1.37131948002089
2.3987910987911	0.965015964129512
1.71639097744361	0.94325849223494
2.12325408727769	0.8936670445251
2.4728042740748	0.988058528656731
2.13261819695275	1.14046150315733
2.51231687867118	1.06613318856681
1.75151515151515	0.965184338911903
1.76943468296409	1.3752739471723
1.76277905101435	1.10676650560687
2.70250297088532	1.60837859383365
1.99602902168825	1.07349460797854
1.60466490031707	1.23117627836379
2.45467593630859	1.42497191984275
2.33413978494624	1.10638671155863
1.82874458874459	0.853876243649087
2.8426729033378	1.29590115563193
2.26251815300163	1.2757359326584
2.16027018958053	1.13818034075673
2.06868435911914	1.10241304159636
2.03924671819409	1.22773532398343
1.54793956043956	0.907521336095508
2.08003590612286	1.07835982216536
1.75378787878788	1.18966566431339
2.01023391812865	1.34087271280593
2.22019647019647	1.66476935910619
2.31734785238959	1.33504191939198
2.04906051360285	0.980040961378645
1.62892350616136	0.989178206032509
2.10796474358974	0.86826772242783
1.98169504435204	0.792971618161946
1.43769841269841	0.609281859910218
1.3030303030303	0.653323173346215
2.30895838946163	1.40071275966605
1.84980080306167	1.51021090436997
1.82121811882648	0.746536364387597
2.0540701754386	1.39553878666391
1.50515873015873	0.746529421013552
1.94648333487006	1.01489473800704
2.01009731478798	1.42285036993832
2.32177902376112	1.05058654510677
2.03113914594178	1.07323708960335
2.36483806336748	1.56864747288435
1.80973266499582	0.93992148616012
2.19643247579294	1.30163629498186
1.45548012593467	0.858927110320496
1.83844769791975	0.902441553964194
2.19534165181224	0.857408135753989
1.8672520661157	0.786767980859553
1.3702380952381	0.940667551357476
2.06936507936508	1.47856005414432
