1.13333333333333	0.565467139999977
1.025	0.830597360523522
NA	NA
1.40111111111111	0.613820034125274
NA	NA
1.39285714285714	0.787584354622575
NA	NA
NA	NA
1.50290164381073	0.604497245936376
NA	NA
NA	NA
NA	NA
NA	NA
1.52828282828283	0.884216850185841
1.24857142857143	0.720148951586861
NA	NA
NA	NA
1.22	0.662430988718685
1.1	0.679233409581241
1.08333333333333	0.989517367614782
NA	NA
1.50314458269004	0.477337410645122
1.41163583890857	0.838056847297301
NA	NA
1.16	0.377139984490155
1.3026455026455	0.710050078524314
NA	NA
NA	NA
NA	NA
1.57681818181818	0.675798090205785
1.23376623376623	0.60320931015815
1.15	0.633535194786769
1.03030303030303	0.616072604930177
1.11111111111111	1.22838453727999
1.37380952380952	0.690717892379452
NA	NA
1.28833333333333	0.559212961046567
1.3	0.772202237950847
1	0.926912437432289
1.3544696969697	0.878288935674616
1.39365079365079	0.84637580649668
1	0.657295243431015
1.25619047619048	0.570262478629471
1.185	0.573566382436879
1.57342657342657	1.28654362331986
NA	NA
NA	NA
NA	NA
1.16666666666667	0.430331482911935
NA	NA
NA	NA
1	0.644151034739179
1	0.873403305084961
NA	NA
NA	NA
NA	NA
1.55181818181818	0.837623306940522
1	0.690209308028288
1.06666666666667	0.577564063038534
NA	NA
1.13636363636364	0.523068838778425
1.11666666666667	0.690603063429569
NA	NA
1	0.600925212577332
1.08333333333333	0.61719196845546
NA	NA
1	0.674948557710553
NA	NA
1.36392496392496	0.749976010671717
1.49764124764125	1.16814811557746
NA	NA
NA	NA
1.54778554778555	1.10145289614638
1.35092592592593	0.671991620454918
1	0.458122847290851
1.30357142857143	0.764535389174416
1.40527777777778	0.677688892818626
1.43722222222222	0.541552219628322
NA	NA
NA	NA
1.06060606060606	0.937660359862221
NA	NA
NA	NA
1.28071428571429	0.68376177966291
1.30348943985308	0.91295266908502
NA	NA
NA	NA
1.1	0.596802177866479
1.28571428571429	1.02050407712491
NA	NA
1.16363636363636	0.878517141623145
NA	NA
NA	NA
1.21666666666667	0.61212037870397
NA	NA
NA	NA
NA	NA
1.06060606060606	0.760053825845129
NA	NA
1.27936507936508	0.922912708570471
