1	0.56382730917179
NA	NA
NA	NA
1.09242424242424	0.515016916462386
NA	NA
NA	NA
NA	NA
NA	NA
NA	NA
NA	NA
NA	NA
NA	NA
NA	NA
1.06666666666667	0.551093189672766
NA	NA
NA	NA
NA	NA
NA	NA
NA	NA
NA	NA
NA	NA
1.0547619047619	0.570907049170004
1	0.532290647422377
NA	NA
1.39292929292929	0.666587056333707
NA	NA
1.37619047619048	0.585823160612658
NA	NA
NA	NA
NA	NA
1	0.456435464587638
NA	NA
1	0.767843299985963
NA	NA
NA	NA
1	0.711241307525698
NA	NA
1.29888888888889	0.779870326930931
1	0.477906959280146
NA	NA
1	0.827865660616636
NA	NA
NA	NA
NA	NA
NA	NA
NA	NA
NA	NA
NA	NA
NA	NA
NA	NA
NA	NA
NA	NA
NA	NA
NA	NA
NA	NA
NA	NA
NA	NA
1.06666666666667	0.510385959015816
NA	NA
1.24444444444444	0.732006375199925
NA	NA
NA	NA
NA	NA
NA	NA
NA	NA
NA	NA
NA	NA
NA	NA
NA	NA
NA	NA
NA	NA
1.2	0.854115852147054
NA	NA
1.20666666666667	0.580293667672447
NA	NA
NA	NA
NA	NA
NA	NA
NA	NA
1.22222222222222	0.764479775590218
NA	NA
NA	NA
NA	NA
1.25	0.448798120636016
NA	NA
NA	NA
NA	NA
NA	NA
1.08	0.566165355595468
1.11111111111111	0.454529671443155
1.27361111111111	0.868157502202024
NA	NA
NA	NA
1.16666666666667	0.761577310586391
NA	NA
NA	NA
NA	NA
1	0.572518801243922
1.14444444444444	0.490747728811182
NA	NA
