2.36234671125975	1.16197376175003
1.79462286440215	1.11262196627977
1.24321428571429	0.863647250950337
1.75554986965063	1.18470960560634
2.18071603641457	1.16463588981681
1.64127809018344	1.15783213709613
1.8930477371912	1.69516501341433
1.87081339712919	0.684544404119116
1.97157027516889	0.944222458835669
2.09673500190742	0.907434582341091
1.98805871405341	1.03787054381006
2.02119883040936	1.20082471126911
1.73724160144607	1.11813082404896
2.29136003218614	1.03137914632562
1.95561904761905	1.2535400411254
2.00189609241333	1.0489185494866
1.87246860466675	1.20637626740664
1.94172199258232	0.925010507078748
2.81012845849802	1.20465378860377
2.17862689878819	1.37657567796446
1.58033633033633	1.28827067829239
1.88908765812791	1.62663276851429
2.03810352327099	1.10656827017655
2.02100841410052	1.07746211741588
2.27673324264378	1.31885876735063
2.3808740996241	0.903940130643017
2.05487876552393	1.236453108545
2.0074659639877	1.27009456428131
1.92333830443878	1.19697976701062
2.05894552000814	1.13208312699724
2.00055440793932	0.489796549059854
1.83333555470255	1.16996240695447
1.80985638402518	1.11466797458762
2.08403655188075	0.865820522796707
1.87581891792418	1.21253058341893
1.81632478632479	0.943785544909217
2.2316334746459	1.16746730606594
1.91288432421437	1.34564913409118
2.47012987012987	1.52599975170971
1.81946722867775	0.882562791770776
1.99350649350649	0.987285115604304
1.6533457040036	0.848644210497607
1.97076404194216	1.14146453686213
2.37309927923739	1.04929601098815
1.46809671809672	0.847616248254973
NA	NA
1.93143849206349	1.19655035755822
1.52253968253968	0.856358048150664
1.46969696969697	0.855780503026488
2.48560606060606	0.947868713637474
1.83055555555556	1.36925813677255
1.76347886406991	1.06482342131184
2.28378522062733	0.607406177178396
1.71981629718203	1.39023271860574
2.2983384262796	0.621260719134585
1.8940963845114	1.02517841956236
2.04198806244261	1.15069467504772
1.70789638169317	1.24892249037239
2.23874519310091	1.37954512075569
1.69678571428571	1.18406621535418
2.12442761916446	1.03302122261427
1.91311907542438	1.10813242310712
1.77006854256854	0.759301294368609
1.63414865470787	1.24412646179272
2.06918975490404	0.96182957557002
1.76732235235525	1.33652158456317
1.90942760942761	1.06466023640334
1.34126984126984	1.20672670729329
2.13993010385201	1.49928104371442
1.74587912087912	0.540532358716774
2.27211716644205	0.897666915434314
2.15204908050177	1.64007174563611
1.90550012388248	1.02900953407805
2.13300937766411	1.33681884998843
2.38306161923183	1.23931345260993
2.09376030272615	0.870002561800258
2.23111496519985	1.03624741790413
2.04428957769919	0.802409967530302
1.68288866930171	1.22817050598973
1.70127642825011	0.796654326553654
1.77178840767076	0.826482825232099
1.85109636740072	1.28595569430005
2.24957264957265	1.52076260917332
1.85490460157127	1.4540669746342
1.97638312512478	1.29446716855651
2.10441871080416	0.933379274612001
2.15622119815668	0.844012555175307
1.79925920781536	0.816766356246416
1.9143384890188	1.19337226711454
1.85446921705745	1.04501971641559
2.03202474769812	1.09596429577312
1.96344075429215	1.19166032148581
2.15488446644633	1.52789105813293
1.95025891204012	0.823239322991157
1.79954740333348	1.155324461702
1.85521531100478	1.03048027030422
1.85763417868681	1.1138283331189
2.21630120109222	1.33173381855246
1.8589056455466	1.45342980534834
2.0230701754386	1.16088454156597
