NA	NA
NA	NA
NA	NA
1.05555555555556	0.682112730989371
1.26862026862027	0.5325243174461
1	0.652204239767245
NA	NA
1.26166666666667	0.46235107712486
1.31084656084656	0.636994999294127
NA	NA
NA	NA
1.175	0.637861492763607
NA	NA
NA	NA
1.11818181818182	0.562838482414944
NA	NA
1.37916666666667	0.672758169241961
NA	NA
NA	NA
NA	NA
NA	NA
NA	NA
NA	NA
NA	NA
1.38055555555556	0.801528801539344
NA	NA
NA	NA
NA	NA
NA	NA
1	0.571547606649408
1.16666666666667	0.65734219812218
NA	NA
1.05	1.12097942004583
NA	NA
NA	NA
1.06666666666667	0.709894793109479
NA	NA
NA	NA
NA	NA
NA	NA
NA	NA
NA	NA
1.06666666666667	0.74411269556681
NA	NA
1.13	0.827192186604931
1	0.54715876676645
NA	NA
NA	NA
NA	NA
NA	NA
NA	NA
NA	NA
NA	NA
1.05	0.893021148958283
1.3125	0.719345231254364
NA	NA
NA	NA
NA	NA
NA	NA
NA	NA
1.075	0.669265766842042
1	0.793148809501474
NA	NA
NA	NA
NA	NA
NA	NA
NA	NA
NA	NA
1	0.721687836487032
NA	NA
NA	NA
NA	NA
NA	NA
NA	NA
1.38234126984127	0.441606080976041
1	0.781101176301155
NA	NA
NA	NA
NA	NA
NA	NA
NA	NA
NA	NA
NA	NA
NA	NA
1.28571428571429	0.949728449075907
1.43386243386243	0.612397635689044
1.45087235996327	0.725183607572886
NA	NA
NA	NA
NA	NA
NA	NA
NA	NA
1	0.395284707521047
1.13333333333333	0.994739248667462
1.2542735042735	0.38401652786573
NA	NA
NA	NA
NA	NA
1.39949494949495	0.642374331013297
NA	NA
