NA	NA
NA	NA
NA	NA
NA	NA
NA	NA
1.11666666666667	0.789944520633577
NA	NA
NA	NA
NA	NA
1.44543650793651	0.675506301008815
NA	NA
NA	NA
1.21666666666667	0.940430981432982
1.115	0.449516200836872
NA	NA
NA	NA
NA	NA
1.30555555555556	0.630312865702399
1.37027777777778	0.737582445230131
NA	NA
NA	NA
NA	NA
1.1	0.421270858002864
NA	NA
1.1	0.585050382973367
NA	NA
NA	NA
1.08571428571429	0.61447230667578
1.1	0.82663978450915
NA	NA
NA	NA
1	0.374742710089779
NA	NA
NA	NA
NA	NA
NA	NA
NA	NA
NA	NA
NA	NA
NA	NA
1.25571428571429	0.597125262392365
NA	NA
NA	NA
NA	NA
1.15	0.73156352095029
1	0.632455532033676
1.13333333333333	0.565467139999976
NA	NA
NA	NA
NA	NA
NA	NA
NA	NA
NA	NA
NA	NA
1.16666666666667	0.826826448118734
NA	NA
1	0.624598636558009
NA	NA
1.23376623376623	0.849504202596325
NA	NA
NA	NA
NA	NA
NA	NA
1.08333333333333	0.634307243386315
NA	NA
NA	NA
NA	NA
1.21818181818182	0.636671539611006
0.95	0.574939610355345
1.30543900543901	0.639605676940261
1.09166666666667	0.310440746021078
NA	NA
NA	NA
NA	NA
NA	NA
1.16	0.523709466153011
NA	NA
1.08333333333333	0.680277721065285
NA	NA
1.23892195767196	0.619140608380445
NA	NA
NA	NA
1.14285714285714	0.636698008275113
NA	NA
NA	NA
NA	NA
NA	NA
NA	NA
NA	NA
NA	NA
NA	NA
1.16666666666667	0.478713553878169
NA	NA
NA	NA
NA	NA
NA	NA
NA	NA
NA	NA
NA	NA
NA	NA
