0	5	3	3	2	4	2	2	3	2	1	5	2	3	1	4	4	3	2	3	3	3	1	3	2	3	2	2	4	4	4	4	4	3	4	1	3	3	4	3	2	2	3	2	5	1	4	4	4	3	2	5	4	3	3	3	4	3	3	3	1	2	3	3	3	4	4	2	3	3	3	4	4	4	3	3	3	2	2	3	3	3	5	4	2	4	4	3	3	2	2	2	3	5	3	3	2	3	4	1	2
5	42	54	37	33	55	45	32	33	53	28	55	39	42	43	48	37	29	35	46	49	32	42	40	18	47	32	34	48	39	50	52	47	41	53	24	38	28	59	47	46	19	46	31	47	16	46	46	57	57	33	68	42	29	38	42	41	37	33	37	35	42	33	44	44	43	48	35	41	32	41	40	43	45	31	34	31	28	40	45	35	47	46	47	41	45	45	46	37	36	33	54	51	41	42	49	34	66	49	61	35
10	116	111	84	110	128	100	109	115	105	92	126	98	104	144	117	110	96	88	112	129	100	100	95	79	116	114	115	113	191	93	135	98	111	156	93	131	103	115	116	127	92	127	123	127	68	137	112	127	120	110	129	132	97	108	130	111	114	107	111	97	153	93	90	115	115	116	95	75	106	89	123	85	108	92	103	108	118	109	120	97	78	124	114	118	121	122	107	94	105	116	114	150	107	130	118	90	117	106	88	103
15	211	245	177	176	192	204	134	166	103	167	210	193	197	173	168	211	160	102	204	195	199	208	200	149	107	134	228	196	187	218	202	184	188	212	177	172	184	141	181	207	156	178	185	316	140	153	174	186	227	214	190	238	182	127	154	166	191	134	190	194	209	173	215	198	181	192	201	142	172	201	186	131	203	191	171	184	186	170	215	179	185	250	182	186	188	198	172	169	183	183	170	179	184	148	213	155	195	175	158	181
20	369	192	186	247	229	216	270	225	154	256	300	254	299	263	139	266	391	258	179	266	297	279	262	210	272	249	297	188	259	261	189	296	169	288	257	296	263	272	280	278	225	313	288	259	216	231	267	288	288	173	410	279	235	235	489	254	259	246	243	251	329	276	258	398	275	297	255	260	364	199	279	267	323	233	254	323	261	242	257	191	308	287	269	254	290	326	112	265	265	248	263	305	167	390	279	263	263	309	228	248
25	565	382	325	260	337	589	428	226	418	268	393	358	345	394	241	555	327	302	269	341	355	367	255	288	357	319	311	849	322	255	411	339	315	349	334	338	384	597	608	369	357	477	306	461	306	340	241	347	394	382	382	337	283	340	326	219	262	356	242	353	566	398	331	564	424	353	332	472	329	513	265	365	282	344	343	431	197	450	491	312	399	519	440	207	356	350	268	346	283	347	540	335	606	451	295	238	358	348	381	352
30	502	684	609	470	479	2214	485	424	777	428	455	561	453	775	321	942	985	372	905	524	577	705	601	376	506	406	485	1103	422	597	312	421	421	796	387	550	489	581	754	318	410	469	498	879	390	866	355	517	438	598	651	668	304	397	588	426	393	707	785	344	1243	518	1219	429	334	560	487	1121	437	539	573	528	671	430	949	631	591	252	350	390	461	614	566	387	374	834	420	411	528	360	1215	1025	427	587	565	419	444	486	622	456
35	4386	1440	1879	483	1347	9942	1730	851	856	1125	525	7431	2723	1809	827	1978	999	1471	722	2837	637	7004	3128	426	625	529	460	831	1026	682	996	274	1773	1140	770	1206	870	7525	1479	1509	603	4494	1711	18323	262	945	785	1259	1033	3708	1867	3203	893	1813	1946	1681	608	993	1306	651	10277	657	1431	707	1065	701	1313	4624	1745	2808	989	1834	2340	523	10196	949	874	1230	603	833	1589	773	1722	820	661	1354	594	1100	2126	1307	8550	2187	874	1131	881	1375	4798	1199	6445	3523
40	20697	12289	3320	746	21751	39766	18705	2674	6346	17444	1896	34025	22623	15463	3557	23910	28055	21821	5811	18857	2249	30464	7433	909	4667	5889	12630	4204	19853	4561	5582	1704	12949	12660	2766	23399	8700	34474	22009	11419	8608	24626	6629	46305	669	6258	10186	1462	3592	22365	32403	21060	3957	8887	23992	9266	1351	14395	15480	2805	32263	5333	9901	4838	7399	1817	3167	30262	11276	27112	4779	12031	19890	1303	32103	9633	3228	3753	4579	6387	16533	8435	4907	5246	4219	1917	826	8032	17015	16471	35101	25531	1389	19030	3690	10169	29404	15903	28800	13390
45	44877	40535	17729	3049	44167	45284	44385	21854	33694	38122	31560	45320	44248	39846	23303	45683	44731	45748	36027	42448	27194	46466	35297	7060	31125	25503	34946	31731	39806	31017	32046	16051	40256	37104	24572	46729	33438	46554	43383	31699	30948	46425	29392	40745	3116	36873	34162	6393	22615	43518	48148	43556	22098	30144	43458	36474	13651	38172	46052	7404	47427	19554	42940	31318	40638	29480	27139	46913	36813	46531	26894	35020	46516	13824	48656	36513	25946	30077	24155	31080	38654	35232	29365	29636	20971	28962	8452	34770	39016	41296	46430	46414	26138	40298	31416	30304	46741	37411	45626	40729
50	37986	45771	41126	34373	41046	14515	40532	42725	46097	44520	47151	28834	40112	45957	45687	39331	38300	40976	47464	42884	45477	31838	47877	30049	46163	46209	46864	47600	44314	46466	48224	38233	46309	45303	46301	38482	47842	26802	41260	47343	46469	36155	45177	1469	21714	44912	44383	32471	42418	42137	25071	39837	44329	46443	40743	46832	42515	45445	42572	38319	28553	43800	43358	47286	46685	46567	45262	31467	47080	34329	48382	46956	38479	35210	27613	46290	44931	47542	45823	47076	45094	46166	46478	46645	41207	45429	30457	45640	45969	46554	26511	38517	45583	44755	48295	46896	32593	45346	35599	45336
55	3267	17230	44139	45594	2378	564	2540	41727	27919	12278	31288	598	1972	8229	36789	1037	1520	1891	21283	4417	32439	1260	19671	45701	33173	35967	28310	28814	10842	31249	25949	44735	14700	21759	36470	1470	23846	1298	6768	29513	30967	1929	33368	197	45643	19792	27634	47248	41326	3381	620	2906	39223	29888	3547	18297	42940	18363	3231	46232	537	42236	4346	28649	14908	33630	35775	574	15288	773	31836	22822	1523	45529	1141	18019	34620	32281	35391	30855	14723	19130	31182	33177	40681	30225	47703	28279	7507	13719	485	4134	38909	14229	30092	29450	695	17151	1252	7488
60	237	401	8304	24279	213	104	284	1958	793	264	729	78	220	321	4676	206	136	389	336	353	960	118	385	31160	1425	2643	409	609	286	916	1128	22800	294	495	1561	202	907	108	307	621	578	168	1328	27	40169	390	735	27837	3287	247	96	143	7672	729	227	592	5701	539	294	17238	283	2341	412	786	257	699	3322	82	691	195	1051	365	161	16859	104	341	1053	566	1961	600	494	521	694	1150	3597	1300	31528	1907	407	241	108	154	5782	201	486	1206	135	428	165	202
65	63	53	293	517	62	7	25	231	98	23	108	7	30	30	404	55	21	92	93	88	86	5	79	1337	125	194	115	120	88	160	134	608	81	89	313	51	92	19	88	100	56	56	84	1	1546	115	127	574	154	24	4	12	159	162	9	126	513	123	31	601	92	454	98	219	74	96	431	4	149	11	216	99	30	407	5	92	310	85	186	67	53	135	126	185	414	114	603	153	142	217	6	13	235	52	90	98	5	40	15	94
70	1	1	25	185	1	NA	0	22	5	1	5	0	0	0	66	3	0	2	1	4	7	NA	2	140	20	41	3	7	2	18	3	200	4	1	40	1	3	NA	9	6	2	3	3	NA	148	5	34	144	88	1	NA	0	9	31	1	4	96	2	0	46	14	99	9	12	11	7	40	NA	7	NA	10	6	0	85	NA	3	74	5	17	2	3	4	29	32	26	8	142	11	9	53	0	NA	14	1	3	11	NA	1	NA	3
75	NA	NA	0	16	NA	NA	NA	1	NA	NA	NA	NA	NA	NA	7	NA	NA	NA	NA	NA	NA	NA	NA	14	NA	1	NA	NA	NA	1	NA	13	NA	NA	1	NA	NA	NA	NA	NA	NA	NA	NA	NA	15	NA	0	25	1	NA	NA	NA	0	1	NA	NA	2	NA	NA	2	0	17	NA	NA	NA	NA	1	NA	NA	NA	NA	NA	NA	1	NA	NA	2	NA	0	NA	NA	NA	1	0	1	NA	10	NA	NA	1	NA	NA	0	NA	NA	NA	NA	NA	NA	NA
80	NA	NA	NA	0	NA	NA	NA	NA	NA	NA	NA	NA	NA	NA	NA	NA	NA	NA	NA	NA	NA	NA	NA	1	NA	NA	NA	NA	NA	NA	NA	NA	NA	NA	NA	NA	NA	NA	NA	NA	NA	NA	NA	NA	0	NA	NA	0	NA	NA	NA	NA	NA	NA	NA	NA	NA	NA	NA	NA	NA	NA	NA	NA	NA	NA	NA	NA	NA	NA	NA	NA	NA	NA	NA	NA	NA	NA	NA	NA	NA	NA	NA	NA	NA	NA	0	NA	NA	NA	NA	NA	NA	NA	NA	NA	NA	NA	NA	NA
