0	1	2	3	1	2	3	2	1	2	2	3	2	3	1	1	1	2	1	1	2	2	2	1	3	2	1	3	2	1	1	2	1	2	2	2	1	2	2	1	3	1	1	1	1	1	1	2	2	1	2	2	1	2	1	1	2	2	2	2	3	1	3	3	1	1	2	2	2	3	1	1	4	2	2	1	3	2	1	1	1	2	2	2	2	2	1	3	2	1	2	2	3	1	1	3	2	3	2	1	2
5	10	23	21	8	9	9	9	6	10	8	16	12	18	9	5	12	14	11	1	5	7	13	9	8	6	9	12	16	10	10	14	3	9	18	2	6	13	14	2	11	8	6	8	2	13	6	8	10	15	15	15	12	7	7	12	11	14	7	8	12	4	12	11	9	2	10	7	15	24	7	9	15	7	9	8	10	16	5	7	8	9	4	19	17	8	1	11	16	7	8	10	10	4	6	10	4	12	4	NA	10
10	22	32	27	18	20	16	8	19	28	7	32	25	22	25	17	24	35	24	NA	7	17	31	17	18	7	12	21	25	23	25	31	14	20	38	11	6	22	33	8	25	29	19	23	6	21	21	22	28	13	26	23	32	16	26	28	22	23	13	10	32	5	23	17	16	2	12	20	29	41	7	19	19	19	14	19	16	35	15	9	22	16	16	29	27	19	2	10	27	12	16	12	11	5	20	24	11	20	9	NA	12
15	37	22	27	26	25	22	17	34	50	20	49	29	24	23	47	29	38	28	NA	9	26	55	29	24	8	25	26	14	44	24	29	19	36	52	28	14	41	62	15	41	50	25	32	17	47	24	32	37	21	34	30	37	22	27	58	46	33	28	13	37	9	27	31	24	2	16	30	34	66	10	29	27	27	33	33	15	48	21	17	33	42	27	39	42	29	14	24	24	28	31	14	34	11	38	40	28	51	8	NA	29
20	44	36	41	46	31	43	34	37	57	41	73	36	50	31	86	34	56	37	NA	22	26	88	42	43	12	37	43	17	61	40	32	19	53	64	28	23	90	115	28	46	90	38	50	26	49	26	54	32	43	57	44	47	18	77	74	70	36	44	23	40	17	36	36	27	12	43	32	48	111	26	23	29	37	49	59	16	58	39	19	49	82	21	43	62	60	13	39	39	45	58	32	62	18	56	52	26	25	19	NA	38
25	83	69	57	96	49	71	37	36	95	36	94	45	70	64	108	60	74	74	NA	31	37	148	63	55	29	43	40	27	65	61	37	18	64	105	43	56	138	134	35	74	130	53	83	43	79	52	63	52	60	64	49	74	19	116	117	99	43	53	44	60	28	72	44	36	22	84	49	63	164	39	37	57	67	88	104	36	88	53	23	94	93	11	74	94	90	36	44	62	88	60	47	80	41	55	81	38	65	42	NA	41
30	109	110	78	139	52	122	64	62	103	52	142	49	81	120	160	79	82	94	NA	30	49	196	123	105	41	73	38	29	96	53	59	23	94	169	33	74	201	215	36	138	185	88	130	64	104	63	97	82	51	107	71	101	27	188	164	170	56	52	69	85	42	99	63	67	41	105	76	70	218	57	52	95	104	94	125	59	149	63	28	99	153	19	69	170	124	64	82	84	116	39	64	121	84	72	95	62	112	78	NA	74
35	119	132	87	163	51	175	96	68	162	60	168	72	128	144	183	141	111	118	NA	42	71	254	182	119	57	98	78	40	129	84	71	29	124	258	41	89	261	291	70	158	246	96	203	81	128	88	115	146	64	127	101	104	23	254	258	304	56	62	89	109	74	153	84	105	43	133	110	65	239	72	69	164	142	107	187	68	252	75	27	88	211	37	80	240	146	93	75	113	168	47	70	190	123	80	101	69	142	106	NA	101
40	132	179	135	251	67	229	126	140	243	98	220	94	173	236	272	209	183	158	NA	56	100	359	239	131	65	172	139	48	205	102	81	44	171	335	40	114	371	461	109	189	362	115	271	101	127	118	142	171	105	221	161	120	54	367	408	426	95	66	147	125	92	230	138	116	66	234	142	91	287	92	81	220	213	128	246	84	365	74	53	122	321	83	119	323	215	123	94	154	210	85	95	238	188	109	116	110	242	148	NA	121
45	191	257	160	331	119	296	168	192	353	147	270	123	189	358	394	297	177	234	NA	89	115	457	338	177	83	272	178	43	266	126	119	78	221	465	60	141	492	677	138	274	497	205	341	152	164	229	186	219	132	314	257	142	95	545	576	584	149	72	226	176	104	416	197	159	83	350	193	125	410	115	112	277	298	187	344	103	507	118	106	174	444	136	126	419	302	189	120	275	308	117	164	357	214	164	156	135	356	196	NA	171
50	257	366	186	509	164	382	206	274	537	183	370	157	270	484	539	415	265	349	NA	146	132	663	391	258	111	408	213	62	395	173	149	108	303	668	108	206	579	910	191	348	679	279	413	226	277	310	334	286	188	486	374	190	147	761	807	885	190	142	298	240	114	527	280	230	77	440	305	173	611	149	125	396	361	258	510	153	685	154	152	221	575	223	179	564	403	232	168	324	390	157	235	494	310	220	214	217	538	260	NA	257
55	332	482	221	739	259	509	272	356	754	225	558	202	342	723	666	549	376	429	NA	216	151	967	617	349	202	543	286	97	535	260	172	140	437	845	155	300	881	1249	277	521	879	402	672	286	435	410	385	408	248	676	499	263	191	1026	1070	1188	255	184	399	341	151	704	396	341	118	547	435	262	804	176	157	553	491	302	665	223	935	206	214	332	735	259	219	756	527	304	232	515	577	241	336	709	451	281	295	374	727	376	NA	375
60	458	616	311	978	385	726	374	514	1126	304	703	301	518	1000	856	754	455	541	NA	324	222	1258	832	431	292	762	346	123	746	338	208	209	554	1112	217	440	1225	1720	360	711	1254	555	941	403	625	551	533	571	256	916	741	334	217	1392	1446	1647	313	246	537	469	182	1031	491	564	220	760	605	337	1085	237	199	746	673	416	829	302	1181	266	257	473	988	357	296	983	697	460	277	754	809	316	430	1002	625	355	424	486	895	527	NA	535
65	608	747	447	1247	496	927	485	712	1423	395	887	369	746	1338	1130	1031	611	702	NA	458	285	1720	1211	517	381	1080	481	174	1114	431	264	216	840	1510	314	531	1598	2314	467	1016	1683	803	1356	535	793	777	785	813	351	1279	1049	439	260	1875	1893	2135	426	343	698	635	264	1368	629	801	302	992	957	445	1527	322	279	1021	977	593	1103	415	1670	320	432	702	1232	501	441	1356	836	661	407	1015	1195	439	560	1354	855	469	524	644	1247	779	NA	712
70	923	1039	624	1776	647	1183	636	1012	1905	531	1151	485	1054	1866	1613	1422	862	1029	NA	596	396	2242	1661	691	520	1530	653	261	1593	625	334	309	1132	2112	412	711	2225	3100	723	1247	2367	1010	1895	696	1127	1067	1059	1064	498	1662	1380	622	360	2723	2444	3001	576	536	1030	910	356	1853	825	1030	358	1346	1308	593	2048	395	409	1410	1489	826	1503	547	2275	378	556	942	1638	672	646	2021	1147	923	579	1218	1677	583	759	1858	1199	613	820	881	1776	1073	NA	996
75	1293	1430	817	2425	886	1622	833	1227	2609	781	1725	668	1399	2542	2152	1947	1111	1401	NA	783	533	2980	2183	985	771	2148	983	355	2107	905	479	454	1615	2912	524	923	3149	4037	919	1631	3263	1354	2506	947	1495	1487	1441	1389	631	2482	1897	817	481	3572	3188	4020	851	777	1345	1118	498	2515	1229	1497	535	1984	1717	780	2740	539	551	1846	2031	1112	2077	720	3060	500	817	1302	2146	876	827	2846	1663	1325	746	1714	2124	767	1057	2551	1631	954	1082	1115	2329	1414	NA	1277
80	1655	1956	1087	3526	1134	2202	1131	1530	3440	1163	2328	979	2069	3449	2755	2718	1502	1966	NA	1049	738	4132	2923	1328	1098	2872	1361	477	2994	1270	622	687	2292	3910	673	1231	4264	5507	1199	2199	4363	1817	3275	1319	2003	2003	2050	1861	791	3507	2585	1044	627	4751	4280	5481	1193	1215	1790	1533	750	3294	1758	1846	739	2822	2542	1123	3616	781	704	2470	3040	1633	2852	1004	4261	623	1050	1814	2878	1175	1090	3936	2183	1830	956	2244	2630	1069	1348	3311	2287	1230	1546	1563	3052	1924	NA	1695
85	2123	2742	1565	4691	1493	3000	1613	2098	4670	1500	3043	1389	2922	4739	3782	3773	1977	2697	NA	1404	945	5198	3934	1867	1469	3807	1921	674	4120	1698	908	884	3318	5478	993	1682	5494	7270	1547	2922	5642	2452	4437	1874	2617	2745	2783	2474	1073	4865	3380	1382	753	6157	5481	7086	1624	1690	2466	2015	1050	4284	2419	2389	838	3720	3455	1568	4896	1154	1026	3214	4193	2138	3883	1394	5352	914	1397	2585	3867	1622	1512	5338	2984	2537	1295	3009	3401	1542	1740	4411	2901	1759	2034	2255	3962	2696	NA	2155
90	2900	3870	2290	6104	2084	4130	2205	2780	6158	1970	4292	1937	3792	6071	4939	5096	2575	3394	NA	1926	1317	6813	4957	2481	2031	5132	2637	884	5393	2404	1278	1169	4219	7188	1452	2363	6917	9169	2045	3949	7206	3237	5936	2480	3373	3544	3724	3300	1521	6185	4701	1787	978	7847	6854	8956	2178	2200	3400	2678	1516	5993	3358	3005	1200	4940	4551	2079	6525	1573	1459	4399	5477	2936	4888	1985	6909	1225	1860	3406	5111	2255	1910	6882	3911	3374	1726	4005	4416	2230	2387	5650	3987	2375	2692	3146	5478	3713	NA	3033
95	3810	5120	3056	7984	2797	5456	2851	3501	7784	2727	5869	2478	4956	7712	6116	6874	3479	4245	NA	2516	1774	8557	6296	3214	2643	6727	3278	1277	6952	3269	1662	1538	5519	9108	2077	3079	8835	11174	2743	5116	9161	4307	7875	3270	4424	4664	4887	4541	2097	7772	6169	2375	1294	9667	8781	10995	2935	2915	4666	3401	2128	7617	4329	3799	1581	6323	5975	2886	8408	2115	1963	5736	7017	3908	6384	2641	8949	1692	2528	4333	6575	3168	2389	8916	5270	4335	2471	5012	5560	2952	3348	7134	5095	3186	3669	4020	6755	4919	NA	3844
100	4926	6477	3991	10325	3766	6983	3623	4552	9675	3689	7355	3332	6556	9965	7891	8553	4415	5519	NA	3413	2301	10448	8180	4486	3683	8068	4495	1824	8972	4240	2293	2092	7154	11203	2890	3903	10676	13155	3786	6512	10976	5698	9677	4380	5789	6041	6333	5865	2735	9409	7694	3150	1717	11740	10537	12787	3898	4012	6097	4564	2875	9583	5547	4980	2064	8059	7399	4028	10324	2776	2711	7543	8745	5175	8398	3397	10707	2201	3482	5805	8332	4421	3177	11235	6493	5670	3440	6590	7119	3843	4395	8939	6609	4461	4900	5237	8325	6431	NA	5087
105	6167	8136	5273	12405	4769	8633	4902	5946	11723	4815	9526	4509	8600	12084	9717	10497	5856	6861	NA	4676	3030	12057	10238	5927	4915	9612	5696	2384	10877	5546	3092	2934	8919	13129	3882	5169	12637	14236	5016	8184	13003	7275	11670	5695	7130	7646	8107	7642	3655	11193	9577	4228	2392	13440	12346	13982	5316	5255	7744	5796	3759	11810	7305	6561	2896	9526	9341	5383	12510	3764	3672	9596	10464	6980	10028	4348	12783	3086	4644	7709	10188	5894	3985	13171	8253	7002	4501	8477	8680	5049	5742	11041	8369	5665	6124	6738	10139	8205	NA	6518
110	8031	10014	6858	13819	6124	10311	6186	7567	13457	6150	11482	5976	10711	13593	11949	12351	7668	8442	NA	6038	4048	13936	12165	7695	6422	11680	7593	3199	12526	7383	3888	4011	10924	14677	5132	6476	14265	14785	6453	10243	14351	9123	13544	7361	9082	9753	9796	9491	4886	12984	11357	5357	3387	14286	14059	14697	6808	6843	9731	7424	4899	13506	9168	7987	3565	11510	11020	6832	14325	5030	4625	11833	12439	8787	11732	5713	14245	3990	6057	9802	11959	7458	5181	14521	10122	8625	6204	10368	10348	6582	7687	12915	10623	7018	7708	8219	11714	9868	NA	8414
115	9901	11761	8856	14844	7771	12339	7918	9293	14612	7796	13189	7685	12714	14438	14119	13962	9506	10359	NA	7751	5231	14441	13721	9458	8076	13339	9529	4331	14019	9597	5022	5320	12814	15590	6790	8319	14914	14155	8290	12051	14698	10910	14406	9352	10996	11950	11374	11329	6290	14247	13083	6880	4415	14585	14774	14647	8520	8662	11648	9259	6240	14472	11178	9468	4430	13193	12842	8703	15166	6528	5901	13464	14052	10778	12921	7360	14493	5052	7780	11724	13723	9133	6552	15169	12207	10161	7883	12444	11627	8394	9715	14226	12340	8766	9186	10127	13097	11506	NA	10421
120	12125	13463	10941	15006	9421	14059	9833	11401	14898	9602	14757	10085	14251	14739	15438	14982	11484	12135	NA	9994	6674	14062	14991	11469	9977	14213	11287	5546	14538	11668	6642	6791	14354	15098	8903	9981	14814	12765	10353	13890	14364	12388	15045	10976	12824	13757	12774	13598	8094	15228	14375	8879	5564	13931	14095	13367	10537	10759	13492	11088	8020	14864	12592	11346	5688	14124	13876	10766	14671	8368	7804	14735	14774	12751	13602	9167	14130	6802	9819	13322	14086	11133	8539	14567	13741	11929	9646	13889	13169	10383	11437	14731	13869	10754	11071	12125	14089	13045	NA	11865
125	13455	14252	12992	13675	11243	15240	11823	13273	13793	11708	15234	12118	15149	13933	15338	14592	13332	13555	NA	12202	8466	12492	14756	13439	11730	14455	13045	7038	14381	13527	8482	8595	14936	13194	11286	11489	13131	10066	12262	14775	12722	14210	14171	12786	14377	15101	13948	14525	9792	14516	14890	10791	7122	12005	12684	10474	12269	12551	15045	13222	10300	13771	13878	12976	7264	14032	14234	12465	13466	10191	9848	15112	14467	14458	13904	11087	12578	8631	11741	14581	14284	12695	10367	12761	14931	13298	11557	14495	13863	12613	13573	14160	14992	12438	12738	13502	14452	14038	NA	13221
130	14648	14312	14552	11227	12882	14775	13449	14618	12137	13437	14793	13823	14793	11895	13853	13256	14566	13817	NA	14041	10460	10554	13325	14562	13339	13810	14445	8858	13083	14742	10713	10418	14276	10531	13513	13019	10798	7475	13682	14612	10462	14870	11967	14029	14827	14930	14145	14962	11444	12421	14259	12336	8832	9488	10477	8066	14221	13935	15454	14290	12137	11740	14073	14273	9223	13295	13446	14383	11198	12190	11986	14165	12833	15118	13184	13048	10514	10304	13272	14540	13098	13689	11820	10560	14975	14056	12940	14372	13652	14006	14947	12528	14396	13915	14003	14609	13430	14146	NA	14191
135	14498	13533	15273	8779	14380	13022	14573	14643	9730	14502	12639	14932	13240	9234	11250	11060	15122	13708	NA	14913	12437	8276	11009	14683	14307	11797	14831	10886	10891	15325	12784	12328	12701	7485	14893	14073	7625	5140	14980	13637	7707	14232	9394	14748	14044	13957	13380	13934	12953	9501	11988	13203	10774	6465	8132	5550	15235	14516	14174	14107	14028	9390	13492	14633	11147	11355	12000	15467	8575	13713	14151	12231	10648	15050	11210	14474	8152	12092	14355	13614	11356	14402	13182	8045	13630	13740	14021	13233	12562	14722	15318	10142	12768	14755	14606	14717	11260	13096	NA	14393
140	13374	11715	14791	6381	15088	10618	14790	13933	6613	14606	9707	14894	10778	6791	8292	8346	14074	12343	NA	14772	13908	5850	8609	13983	14472	9068	14106	12621	8115	14654	14100	13873	10396	4787	14995	14146	4984	3281	14782	11247	5062	13024	6987	14163	12411	12176	11765	12179	14168	6943	9308	13750	12737	4240	5437	3348	14737	14191	11907	13327	15051	6850	12295	13701	12800	9032	10040	14819	5885	14533	15252	9529	8446	13084	8741	15378	5581	13847	14698	11954	8649	14425	14088	5445	11190	12477	14586	10841	10457	14700	14108	7412	11103	14387	14233	13634	8622	11361	NA	13587
145	11319	8984	13088	4288	14250	7934	13695	12191	4026	13786	7104	13755	8125	4338	5713	5819	12019	10543	NA	13981	14734	3896	5909	12219	13473	6363	12267	13732	5596	12576	14850	14623	7545	2619	14206	13345	2873	1940	13628	8458	3113	10662	4735	12638	10080	9156	9525	9760	14669	4613	6632	13646	14154	2685	3244	1922	13213	13274	9486	11904	14747	4509	10526	11679	13943	6666	7669	13124	3528	14307	14727	6560	6029	10832	6266	14947	3399	14765	13866	9795	6104	12708	14062	3331	8193	10320	13767	8299	8057	13296	11895	4899	8639	13140	12079	11579	5911	9225	NA	11559
150	8852	6467	10452	2616	12383	5359	11536	9720	2411	11834	4614	11790	5894	2523	3788	3818	9295	8098	NA	12113	14454	2474	3824	9706	11706	4045	9746	14024	3415	9811	14395	14408	5184	1403	12528	11482	1772	1002	11250	5837	1747	7578	2779	10137	7292	6333	6945	7307	14124	2760	4464	12753	14841	1606	1877	1007	10546	11025	6576	9885	13415	2969	8251	8765	14236	4761	5187	10546	2055	13322	13455	4273	3848	8075	4358	12917	2048	14646	11709	7364	4014	10500	13039	1839	5399	8046	12031	5726	5629	11134	8946	3014	5971	10869	9318	8658	3668	6831	NA	8584
155	6352	4142	7564	1408	9197	3427	8836	7023	1367	9455	2567	9209	3727	1315	2292	2112	6575	5725	NA	9268	13039	1329	2271	6890	9236	2380	6937	13766	1936	6785	12769	12971	3138	722	10294	8946	1169	445	8099	3696	831	4802	1518	7611	4756	3751	4702	4755	12129	1472	2820	10525	14207	862	916	442	8049	8128	4219	7695	11330	1811	5686	6131	13869	3141	3250	7924	1067	11223	11483	2482	2088	5300	2800	9856	1070	13436	9134	5029	2359	7685	11021	894	3370	5800	9574	3481	3605	8369	6249	1675	3591	7635	6950	5699	2125	4612	NA	5579
160	4048	2352	4935	788	6335	2003	6369	4281	723	6575	1323	6523	2038	625	1071	1211	4268	3780	NA	6371	10656	669	1157	4301	6766	1256	4710	12135	990	4324	10545	10624	1760	372	7794	6397	637	225	5525	2031	352	2856	758	4773	2883	2248	2956	2551	9230	709	1610	7958	12669	436	412	192	5354	5794	2414	4839	8745	985	3506	4037	12190	1862	1987	5464	496	8462	9078	1418	1143	3177	1696	6770	483	11060	6559	2977	1221	4993	8497	401	2027	3845	6987	1914	2212	5619	4397	957	1870	5214	4559	3416	1275	2848	NA	3614
165	2169	1173	3105	356	3949	992	4150	2325	411	4084	620	4189	1053	247	422	701	2511	2276	NA	3819	8029	294	583	2701	4265	636	2826	10139	522	2470	8018	8271	1045	138	5340	4029	315	140	3669	936	170	1466	302	2793	1563	1301	1593	1245	6268	343	909	5661	10280	169	147	77	3334	3485	1121	2730	6079	483	1701	2323	9517	1027	1164	3436	246	6021	6200	782	617	1657	990	4249	223	8055	4185	1582	579	3309	5903	200	1143	2318	4708	1066	1229	3474	2905	518	1007	3057	2706	1971	689	1642	NA	2199
170	1042	578	1734	139	2339	439	2343	1088	178	2603	237	2422	570	81	179	423	1369	1325	NA	2223	5457	120	245	1490	2458	264	1628	7749	250	1291	5606	5889	532	65	3496	2231	138	58	2235	377	93	735	137	1673	715	609	812	559	4018	168	457	3739	7243	61	54	39	1854	1960	531	1479	3959	202	838	1205	7211	558	520	1784	129	3893	4103	447	266	748	573	2453	97	5310	2659	737	284	1960	3691	80	673	1436	2959	602	582	2076	1547	248	531	1650	1497	1081	346	915	NA	1359
175	479	307	939	44	1191	183	1256	472	67	1399	69	1334	308	25	86	185	590	682	NA	1185	3335	49	104	821	1425	112	869	5582	124	654	3515	3947	256	25	1990	1170	53	40	1272	180	43	356	62	865	384	288	429	250	2352	80	174	2122	4755	23	13	21	1106	1180	217	761	2253	93	397	685	4775	269	277	801	39	2166	2330	218	101	316	305	1179	42	3220	1584	304	110	939	2166	34	323	958	1708	312	280	1161	767	112	275	833	787	568	176	467	NA	652
180	212	191	512	16	597	75	570	213	23	668	21	676	154	12	36	53	276	363	NA	674	1851	25	26	332	761	54	449	3960	38	315	1964	2288	116	5	1008	560	12	13	593	60	17	191	32	424	155	120	179	134	1262	25	76	1141	2940	23	NA	3	620	703	55	318	1203	45	181	322	2966	118	152	341	12	1203	1248	64	48	129	141	477	20	1870	835	130	42	399	1054	24	137	539	803	123	165	522	388	51	100	410	392	249	88	240	NA	296
185	123	64	244	20	397	43	271	67	7	283	11	349	59	8	25	29	116	158	NA	314	975	15	8	142	332	19	237	2326	10	190	951	1148	58	1	516	266	6	8	263	28	6	73	13	149	74	55	38	75	663	15	39	545	1716	12	NA	2	319	363	24	144	576	37	92	173	1625	59	65	141	7	669	648	15	26	55	62	203	12	1097	435	67	21	190	496	3	75	305	379	41	97	254	210	16	48	144	168	94	46	123	NA	150
190	45	37	134	8	219	16	134	24	1	126	1	172	28	8	11	28	60	66	NA	133	602	5	2	62	209	9	113	1157	14	127	473	488	24	NA	295	132	3	3	128	15	8	28	2	45	29	38	15	20	326	8	11	250	870	9	NA	NA	156	180	12	62	253	28	49	90	947	10	29	45	8	386	275	3	16	33	31	105	7	609	267	24	8	89	247	NA	22	179	170	17	40	121	111	5	14	57	69	43	21	63	NA	74
195	48	24	50	4	143	4	52	14	NA	48	NA	99	8	9	0	11	44	32	NA	68	335	2	NA	13	117	5	59	637	4	76	241	227	22	NA	187	59	8	1	69	8	2	10	NA	27	12	22	6	9	141	12	4	90	464	5	NA	NA	88	86	7	17	94	11	34	46	545	4	12	15	2	225	83	7	17	23	17	52	3	352	136	6	3	25	119	NA	2	68	62	10	8	59	65	0	1	21	48	13	11	32	NA	34
200	26	14	18	2	54	0	23	6	NA	13	NA	33	2	8	NA	4	24	26	NA	29	165	NA	NA	3	73	7	22	362	1	66	139	118	16	NA	108	37	2	NA	16	4	NA	5	NA	19	4	9	1	8	72	5	3	44	228	NA	NA	NA	49	28	NA	7	41	10	28	26	262	3	3	2	NA	111	38	NA	13	14	7	27	2	196	69	2	1	5	96	NA	NA	32	43	5	15	27	27	NA	1	3	27	10	3	4	NA	15
205	24	6	3	NA	29	NA	8	0	NA	2	NA	21	NA	7	NA	0	8	8	NA	9	73	NA	NA	1	51	1	5	227	NA	35	61	58	10	NA	41	18	3	NA	9	4	NA	4	NA	6	NA	2	NA	2	44	1	1	6	83	NA	NA	NA	22	21	NA	0	24	11	15	10	113	NA	NA	NA	NA	52	20	NA	12	3	2	8	NA	79	29	NA	NA	1	62	NA	NA	16	15	1	10	18	26	NA	1	NA	7	9	NA	2	NA	8
210	13	2	NA	NA	21	NA	4	NA	NA	NA	NA	11	NA	0	NA	NA	5	2	NA	2	30	NA	NA	NA	22	NA	1	91	NA	20	21	36	1	NA	6	16	3	NA	5	1	NA	3	NA	0	NA	3	NA	NA	20	NA	NA	0	42	NA	NA	NA	13	7	NA	NA	13	6	7	7	53	NA	NA	NA	NA	26	20	NA	5	NA	NA	6	NA	29	14	NA	NA	NA	28	NA	NA	7	6	NA	0	7	22	NA	2	NA	2	4	NA	2	NA	4
215	10	1	NA	NA	14	NA	NA	NA	NA	NA	NA	13	NA	NA	NA	NA	5	1	NA	NA	4	NA	NA	NA	19	NA	NA	42	NA	10	18	6	NA	NA	2	13	1	NA	4	NA	NA	1	NA	NA	NA	2	NA	NA	7	NA	NA	NA	24	NA	NA	NA	2	0	NA	NA	5	NA	1	3	20	NA	NA	NA	NA	9	14	NA	3	NA	NA	NA	NA	14	5	NA	NA	NA	14	NA	NA	2	1	NA	NA	2	8	NA	NA	NA	NA	11	NA	NA	NA	7
220	4	NA	NA	NA	4	NA	NA	NA	NA	NA	NA	13	NA	NA	NA	NA	0	NA	NA	NA	1	NA	NA	NA	31	NA	NA	13	NA	1	3	NA	NA	NA	NA	7	NA	NA	3	NA	NA	1	NA	NA	NA	NA	NA	NA	2	NA	NA	NA	18	NA	NA	NA	NA	NA	NA	NA	2	NA	NA	1	8	NA	NA	NA	NA	0	2	NA	NA	NA	NA	NA	NA	9	10	NA	NA	NA	4	NA	NA	2	NA	NA	NA	4	1	NA	NA	NA	NA	3	NA	NA	NA	3
225	NA	NA	NA	NA	NA	NA	NA	NA	NA	NA	NA	4	NA	NA	NA	NA	NA	NA	NA	NA	1	NA	NA	NA	17	NA	NA	6	NA	NA	NA	NA	NA	NA	NA	7	NA	NA	0	NA	NA	NA	NA	NA	NA	NA	NA	NA	NA	NA	NA	NA	14	NA	NA	NA	NA	NA	NA	NA	NA	NA	NA	NA	3	NA	NA	NA	NA	NA	NA	NA	NA	NA	NA	NA	NA	2	2	NA	NA	NA	NA	NA	NA	NA	NA	NA	NA	1	NA	NA	NA	NA	NA	NA	NA	NA	NA	2
230	NA	NA	NA	NA	NA	NA	NA	NA	NA	NA	NA	5	NA	NA	NA	NA	NA	NA	NA	NA	NA	NA	NA	NA	4	NA	NA	3	NA	NA	NA	NA	NA	NA	NA	NA	NA	NA	NA	NA	NA	NA	NA	NA	NA	NA	NA	NA	NA	NA	NA	NA	6	NA	NA	NA	NA	NA	NA	NA	NA	NA	NA	NA	NA	NA	NA	NA	NA	NA	NA	NA	NA	NA	NA	NA	NA	NA	NA	NA	NA	NA	NA	NA	NA	NA	NA	NA	NA	0	NA	NA	NA	NA	NA	NA	NA	NA	NA	NA
235	NA	NA	NA	NA	NA	NA	NA	NA	NA	NA	NA	NA	NA	NA	NA	NA	NA	NA	NA	NA	NA	NA	NA	NA	NA	NA	NA	4	NA	NA	NA	NA	NA	NA	NA	NA	NA	NA	NA	NA	NA	NA	NA	NA	NA	NA	NA	NA	NA	NA	NA	NA	2	NA	NA	NA	NA	NA	NA	NA	NA	NA	NA	NA	NA	NA	NA	NA	NA	NA	NA	NA	NA	NA	NA	NA	NA	NA	NA	NA	NA	NA	NA	NA	NA	NA	NA	NA	NA	NA	NA	NA	NA	NA	NA	NA	NA	NA	NA	NA
240	NA	NA	NA	NA	NA	NA	NA	NA	NA	NA	NA	NA	NA	NA	NA	NA	NA	NA	NA	NA	NA	NA	NA	NA	NA	NA	NA	NA	NA	NA	NA	NA	NA	NA	NA	NA	NA	NA	NA	NA	NA	NA	NA	NA	NA	NA	NA	NA	NA	NA	NA	NA	2	NA	NA	NA	NA	NA	NA	NA	NA	NA	NA	NA	NA	NA	NA	NA	NA	NA	NA	NA	NA	NA	NA	NA	NA	NA	NA	NA	NA	NA	NA	NA	NA	NA	NA	NA	NA	NA	NA	NA	NA	NA	NA	NA	NA	NA	NA	NA
245	NA	NA	NA	NA	NA	NA	NA	NA	NA	NA	NA	NA	NA	NA	NA	NA	NA	NA	NA	NA	NA	NA	NA	NA	NA	NA	NA	NA	NA	NA	NA	NA	NA	NA	NA	NA	NA	NA	NA	NA	NA	NA	NA	NA	NA	NA	NA	NA	NA	NA	NA	NA	1	NA	NA	NA	NA	NA	NA	NA	NA	NA	NA	NA	NA	NA	NA	NA	NA	NA	NA	NA	NA	NA	NA	NA	NA	NA	NA	NA	NA	NA	NA	NA	NA	NA	NA	NA	NA	NA	NA	NA	NA	NA	NA	NA	NA	NA	NA	NA
