0	1	1	1	2	2	1	2	1	3	1	1	1	1	1	1	3	3	1	1	1	1	1	1	1	1	2	2	1	1	2	1	1	2	1	1	1	2	1	1	1	1	1	2	1	1	1	1	1	2	1	1	2	2	1	1	2	1	2	1	1	1	2	1	2	2	2	1	1	3	1	1	1	3	1	1	2	1	1	3	1	2	1	1	1	2	2	2	1	2	1	2	1	1	3	2	2	2	1	1	1
5	10	5	6	3	8	1	1	5	5	NA	2	11	6	5	11	0	7	4	3	8	9	5	4	6	3	4	3	NA	0	4	5	4	10	6	3	1	6	9	4	6	4	2	4	0	5	2	2	0	2	4	NA	7	6	1	3	5	2	8	4	5	2	5	6	3	3	8	3	3	4	7	0	8	4	2	1	8	4	3	10	2	8	3	6	3	8	4	2	7	18	8	9	1	3	6	6	6	4	NA	2	3
10	22	11	12	2	14	2	NA	8	6	NA	10	19	6	2	13	NA	9	11	7	9	8	7	4	5	4	5	3	NA	NA	7	10	2	5	9	5	4	7	9	11	15	17	6	6	NA	2	1	3	NA	3	6	NA	12	7	NA	6	5	10	9	2	13	2	7	11	9	8	14	0	5	9	8	NA	9	4	2	1	14	8	1	7	6	10	4	11	0	14	8	NA	7	14	10	10	NA	0	13	10	9	7	NA	4	6
15	6	11	15	9	14	1	NA	17	11	NA	19	23	5	10	21	NA	11	16	10	9	7	23	2	8	8	6	4	NA	NA	9	10	8	11	9	3	6	15	17	13	20	25	8	5	NA	7	NA	6	NA	11	7	NA	5	6	NA	7	8	11	7	10	16	NA	5	14	10	9	14	NA	5	12	15	NA	14	13	2	NA	15	5	2	19	9	16	3	12	NA	23	11	NA	9	24	7	7	NA	NA	18	17	13	10	NA	4	7
20	9	7	22	13	13	NA	NA	13	28	NA	18	17	4	11	17	NA	6	36	20	17	6	27	NA	15	7	7	16	NA	NA	17	10	10	6	5	NA	8	21	34	5	16	36	6	12	NA	5	NA	6	NA	19	9	NA	9	8	NA	8	6	9	4	11	11	NA	2	11	9	3	19	NA	4	9	13	NA	27	13	13	NA	32	1	1	27	12	20	4	18	NA	28	13	NA	6	12	2	4	NA	NA	21	22	14	13	NA	11	13
25	11	3	25	17	5	NA	NA	14	22	NA	15	10	4	13	15	NA	3	31	16	22	10	24	NA	23	11	4	18	NA	NA	20	18	9	8	3	NA	4	23	33	4	14	51	4	13	NA	3	NA	10	NA	16	12	NA	9	6	NA	4	1	6	8	9	20	NA	3	15	15	9	20	NA	NA	14	9	NA	26	11	22	NA	27	2	0	24	18	20	8	13	NA	23	24	NA	5	8	2	NA	NA	NA	25	19	15	14	NA	12	18
30	20	5	20	15	1	NA	NA	14	15	NA	8	8	7	23	14	NA	3	29	17	23	6	24	NA	22	23	6	21	NA	NA	11	18	5	2	1	NA	7	23	33	1	21	51	9	9	NA	5	NA	6	NA	10	11	NA	11	9	NA	5	NA	3	10	13	20	NA	NA	13	29	2	19	NA	NA	19	7	NA	26	24	20	NA	43	6	NA	27	31	29	14	13	NA	29	25	NA	6	9	NA	NA	NA	NA	23	17	17	15	NA	28	15
35	30	3	24	17	NA	NA	NA	18	13	NA	6	6	5	14	13	NA	10	35	15	11	3	35	NA	9	23	11	15	NA	NA	13	39	13	3	2	NA	8	17	32	1	13	67	26	5	NA	6	NA	15	NA	17	12	NA	14	10	NA	5	NA	2	18	17	22	NA	NA	8	24	NA	15	NA	NA	13	16	NA	22	22	27	NA	41	8	NA	33	33	36	10	20	NA	45	20	NA	8	11	NA	NA	NA	NA	27	13	18	20	NA	26	20
40	33	9	41	11	NA	NA	NA	25	14	NA	12	7	8	19	14	NA	10	35	15	14	4	54	NA	5	28	10	19	NA	NA	12	44	11	2	2	NA	3	19	31	NA	11	88	24	3	NA	5	NA	20	NA	25	17	NA	17	16	NA	10	NA	1	18	22	20	NA	NA	11	28	NA	17	NA	NA	8	7	NA	32	17	38	NA	45	10	NA	35	52	36	5	23	NA	33	20	NA	13	7	NA	NA	NA	NA	27	9	25	24	NA	20	20
45	25	4	36	21	NA	NA	NA	20	8	NA	14	7	12	23	18	NA	5	39	16	20	3	52	NA	6	37	12	31	NA	NA	9	36	14	3	0	NA	NA	26	30	NA	24	115	37	4	NA	15	NA	22	NA	29	17	NA	28	26	NA	5	NA	5	24	24	19	NA	NA	12	22	NA	13	NA	NA	11	6	NA	39	22	47	NA	41	11	NA	39	47	32	3	18	NA	25	31	NA	13	13	NA	NA	NA	NA	22	20	32	25	NA	19	29
50	38	0	37	29	NA	NA	NA	26	19	NA	11	9	14	26	12	NA	6	39	12	25	8	50	NA	5	37	9	25	NA	NA	12	25	13	3	NA	NA	NA	24	29	NA	29	141	46	10	NA	13	NA	26	NA	24	10	NA	15	19	NA	2	NA	9	37	24	23	NA	NA	7	28	NA	9	NA	NA	3	7	NA	46	19	41	NA	40	15	NA	44	40	43	NA	22	NA	22	31	NA	4	17	NA	NA	NA	NA	18	23	39	20	NA	20	25
55	42	NA	38	18	NA	NA	NA	33	11	NA	17	7	8	12	11	NA	1	35	16	17	7	69	NA	10	53	17	29	NA	NA	17	33	8	2	NA	NA	NA	30	42	NA	32	146	35	9	NA	14	NA	39	NA	26	14	NA	8	20	NA	2	NA	15	44	27	37	NA	NA	4	31	NA	17	NA	NA	2	8	NA	51	12	36	NA	39	10	NA	53	40	34	NA	21	NA	17	33	NA	4	23	NA	NA	NA	NA	19	26	56	22	NA	13	35
60	39	NA	38	24	NA	NA	NA	28	9	NA	16	6	10	10	5	NA	1	23	20	21	11	79	NA	8	72	20	40	NA	NA	12	41	16	3	NA	NA	NA	34	64	NA	36	156	44	8	NA	13	NA	42	NA	31	11	NA	13	38	NA	NA	NA	19	45	37	36	NA	NA	5	39	NA	18	NA	NA	2	7	NA	52	13	33	NA	33	10	NA	66	43	29	NA	16	NA	16	30	NA	3	24	NA	NA	NA	NA	22	25	59	31	NA	27	31
65	35	NA	34	24	NA	NA	NA	29	7	NA	8	4	12	17	3	NA	NA	22	22	27	9	78	NA	6	70	23	47	NA	NA	25	44	18	8	NA	NA	NA	37	67	NA	53	178	50	11	NA	20	NA	47	NA	51	12	NA	18	38	NA	NA	NA	19	47	40	33	NA	NA	8	50	NA	19	NA	NA	2	9	NA	79	15	45	NA	38	14	NA	45	48	35	NA	13	NA	25	37	NA	4	26	NA	NA	NA	NA	14	27	57	17	NA	36	35
70	49	NA	62	35	NA	NA	NA	42	10	NA	11	0	9	30	2	NA	NA	28	24	31	15	78	NA	13	69	27	48	NA	NA	26	50	21	11	NA	NA	NA	52	52	NA	58	189	49	9	NA	20	NA	52	NA	54	10	NA	22	45	NA	NA	NA	25	41	40	24	NA	NA	5	49	NA	17	NA	NA	3	10	NA	77	15	49	NA	35	16	NA	55	62	49	NA	13	NA	36	28	NA	2	19	NA	NA	NA	NA	26	44	60	23	NA	28	32
75	54	NA	37	42	NA	NA	NA	53	9	NA	9	NA	11	25	9	NA	NA	34	16	26	13	103	NA	14	77	31	46	NA	NA	44	53	19	8	NA	NA	NA	68	75	NA	66	208	58	9	NA	32	NA	55	NA	50	11	NA	32	44	NA	NA	NA	23	45	58	26	NA	NA	8	57	NA	15	NA	NA	2	8	NA	69	22	29	NA	42	21	NA	58	72	51	NA	11	NA	42	36	NA	4	16	NA	NA	NA	NA	29	50	76	18	NA	26	29
80	47	NA	24	60	NA	NA	NA	49	6	NA	6	NA	12	12	13	NA	NA	38	9	21	17	128	NA	14	80	29	47	NA	NA	49	45	28	6	NA	NA	NA	90	74	NA	75	238	63	6	NA	33	NA	68	NA	42	6	NA	34	56	NA	NA	NA	28	66	81	29	NA	NA	9	58	NA	10	NA	NA	6	6	NA	88	26	31	NA	43	16	NA	39	88	60	NA	15	NA	42	45	NA	3	9	NA	NA	NA	NA	46	55	94	20	NA	31	32
85	41	NA	26	63	NA	NA	NA	78	9	NA	7	NA	14	14	13	NA	NA	33	17	27	10	120	NA	17	105	33	44	NA	NA	50	72	33	5	NA	NA	NA	92	90	NA	63	271	78	5	NA	37	NA	59	NA	37	5	NA	30	58	NA	NA	NA	26	77	80	30	NA	NA	7	62	NA	14	NA	NA	4	4	NA	101	18	28	NA	27	12	NA	26	94	79	NA	17	NA	35	48	NA	1	8	NA	NA	NA	NA	54	56	109	20	NA	38	41
90	30	NA	42	68	NA	NA	NA	98	12	NA	4	NA	16	17	16	NA	NA	42	23	31	17	115	NA	22	115	26	53	NA	NA	40	96	41	6	NA	NA	NA	60	90	NA	65	306	94	5	NA	43	NA	74	NA	51	10	NA	34	67	NA	NA	NA	29	67	76	16	NA	NA	5	70	NA	32	NA	NA	9	6	NA	97	19	29	NA	32	18	NA	19	80	84	NA	19	NA	42	66	NA	NA	2	NA	NA	NA	NA	48	55	141	19	NA	26	52
95	35	NA	39	83	NA	NA	NA	109	17	NA	8	NA	17	19	25	NA	NA	37	18	29	17	136	NA	21	109	31	59	NA	NA	41	111	28	6	NA	NA	NA	70	90	NA	53	280	106	6	NA	38	NA	72	NA	30	15	NA	56	73	NA	NA	NA	47	57	87	11	NA	NA	5	56	NA	33	NA	NA	12	8	NA	106	15	36	NA	21	19	NA	26	64	118	NA	12	NA	56	74	NA	NA	3	NA	NA	NA	NA	44	56	148	33	NA	36	41
100	44	NA	40	98	NA	NA	NA	179	25	NA	17	NA	18	20	30	NA	NA	43	16	30	13	172	NA	25	119	32	76	NA	NA	45	123	31	8	NA	NA	NA	90	115	NA	93	349	105	10	NA	30	NA	61	NA	32	20	NA	69	74	NA	NA	NA	56	61	80	13	NA	NA	6	55	NA	32	NA	NA	12	6	NA	100	16	44	NA	38	11	NA	29	60	144	NA	12	NA	54	85	NA	NA	8	NA	NA	NA	NA	32	78	104	48	NA	38	41
105	63	NA	44	109	NA	NA	NA	184	29	NA	12	NA	22	23	28	NA	NA	49	19	16	14	175	NA	26	151	34	83	NA	NA	28	150	31	10	NA	NA	NA	75	74	NA	99	344	118	14	NA	29	NA	53	NA	44	25	NA	73	85	NA	NA	NA	58	77	70	15	NA	NA	12	70	NA	24	NA	NA	7	4	NA	100	10	42	NA	31	13	NA	26	73	146	NA	14	NA	41	106	NA	NA	9	NA	NA	NA	NA	28	75	100	42	NA	44	44
110	81	NA	34	127	NA	NA	NA	188	33	NA	11	NA	17	27	22	NA	NA	37	21	24	13	176	NA	31	170	46	101	NA	NA	33	137	40	9	NA	NA	NA	82	73	NA	92	373	128	4	NA	41	NA	52	NA	54	18	NA	58	113	NA	NA	NA	77	69	72	18	NA	NA	17	79	NA	28	NA	NA	19	1	NA	90	9	32	NA	32	11	NA	42	106	145	NA	15	NA	42	112	NA	NA	16	NA	NA	NA	NA	41	77	134	45	NA	46	41
115	64	NA	39	146	NA	NA	NA	196	32	NA	19	NA	24	17	14	NA	NA	54	23	33	7	179	NA	31	209	54	80	NA	NA	34	135	40	10	NA	NA	NA	84	78	NA	78	391	158	2	NA	35	NA	59	NA	52	15	NA	64	120	NA	NA	NA	69	77	88	22	NA	NA	19	100	NA	22	NA	NA	18	NA	NA	98	6	47	NA	28	11	NA	29	102	120	NA	21	NA	38	96	NA	NA	19	NA	NA	NA	NA	48	85	152	38	NA	49	33
120	63	NA	29	162	NA	NA	NA	208	24	NA	12	NA	21	28	13	NA	NA	74	20	39	5	180	NA	39	229	58	93	NA	NA	48	123	34	4	NA	NA	NA	94	80	NA	66	425	158	2	NA	50	NA	59	NA	66	10	NA	69	128	NA	NA	NA	76	80	77	24	NA	NA	21	121	NA	17	NA	NA	18	NA	NA	119	2	69	NA	29	21	NA	64	109	128	NA	26	NA	44	93	NA	NA	26	NA	NA	NA	NA	68	95	171	40	NA	55	29
125	75	NA	20	180	NA	NA	NA	204	37	NA	7	NA	19	23	8	NA	NA	63	16	37	6	189	NA	44	260	71	104	NA	NA	45	149	43	11	NA	NA	NA	101	95	NA	69	496	179	5	NA	43	NA	77	NA	77	7	NA	81	119	NA	NA	NA	80	84	93	39	NA	NA	23	144	NA	15	NA	NA	14	NA	NA	101	2	81	NA	27	29	NA	65	96	136	NA	25	NA	49	108	NA	NA	38	NA	NA	NA	NA	110	89	168	44	NA	50	35
130	73	NA	22	211	NA	NA	NA	255	55	NA	11	NA	18	19	4	NA	NA	65	25	34	10	212	NA	54	273	66	115	NA	NA	33	150	48	10	NA	NA	NA	110	93	NA	80	494	197	4	NA	42	NA	54	NA	58	9	NA	93	109	NA	NA	NA	80	92	105	51	NA	NA	16	107	NA	20	NA	NA	10	NA	NA	117	1	86	NA	24	25	NA	40	100	130	NA	25	NA	50	106	NA	NA	42	NA	NA	NA	NA	103	91	164	66	NA	66	37
135	68	NA	32	215	NA	NA	NA	281	66	NA	12	NA	16	14	3	NA	NA	73	29	51	10	179	NA	52	287	72	130	NA	NA	29	175	67	17	NA	NA	NA	79	94	NA	94	547	219	6	NA	42	NA	63	NA	44	12	NA	121	120	NA	NA	NA	83	106	121	50	NA	NA	25	75	NA	24	NA	NA	18	NA	NA	127	NA	77	NA	21	20	NA	50	117	135	NA	30	NA	57	106	NA	NA	43	NA	NA	NA	NA	109	90	149	65	NA	67	28
140	66	NA	30	249	NA	NA	NA	304	82	NA	18	NA	32	18	12	NA	NA	85	21	46	11	159	NA	47	322	61	157	NA	NA	41	196	58	21	NA	NA	NA	59	113	NA	65	517	211	8	NA	37	NA	53	NA	41	11	NA	121	136	NA	NA	NA	90	119	142	76	NA	NA	32	80	NA	15	NA	NA	14	NA	NA	109	NA	92	NA	29	19	NA	51	105	185	NA	31	NA	63	116	NA	NA	53	NA	NA	NA	NA	143	91	149	50	NA	74	31
145	86	NA	45	278	NA	NA	NA	320	80	NA	19	NA	51	39	10	NA	NA	73	24	44	6	188	NA	46	327	64	160	NA	NA	42	203	68	19	NA	NA	NA	70	123	NA	71	574	244	11	NA	35	NA	64	NA	30	20	NA	137	177	NA	NA	NA	82	99	159	54	NA	NA	29	110	NA	14	NA	NA	9	NA	NA	98	NA	76	NA	39	23	NA	40	138	189	NA	24	NA	73	136	NA	NA	47	NA	NA	NA	NA	119	94	176	72	NA	84	24
150	112	NA	45	315	NA	NA	NA	342	93	NA	31	NA	38	38	5	NA	NA	105	21	58	3	206	NA	43	348	75	168	NA	NA	61	202	78	13	NA	NA	NA	71	126	NA	78	637	246	12	NA	51	NA	58	NA	15	16	NA	142	184	NA	NA	NA	95	134	169	47	NA	NA	20	122	NA	15	NA	NA	14	NA	NA	104	NA	98	NA	33	33	NA	45	148	242	NA	26	NA	109	162	NA	NA	49	NA	NA	NA	NA	130	107	178	88	NA	87	30
155	108	NA	59	371	NA	NA	NA	378	83	NA	24	NA	30	24	10	NA	NA	99	25	54	4	221	NA	51	389	73	175	NA	NA	75	223	92	24	NA	NA	NA	78	114	NA	83	679	265	17	NA	51	NA	62	NA	27	12	NA	149	157	NA	NA	NA	78	128	147	59	NA	NA	9	144	NA	15	NA	NA	6	NA	NA	92	NA	93	NA	16	57	NA	43	172	288	NA	23	NA	127	171	NA	NA	66	NA	NA	NA	NA	100	108	195	106	NA	92	33
160	134	NA	71	392	NA	NA	NA	416	65	NA	16	NA	28	22	14	NA	NA	72	39	55	2	219	NA	53	392	58	170	NA	NA	80	219	102	32	NA	NA	NA	85	141	NA	101	685	271	17	NA	45	NA	54	NA	18	12	NA	145	155	NA	NA	NA	70	124	169	62	NA	NA	2	134	NA	21	NA	NA	2	NA	NA	85	NA	107	NA	19	58	NA	47	198	326	NA	26	NA	122	152	NA	NA	60	NA	NA	NA	NA	84	134	188	94	NA	90	26
165	141	NA	66	474	NA	NA	NA	465	65	NA	17	NA	18	25	11	NA	NA	78	30	30	1	248	NA	60	396	79	186	NA	NA	88	277	119	20	NA	NA	NA	57	110	NA	116	674	345	11	NA	42	NA	60	NA	22	11	NA	150	176	NA	NA	NA	78	165	180	56	NA	NA	1	174	NA	14	NA	NA	7	NA	NA	118	NA	99	NA	19	55	NA	64	218	303	NA	15	NA	144	171	NA	NA	58	NA	NA	NA	NA	87	158	229	112	NA	120	28
170	182	NA	60	500	NA	NA	NA	457	56	NA	33	NA	18	20	8	NA	NA	81	33	24	NA	292	NA	75	433	90	206	NA	NA	70	329	133	28	NA	NA	NA	54	112	NA	132	714	372	9	NA	53	NA	87	NA	19	11	NA	129	187	NA	NA	NA	77	180	184	40	NA	NA	NA	216	NA	13	NA	NA	12	NA	NA	141	NA	92	NA	33	39	NA	69	232	305	NA	21	NA	132	195	NA	NA	70	NA	NA	NA	NA	85	156	292	99	NA	106	22
175	216	NA	64	484	NA	NA	NA	433	56	NA	21	NA	15	25	2	NA	NA	68	39	30	NA	287	NA	96	420	79	235	NA	NA	82	298	141	31	NA	NA	NA	77	143	NA	165	719	348	15	NA	64	NA	82	NA	21	16	NA	150	206	NA	NA	NA	109	199	220	58	NA	NA	NA	221	NA	16	NA	NA	3	NA	NA	150	NA	108	NA	30	54	NA	68	252	345	NA	19	NA	131	185	NA	NA	43	NA	NA	NA	NA	83	180	250	91	NA	116	22
180	182	NA	77	562	NA	NA	NA	493	71	NA	18	NA	13	31	4	NA	NA	82	34	29	NA	322	NA	101	447	99	271	NA	NA	111	332	125	43	NA	NA	NA	104	143	NA	177	718	419	9	NA	77	NA	84	NA	11	18	NA	189	199	NA	NA	NA	121	207	289	52	NA	NA	NA	216	NA	22	NA	NA	3	NA	NA	155	NA	121	NA	35	60	NA	77	276	389	NA	29	NA	134	211	NA	NA	43	NA	NA	NA	NA	107	212	258	79	NA	121	25
185	184	NA	70	537	NA	NA	NA	540	73	NA	16	NA	16	23	2	NA	NA	64	20	30	NA	400	NA	89	444	81	328	NA	NA	109	377	156	56	NA	NA	NA	89	145	NA	183	718	472	12	NA	79	NA	94	NA	7	27	NA	178	207	NA	NA	NA	133	233	317	50	NA	NA	NA	221	NA	28	NA	NA	6	NA	NA	164	NA	117	NA	36	92	NA	78	347	427	NA	46	NA	143	241	NA	NA	31	NA	NA	NA	NA	161	203	275	78	NA	125	32
190	194	NA	82	575	NA	NA	NA	567	73	NA	33	NA	7	28	8	NA	NA	89	11	31	NA	397	NA	93	483	95	343	NA	NA	124	414	167	57	NA	NA	NA	82	163	NA	187	750	484	14	NA	71	NA	103	NA	6	35	NA	171	248	NA	NA	NA	156	284	316	48	NA	NA	NA	264	NA	29	NA	NA	10	NA	NA	189	NA	105	NA	24	87	NA	86	412	473	NA	70	NA	177	261	NA	NA	41	NA	NA	NA	NA	196	208	326	77	NA	133	36
195	206	NA	102	615	NA	NA	NA	579	73	NA	36	NA	5	46	5	NA	NA	109	12	39	NA	418	NA	116	549	112	313	NA	NA	114	404	215	48	NA	NA	NA	67	160	NA	198	779	519	21	NA	62	NA	115	NA	3	19	NA	190	249	NA	NA	NA	145	302	360	75	NA	NA	NA	303	NA	34	NA	NA	14	NA	NA	208	NA	119	NA	28	105	NA	94	456	517	NA	51	NA	202	237	NA	NA	28	NA	NA	NA	NA	200	194	333	110	NA	145	40
200	225	NA	99	702	NA	NA	NA	629	71	NA	49	NA	8	43	3	NA	NA	88	11	46	NA	484	NA	131	533	126	345	NA	NA	107	397	240	42	NA	NA	NA	75	152	NA	221	800	573	30	NA	63	NA	108	NA	4	15	NA	210	274	NA	NA	NA	149	294	396	87	NA	NA	NA	322	NA	47	NA	NA	8	NA	NA	237	NA	97	NA	25	112	NA	95	496	538	NA	65	NA	225	243	NA	NA	18	NA	NA	NA	NA	199	218	361	89	NA	138	65
205	232	NA	89	682	NA	NA	NA	663	75	NA	40	NA	3	43	5	NA	NA	99	12	26	NA	483	NA	125	526	130	365	NA	NA	137	414	216	44	NA	NA	NA	62	173	NA	234	867	547	46	NA	72	NA	100	NA	7	6	NA	199	262	NA	NA	NA	149	306	377	104	NA	NA	NA	356	NA	62	NA	NA	10	NA	NA	291	NA	118	NA	38	100	NA	93	550	623	NA	74	NA	256	264	NA	NA	22	NA	NA	NA	NA	220	221	312	92	NA	111	71
210	236	NA	104	778	NA	NA	NA	670	84	NA	58	NA	2	33	3	NA	NA	109	10	35	NA	532	NA	121	522	151	390	NA	NA	137	415	215	39	NA	NA	NA	71	206	NA	241	903	604	45	NA	67	NA	98	NA	9	11	NA	231	308	NA	NA	NA	160	321	373	91	NA	NA	NA	342	NA	47	NA	NA	9	NA	NA	296	NA	129	NA	44	106	NA	107	620	632	NA	79	NA	292	296	NA	NA	21	NA	NA	NA	NA	190	236	334	90	NA	141	53
215	250	NA	105	806	NA	NA	NA	754	99	NA	63	NA	3	39	7	NA	NA	101	7	54	NA	566	NA	119	545	176	408	NA	NA	152	475	189	42	NA	NA	NA	77	239	NA	224	978	650	30	NA	73	NA	125	NA	19	9	NA	304	340	NA	NA	NA	170	391	412	90	NA	NA	NA	359	NA	41	NA	NA	13	NA	NA	298	NA	158	NA	44	117	NA	85	676	624	NA	72	NA	320	347	NA	NA	23	NA	NA	NA	NA	174	246	388	100	NA	139	67
220	272	NA	91	854	NA	NA	NA	795	107	NA	60	NA	8	41	3	NA	NA	118	9	55	NA	598	NA	122	597	170	414	NA	NA	173	539	172	56	NA	NA	NA	85	277	NA	262	965	743	42	NA	87	NA	120	NA	27	8	NA	281	334	NA	NA	NA	194	410	401	85	NA	NA	NA	386	NA	52	NA	NA	6	NA	NA	284	NA	181	NA	58	127	NA	117	613	707	NA	69	NA	328	358	NA	NA	31	NA	NA	NA	NA	217	239	400	111	NA	142	61
225	286	NA	111	936	NA	NA	NA	903	100	NA	86	NA	3	56	3	NA	NA	115	2	70	NA	643	NA	99	605	198	422	NA	NA	183	552	215	80	NA	NA	NA	75	292	NA	304	1070	780	60	NA	111	NA	157	NA	29	1	NA	257	376	NA	NA	NA	202	413	410	79	NA	NA	NA	441	NA	57	NA	NA	4	NA	NA	316	NA	190	NA	67	138	NA	137	713	792	NA	70	NA	358	405	NA	NA	31	NA	NA	NA	NA	204	258	414	134	NA	192	65
230	330	NA	131	1028	NA	NA	NA	909	97	NA	105	NA	4	71	1	NA	NA	91	NA	90	NA	664	NA	93	611	170	464	NA	NA	220	608	244	98	NA	NA	NA	92	362	NA	271	1218	746	74	NA	132	NA	153	NA	35	NA	NA	249	394	NA	NA	NA	214	478	446	92	NA	NA	NA	461	NA	41	NA	NA	10	NA	NA	351	NA	212	NA	80	178	NA	154	814	798	NA	67	NA	400	412	NA	NA	37	NA	NA	NA	NA	231	291	452	118	NA	200	50
235	310	NA	118	1058	NA	NA	NA	989	79	NA	108	NA	9	51	6	NA	NA	93	NA	110	NA	725	NA	112	658	160	544	NA	NA	234	666	214	115	NA	NA	NA	87	373	NA	272	1139	801	63	NA	135	NA	134	NA	47	NA	NA	247	416	NA	NA	NA	229	464	539	99	NA	NA	NA	455	NA	41	NA	NA	11	NA	NA	352	NA	220	NA	64	208	NA	159	849	805	NA	80	NA	419	421	NA	NA	46	NA	NA	NA	NA	219	324	463	149	NA	246	61
240	339	NA	118	1103	NA	NA	NA	1022	95	NA	117	NA	8	49	7	NA	NA	76	NA	111	NA	719	NA	102	665	151	513	NA	NA	244	697	226	144	NA	NA	NA	81	423	NA	300	1226	893	81	NA	123	NA	115	NA	49	NA	NA	233	425	NA	NA	NA	205	492	551	126	NA	NA	NA	450	NA	53	NA	NA	7	NA	NA	360	NA	207	NA	61	227	NA	128	875	825	NA	89	NA	453	432	NA	NA	54	NA	NA	NA	NA	192	304	511	158	NA	271	64
245	372	NA	156	1200	NA	NA	NA	1046	102	NA	143	NA	7	44	14	NA	NA	94	NA	136	NA	667	NA	118	686	152	576	NA	NA	260	775	272	143	NA	NA	NA	94	399	NA	333	1269	940	98	NA	119	NA	98	NA	57	NA	NA	221	527	NA	NA	NA	210	486	543	112	NA	NA	NA	419	NA	61	NA	NA	13	NA	NA	375	NA	212	NA	67	265	NA	147	979	881	NA	103	NA	484	472	NA	NA	56	NA	NA	NA	NA	176	351	521	154	NA	311	65
250	332	NA	169	1271	NA	NA	NA	1078	105	NA	135	NA	20	51	14	NA	NA	110	NA	188	NA	685	NA	120	755	179	622	NA	NA	225	788	305	169	NA	NA	NA	105	407	NA	338	1312	1017	113	NA	124	NA	114	NA	46	NA	NA	263	515	NA	NA	NA	215	515	631	134	NA	NA	NA	400	NA	67	NA	NA	14	NA	NA	437	NA	227	NA	77	300	NA	145	991	878	NA	100	NA	504	433	NA	NA	71	NA	NA	NA	NA	212	418	528	174	NA	342	57
255	360	NA	202	1276	NA	NA	NA	1022	121	NA	124	NA	12	68	17	NA	NA	110	NA	205	NA	778	NA	138	794	181	676	NA	NA	231	727	347	171	NA	NA	NA	93	426	NA	354	1381	1073	109	NA	120	NA	112	NA	55	NA	NA	296	537	NA	NA	NA	263	528	691	113	NA	NA	NA	431	NA	72	NA	NA	13	NA	NA	456	NA	212	NA	59	294	NA	155	1029	904	NA	106	NA	575	475	NA	NA	65	NA	NA	NA	NA	287	371	550	189	NA	395	79
260	357	NA	219	1223	NA	NA	NA	1096	135	NA	134	NA	13	55	15	NA	NA	125	NA	220	NA	860	NA	145	819	165	717	NA	NA	249	802	402	159	NA	NA	NA	99	419	NA	421	1444	1095	110	NA	121	NA	131	NA	58	NA	NA	291	571	NA	NA	NA	259	525	729	143	NA	NA	NA	543	NA	76	NA	NA	15	NA	NA	488	NA	246	NA	51	329	NA	177	1099	953	NA	125	NA	660	524	NA	NA	65	NA	NA	NA	NA	270	420	603	145	NA	432	82
265	362	NA	216	1307	NA	NA	NA	1119	152	NA	130	NA	22	54	9	NA	NA	142	NA	226	NA	856	NA	160	851	174	780	NA	NA	297	839	415	164	NA	NA	NA	119	433	NA	429	1521	1154	102	NA	132	NA	124	NA	75	NA	NA	312	617	NA	NA	NA	266	548	777	137	NA	NA	NA	574	NA	89	NA	NA	19	NA	NA	521	NA	270	NA	44	329	NA	186	1112	1006	NA	124	NA	734	572	NA	NA	90	NA	NA	NA	NA	272	455	650	154	NA	478	109
270	376	NA	216	1321	NA	NA	NA	1097	190	NA	136	NA	38	53	3	NA	NA	153	NA	193	NA	873	NA	180	835	216	810	NA	NA	355	819	439	172	NA	NA	NA	109	455	NA	506	1555	1147	117	NA	127	NA	106	NA	88	NA	NA	355	573	NA	NA	NA	312	602	844	152	NA	NA	NA	582	NA	124	NA	NA	14	NA	NA	526	NA	242	NA	45	415	NA	176	1165	1074	NA	124	NA	774	683	NA	NA	79	NA	NA	NA	NA	272	480	726	170	NA	476	133
275	353	NA	260	1387	NA	NA	NA	1205	172	NA	112	NA	35	79	0	NA	NA	142	NA	243	NA	929	NA	163	789	228	859	NA	NA	394	911	514	162	NA	NA	NA	130	475	NA	554	1582	1221	164	NA	164	NA	99	NA	113	NA	NA	348	600	NA	NA	NA	325	649	876	140	NA	NA	NA	642	NA	135	NA	NA	9	NA	NA	578	NA	274	NA	51	404	NA	203	1211	1125	NA	113	NA	819	698	NA	NA	74	NA	NA	NA	NA	292	564	783	179	NA	446	115
280	377	NA	273	1465	NA	NA	NA	1260	194	NA	107	NA	28	59	NA	NA	NA	151	NA	275	NA	956	NA	167	872	240	884	NA	NA	403	962	543	178	NA	NA	NA	126	476	NA	567	1663	1321	160	NA	185	NA	97	NA	145	NA	NA	345	614	NA	NA	NA	360	668	942	160	NA	NA	NA	699	NA	147	NA	NA	16	NA	NA	606	NA	287	NA	48	415	NA	204	1293	1117	NA	72	NA	805	760	NA	NA	103	NA	NA	NA	NA	313	511	877	235	NA	504	126
285	416	NA	267	1401	NA	NA	NA	1294	204	NA	123	NA	21	54	NA	NA	NA	148	NA	304	NA	1051	NA	149	855	270	963	NA	NA	414	968	609	180	NA	NA	NA	159	565	NA	605	1618	1312	192	NA	152	NA	137	NA	124	NA	NA	306	687	NA	NA	NA	366	666	1040	174	NA	NA	NA	765	NA	162	NA	NA	15	NA	NA	612	NA	317	NA	65	398	NA	210	1433	1157	NA	70	NA	755	843	NA	NA	78	NA	NA	NA	NA	309	527	858	247	NA	570	137
290	420	NA	296	1413	NA	NA	NA	1274	230	NA	142	NA	26	61	NA	NA	NA	169	NA	348	NA	1115	NA	134	910	254	1055	NA	NA	387	896	586	184	NA	NA	NA	174	587	NA	575	1565	1311	219	NA	157	NA	183	NA	145	NA	NA	350	729	NA	NA	NA	334	677	1046	176	NA	NA	NA	854	NA	163	NA	NA	11	NA	NA	670	NA	317	NA	79	388	NA	196	1621	1231	NA	79	NA	822	816	NA	NA	97	NA	NA	NA	NA	342	559	908	260	NA	570	155
295	460	NA	325	1496	NA	NA	NA	1338	275	NA	131	NA	25	54	NA	NA	NA	193	NA	353	NA	1150	NA	148	945	326	1030	NA	NA	368	939	620	186	NA	NA	NA	200	649	NA	591	1607	1312	226	NA	175	NA	174	NA	159	NA	NA	388	809	NA	NA	NA	292	766	1010	168	NA	NA	NA	975	NA	197	NA	NA	4	NA	NA	781	NA	353	NA	94	430	NA	178	1728	1367	NA	93	NA	917	945	NA	NA	112	NA	NA	NA	NA	342	607	978	280	NA	610	146
300	453	NA	347	1448	NA	NA	NA	1380	330	NA	137	NA	29	59	NA	NA	NA	200	NA	387	NA	1156	NA	192	1046	389	1000	NA	NA	396	944	598	201	NA	NA	NA	196	692	NA	555	1643	1341	189	NA	163	NA	162	NA	168	NA	NA	448	806	NA	NA	NA	298	817	978	195	NA	NA	NA	1020	NA	221	NA	NA	1	NA	NA	719	NA	365	NA	110	434	NA	158	1780	1359	NA	98	NA	982	1000	NA	NA	135	NA	NA	NA	NA	376	683	1005	277	NA	638	142
305	477	NA	335	1408	NA	NA	NA	1468	329	NA	131	NA	31	82	NA	NA	NA	200	NA	394	NA	1180	NA	191	1013	387	1077	NA	NA	412	942	554	214	NA	NA	NA	227	609	NA	585	1743	1384	213	NA	160	NA	185	NA	155	NA	NA	501	805	NA	NA	NA	308	880	971	208	NA	NA	NA	1076	NA	208	NA	NA	2	NA	NA	791	NA	392	NA	142	404	NA	138	1594	1341	NA	106	NA	1017	1071	NA	NA	164	NA	NA	NA	NA	428	697	1029	316	NA	679	190
310	494	NA	377	1385	NA	NA	NA	1513	363	NA	134	NA	28	90	NA	NA	NA	218	NA	426	NA	1233	NA	231	1057	445	1153	NA	NA	456	984	576	227	NA	NA	NA	241	638	NA	641	1787	1427	232	NA	162	NA	182	NA	178	NA	NA	504	896	NA	NA	NA	391	881	1001	192	NA	NA	NA	1077	NA	209	NA	NA	3	NA	NA	848	NA	423	NA	145	422	NA	124	1591	1399	NA	101	NA	1059	1125	NA	NA	211	NA	NA	NA	NA	457	771	1091	322	NA	728	191
315	515	NA	385	1455	NA	NA	NA	1584	407	NA	154	NA	34	96	NA	NA	NA	204	NA	431	NA	1292	NA	272	1013	480	1223	NA	NA	485	1024	603	217	NA	NA	NA	227	688	NA	679	1804	1446	236	NA	161	NA	197	NA	229	NA	NA	530	1009	NA	NA	NA	435	850	1025	197	NA	NA	NA	1064	NA	228	NA	NA	2	NA	NA	889	NA	385	NA	158	483	NA	148	1624	1480	NA	112	NA	1079	1160	NA	NA	215	NA	NA	NA	NA	413	785	1145	329	NA	747	212
320	502	NA	359	1477	NA	NA	NA	1576	370	NA	171	NA	29	93	NA	NA	NA	211	NA	400	NA	1333	NA	244	1083	531	1276	NA	NA	504	1023	700	287	NA	NA	NA	258	751	NA	744	1894	1411	266	NA	172	NA	217	NA	216	NA	NA	572	1074	NA	NA	NA	469	890	1040	186	NA	NA	NA	1086	NA	242	NA	NA	3	NA	NA	938	NA	347	NA	168	481	NA	145	1623	1537	NA	140	NA	1171	1290	NA	NA	237	NA	NA	NA	NA	474	814	1227	342	NA	827	234
325	543	NA	340	1526	NA	NA	NA	1685	364	NA	153	NA	15	86	NA	NA	NA	256	NA	422	NA	1431	NA	233	1094	608	1283	NA	NA	521	1070	775	269	NA	NA	NA	233	766	NA	928	1814	1286	301	NA	172	NA	206	NA	219	NA	NA	574	1072	NA	NA	NA	509	927	1070	177	NA	NA	NA	1239	NA	281	NA	NA	1	NA	NA	949	NA	364	NA	208	493	NA	142	1652	1600	NA	141	NA	1256	1340	NA	NA	241	NA	NA	NA	NA	528	799	1214	372	NA	840	215
330	562	NA	394	1527	NA	NA	NA	1628	349	NA	123	NA	17	90	NA	NA	NA	281	NA	475	NA	1425	NA	257	1102	622	1305	NA	NA	532	1071	778	298	NA	NA	NA	244	786	NA	985	1814	1271	368	NA	204	NA	236	NA	229	NA	NA	598	1091	NA	NA	NA	552	980	1063	182	NA	NA	NA	1315	NA	348	NA	NA	NA	NA	NA	986	NA	379	NA	218	560	NA	132	1631	1611	NA	137	NA	1260	1321	NA	NA	229	NA	NA	NA	NA	548	824	1279	405	NA	866	190
335	578	NA	404	1630	NA	NA	NA	1520	345	NA	137	NA	23	93	NA	NA	NA	283	NA	501	NA	1377	NA	289	1217	632	1312	NA	NA	532	1130	850	342	NA	NA	NA	264	826	NA	966	1681	1339	322	NA	246	NA	264	NA	275	NA	NA	637	1158	NA	NA	NA	653	996	1021	185	NA	NA	NA	1366	NA	369	NA	NA	NA	NA	NA	1055	NA	425	NA	249	581	NA	128	1616	1609	NA	118	NA	1332	1437	NA	NA	229	NA	NA	NA	NA	505	819	1306	436	NA	946	200
340	624	NA	414	1632	NA	NA	NA	1517	345	NA	161	NA	27	92	NA	NA	NA	339	NA	506	NA	1393	NA	318	1278	660	1326	NA	NA	547	1268	805	337	NA	NA	NA	291	884	NA	1011	1629	1278	305	NA	276	NA	264	NA	292	NA	NA	660	1197	NA	NA	NA	632	1039	1111	219	NA	NA	NA	1516	NA	400	NA	NA	NA	NA	NA	1113	NA	451	NA	279	596	NA	158	1682	1699	NA	133	NA	1390	1439	NA	NA	208	NA	NA	NA	NA	541	862	1311	445	NA	931	234
345	675	NA	456	1662	NA	NA	NA	1580	342	NA	168	NA	37	92	NA	NA	NA	354	NA	496	NA	1383	NA	367	1348	756	1417	NA	NA	622	1308	843	361	NA	NA	NA	328	963	NA	1092	1598	1346	362	NA	259	NA	268	NA	275	NA	NA	777	1328	NA	NA	NA	673	1054	1161	252	NA	NA	NA	1625	NA	392	NA	NA	NA	NA	NA	1113	NA	522	NA	344	635	NA	191	1555	1666	NA	124	NA	1403	1443	NA	NA	255	NA	NA	NA	NA	507	845	1238	485	NA	994	249
350	708	NA	461	1656	NA	NA	NA	1621	373	NA	171	NA	52	154	NA	NA	NA	324	NA	528	NA	1385	NA	392	1372	789	1564	NA	NA	601	1296	859	360	NA	NA	NA	361	1028	NA	1079	1636	1351	450	NA	277	NA	263	NA	333	NA	NA	837	1450	NA	NA	NA	710	1094	1101	293	NA	NA	NA	1679	NA	415	NA	NA	NA	NA	NA	1156	NA	581	NA	332	608	NA	228	1548	1698	NA	137	NA	1541	1479	NA	NA	271	NA	NA	NA	NA	552	889	1302	542	NA	986	263
355	681	NA	460	1548	NA	NA	NA	1621	385	NA	175	NA	63	175	NA	NA	NA	370	NA	505	NA	1321	NA	373	1380	837	1597	NA	NA	656	1243	919	384	NA	NA	NA	391	1044	NA	1152	1572	1339	481	NA	314	NA	305	NA	352	NA	NA	887	1539	NA	NA	NA	719	1086	1058	334	NA	NA	NA	1790	NA	429	NA	NA	NA	NA	NA	1158	NA	587	NA	346	618	NA	261	1525	1668	NA	168	NA	1566	1550	NA	NA	296	NA	NA	NA	NA	577	952	1331	553	NA	1070	242
360	709	NA	502	1487	NA	NA	NA	1553	411	NA	188	NA	70	202	NA	NA	NA	370	NA	555	NA	1303	NA	394	1392	803	1600	NA	NA	665	1293	977	433	NA	NA	NA	450	1065	NA	1189	1525	1322	540	NA	394	NA	356	NA	370	NA	NA	904	1582	NA	NA	NA	772	1161	1096	362	NA	NA	NA	1851	NA	486	NA	NA	NA	NA	NA	1174	NA	612	NA	337	649	NA	240	1491	1602	NA	212	NA	1586	1575	NA	NA	364	NA	NA	NA	NA	630	981	1397	625	NA	1042	286
365	838	NA	551	1424	NA	NA	NA	1569	412	NA	204	NA	71	238	NA	NA	NA	337	NA	605	NA	1338	NA	380	1426	866	1551	NA	NA	687	1202	945	453	NA	NA	NA	515	1128	NA	1149	1476	1337	568	NA	414	NA	394	NA	452	NA	NA	919	1435	NA	NA	NA	868	1166	1067	378	NA	NA	NA	1914	NA	528	NA	NA	NA	NA	NA	1132	NA	625	NA	369	670	NA	231	1483	1599	NA	208	NA	1685	1551	NA	NA	373	NA	NA	NA	NA	627	975	1460	686	NA	1034	288
370	914	NA	675	1371	NA	NA	NA	1554	455	NA	226	NA	67	232	NA	NA	NA	399	NA	629	NA	1390	NA	404	1364	888	1455	NA	NA	701	1221	925	495	NA	NA	NA	542	1137	NA	1225	1426	1450	576	NA	376	NA	416	NA	413	NA	NA	954	1536	NA	NA	NA	954	1198	1073	405	NA	NA	NA	2038	NA	606	NA	NA	NA	NA	NA	1125	NA	689	NA	348	666	NA	242	1404	1667	NA	232	NA	1657	1516	NA	NA	366	NA	NA	NA	NA	655	1034	1496	652	NA	1080	289
375	922	NA	739	1345	NA	NA	NA	1447	480	NA	247	NA	65	270	NA	NA	NA	477	NA	623	NA	1398	NA	449	1429	958	1463	NA	NA	681	1231	921	482	NA	NA	NA	547	1194	NA	1308	1285	1398	635	NA	420	NA	414	NA	431	NA	NA	971	1561	NA	NA	NA	1000	1244	1078	421	NA	NA	NA	2052	NA	655	NA	NA	NA	NA	NA	1127	NA	676	NA	339	594	NA	249	1442	1660	NA	286	NA	1661	1647	NA	NA	451	NA	NA	NA	NA	724	1068	1500	626	NA	1091	327
380	918	NA	875	1291	NA	NA	NA	1359	537	NA	268	NA	70	273	NA	NA	NA	491	NA	635	NA	1373	NA	481	1423	1080	1576	NA	NA	717	1299	973	582	NA	NA	NA	572	1149	NA	1431	1236	1452	620	NA	449	NA	481	NA	502	NA	NA	991	1625	NA	NA	NA	969	1238	1064	503	NA	NA	NA	2064	NA	621	NA	NA	NA	NA	NA	1240	NA	666	NA	315	638	NA	239	1431	1602	NA	293	NA	1675	1675	NA	NA	528	NA	NA	NA	NA	735	1025	1513	675	NA	1093	312
385	979	NA	929	1269	NA	NA	NA	1233	562	NA	285	NA	62	288	NA	NA	NA	526	NA	706	NA	1332	NA	527	1463	1178	1578	NA	NA	773	1266	1001	697	NA	NA	NA	618	1087	NA	1546	1128	1482	631	NA	474	NA	522	NA	498	NA	NA	1062	1627	NA	NA	NA	1047	1301	1094	547	NA	NA	NA	2055	NA	645	NA	NA	NA	NA	NA	1221	NA	702	NA	334	657	NA	266	1462	1526	NA	273	NA	1726	1581	NA	NA	580	NA	NA	NA	NA	784	1087	1427	689	NA	1324	332
390	983	NA	928	1249	NA	NA	NA	1295	581	NA	358	NA	72	309	NA	NA	NA	547	NA	759	NA	1211	NA	584	1517	1227	1626	NA	NA	858	1310	1077	781	NA	NA	NA	700	1105	NA	1518	1065	1421	706	NA	500	NA	589	NA	559	NA	NA	1123	1705	NA	NA	NA	1027	1250	1109	574	NA	NA	NA	2090	NA	712	NA	NA	NA	NA	NA	1280	NA	753	NA	345	628	NA	276	1440	1547	NA	295	NA	1735	1596	NA	NA	657	NA	NA	NA	NA	796	1120	1326	706	NA	1401	330
395	1089	NA	984	1258	NA	NA	NA	1257	610	NA	375	NA	64	365	NA	NA	NA	572	NA	723	NA	1282	NA	637	1537	1300	1577	NA	NA	880	1313	1111	762	NA	NA	NA	762	1210	NA	1604	1007	1443	705	NA	524	NA	573	NA	575	NA	NA	1150	1737	NA	NA	NA	990	1297	1161	557	NA	NA	NA	2055	NA	768	NA	NA	NA	NA	NA	1246	NA	726	NA	371	659	NA	268	1460	1574	NA	260	NA	1731	1607	NA	NA	633	NA	NA	NA	NA	918	1168	1282	687	NA	1479	324
400	1121	NA	1031	1199	NA	NA	NA	1233	667	NA	394	NA	70	386	NA	NA	NA	580	NA	731	NA	1346	NA	649	1461	1364	1497	NA	NA	980	1248	1108	862	NA	NA	NA	776	1224	NA	1674	960	1425	814	NA	559	NA	642	NA	639	NA	NA	1314	1720	NA	NA	NA	1045	1256	1169	531	NA	NA	NA	2042	NA	741	NA	NA	NA	NA	NA	1271	NA	753	NA	391	681	NA	315	1452	1561	NA	259	NA	1682	1551	NA	NA	620	NA	NA	NA	NA	919	1205	1263	729	NA	1496	327
405	1189	NA	1092	1226	NA	NA	NA	1197	645	NA	392	NA	97	411	NA	NA	NA	611	NA	763	NA	1328	NA	595	1416	1415	1466	NA	NA	1108	1203	1130	867	NA	NA	NA	786	1277	NA	1707	881	1382	925	NA	602	NA	644	NA	722	NA	NA	1403	1669	NA	NA	NA	1080	1197	1136	611	NA	NA	NA	1926	NA	769	NA	NA	NA	NA	NA	1311	NA	777	NA	433	730	NA	322	1465	1461	NA	333	NA	1603	1619	NA	NA	644	NA	NA	NA	NA	953	1164	1301	704	NA	1431	329
410	1169	NA	1047	1113	NA	NA	NA	1188	660	NA	374	NA	89	428	NA	NA	NA	603	NA	773	NA	1315	NA	573	1404	1375	1350	NA	NA	1151	1254	1134	925	NA	NA	NA	778	1242	NA	1764	885	1367	1032	NA	619	NA	672	NA	736	NA	NA	1391	1724	NA	NA	NA	1060	1198	1153	615	NA	NA	NA	1913	NA	868	NA	NA	NA	NA	NA	1384	NA	796	NA	456	719	NA	289	1392	1514	NA	339	NA	1563	1663	NA	NA	642	NA	NA	NA	NA	993	1239	1231	651	NA	1452	340
415	1260	NA	1153	1020	NA	NA	NA	1170	676	NA	412	NA	84	482	NA	NA	NA	648	NA	779	NA	1228	NA	532	1283	1437	1330	NA	NA	1217	1232	1126	966	NA	NA	NA	749	1322	NA	1756	788	1271	1133	NA	656	NA	677	NA	724	NA	NA	1366	1653	NA	NA	NA	1084	1287	1222	663	NA	NA	NA	1869	NA	906	NA	NA	NA	NA	NA	1330	NA	880	NA	526	772	NA	309	1423	1469	NA	377	NA	1586	1564	NA	NA	668	NA	NA	NA	NA	1045	1278	1291	654	NA	1340	287
420	1253	NA	1158	927	NA	NA	NA	1055	682	NA	447	NA	82	516	NA	NA	NA	691	NA	715	NA	1142	NA	525	1220	1491	1317	NA	NA	1315	1195	1195	894	NA	NA	NA	845	1405	NA	1930	721	1225	1065	NA	729	NA	738	NA	735	NA	NA	1347	1609	NA	NA	NA	1043	1313	1221	689	NA	NA	NA	1911	NA	985	NA	NA	NA	NA	NA	1311	NA	944	NA	537	833	NA	336	1353	1421	NA	424	NA	1499	1537	NA	NA	689	NA	NA	NA	NA	1022	1304	1264	655	NA	1360	308
425	1279	NA	1142	857	NA	NA	NA	986	723	NA	471	NA	87	461	NA	NA	NA	748	NA	780	NA	1194	NA	584	1228	1516	1321	NA	NA	1305	1171	1294	947	NA	NA	NA	894	1382	NA	1861	711	1294	1071	NA	787	NA	812	NA	819	NA	NA	1379	1619	NA	NA	NA	1164	1304	1240	718	NA	NA	NA	1766	NA	1032	NA	NA	NA	NA	NA	1252	NA	965	NA	520	831	NA	372	1232	1479	NA	418	NA	1508	1515	NA	NA	726	NA	NA	NA	NA	1058	1317	1114	679	NA	1509	360
430	1286	NA	1182	852	NA	NA	NA	1022	788	NA	442	NA	87	490	NA	NA	NA	737	NA	792	NA	1094	NA	628	1162	1497	1185	NA	NA	1370	1163	1411	966	NA	NA	NA	831	1390	NA	1742	682	1179	1099	NA	828	NA	803	NA	751	NA	NA	1374	1525	NA	NA	NA	1158	1298	1262	733	NA	NA	NA	1582	NA	1093	NA	NA	NA	NA	NA	1271	NA	1007	NA	589	856	NA	362	1129	1390	NA	454	NA	1455	1490	NA	NA	729	NA	NA	NA	NA	1108	1364	1126	703	NA	1592	376
435	1307	NA	1284	811	NA	NA	NA	949	794	NA	514	NA	98	535	NA	NA	NA	763	NA	847	NA	1022	NA	674	1205	1546	1171	NA	NA	1462	1125	1437	1008	NA	NA	NA	910	1531	NA	1786	643	1142	1161	NA	905	NA	905	NA	758	NA	NA	1490	1391	NA	NA	NA	1180	1306	1332	750	NA	NA	NA	1599	NA	1108	NA	NA	NA	NA	NA	1142	NA	1121	NA	590	905	NA	366	1046	1434	NA	503	NA	1435	1405	NA	NA	846	NA	NA	NA	NA	1152	1424	1061	711	NA	1641	405
440	1237	NA	1253	805	NA	NA	NA	924	829	NA	576	NA	79	589	NA	NA	NA	787	NA	849	NA	1024	NA	691	1209	1470	1137	NA	NA	1564	1091	1519	951	NA	NA	NA	963	1568	NA	1691	590	1155	1201	NA	1056	NA	938	NA	769	NA	NA	1502	1351	NA	NA	NA	1243	1310	1362	784	NA	NA	NA	1550	NA	1043	NA	NA	NA	NA	NA	1156	NA	1208	NA	559	893	NA	383	1047	1339	NA	508	NA	1411	1352	NA	NA	814	NA	NA	NA	NA	1198	1396	1081	718	NA	1590	409
445	1209	NA	1290	762	NA	NA	NA	905	807	NA	575	NA	87	648	NA	NA	NA	783	NA	881	NA	952	NA	669	1143	1445	994	NA	NA	1617	1008	1510	1040	NA	NA	NA	1053	1601	NA	1808	586	1091	1178	NA	1021	NA	1016	NA	831	NA	NA	1570	1433	NA	NA	NA	1233	1285	1388	780	NA	NA	NA	1419	NA	1016	NA	NA	NA	NA	NA	1134	NA	1260	NA	630	941	NA	351	1084	1173	NA	511	NA	1374	1277	NA	NA	792	NA	NA	NA	NA	1192	1440	1095	700	NA	1566	376
450	1292	NA	1366	818	NA	NA	NA	870	815	NA	626	NA	89	701	NA	NA	NA	793	NA	916	NA	903	NA	725	1035	1428	1105	NA	NA	1568	1058	1517	1089	NA	NA	NA	1146	1536	NA	1694	586	1030	1254	NA	1065	NA	1075	NA	857	NA	NA	1600	1379	NA	NA	NA	1229	1173	1315	847	NA	NA	NA	1387	NA	1022	NA	NA	NA	NA	NA	1146	NA	1319	NA	642	941	NA	409	1016	1103	NA	526	NA	1354	1235	NA	NA	819	NA	NA	NA	NA	1120	1421	1135	703	NA	1596	381
455	1321	NA	1330	752	NA	NA	NA	832	836	NA	676	NA	86	758	NA	NA	NA	858	NA	886	NA	873	NA	787	1042	1479	1054	NA	NA	1600	1043	1547	1115	NA	NA	NA	1196	1543	NA	1717	512	999	1361	NA	1137	NA	1124	NA	909	NA	NA	1574	1400	NA	NA	NA	1274	1180	1271	924	NA	NA	NA	1365	NA	1050	NA	NA	NA	NA	NA	1169	NA	1332	NA	634	989	NA	400	1030	1131	NA	505	NA	1306	1278	NA	NA	823	NA	NA	NA	NA	1193	1458	1012	648	NA	1576	383
460	1308	NA	1414	727	NA	NA	NA	734	830	NA	768	NA	69	780	NA	NA	NA	886	NA	908	NA	816	NA	855	969	1437	1065	NA	NA	1735	990	1591	1178	NA	NA	NA	1288	1498	NA	1705	519	950	1453	NA	1109	NA	1235	NA	960	NA	NA	1613	1423	NA	NA	NA	1298	1262	1239	906	NA	NA	NA	1339	NA	1152	NA	NA	NA	NA	NA	1170	NA	1323	NA	716	995	NA	399	1013	1115	NA	553	NA	1231	1219	NA	NA	853	NA	NA	NA	NA	1305	1370	903	673	NA	1595	446
465	1327	NA	1395	744	NA	NA	NA	694	876	NA	823	NA	82	821	NA	NA	NA	855	NA	923	NA	784	NA	885	979	1469	1048	NA	NA	1796	959	1663	1226	NA	NA	NA	1418	1492	NA	1649	458	911	1509	NA	1063	NA	1304	NA	932	NA	NA	1559	1337	NA	NA	NA	1306	1290	1274	840	NA	NA	NA	1298	NA	1174	NA	NA	NA	NA	NA	1098	NA	1242	NA	798	1055	NA	428	1048	1058	NA	603	NA	1084	1139	NA	NA	901	NA	NA	NA	NA	1366	1354	912	752	NA	1613	454
470	1266	NA	1394	698	NA	NA	NA	593	852	NA	858	NA	54	885	NA	NA	NA	885	NA	966	NA	785	NA	919	983	1478	990	NA	NA	1827	990	1658	1231	NA	NA	NA	1399	1494	NA	1613	422	923	1545	NA	1233	NA	1356	NA	1037	NA	NA	1508	1338	NA	NA	NA	1435	1214	1260	906	NA	NA	NA	1243	NA	1227	NA	NA	NA	NA	NA	1074	NA	1289	NA	807	1017	NA	459	951	1020	NA	617	NA	1123	1153	NA	NA	882	NA	NA	NA	NA	1335	1331	909	841	NA	1476	472
475	1302	NA	1362	686	NA	NA	NA	585	860	NA	884	NA	69	828	NA	NA	NA	946	NA	1002	NA	748	NA	894	948	1431	934	NA	NA	1706	884	1683	1253	NA	NA	NA	1390	1528	NA	1650	355	920	1562	NA	1312	NA	1386	NA	1112	NA	NA	1564	1225	NA	NA	NA	1434	1199	1277	931	NA	NA	NA	1194	NA	1315	NA	NA	NA	NA	NA	1153	NA	1312	NA	858	1070	NA	488	913	1041	NA	697	NA	1064	1101	NA	NA	945	NA	NA	NA	NA	1283	1366	785	890	NA	1423	494
480	1284	NA	1394	648	NA	NA	NA	554	929	NA	928	NA	98	867	NA	NA	NA	985	NA	1049	NA	675	NA	928	891	1373	891	NA	NA	1763	869	1706	1309	NA	NA	NA	1343	1423	NA	1620	339	846	1526	NA	1332	NA	1438	NA	1174	NA	NA	1530	1197	NA	NA	NA	1523	1143	1297	916	NA	NA	NA	1111	NA	1357	NA	NA	NA	NA	NA	1142	NA	1332	NA	807	1139	NA	463	906	1024	NA	759	NA	1023	1176	NA	NA	1018	NA	NA	NA	NA	1291	1302	773	948	NA	1490	512
485	1286	NA	1461	684	NA	NA	NA	545	994	NA	1028	NA	130	950	NA	NA	NA	1004	NA	1136	NA	625	NA	1057	842	1385	1011	NA	NA	1731	872	1696	1345	NA	NA	NA	1406	1336	NA	1527	298	730	1597	NA	1291	NA	1463	NA	1151	NA	NA	1488	1117	NA	NA	NA	1574	1098	1170	867	NA	NA	NA	1031	NA	1504	NA	NA	NA	NA	NA	1123	NA	1387	NA	826	1184	NA	501	831	966	NA	785	NA	999	1126	NA	NA	1097	NA	NA	NA	NA	1379	1283	839	1009	NA	1590	543
490	1336	NA	1469	636	NA	NA	NA	489	961	NA	1068	NA	134	1034	NA	NA	NA	1041	NA	1149	NA	651	NA	1132	845	1395	931	NA	NA	1729	842	1653	1437	NA	NA	NA	1467	1256	NA	1400	304	766	1594	NA	1376	NA	1490	NA	1075	NA	NA	1461	1074	NA	NA	NA	1586	1077	1066	926	NA	NA	NA	1023	NA	1580	NA	NA	NA	NA	NA	1122	NA	1418	NA	857	1179	NA	545	798	908	NA	750	NA	898	1043	NA	NA	1148	NA	NA	NA	NA	1399	1195	869	1052	NA	1484	590
495	1338	NA	1475	573	NA	NA	NA	433	971	NA	1128	NA	115	1092	NA	NA	NA	1098	NA	1147	NA	617	NA	1110	742	1395	843	NA	NA	1725	742	1692	1472	NA	NA	NA	1499	1232	NA	1274	276	778	1510	NA	1407	NA	1612	NA	1046	NA	NA	1404	1086	NA	NA	NA	1511	1024	1003	884	NA	NA	NA	921	NA	1614	NA	NA	NA	NA	NA	1091	NA	1376	NA	928	1168	NA	606	802	823	NA	774	NA	892	946	NA	NA	1135	NA	NA	NA	NA	1367	1210	854	1064	NA	1468	604
500	1307	NA	1536	546	NA	NA	NA	439	982	NA	1147	NA	131	1117	NA	NA	NA	1136	NA	1199	NA	549	NA	1155	733	1372	807	NA	NA	1680	787	1729	1518	NA	NA	NA	1537	1273	NA	1326	240	720	1536	NA	1467	NA	1599	NA	1069	NA	NA	1302	981	NA	NA	NA	1460	976	991	867	NA	NA	NA	823	NA	1660	NA	NA	NA	NA	NA	1038	NA	1380	NA	1045	1150	NA	610	729	739	NA	778	NA	896	979	NA	NA	1286	NA	NA	NA	NA	1443	1110	832	1151	NA	1422	519
505	1238	NA	1564	511	NA	NA	NA	427	1050	NA	1188	NA	125	1085	NA	NA	NA	1198	NA	1135	NA	492	NA	1218	696	1451	773	NA	NA	1721	730	1700	1527	NA	NA	NA	1632	1160	NA	1244	233	659	1623	NA	1480	NA	1627	NA	950	NA	NA	1280	913	NA	NA	NA	1437	991	946	923	NA	NA	NA	836	NA	1721	NA	NA	NA	NA	NA	1124	NA	1405	NA	1046	1164	NA	652	622	675	NA	766	NA	812	905	NA	NA	1303	NA	NA	NA	NA	1439	1099	877	1187	NA	1390	513
510	1183	NA	1487	443	NA	NA	NA	396	1037	NA	1215	NA	144	1158	NA	NA	NA	1254	NA	1144	NA	516	NA	1329	699	1388	672	NA	NA	1638	654	1621	1479	NA	NA	NA	1611	1185	NA	1227	213	604	1631	NA	1507	NA	1575	NA	1067	NA	NA	1211	877	NA	NA	NA	1391	983	991	970	NA	NA	NA	767	NA	1625	NA	NA	NA	NA	NA	1110	NA	1394	NA	1109	1099	NA	717	510	662	NA	911	NA	765	857	NA	NA	1205	NA	NA	NA	NA	1403	1089	859	1131	NA	1318	596
515	1158	NA	1485	408	NA	NA	NA	387	1068	NA	1257	NA	157	1194	NA	NA	NA	1167	NA	1113	NA	549	NA	1325	607	1398	599	NA	NA	1609	622	1577	1553	NA	NA	NA	1591	1118	NA	1140	207	612	1676	NA	1596	NA	1542	NA	1052	NA	NA	1239	820	NA	NA	NA	1363	1027	945	969	NA	NA	NA	750	NA	1576	NA	NA	NA	NA	NA	1088	NA	1430	NA	1127	1142	NA	759	420	568	NA	1008	NA	713	840	NA	NA	1260	NA	NA	NA	NA	1433	1111	732	1131	NA	1267	651
520	1113	NA	1492	383	NA	NA	NA	382	1072	NA	1240	NA	151	1185	NA	NA	NA	1289	NA	1026	NA	570	NA	1356	544	1354	568	NA	NA	1587	603	1523	1558	NA	NA	NA	1610	1099	NA	1044	136	558	1727	NA	1580	NA	1441	NA	1060	NA	NA	1235	774	NA	NA	NA	1394	1050	901	1008	NA	NA	NA	720	NA	1530	NA	NA	NA	NA	NA	1130	NA	1366	NA	1109	1096	NA	782	460	532	NA	1008	NA	651	861	NA	NA	1248	NA	NA	NA	NA	1534	1089	680	1139	NA	1202	660
525	1063	NA	1403	361	NA	NA	NA	351	1064	NA	1265	NA	168	1304	NA	NA	NA	1324	NA	1035	NA	558	NA	1325	516	1316	540	NA	NA	1468	592	1471	1497	NA	NA	NA	1586	1092	NA	980	115	499	1790	NA	1589	NA	1494	NA	1061	NA	NA	1162	703	NA	NA	NA	1503	961	843	1010	NA	NA	NA	679	NA	1486	NA	NA	NA	NA	NA	1131	NA	1385	NA	1131	1131	NA	799	456	531	NA	982	NA	551	869	NA	NA	1242	NA	NA	NA	NA	1478	977	637	1173	NA	1258	658
530	1029	NA	1395	323	NA	NA	NA	292	1022	NA	1330	NA	182	1355	NA	NA	NA	1312	NA	1056	NA	579	NA	1312	456	1252	507	NA	NA	1404	587	1380	1435	NA	NA	NA	1612	1021	NA	982	80	436	1789	NA	1591	NA	1384	NA	1019	NA	NA	1090	650	NA	NA	NA	1457	959	797	1090	NA	NA	NA	619	NA	1441	NA	NA	NA	NA	NA	1076	NA	1395	NA	1164	1086	NA	925	358	499	NA	1020	NA	461	877	NA	NA	1280	NA	NA	NA	NA	1434	885	628	1167	NA	1169	708
535	1045	NA	1275	285	NA	NA	NA	297	1014	NA	1280	NA	218	1430	NA	NA	NA	1338	NA	1110	NA	576	NA	1332	425	1267	508	NA	NA	1257	555	1331	1418	NA	NA	NA	1567	997	NA	1011	91	435	1709	NA	1611	NA	1414	NA	1083	NA	NA	1015	588	NA	NA	NA	1502	999	786	1010	NA	NA	NA	643	NA	1395	NA	NA	NA	NA	NA	1052	NA	1385	NA	1148	1064	NA	1029	359	428	NA	1061	NA	421	862	NA	NA	1285	NA	NA	NA	NA	1469	872	632	1085	NA	1098	751
540	1022	NA	1192	234	NA	NA	NA	273	1055	NA	1363	NA	248	1400	NA	NA	NA	1458	NA	1126	NA	507	NA	1365	398	1262	464	NA	NA	1272	524	1214	1400	NA	NA	NA	1552	904	NA	946	104	379	1567	NA	1582	NA	1439	NA	1113	NA	NA	1050	530	NA	NA	NA	1469	1013	751	1048	NA	NA	NA	607	NA	1512	NA	NA	NA	NA	NA	1014	NA	1317	NA	1149	1073	NA	1000	337	379	NA	1100	NA	433	745	NA	NA	1316	NA	NA	NA	NA	1413	818	554	1163	NA	1040	783
545	986	NA	1172	221	NA	NA	NA	296	1057	NA	1482	NA	289	1414	NA	NA	NA	1397	NA	1046	NA	487	NA	1425	415	1179	430	NA	NA	1231	489	1068	1367	NA	NA	NA	1473	855	NA	933	114	362	1517	NA	1505	NA	1358	NA	1093	NA	NA	1049	486	NA	NA	NA	1447	930	735	1025	NA	NA	NA	559	NA	1610	NA	NA	NA	NA	NA	983	NA	1279	NA	1233	1066	NA	1040	342	342	NA	1119	NA	416	646	NA	NA	1422	NA	NA	NA	NA	1328	843	547	1128	NA	984	814
550	973	NA	1139	208	NA	NA	NA	271	1079	NA	1494	NA	288	1538	NA	NA	NA	1412	NA	1089	NA	467	NA	1391	359	1176	409	NA	NA	1288	439	1112	1359	NA	NA	NA	1434	808	NA	893	97	322	1442	NA	1552	NA	1354	NA	1074	NA	NA	1031	510	NA	NA	NA	1521	860	670	1038	NA	NA	NA	526	NA	1544	NA	NA	NA	NA	NA	954	NA	1240	NA	1293	1052	NA	1029	278	308	NA	1199	NA	404	641	NA	NA	1350	NA	NA	NA	NA	1281	790	514	1074	NA	849	821
555	959	NA	1136	161	NA	NA	NA	285	1094	NA	1511	NA	325	1520	NA	NA	NA	1482	NA	1071	NA	399	NA	1370	310	1116	357	NA	NA	1244	376	1090	1435	NA	NA	NA	1251	758	NA	820	80	331	1386	NA	1551	NA	1342	NA	1007	NA	NA	931	457	NA	NA	NA	1490	764	742	1038	NA	NA	NA	484	NA	1453	NA	NA	NA	NA	NA	914	NA	1169	NA	1311	986	NA	1048	305	270	NA	1163	NA	369	558	NA	NA	1369	NA	NA	NA	NA	1206	756	470	1101	NA	836	845
560	961	NA	1104	149	NA	NA	NA	254	1029	NA	1463	NA	362	1638	NA	NA	NA	1480	NA	1085	NA	373	NA	1262	300	1007	301	NA	NA	1179	329	1049	1300	NA	NA	NA	1175	683	NA	695	84	314	1391	NA	1537	NA	1341	NA	990	NA	NA	858	427	NA	NA	NA	1374	685	674	1091	NA	NA	NA	446	NA	1378	NA	NA	NA	NA	NA	922	NA	1064	NA	1377	980	NA	1071	276	281	NA	1216	NA	306	449	NA	NA	1406	NA	NA	NA	NA	1161	727	457	1113	NA	819	908
565	951	NA	1108	144	NA	NA	NA	237	1044	NA	1512	NA	344	1543	NA	NA	NA	1528	NA	1117	NA	325	NA	1257	246	1053	278	NA	NA	1094	349	1074	1239	NA	NA	NA	1137	588	NA	638	103	291	1387	NA	1444	NA	1322	NA	1087	NA	NA	808	438	NA	NA	NA	1300	666	621	1073	NA	NA	NA	416	NA	1357	NA	NA	NA	NA	NA	870	NA	1012	NA	1400	943	NA	1120	260	271	NA	1335	NA	290	357	NA	NA	1439	NA	NA	NA	NA	1107	751	458	1217	NA	729	935
570	943	NA	1004	156	NA	NA	NA	246	1124	NA	1493	NA	324	1548	NA	NA	NA	1518	NA	1078	NA	251	NA	1258	281	957	263	NA	NA	1178	321	1007	1342	NA	NA	NA	1132	520	NA	636	103	278	1345	NA	1409	NA	1256	NA	1009	NA	NA	826	407	NA	NA	NA	1187	628	588	1037	NA	NA	NA	389	NA	1304	NA	NA	NA	NA	NA	816	NA	1006	NA	1348	991	NA	1143	237	219	NA	1331	NA	284	362	NA	NA	1344	NA	NA	NA	NA	1019	705	448	1230	NA	608	979
575	962	NA	943	160	NA	NA	NA	236	1139	NA	1502	NA	339	1528	NA	NA	NA	1476	NA	1040	NA	201	NA	1233	274	939	216	NA	NA	1164	305	975	1325	NA	NA	NA	1105	576	NA	588	98	265	1290	NA	1392	NA	1214	NA	992	NA	NA	782	391	NA	NA	NA	1116	606	543	1076	NA	NA	NA	320	NA	1327	NA	NA	NA	NA	NA	769	NA	1018	NA	1435	939	NA	1153	214	198	NA	1239	NA	274	346	NA	NA	1271	NA	NA	NA	NA	963	653	382	1185	NA	515	993
580	889	NA	902	155	NA	NA	NA	198	1181	NA	1532	NA	340	1538	NA	NA	NA	1401	NA	1017	NA	198	NA	1212	257	962	212	NA	NA	1062	296	898	1281	NA	NA	NA	1073	589	NA	575	75	326	1220	NA	1370	NA	1281	NA	1028	NA	NA	721	361	NA	NA	NA	1054	573	495	1122	NA	NA	NA	302	NA	1353	NA	NA	NA	NA	NA	679	NA	1022	NA	1435	885	NA	1265	223	141	NA	1261	NA	255	331	NA	NA	1238	NA	NA	NA	NA	967	589	385	1065	NA	509	1087
585	844	NA	870	121	NA	NA	NA	190	1235	NA	1518	NA	332	1548	NA	NA	NA	1274	NA	1019	NA	217	NA	1244	273	905	244	NA	NA	988	252	808	1231	NA	NA	NA	1097	569	NA	543	78	274	1143	NA	1359	NA	1318	NA	1024	NA	NA	707	318	NA	NA	NA	984	554	446	1085	NA	NA	NA	274	NA	1282	NA	NA	NA	NA	NA	657	NA	949	NA	1402	874	NA	1256	215	137	NA	1203	NA	245	274	NA	NA	1128	NA	NA	NA	NA	849	544	377	1062	NA	468	1111
590	848	NA	878	97	NA	NA	NA	180	1235	NA	1476	NA	371	1591	NA	NA	NA	1333	NA	1038	NA	232	NA	1202	280	820	230	NA	NA	944	223	742	1180	NA	NA	NA	1048	586	NA	522	73	288	1097	NA	1387	NA	1281	NA	1069	NA	NA	633	293	NA	NA	NA	922	537	408	1085	NA	NA	NA	257	NA	1233	NA	NA	NA	NA	NA	578	NA	944	NA	1409	807	NA	1449	200	136	NA	1118	NA	258	265	NA	NA	1075	NA	NA	NA	NA	773	539	349	1069	NA	480	1114
595	865	NA	824	68	NA	NA	NA	181	1240	NA	1371	NA	469	1617	NA	NA	NA	1270	NA	955	NA	181	NA	1115	226	797	207	NA	NA	942	206	689	1133	NA	NA	NA	1002	537	NA	474	54	290	1124	NA	1393	NA	1194	NA	1083	NA	NA	606	278	NA	NA	NA	874	444	323	1068	NA	NA	NA	240	NA	1339	NA	NA	NA	NA	NA	533	NA	857	NA	1367	747	NA	1352	238	112	NA	1123	NA	262	219	NA	NA	1050	NA	NA	NA	NA	727	537	361	979	NA	472	1152
600	801	NA	780	88	NA	NA	NA	160	1234	NA	1355	NA	546	1527	NA	NA	NA	1215	NA	1015	NA	176	NA	1169	216	771	204	NA	NA	858	211	702	1114	NA	NA	NA	924	481	NA	465	45	278	1042	NA	1401	NA	1160	NA	1057	NA	NA	522	237	NA	NA	NA	788	424	334	1065	NA	NA	NA	195	NA	1284	NA	NA	NA	NA	NA	515	NA	782	NA	1255	732	NA	1359	257	95	NA	1125	NA	255	191	NA	NA	1034	NA	NA	NA	NA	700	483	357	941	NA	434	1158
605	776	NA	740	91	NA	NA	NA	173	1196	NA	1366	NA	543	1507	NA	NA	NA	1167	NA	1036	NA	158	NA	1119	256	688	197	NA	NA	800	190	712	1071	NA	NA	NA	851	463	NA	379	47	241	1000	NA	1326	NA	1038	NA	1070	NA	NA	504	226	NA	NA	NA	694	372	322	1094	NA	NA	NA	192	NA	1207	NA	NA	NA	NA	NA	526	NA	800	NA	1173	795	NA	1348	277	95	NA	1149	NA	244	175	NA	NA	1017	NA	NA	NA	NA	652	458	297	961	NA	393	1244
610	715	NA	653	102	NA	NA	NA	170	1178	NA	1287	NA	568	1510	NA	NA	NA	1142	NA	1058	NA	164	NA	1144	231	596	180	NA	NA	736	179	731	1079	NA	NA	NA	851	469	NA	380	33	199	912	NA	1296	NA	1034	NA	1029	NA	NA	493	212	NA	NA	NA	609	299	337	1066	NA	NA	NA	216	NA	1123	NA	NA	NA	NA	NA	465	NA	683	NA	1202	752	NA	1339	256	79	NA	1073	NA	243	174	NA	NA	1029	NA	NA	NA	NA	634	436	319	970	NA	353	1277
615	619	NA	607	82	NA	NA	NA	164	1195	NA	1273	NA	557	1537	NA	NA	NA	1134	NA	1002	NA	188	NA	1114	216	559	204	NA	NA	610	193	673	1077	NA	NA	NA	845	430	NA	330	33	193	834	NA	1236	NA	1033	NA	990	NA	NA	462	207	NA	NA	NA	596	277	281	1138	NA	NA	NA	188	NA	1076	NA	NA	NA	NA	NA	416	NA	678	NA	1250	709	NA	1425	233	62	NA	1101	NA	236	160	NA	NA	962	NA	NA	NA	NA	627	413	312	947	NA	316	1295
620	536	NA	598	82	NA	NA	NA	155	1160	NA	1294	NA	582	1500	NA	NA	NA	1199	NA	888	NA	180	NA	1123	210	586	196	NA	NA	607	169	642	1011	NA	NA	NA	845	414	NA	353	24	165	779	NA	1156	NA	973	NA	956	NA	NA	454	210	NA	NA	NA	584	268	255	1071	NA	NA	NA	163	NA	998	NA	NA	NA	NA	NA	431	NA	597	NA	1238	725	NA	1366	240	73	NA	1119	NA	221	161	NA	NA	953	NA	NA	NA	NA	531	457	318	913	NA	307	1341
625	498	NA	546	66	NA	NA	NA	168	1131	NA	1205	NA	581	1378	NA	NA	NA	1216	NA	977	NA	177	NA	1072	190	588	188	NA	NA	581	164	576	1010	NA	NA	NA	746	361	NA	314	16	153	723	NA	1149	NA	866	NA	914	NA	NA	451	183	NA	NA	NA	550	279	244	1107	NA	NA	NA	151	NA	1027	NA	NA	NA	NA	NA	435	NA	575	NA	1226	746	NA	1362	181	71	NA	1098	NA	208	171	NA	NA	1035	NA	NA	NA	NA	516	451	332	915	NA	319	1365
630	483	NA	513	68	NA	NA	NA	159	1129	NA	1224	NA	606	1349	NA	NA	NA	1150	NA	972	NA	170	NA	1060	190	529	207	NA	NA	490	149	527	965	NA	NA	NA	688	304	NA	256	10	145	704	NA	1082	NA	829	NA	876	NA	NA	469	154	NA	NA	NA	501	251	214	1083	NA	NA	NA	123	NA	949	NA	NA	NA	NA	NA	396	NA	552	NA	1147	740	NA	1389	165	67	NA	1144	NA	194	134	NA	NA	961	NA	NA	NA	NA	574	446	311	898	NA	249	1347
635	450	NA	533	74	NA	NA	NA	145	1119	NA	1189	NA	638	1249	NA	NA	NA	1065	NA	906	NA	170	NA	1056	170	538	169	NA	NA	499	118	426	933	NA	NA	NA	680	309	NA	223	16	133	700	NA	970	NA	781	NA	859	NA	NA	448	134	NA	NA	NA	464	221	176	1076	NA	NA	NA	99	NA	886	NA	NA	NA	NA	NA	347	NA	543	NA	1089	719	NA	1378	148	50	NA	1158	NA	189	93	NA	NA	980	NA	NA	NA	NA	609	424	269	919	NA	259	1335
640	464	NA	570	73	NA	NA	NA	150	1083	NA	1249	NA	610	1199	NA	NA	NA	1151	NA	842	NA	151	NA	1028	209	467	172	NA	NA	540	133	328	934	NA	NA	NA	615	276	NA	229	18	109	643	NA	974	NA	758	NA	924	NA	NA	415	138	NA	NA	NA	382	243	177	1083	NA	NA	NA	91	NA	806	NA	NA	NA	NA	NA	356	NA	529	NA	1097	637	NA	1341	164	35	NA	1256	NA	190	99	NA	NA	999	NA	NA	NA	NA	520	335	278	869	NA	283	1284
645	468	NA	518	71	NA	NA	NA	149	1054	NA	1299	NA	625	1158	NA	NA	NA	1212	NA	903	NA	154	NA	1008	195	433	157	NA	NA	517	127	291	885	NA	NA	NA	604	283	NA	210	24	95	661	NA	992	NA	757	NA	890	NA	NA	390	134	NA	NA	NA	319	234	160	1151	NA	NA	NA	84	NA	761	NA	NA	NA	NA	NA	347	NA	522	NA	1162	620	NA	1347	161	21	NA	1282	NA	197	102	NA	NA	973	NA	NA	NA	NA	492	345	243	812	NA	269	1270
650	447	NA	498	74	NA	NA	NA	148	1049	NA	1273	NA	685	1116	NA	NA	NA	1174	NA	861	NA	185	NA	1101	156	403	186	NA	NA	424	114	313	820	NA	NA	NA	651	283	NA	164	27	81	637	NA	873	NA	693	NA	876	NA	NA	362	135	NA	NA	NA	349	208	174	1124	NA	NA	NA	102	NA	693	NA	NA	NA	NA	NA	298	NA	505	NA	1095	565	NA	1401	150	22	NA	1287	NA	167	114	NA	NA	969	NA	NA	NA	NA	475	312	229	762	NA	246	1304
655	376	NA	513	68	NA	NA	NA	170	991	NA	1203	NA	685	1104	NA	NA	NA	1057	NA	807	NA	166	NA	1058	168	346	164	NA	NA	416	94	324	794	NA	NA	NA	645	263	NA	183	14	77	607	NA	854	NA	700	NA	887	NA	NA	337	154	NA	NA	NA	377	211	179	1106	NA	NA	NA	96	NA	634	NA	NA	NA	NA	NA	255	NA	498	NA	1090	548	NA	1360	155	31	NA	1305	NA	149	103	NA	NA	900	NA	NA	NA	NA	393	266	211	784	NA	196	1320
660	390	NA	456	63	NA	NA	NA	157	895	NA	1193	NA	780	1134	NA	NA	NA	989	NA	738	NA	147	NA	916	151	323	154	NA	NA	399	83	335	751	NA	NA	NA	601	273	NA	187	10	58	588	NA	802	NA	621	NA	815	NA	NA	304	134	NA	NA	NA	384	210	171	1048	NA	NA	NA	105	NA	602	NA	NA	NA	NA	NA	200	NA	465	NA	1003	542	NA	1317	134	35	NA	1310	NA	164	115	NA	NA	884	NA	NA	NA	NA	376	280	198	747	NA	165	1326
665	353	NA	373	51	NA	NA	NA	127	851	NA	1177	NA	795	1039	NA	NA	NA	939	NA	742	NA	109	NA	889	130	295	154	NA	NA	405	99	300	738	NA	NA	NA	645	235	NA	136	8	44	533	NA	738	NA	563	NA	811	NA	NA	272	122	NA	NA	NA	396	224	151	1058	NA	NA	NA	89	NA	526	NA	NA	NA	NA	NA	143	NA	412	NA	1009	582	NA	1262	145	32	NA	1256	NA	184	111	NA	NA	889	NA	NA	NA	NA	394	272	137	690	NA	147	1325
670	338	NA	342	39	NA	NA	NA	111	900	NA	1077	NA	777	1039	NA	NA	NA	948	NA	740	NA	125	NA	853	95	345	165	NA	NA	362	88	278	667	NA	NA	NA	630	228	NA	130	4	26	493	NA	686	NA	617	NA	752	NA	NA	246	109	NA	NA	NA	425	173	127	1004	NA	NA	NA	108	NA	482	NA	NA	NA	NA	NA	127	NA	376	NA	1045	540	NA	1244	113	27	NA	1256	NA	169	99	NA	NA	792	NA	NA	NA	NA	304	265	114	687	NA	103	1290
675	328	NA	355	42	NA	NA	NA	85	823	NA	1008	NA	805	965	NA	NA	NA	899	NA	699	NA	132	NA	793	101	322	140	NA	NA	337	97	261	630	NA	NA	NA	527	182	NA	141	3	22	542	NA	629	NA	582	NA	644	NA	NA	243	95	NA	NA	NA	420	184	139	946	NA	NA	NA	87	NA	487	NA	NA	NA	NA	NA	113	NA	389	NA	1031	461	NA	1188	74	12	NA	1292	NA	195	68	NA	NA	715	NA	NA	NA	NA	263	269	103	641	NA	104	1284
680	303	NA	342	43	NA	NA	NA	92	820	NA	910	NA	813	885	NA	NA	NA	859	NA	640	NA	118	NA	785	81	302	122	NA	NA	322	113	232	682	NA	NA	NA	564	184	NA	115	2	23	495	NA	560	NA	549	NA	614	NA	NA	259	99	NA	NA	NA	361	155	136	900	NA	NA	NA	94	NA	473	NA	NA	NA	NA	NA	130	NA	316	NA	932	490	NA	1086	61	12	NA	1308	NA	201	94	NA	NA	694	NA	NA	NA	NA	294	272	95	605	NA	102	1162
685	236	NA	309	34	NA	NA	NA	95	813	NA	905	NA	857	811	NA	NA	NA	871	NA	613	NA	124	NA	742	60	281	110	NA	NA	290	99	190	644	NA	NA	NA	469	179	NA	124	1	19	467	NA	496	NA	491	NA	564	NA	NA	230	95	NA	NA	NA	325	167	145	843	NA	NA	NA	85	NA	454	NA	NA	NA	NA	NA	100	NA	315	NA	976	497	NA	1081	57	8	NA	1298	NA	199	84	NA	NA	645	NA	NA	NA	NA	316	313	69	574	NA	129	1157
690	211	NA	270	42	NA	NA	NA	109	813	NA	870	NA	871	838	NA	NA	NA	765	NA	551	NA	100	NA	790	58	200	106	NA	NA	245	94	178	621	NA	NA	NA	421	164	NA	119	NA	29	426	NA	478	NA	444	NA	568	NA	NA	248	116	NA	NA	NA	378	148	121	783	NA	NA	NA	55	NA	433	NA	NA	NA	NA	NA	85	NA	289	NA	904	469	NA	993	49	7	NA	1194	NA	183	68	NA	NA	628	NA	NA	NA	NA	322	293	65	509	NA	144	1051
695	189	NA	236	44	NA	NA	NA	95	769	NA	777	NA	929	760	NA	NA	NA	715	NA	472	NA	87	NA	734	67	166	113	NA	NA	231	86	150	576	NA	NA	NA	402	173	NA	103	NA	26	440	NA	419	NA	420	NA	477	NA	NA	192	99	NA	NA	NA	400	119	122	794	NA	NA	NA	52	NA	360	NA	NA	NA	NA	NA	68	NA	293	NA	837	447	NA	986	33	2	NA	1182	NA	144	56	NA	NA	648	NA	NA	NA	NA	289	240	51	472	NA	168	1053
700	176	NA	240	52	NA	NA	NA	75	687	NA	814	NA	921	689	NA	NA	NA	604	NA	469	NA	73	NA	663	64	146	111	NA	NA	185	83	134	579	NA	NA	NA	406	190	NA	92	NA	29	369	NA	428	NA	459	NA	451	NA	NA	160	116	NA	NA	NA	363	83	110	791	NA	NA	NA	43	NA	369	NA	NA	NA	NA	NA	82	NA	311	NA	812	427	NA	914	47	1	NA	1115	NA	134	52	NA	NA	605	NA	NA	NA	NA	297	178	51	451	NA	159	1085
705	167	NA	228	51	NA	NA	NA	99	667	NA	797	NA	969	617	NA	NA	NA	569	NA	460	NA	66	NA	616	75	143	130	NA	NA	175	75	116	528	NA	NA	NA	369	162	NA	104	NA	27	283	NA	441	NA	399	NA	446	NA	NA	160	98	NA	NA	NA	349	72	122	761	NA	NA	NA	33	NA	358	NA	NA	NA	NA	NA	69	NA	279	NA	796	410	NA	813	64	2	NA	1070	NA	142	45	NA	NA	606	NA	NA	NA	NA	291	161	41	463	NA	144	1166
710	131	NA	218	48	NA	NA	NA	103	696	NA	738	NA	1030	615	NA	NA	NA	489	NA	450	NA	57	NA	585	62	124	97	NA	NA	159	72	102	523	NA	NA	NA	427	149	NA	95	NA	12	260	NA	365	NA	401	NA	469	NA	NA	138	87	NA	NA	NA	336	73	108	779	NA	NA	NA	36	NA	336	NA	NA	NA	NA	NA	57	NA	274	NA	795	411	NA	774	52	NA	NA	1066	NA	132	49	NA	NA	605	NA	NA	NA	NA	243	170	31	377	NA	122	1212
715	122	NA	223	39	NA	NA	NA	106	625	NA	637	NA	1063	574	NA	NA	NA	409	NA	413	NA	50	NA	573	66	129	101	NA	NA	148	94	128	484	NA	NA	NA	382	148	NA	71	NA	9	272	NA	350	NA	425	NA	519	NA	NA	112	86	NA	NA	NA	340	47	79	736	NA	NA	NA	24	NA	314	NA	NA	NA	NA	NA	41	NA	246	NA	813	406	NA	750	41	NA	NA	1083	NA	104	39	NA	NA	621	NA	NA	NA	NA	202	155	13	365	NA	133	1157
720	87	NA	207	40	NA	NA	NA	102	607	NA	615	NA	1055	577	NA	NA	NA	401	NA	406	NA	32	NA	512	52	118	111	NA	NA	121	112	110	421	NA	NA	NA	411	141	NA	83	NA	6	235	NA	287	NA	391	NA	508	NA	NA	102	102	NA	NA	NA	298	44	59	640	NA	NA	NA	15	NA	270	NA	NA	NA	NA	NA	36	NA	213	NA	743	369	NA	744	49	NA	NA	1034	NA	71	37	NA	NA	641	NA	NA	NA	NA	202	148	17	316	NA	137	1132
725	105	NA	205	35	NA	NA	NA	62	583	NA	555	NA	1095	550	NA	NA	NA	401	NA	380	NA	30	NA	435	38	113	97	NA	NA	115	112	77	395	NA	NA	NA	367	135	NA	97	NA	5	209	NA	265	NA	347	NA	430	NA	NA	86	112	NA	NA	NA	301	33	73	585	NA	NA	NA	17	NA	245	NA	NA	NA	NA	NA	37	NA	207	NA	694	318	NA	696	67	NA	NA	1022	NA	68	35	NA	NA	629	NA	NA	NA	NA	184	119	14	292	NA	111	1127
730	123	NA	188	35	NA	NA	NA	39	547	NA	528	NA	1089	578	NA	NA	NA	381	NA	320	NA	12	NA	383	36	99	84	NA	NA	117	107	76	384	NA	NA	NA	312	103	NA	86	NA	5	220	NA	254	NA	310	NA	404	NA	NA	78	94	NA	NA	NA	222	24	101	558	NA	NA	NA	23	NA	218	NA	NA	NA	NA	NA	37	NA	247	NA	694	318	NA	635	51	NA	NA	1033	NA	71	44	NA	NA	611	NA	NA	NA	NA	139	101	19	234	NA	105	1100
735	113	NA	207	40	NA	NA	NA	45	539	NA	503	NA	1195	558	NA	NA	NA	317	NA	308	NA	14	NA	392	18	91	78	NA	NA	124	102	73	329	NA	NA	NA	306	80	NA	80	NA	5	188	NA	248	NA	274	NA	353	NA	NA	85	62	NA	NA	NA	192	18	90	509	NA	NA	NA	22	NA	201	NA	NA	NA	NA	NA	29	NA	223	NA	642	282	NA	649	48	NA	NA	1044	NA	47	36	NA	NA	534	NA	NA	NA	NA	115	84	23	193	NA	106	991
740	98	NA	210	40	NA	NA	NA	45	528	NA	496	NA	1096	496	NA	NA	NA	282	NA	278	NA	7	NA	384	21	80	69	NA	NA	96	99	66	339	NA	NA	NA	339	99	NA	82	NA	8	173	NA	238	NA	317	NA	368	NA	NA	58	44	NA	NA	NA	184	16	75	499	NA	NA	NA	27	NA	215	NA	NA	NA	NA	NA	25	NA	236	NA	598	282	NA	615	40	NA	NA	969	NA	60	38	NA	NA	457	NA	NA	NA	NA	114	76	30	161	NA	87	916
745	90	NA	226	45	NA	NA	NA	64	533	NA	488	NA	1089	474	NA	NA	NA	273	NA	269	NA	4	NA	320	24	82	62	NA	NA	83	117	66	316	NA	NA	NA	304	97	NA	72	NA	13	150	NA	247	NA	280	NA	374	NA	NA	62	38	NA	NA	NA	176	13	80	436	NA	NA	NA	34	NA	184	NA	NA	NA	NA	NA	30	NA	207	NA	553	294	NA	599	28	NA	NA	899	NA	62	46	NA	NA	429	NA	NA	NA	NA	110	85	41	153	NA	55	925
750	95	NA	194	34	NA	NA	NA	55	508	NA	453	NA	1107	455	NA	NA	NA	278	NA	249	NA	3	NA	297	29	87	68	NA	NA	59	104	59	298	NA	NA	NA	263	102	NA	61	NA	19	178	NA	251	NA	250	NA	357	NA	NA	50	32	NA	NA	NA	154	13	78	421	NA	NA	NA	34	NA	137	NA	NA	NA	NA	NA	16	NA	188	NA	582	267	NA	625	20	NA	NA	891	NA	46	42	NA	NA	437	NA	NA	NA	NA	116	79	43	139	NA	39	918
755	106	NA	212	30	NA	NA	NA	58	465	NA	439	NA	1176	427	NA	NA	NA	234	NA	277	NA	6	NA	277	15	84	59	NA	NA	55	68	55	256	NA	NA	NA	238	95	NA	49	NA	19	157	NA	210	NA	297	NA	324	NA	NA	48	28	NA	NA	NA	127	14	65	418	NA	NA	NA	46	NA	79	NA	NA	NA	NA	NA	17	NA	159	NA	574	250	NA	639	10	NA	NA	753	NA	46	31	NA	NA	431	NA	NA	NA	NA	98	64	37	126	NA	42	828
760	99	NA	217	29	NA	NA	NA	41	381	NA	406	NA	1190	363	NA	NA	NA	216	NA	226	NA	5	NA	309	29	61	86	NA	NA	45	70	36	199	NA	NA	NA	214	89	NA	46	NA	11	136	NA	179	NA	299	NA	339	NA	NA	36	29	NA	NA	NA	156	13	68	466	NA	NA	NA	34	NA	71	NA	NA	NA	NA	NA	13	NA	106	NA	533	282	NA	561	16	NA	NA	723	NA	46	64	NA	NA	381	NA	NA	NA	NA	82	76	29	121	NA	23	777
765	83	NA	195	32	NA	NA	NA	37	339	NA	384	NA	1284	343	NA	NA	NA	210	NA	251	NA	10	NA	283	33	50	68	NA	NA	36	47	35	225	NA	NA	NA	203	100	NA	56	NA	6	139	NA	173	NA	305	NA	330	NA	NA	46	32	NA	NA	NA	161	10	67	426	NA	NA	NA	40	NA	54	NA	NA	NA	NA	NA	8	NA	99	NA	511	277	NA	575	21	NA	NA	750	NA	45	34	NA	NA	362	NA	NA	NA	NA	86	73	32	116	NA	27	759
770	94	NA	168	28	NA	NA	NA	32	353	NA	333	NA	1313	346	NA	NA	NA	189	NA	225	NA	10	NA	282	33	56	56	NA	NA	31	52	30	183	NA	NA	NA	212	83	NA	39	NA	5	142	NA	145	NA	291	NA	306	NA	NA	28	38	NA	NA	NA	138	13	66	395	NA	NA	NA	30	NA	66	NA	NA	NA	NA	NA	10	NA	70	NA	492	258	NA	533	25	NA	NA	671	NA	32	26	NA	NA	327	NA	NA	NA	NA	70	67	26	136	NA	23	684
775	110	NA	131	30	NA	NA	NA	32	341	NA	301	NA	1226	372	NA	NA	NA	216	NA	210	NA	8	NA	244	37	43	53	NA	NA	17	68	26	175	NA	NA	NA	176	44	NA	46	NA	5	117	NA	125	NA	226	NA	272	NA	NA	26	32	NA	NA	NA	95	8	56	337	NA	NA	NA	22	NA	59	NA	NA	NA	NA	NA	12	NA	59	NA	475	213	NA	493	18	NA	NA	629	NA	36	33	NA	NA	333	NA	NA	NA	NA	75	50	23	163	NA	14	597
780	84	NA	116	19	NA	NA	NA	28	302	NA	298	NA	1222	314	NA	NA	NA	211	NA	210	NA	18	NA	248	27	47	61	NA	NA	12	103	25	203	NA	NA	NA	197	58	NA	46	NA	5	83	NA	106	NA	238	NA	225	NA	NA	27	47	NA	NA	NA	93	12	60	306	NA	NA	NA	22	NA	51	NA	NA	NA	NA	NA	10	NA	48	NA	447	163	NA	466	18	NA	NA	611	NA	37	34	NA	NA	299	NA	NA	NA	NA	50	49	38	166	NA	20	579
785	69	NA	104	17	NA	NA	NA	18	311	NA	270	NA	1257	270	NA	NA	NA	248	NA	156	NA	26	NA	217	23	61	66	NA	NA	11	76	24	231	NA	NA	NA	185	68	NA	45	NA	3	70	NA	123	NA	217	NA	242	NA	NA	25	46	NA	NA	NA	79	12	52	317	NA	NA	NA	24	NA	44	NA	NA	NA	NA	NA	4	NA	35	NA	419	152	NA	414	8	NA	NA	538	NA	30	29	NA	NA	264	NA	NA	NA	NA	37	36	32	149	NA	40	551
790	63	NA	116	30	NA	NA	NA	12	257	NA	242	NA	1184	267	NA	NA	NA	235	NA	176	NA	25	NA	210	10	62	57	NA	NA	6	50	34	216	NA	NA	NA	161	61	NA	40	NA	NA	62	NA	102	NA	188	NA	248	NA	NA	21	54	NA	NA	NA	80	21	47	305	NA	NA	NA	23	NA	32	NA	NA	NA	NA	NA	2	NA	24	NA	387	125	NA	400	3	NA	NA	435	NA	33	15	NA	NA	254	NA	NA	NA	NA	36	37	23	123	NA	37	523
795	64	NA	108	25	NA	NA	NA	12	263	NA	213	NA	1115	261	NA	NA	NA	209	NA	177	NA	51	NA	176	7	65	52	NA	NA	0	44	27	169	NA	NA	NA	140	58	NA	51	NA	NA	58	NA	90	NA	177	NA	244	NA	NA	11	42	NA	NA	NA	64	14	30	323	NA	NA	NA	18	NA	47	NA	NA	NA	NA	NA	NA	NA	25	NA	338	128	NA	354	6	NA	NA	394	NA	39	23	NA	NA	238	NA	NA	NA	NA	34	31	20	148	NA	22	505
800	53	NA	89	12	NA	NA	NA	18	261	NA	215	NA	1108	245	NA	NA	NA	220	NA	167	NA	43	NA	139	1	54	38	NA	NA	NA	43	20	123	NA	NA	NA	142	64	NA	40	NA	NA	53	NA	91	NA	158	NA	256	NA	NA	14	37	NA	NA	NA	62	2	35	325	NA	NA	NA	15	NA	43	NA	NA	NA	NA	NA	NA	NA	22	NA	362	109	NA	310	5	NA	NA	413	NA	36	18	NA	NA	220	NA	NA	NA	NA	30	32	12	119	NA	23	479
805	60	NA	85	9	NA	NA	NA	16	225	NA	157	NA	1152	228	NA	NA	NA	210	NA	134	NA	33	NA	114	NA	47	46	NA	NA	NA	48	11	129	NA	NA	NA	120	45	NA	50	NA	NA	57	NA	72	NA	112	NA	280	NA	NA	11	41	NA	NA	NA	69	3	41	280	NA	NA	NA	13	NA	43	NA	NA	NA	NA	NA	NA	NA	15	NA	369	105	NA	285	6	NA	NA	399	NA	25	16	NA	NA	237	NA	NA	NA	NA	18	36	14	115	NA	26	494
810	68	NA	85	15	NA	NA	NA	20	225	NA	156	NA	1110	188	NA	NA	NA	201	NA	113	NA	38	NA	104	NA	70	57	NA	NA	NA	51	9	122	NA	NA	NA	134	32	NA	54	NA	NA	68	NA	80	NA	72	NA	304	NA	NA	9	35	NA	NA	NA	63	2	53	244	NA	NA	NA	14	NA	28	NA	NA	NA	NA	NA	NA	NA	9	NA	365	80	NA	276	10	NA	NA	412	NA	17	7	NA	NA	235	NA	NA	NA	NA	18	40	9	78	NA	27	422
815	54	NA	65	8	NA	NA	NA	28	248	NA	111	NA	1189	170	NA	NA	NA	188	NA	130	NA	27	NA	90	NA	57	65	NA	NA	NA	48	2	125	NA	NA	NA	120	21	NA	60	NA	NA	84	NA	105	NA	71	NA	294	NA	NA	6	34	NA	NA	NA	67	2	50	249	NA	NA	NA	9	NA	22	NA	NA	NA	NA	NA	NA	NA	7	NA	351	89	NA	265	9	NA	NA	332	NA	14	5	NA	NA	214	NA	NA	NA	NA	27	32	10	64	NA	25	423
820	58	NA	52	11	NA	NA	NA	32	243	NA	118	NA	1211	154	NA	NA	NA	169	NA	130	NA	15	NA	83	NA	48	54	NA	NA	NA	54	2	118	NA	NA	NA	80	16	NA	68	NA	NA	93	NA	97	NA	74	NA	285	NA	NA	7	19	NA	NA	NA	68	1	56	210	NA	NA	NA	5	NA	23	NA	NA	NA	NA	NA	NA	NA	7	NA	357	83	NA	239	7	NA	NA	346	NA	8	NA	NA	NA	197	NA	NA	NA	NA	27	40	15	77	NA	38	399
825	48	NA	59	8	NA	NA	NA	24	231	NA	130	NA	1178	156	NA	NA	NA	152	NA	110	NA	9	NA	59	NA	65	51	NA	NA	NA	62	NA	112	NA	NA	NA	68	11	NA	57	NA	NA	57	NA	107	NA	92	NA	291	NA	NA	5	10	NA	NA	NA	73	5	55	199	NA	NA	NA	5	NA	17	NA	NA	NA	NA	NA	NA	NA	15	NA	315	74	NA	265	4	NA	NA	340	NA	10	NA	NA	NA	205	NA	NA	NA	NA	23	50	19	61	NA	41	369
830	45	NA	70	7	NA	NA	NA	17	232	NA	115	NA	1142	132	NA	NA	NA	132	NA	97	NA	4	NA	64	NA	71	50	NA	NA	NA	37	NA	107	NA	NA	NA	82	8	NA	50	NA	NA	37	NA	102	NA	84	NA	279	NA	NA	7	11	NA	NA	NA	62	3	36	244	NA	NA	NA	3	NA	15	NA	NA	NA	NA	NA	NA	NA	18	NA	295	71	NA	264	7	NA	NA	288	NA	8	NA	NA	NA	203	NA	NA	NA	NA	25	55	11	74	NA	30	300
835	35	NA	56	8	NA	NA	NA	12	220	NA	92	NA	1060	107	NA	NA	NA	104	NA	69	NA	7	NA	66	NA	54	55	NA	NA	NA	21	NA	116	NA	NA	NA	75	5	NA	48	NA	NA	50	NA	95	NA	89	NA	243	NA	NA	3	5	NA	NA	NA	67	6	32	213	NA	NA	NA	3	NA	9	NA	NA	NA	NA	NA	NA	NA	16	NA	257	54	NA	224	10	NA	NA	270	NA	6	NA	NA	NA	190	NA	NA	NA	NA	14	53	17	76	NA	25	278
840	44	NA	42	3	NA	NA	NA	14	205	NA	75	NA	1021	82	NA	NA	NA	90	NA	55	NA	9	NA	69	NA	56	50	NA	NA	NA	20	NA	106	NA	NA	NA	76	6	NA	51	NA	NA	44	NA	90	NA	80	NA	219	NA	NA	6	4	NA	NA	NA	59	7	15	191	NA	NA	NA	1	NA	14	NA	NA	NA	NA	NA	NA	NA	8	NA	214	58	NA	210	8	NA	NA	206	NA	5	NA	NA	NA	201	NA	NA	NA	NA	15	38	8	61	NA	17	305
845	45	NA	50	6	NA	NA	NA	10	188	NA	80	NA	1067	99	NA	NA	NA	113	NA	50	NA	13	NA	50	NA	50	53	NA	NA	NA	20	NA	118	NA	NA	NA	85	2	NA	40	NA	NA	30	NA	75	NA	56	NA	205	NA	NA	8	2	NA	NA	NA	62	2	13	156	NA	NA	NA	NA	NA	24	NA	NA	NA	NA	NA	NA	NA	7	NA	195	67	NA	194	10	NA	NA	210	NA	6	NA	NA	NA	179	NA	NA	NA	NA	9	28	6	49	NA	12	272
850	41	NA	36	7	NA	NA	NA	10	144	NA	67	NA	1050	94	NA	NA	NA	109	NA	45	NA	7	NA	43	NA	73	59	NA	NA	NA	31	NA	124	NA	NA	NA	93	NA	NA	50	NA	NA	35	NA	70	NA	59	NA	212	NA	NA	5	NA	NA	NA	NA	59	3	15	171	NA	NA	NA	NA	NA	17	NA	NA	NA	NA	NA	NA	NA	8	NA	151	56	NA	148	6	NA	NA	216	NA	3	NA	NA	NA	155	NA	NA	NA	NA	18	33	7	39	NA	7	258
855	47	NA	44	15	NA	NA	NA	6	145	NA	58	NA	1045	100	NA	NA	NA	104	NA	53	NA	9	NA	38	NA	74	66	NA	NA	NA	21	NA	108	NA	NA	NA	91	NA	NA	50	NA	NA	39	NA	58	NA	47	NA	180	NA	NA	12	NA	NA	NA	NA	43	1	7	164	NA	NA	NA	NA	NA	18	NA	NA	NA	NA	NA	NA	NA	9	NA	120	58	NA	158	1	NA	NA	203	NA	5	NA	NA	NA	151	NA	NA	NA	NA	14	32	2	40	NA	NA	260
860	25	NA	61	19	NA	NA	NA	8	126	NA	48	NA	985	95	NA	NA	NA	81	NA	49	NA	7	NA	56	NA	66	37	NA	NA	NA	21	NA	102	NA	NA	NA	68	NA	NA	33	NA	NA	37	NA	51	NA	36	NA	182	NA	NA	7	NA	NA	NA	NA	44	4	10	162	NA	NA	NA	NA	NA	11	NA	NA	NA	NA	NA	NA	NA	17	NA	130	45	NA	159	NA	NA	NA	214	NA	5	NA	NA	NA	146	NA	NA	NA	NA	16	26	1	42	NA	NA	235
865	25	NA	41	22	NA	NA	NA	6	107	NA	33	NA	954	67	NA	NA	NA	82	NA	60	NA	5	NA	38	NA	45	27	NA	NA	NA	14	NA	121	NA	NA	NA	39	NA	NA	32	NA	NA	28	NA	43	NA	37	NA	175	NA	NA	9	NA	NA	NA	NA	38	5	11	161	NA	NA	NA	NA	NA	10	NA	NA	NA	NA	NA	NA	NA	21	NA	105	46	NA	132	NA	NA	NA	211	NA	6	NA	NA	NA	147	NA	NA	NA	NA	17	24	NA	33	NA	NA	217
870	23	NA	30	19	NA	NA	NA	1	85	NA	34	NA	957	49	NA	NA	NA	76	NA	42	NA	2	NA	27	NA	31	26	NA	NA	NA	16	NA	93	NA	NA	NA	40	NA	NA	26	NA	NA	24	NA	44	NA	38	NA	160	NA	NA	8	NA	NA	NA	NA	39	9	5	186	NA	NA	NA	NA	NA	11	NA	NA	NA	NA	NA	NA	NA	17	NA	112	61	NA	140	NA	NA	NA	201	NA	6	NA	NA	NA	109	NA	NA	NA	NA	22	24	NA	36	NA	NA	227
875	24	NA	26	17	NA	NA	NA	NA	63	NA	20	NA	962	37	NA	NA	NA	98	NA	37	NA	0	NA	23	NA	21	37	NA	NA	NA	11	NA	87	NA	NA	NA	34	NA	NA	27	NA	NA	30	NA	49	NA	27	NA	155	NA	NA	10	NA	NA	NA	NA	39	5	5	159	NA	NA	NA	NA	NA	8	NA	NA	NA	NA	NA	NA	NA	14	NA	144	70	NA	137	NA	NA	NA	197	NA	5	NA	NA	NA	83	NA	NA	NA	NA	22	24	NA	19	NA	NA	206
880	21	NA	31	18	NA	NA	NA	NA	49	NA	25	NA	918	38	NA	NA	NA	93	NA	34	NA	NA	NA	5	NA	12	44	NA	NA	NA	15	NA	79	NA	NA	NA	29	NA	NA	27	NA	NA	32	NA	43	NA	18	NA	114	NA	NA	9	NA	NA	NA	NA	49	12	9	141	NA	NA	NA	NA	NA	15	NA	NA	NA	NA	NA	NA	NA	23	NA	110	69	NA	117	NA	NA	NA	182	NA	11	NA	NA	NA	70	NA	NA	NA	NA	16	18	NA	20	NA	NA	200
885	19	NA	18	14	NA	NA	NA	NA	72	NA	14	NA	874	40	NA	NA	NA	71	NA	25	NA	NA	NA	2	NA	12	25	NA	NA	NA	16	NA	89	NA	NA	NA	28	NA	NA	22	NA	NA	28	NA	41	NA	19	NA	128	NA	NA	1	NA	NA	NA	NA	36	20	8	114	NA	NA	NA	NA	NA	25	NA	NA	NA	NA	NA	NA	NA	24	NA	125	78	NA	150	NA	NA	NA	146	NA	11	NA	NA	NA	75	NA	NA	NA	NA	11	11	NA	13	NA	NA	174
890	15	NA	11	19	NA	NA	NA	NA	85	NA	11	NA	882	30	NA	NA	NA	60	NA	14	NA	NA	NA	1	NA	6	20	NA	NA	NA	7	NA	78	NA	NA	NA	26	NA	NA	19	NA	NA	38	NA	29	NA	23	NA	135	NA	NA	1	NA	NA	NA	NA	30	6	14	84	NA	NA	NA	NA	NA	23	NA	NA	NA	NA	NA	NA	NA	14	NA	91	81	NA	184	NA	NA	NA	126	NA	5	NA	NA	NA	62	NA	NA	NA	NA	26	9	NA	9	NA	NA	144
895	9	NA	5	24	NA	NA	NA	NA	80	NA	1	NA	779	25	NA	NA	NA	62	NA	16	NA	NA	NA	NA	NA	8	12	NA	NA	NA	4	NA	59	NA	NA	NA	32	NA	NA	18	NA	NA	48	NA	30	NA	30	NA	121	NA	NA	NA	NA	NA	NA	NA	44	10	11	67	NA	NA	NA	NA	NA	9	NA	NA	NA	NA	NA	NA	NA	7	NA	79	97	NA	155	NA	NA	NA	146	NA	6	NA	NA	NA	52	NA	NA	NA	NA	30	9	NA	10	NA	NA	128
900	4	NA	12	7	NA	NA	NA	NA	63	NA	NA	NA	683	35	NA	NA	NA	48	NA	17	NA	NA	NA	NA	NA	8	11	NA	NA	NA	3	NA	52	NA	NA	NA	28	NA	NA	12	NA	NA	27	NA	38	NA	29	NA	93	NA	NA	NA	NA	NA	NA	NA	49	12	11	85	NA	NA	NA	NA	NA	9	NA	NA	NA	NA	NA	NA	NA	9	NA	66	97	NA	164	NA	NA	NA	175	NA	6	NA	NA	NA	37	NA	NA	NA	NA	23	7	NA	6	NA	NA	115
905	1	NA	10	5	NA	NA	NA	NA	54	NA	NA	NA	621	40	NA	NA	NA	36	NA	17	NA	NA	NA	NA	NA	7	5	NA	NA	NA	3	NA	51	NA	NA	NA	33	NA	NA	18	NA	NA	20	NA	53	NA	25	NA	109	NA	NA	NA	NA	NA	NA	NA	33	12	10	120	NA	NA	NA	NA	NA	6	NA	NA	NA	NA	NA	NA	NA	10	NA	51	95	NA	156	NA	NA	NA	146	NA	2	NA	NA	NA	45	NA	NA	NA	NA	21	3	NA	8	NA	NA	107
910	1	NA	8	5	NA	NA	NA	NA	46	NA	NA	NA	563	41	NA	NA	NA	42	NA	14	NA	NA	NA	NA	NA	3	7	NA	NA	NA	3	NA	74	NA	NA	NA	41	NA	NA	18	NA	NA	18	NA	36	NA	11	NA	113	NA	NA	NA	NA	NA	NA	NA	39	14	7	126	NA	NA	NA	NA	NA	20	NA	NA	NA	NA	NA	NA	NA	14	NA	72	76	NA	151	NA	NA	NA	132	NA	1	NA	NA	NA	45	NA	NA	NA	NA	31	NA	NA	5	NA	NA	88
915	2	NA	11	6	NA	NA	NA	NA	60	NA	NA	NA	540	56	NA	NA	NA	38	NA	14	NA	NA	NA	NA	NA	NA	6	NA	NA	NA	NA	NA	84	NA	NA	NA	37	NA	NA	17	NA	NA	12	NA	42	NA	12	NA	113	NA	NA	NA	NA	NA	NA	NA	46	20	9	100	NA	NA	NA	NA	NA	23	NA	NA	NA	NA	NA	NA	NA	24	NA	64	62	NA	122	NA	NA	NA	112	NA	3	NA	NA	NA	37	NA	NA	NA	NA	45	NA	NA	2	NA	NA	90
920	NA	NA	8	8	NA	NA	NA	NA	54	NA	NA	NA	544	57	NA	NA	NA	25	NA	7	NA	NA	NA	NA	NA	NA	3	NA	NA	NA	NA	NA	70	NA	NA	NA	36	NA	NA	30	NA	NA	12	NA	42	NA	9	NA	118	NA	NA	NA	NA	NA	NA	NA	51	15	9	114	NA	NA	NA	NA	NA	19	NA	NA	NA	NA	NA	NA	NA	17	NA	67	75	NA	113	NA	NA	NA	62	NA	3	NA	NA	NA	37	NA	NA	NA	NA	45	NA	NA	0	NA	NA	94
925	NA	NA	6	12	NA	NA	NA	NA	57	NA	NA	NA	473	48	NA	NA	NA	17	NA	5	NA	NA	NA	NA	NA	NA	5	NA	NA	NA	NA	NA	66	NA	NA	NA	43	NA	NA	19	NA	NA	17	NA	41	NA	5	NA	107	NA	NA	NA	NA	NA	NA	NA	39	3	7	116	NA	NA	NA	NA	NA	17	NA	NA	NA	NA	NA	NA	NA	15	NA	65	53	NA	108	NA	NA	NA	49	NA	5	NA	NA	NA	27	NA	NA	NA	NA	40	NA	NA	NA	NA	NA	89
930	NA	NA	5	12	NA	NA	NA	NA	52	NA	NA	NA	415	40	NA	NA	NA	21	NA	5	NA	NA	NA	NA	NA	NA	3	NA	NA	NA	NA	NA	55	NA	NA	NA	40	NA	NA	16	NA	NA	15	NA	35	NA	3	NA	103	NA	NA	NA	NA	NA	NA	NA	33	2	8	104	NA	NA	NA	NA	NA	11	NA	NA	NA	NA	NA	NA	NA	9	NA	65	52	NA	132	NA	NA	NA	41	NA	8	NA	NA	NA	26	NA	NA	NA	NA	37	NA	NA	NA	NA	NA	62
935	NA	NA	6	15	NA	NA	NA	NA	41	NA	NA	NA	387	32	NA	NA	NA	13	NA	5	NA	NA	NA	NA	NA	NA	0	NA	NA	NA	NA	NA	51	NA	NA	NA	39	NA	NA	19	NA	NA	22	NA	28	NA	4	NA	104	NA	NA	NA	NA	NA	NA	NA	24	NA	3	84	NA	NA	NA	NA	NA	8	NA	NA	NA	NA	NA	NA	NA	4	NA	54	53	NA	110	NA	NA	NA	26	NA	7	NA	NA	NA	31	NA	NA	NA	NA	41	NA	NA	NA	NA	NA	51
940	NA	NA	19	9	NA	NA	NA	NA	43	NA	NA	NA	321	29	NA	NA	NA	4	NA	8	NA	NA	NA	NA	NA	NA	NA	NA	NA	NA	NA	NA	45	NA	NA	NA	34	NA	NA	30	NA	NA	16	NA	29	NA	6	NA	90	NA	NA	NA	NA	NA	NA	NA	9	NA	5	109	NA	NA	NA	NA	NA	16	NA	NA	NA	NA	NA	NA	NA	2	NA	47	53	NA	110	NA	NA	NA	29	NA	15	NA	NA	NA	29	NA	NA	NA	NA	40	NA	NA	NA	NA	NA	57
945	NA	NA	21	12	NA	NA	NA	NA	34	NA	NA	NA	288	41	NA	NA	NA	4	NA	8	NA	NA	NA	NA	NA	NA	NA	NA	NA	NA	NA	NA	43	NA	NA	NA	27	NA	NA	23	NA	NA	4	NA	36	NA	6	NA	83	NA	NA	NA	NA	NA	NA	NA	6	NA	5	112	NA	NA	NA	NA	NA	18	NA	NA	NA	NA	NA	NA	NA	NA	NA	55	44	NA	106	NA	NA	NA	34	NA	17	NA	NA	NA	28	NA	NA	NA	NA	55	NA	NA	NA	NA	NA	40
950	NA	NA	14	13	NA	NA	NA	NA	31	NA	NA	NA	344	28	NA	NA	NA	3	NA	9	NA	NA	NA	NA	NA	NA	NA	NA	NA	NA	NA	NA	44	NA	NA	NA	25	NA	NA	32	NA	NA	NA	NA	39	NA	3	NA	66	NA	NA	NA	NA	NA	NA	NA	1	NA	9	73	NA	NA	NA	NA	NA	14	NA	NA	NA	NA	NA	NA	NA	NA	NA	26	43	NA	104	NA	NA	NA	33	NA	13	NA	NA	NA	19	NA	NA	NA	NA	54	NA	NA	NA	NA	NA	45
955	NA	NA	8	27	NA	NA	NA	NA	22	NA	NA	NA	300	16	NA	NA	NA	4	NA	8	NA	NA	NA	NA	NA	NA	NA	NA	NA	NA	NA	NA	37	NA	NA	NA	25	NA	NA	43	NA	NA	NA	NA	46	NA	2	NA	73	NA	NA	NA	NA	NA	NA	NA	3	NA	5	49	NA	NA	NA	NA	NA	9	NA	NA	NA	NA	NA	NA	NA	NA	NA	34	46	NA	96	NA	NA	NA	23	NA	8	NA	NA	NA	7	NA	NA	NA	NA	60	NA	NA	NA	NA	NA	50
960	NA	NA	5	27	NA	NA	NA	NA	17	NA	NA	NA	260	9	NA	NA	NA	8	NA	10	NA	NA	NA	NA	NA	NA	NA	NA	NA	NA	NA	NA	26	NA	NA	NA	29	NA	NA	18	NA	NA	NA	NA	42	NA	6	NA	82	NA	NA	NA	NA	NA	NA	NA	NA	NA	3	42	NA	NA	NA	NA	NA	3	NA	NA	NA	NA	NA	NA	NA	NA	NA	33	45	NA	113	NA	NA	NA	24	NA	1	NA	NA	NA	13	NA	NA	NA	NA	55	NA	NA	NA	NA	NA	63
965	NA	NA	2	26	NA	NA	NA	NA	10	NA	NA	NA	269	8	NA	NA	NA	8	NA	0	NA	NA	NA	NA	NA	NA	NA	NA	NA	NA	NA	NA	26	NA	NA	NA	34	NA	NA	14	NA	NA	NA	NA	45	NA	NA	NA	54	NA	NA	NA	NA	NA	NA	NA	NA	NA	3	41	NA	NA	NA	NA	NA	NA	NA	NA	NA	NA	NA	NA	NA	NA	NA	35	39	NA	109	NA	NA	NA	36	NA	NA	NA	NA	NA	8	NA	NA	NA	NA	59	NA	NA	NA	NA	NA	68
970	NA	NA	5	18	NA	NA	NA	NA	14	NA	NA	NA	254	6	NA	NA	NA	7	NA	NA	NA	NA	NA	NA	NA	NA	NA	NA	NA	NA	NA	NA	35	NA	NA	NA	23	NA	NA	9	NA	NA	NA	NA	46	NA	NA	NA	62	NA	NA	NA	NA	NA	NA	NA	NA	NA	4	29	NA	NA	NA	NA	NA	NA	NA	NA	NA	NA	NA	NA	NA	NA	NA	45	31	NA	118	NA	NA	NA	34	NA	NA	NA	NA	NA	4	NA	NA	NA	NA	58	NA	NA	NA	NA	NA	51
975	NA	NA	7	7	NA	NA	NA	NA	11	NA	NA	NA	226	6	NA	NA	NA	8	NA	NA	NA	NA	NA	NA	NA	NA	NA	NA	NA	NA	NA	NA	28	NA	NA	NA	22	NA	NA	18	NA	NA	NA	NA	47	NA	NA	NA	45	NA	NA	NA	NA	NA	NA	NA	NA	NA	3	29	NA	NA	NA	NA	NA	NA	NA	NA	NA	NA	NA	NA	NA	NA	NA	32	42	NA	125	NA	NA	NA	35	NA	NA	NA	NA	NA	2	NA	NA	NA	NA	51	NA	NA	NA	NA	NA	45
980	NA	NA	4	10	NA	NA	NA	NA	11	NA	NA	NA	219	7	NA	NA	NA	7	NA	NA	NA	NA	NA	NA	NA	NA	NA	NA	NA	NA	NA	NA	34	NA	NA	NA	24	NA	NA	36	NA	NA	NA	NA	66	NA	NA	NA	44	NA	NA	NA	NA	NA	NA	NA	NA	NA	3	27	NA	NA	NA	NA	NA	NA	NA	NA	NA	NA	NA	NA	NA	NA	NA	27	46	NA	120	NA	NA	NA	29	NA	NA	NA	NA	NA	NA	NA	NA	NA	NA	44	NA	NA	NA	NA	NA	38
985	NA	NA	6	5	NA	NA	NA	NA	9	NA	NA	NA	188	1	NA	NA	NA	1	NA	NA	NA	NA	NA	NA	NA	NA	NA	NA	NA	NA	NA	NA	36	NA	NA	NA	25	NA	NA	25	NA	NA	NA	NA	66	NA	NA	NA	43	NA	NA	NA	NA	NA	NA	NA	NA	NA	2	39	NA	NA	NA	NA	NA	NA	NA	NA	NA	NA	NA	NA	NA	NA	NA	21	42	NA	86	NA	NA	NA	20	NA	NA	NA	NA	NA	NA	NA	NA	NA	NA	50	NA	NA	NA	NA	NA	38
990	NA	NA	1	3	NA	NA	NA	NA	11	NA	NA	NA	180	1	NA	NA	NA	NA	NA	NA	NA	NA	NA	NA	NA	NA	NA	NA	NA	NA	NA	NA	42	NA	NA	NA	19	NA	NA	18	NA	NA	NA	NA	77	NA	NA	NA	44	NA	NA	NA	NA	NA	NA	NA	NA	NA	NA	28	NA	NA	NA	NA	NA	NA	NA	NA	NA	NA	NA	NA	NA	NA	NA	20	29	NA	78	NA	NA	NA	30	NA	NA	NA	NA	NA	NA	NA	NA	NA	NA	60	NA	NA	NA	NA	NA	37
995	NA	NA	3	6	NA	NA	NA	NA	8	NA	NA	NA	184	2	NA	NA	NA	NA	NA	NA	NA	NA	NA	NA	NA	NA	NA	NA	NA	NA	NA	NA	40	NA	NA	NA	18	NA	NA	11	NA	NA	NA	NA	85	NA	NA	NA	60	NA	NA	NA	NA	NA	NA	NA	NA	NA	NA	39	NA	NA	NA	NA	NA	NA	NA	NA	NA	NA	NA	NA	NA	NA	NA	17	35	NA	83	NA	NA	NA	28	NA	NA	NA	NA	NA	NA	NA	NA	NA	NA	68	NA	NA	NA	NA	NA	36
1000	NA	NA	2	1	NA	NA	NA	NA	5	NA	NA	NA	176	3	NA	NA	NA	NA	NA	NA	NA	NA	NA	NA	NA	NA	NA	NA	NA	NA	NA	NA	36	NA	NA	NA	7	NA	NA	5	NA	NA	NA	NA	62	NA	NA	NA	48	NA	NA	NA	NA	NA	NA	NA	NA	NA	NA	36	NA	NA	NA	NA	NA	NA	NA	NA	NA	NA	NA	NA	NA	NA	NA	17	36	NA	104	NA	NA	NA	12	NA	NA	NA	NA	NA	NA	NA	NA	NA	NA	54	NA	NA	NA	NA	NA	24
1005	NA	NA	NA	NA	NA	NA	NA	NA	9	NA	NA	NA	141	7	NA	NA	NA	NA	NA	NA	NA	NA	NA	NA	NA	NA	NA	NA	NA	NA	NA	NA	25	NA	NA	NA	2	NA	NA	2	NA	NA	NA	NA	48	NA	NA	NA	31	NA	NA	NA	NA	NA	NA	NA	NA	NA	NA	33	NA	NA	NA	NA	NA	NA	NA	NA	NA	NA	NA	NA	NA	NA	NA	17	39	NA	90	NA	NA	NA	3	NA	NA	NA	NA	NA	NA	NA	NA	NA	NA	46	NA	NA	NA	NA	NA	11
1010	NA	NA	NA	NA	NA	NA	NA	NA	9	NA	NA	NA	106	9	NA	NA	NA	NA	NA	NA	NA	NA	NA	NA	NA	NA	NA	NA	NA	NA	NA	NA	37	NA	NA	NA	NA	NA	NA	NA	NA	NA	NA	NA	39	NA	NA	NA	25	NA	NA	NA	NA	NA	NA	NA	NA	NA	NA	22	NA	NA	NA	NA	NA	NA	NA	NA	NA	NA	NA	NA	NA	NA	NA	19	17	NA	92	NA	NA	NA	0	NA	NA	NA	NA	NA	NA	NA	NA	NA	NA	42	NA	NA	NA	NA	NA	12
1015	NA	NA	NA	NA	NA	NA	NA	NA	14	NA	NA	NA	83	6	NA	NA	NA	NA	NA	NA	NA	NA	NA	NA	NA	NA	NA	NA	NA	NA	NA	NA	36	NA	NA	NA	NA	NA	NA	NA	NA	NA	NA	NA	41	NA	NA	NA	18	NA	NA	NA	NA	NA	NA	NA	NA	NA	NA	26	NA	NA	NA	NA	NA	NA	NA	NA	NA	NA	NA	NA	NA	NA	NA	22	14	NA	92	NA	NA	NA	NA	NA	NA	NA	NA	NA	NA	NA	NA	NA	NA	46	NA	NA	NA	NA	NA	7
1020	NA	NA	NA	NA	NA	NA	NA	NA	6	NA	NA	NA	75	12	NA	NA	NA	NA	NA	NA	NA	NA	NA	NA	NA	NA	NA	NA	NA	NA	NA	NA	19	NA	NA	NA	NA	NA	NA	NA	NA	NA	NA	NA	46	NA	NA	NA	26	NA	NA	NA	NA	NA	NA	NA	NA	NA	NA	35	NA	NA	NA	NA	NA	NA	NA	NA	NA	NA	NA	NA	NA	NA	NA	24	17	NA	110	NA	NA	NA	NA	NA	NA	NA	NA	NA	NA	NA	NA	NA	NA	41	NA	NA	NA	NA	NA	1
1025	NA	NA	NA	NA	NA	NA	NA	NA	9	NA	NA	NA	60	8	NA	NA	NA	NA	NA	NA	NA	NA	NA	NA	NA	NA	NA	NA	NA	NA	NA	NA	11	NA	NA	NA	NA	NA	NA	NA	NA	NA	NA	NA	37	NA	NA	NA	22	NA	NA	NA	NA	NA	NA	NA	NA	NA	NA	39	NA	NA	NA	NA	NA	NA	NA	NA	NA	NA	NA	NA	NA	NA	NA	23	16	NA	89	NA	NA	NA	NA	NA	NA	NA	NA	NA	NA	NA	NA	NA	NA	52	NA	NA	NA	NA	NA	NA
1030	NA	NA	NA	NA	NA	NA	NA	NA	4	NA	NA	NA	47	8	NA	NA	NA	NA	NA	NA	NA	NA	NA	NA	NA	NA	NA	NA	NA	NA	NA	NA	12	NA	NA	NA	NA	NA	NA	NA	NA	NA	NA	NA	22	NA	NA	NA	19	NA	NA	NA	NA	NA	NA	NA	NA	NA	NA	47	NA	NA	NA	NA	NA	NA	NA	NA	NA	NA	NA	NA	NA	NA	NA	25	17	NA	87	NA	NA	NA	NA	NA	NA	NA	NA	NA	NA	NA	NA	NA	NA	39	NA	NA	NA	NA	NA	NA
1035	NA	NA	NA	NA	NA	NA	NA	NA	2	NA	NA	NA	55	2	NA	NA	NA	NA	NA	NA	NA	NA	NA	NA	NA	NA	NA	NA	NA	NA	NA	NA	15	NA	NA	NA	NA	NA	NA	NA	NA	NA	NA	NA	21	NA	NA	NA	13	NA	NA	NA	NA	NA	NA	NA	NA	NA	NA	57	NA	NA	NA	NA	NA	NA	NA	NA	NA	NA	NA	NA	NA	NA	NA	19	11	NA	68	NA	NA	NA	NA	NA	NA	NA	NA	NA	NA	NA	NA	NA	NA	46	NA	NA	NA	NA	NA	NA
1040	NA	NA	NA	NA	NA	NA	NA	NA	5	NA	NA	NA	49	NA	NA	NA	NA	NA	NA	NA	NA	NA	NA	NA	NA	NA	NA	NA	NA	NA	NA	NA	16	NA	NA	NA	NA	NA	NA	NA	NA	NA	NA	NA	21	NA	NA	NA	8	NA	NA	NA	NA	NA	NA	NA	NA	NA	NA	51	NA	NA	NA	NA	NA	NA	NA	NA	NA	NA	NA	NA	NA	NA	NA	14	16	NA	72	NA	NA	NA	NA	NA	NA	NA	NA	NA	NA	NA	NA	NA	NA	58	NA	NA	NA	NA	NA	NA
1045	NA	NA	NA	NA	NA	NA	NA	NA	3	NA	NA	NA	37	NA	NA	NA	NA	NA	NA	NA	NA	NA	NA	NA	NA	NA	NA	NA	NA	NA	NA	NA	7	NA	NA	NA	NA	NA	NA	NA	NA	NA	NA	NA	24	NA	NA	NA	2	NA	NA	NA	NA	NA	NA	NA	NA	NA	NA	43	NA	NA	NA	NA	NA	NA	NA	NA	NA	NA	NA	NA	NA	NA	NA	7	13	NA	61	NA	NA	NA	NA	NA	NA	NA	NA	NA	NA	NA	NA	NA	NA	60	NA	NA	NA	NA	NA	NA
1050	NA	NA	NA	NA	NA	NA	NA	NA	NA	NA	NA	NA	36	NA	NA	NA	NA	NA	NA	NA	NA	NA	NA	NA	NA	NA	NA	NA	NA	NA	NA	NA	7	NA	NA	NA	NA	NA	NA	NA	NA	NA	NA	NA	23	NA	NA	NA	4	NA	NA	NA	NA	NA	NA	NA	NA	NA	NA	37	NA	NA	NA	NA	NA	NA	NA	NA	NA	NA	NA	NA	NA	NA	NA	8	4	NA	33	NA	NA	NA	NA	NA	NA	NA	NA	NA	NA	NA	NA	NA	NA	56	NA	NA	NA	NA	NA	NA
1055	NA	NA	NA	NA	NA	NA	NA	NA	NA	NA	NA	NA	35	NA	NA	NA	NA	NA	NA	NA	NA	NA	NA	NA	NA	NA	NA	NA	NA	NA	NA	NA	11	NA	NA	NA	NA	NA	NA	NA	NA	NA	NA	NA	18	NA	NA	NA	NA	NA	NA	NA	NA	NA	NA	NA	NA	NA	NA	27	NA	NA	NA	NA	NA	NA	NA	NA	NA	NA	NA	NA	NA	NA	NA	8	5	NA	24	NA	NA	NA	NA	NA	NA	NA	NA	NA	NA	NA	NA	NA	NA	42	NA	NA	NA	NA	NA	NA
1060	NA	NA	NA	NA	NA	NA	NA	NA	NA	NA	NA	NA	24	NA	NA	NA	NA	NA	NA	NA	NA	NA	NA	NA	NA	NA	NA	NA	NA	NA	NA	NA	7	NA	NA	NA	NA	NA	NA	NA	NA	NA	NA	NA	20	NA	NA	NA	NA	NA	NA	NA	NA	NA	NA	NA	NA	NA	NA	21	NA	NA	NA	NA	NA	NA	NA	NA	NA	NA	NA	NA	NA	NA	NA	8	4	NA	33	NA	NA	NA	NA	NA	NA	NA	NA	NA	NA	NA	NA	NA	NA	37	NA	NA	NA	NA	NA	NA
1065	NA	NA	NA	NA	NA	NA	NA	NA	NA	NA	NA	NA	28	NA	NA	NA	NA	NA	NA	NA	NA	NA	NA	NA	NA	NA	NA	NA	NA	NA	NA	NA	1	NA	NA	NA	NA	NA	NA	NA	NA	NA	NA	NA	17	NA	NA	NA	NA	NA	NA	NA	NA	NA	NA	NA	NA	NA	NA	14	NA	NA	NA	NA	NA	NA	NA	NA	NA	NA	NA	NA	NA	NA	NA	4	2	NA	40	NA	NA	NA	NA	NA	NA	NA	NA	NA	NA	NA	NA	NA	NA	41	NA	NA	NA	NA	NA	NA
1070	NA	NA	NA	NA	NA	NA	NA	NA	NA	NA	NA	NA	40	NA	NA	NA	NA	NA	NA	NA	NA	NA	NA	NA	NA	NA	NA	NA	NA	NA	NA	NA	NA	NA	NA	NA	NA	NA	NA	NA	NA	NA	NA	NA	17	NA	NA	NA	NA	NA	NA	NA	NA	NA	NA	NA	NA	NA	NA	10	NA	NA	NA	NA	NA	NA	NA	NA	NA	NA	NA	NA	NA	NA	NA	2	0	NA	39	NA	NA	NA	NA	NA	NA	NA	NA	NA	NA	NA	NA	NA	NA	28	NA	NA	NA	NA	NA	NA
1075	NA	NA	NA	NA	NA	NA	NA	NA	NA	NA	NA	NA	33	NA	NA	NA	NA	NA	NA	NA	NA	NA	NA	NA	NA	NA	NA	NA	NA	NA	NA	NA	NA	NA	NA	NA	NA	NA	NA	NA	NA	NA	NA	NA	17	NA	NA	NA	NA	NA	NA	NA	NA	NA	NA	NA	NA	NA	NA	10	NA	NA	NA	NA	NA	NA	NA	NA	NA	NA	NA	NA	NA	NA	NA	4	NA	NA	36	NA	NA	NA	NA	NA	NA	NA	NA	NA	NA	NA	NA	NA	NA	11	NA	NA	NA	NA	NA	NA
1080	NA	NA	NA	NA	NA	NA	NA	NA	NA	NA	NA	NA	15	NA	NA	NA	NA	NA	NA	NA	NA	NA	NA	NA	NA	NA	NA	NA	NA	NA	NA	NA	NA	NA	NA	NA	NA	NA	NA	NA	NA	NA	NA	NA	18	NA	NA	NA	NA	NA	NA	NA	NA	NA	NA	NA	NA	NA	NA	18	NA	NA	NA	NA	NA	NA	NA	NA	NA	NA	NA	NA	NA	NA	NA	6	NA	NA	47	NA	NA	NA	NA	NA	NA	NA	NA	NA	NA	NA	NA	NA	NA	6	NA	NA	NA	NA	NA	NA
1085	NA	NA	NA	NA	NA	NA	NA	NA	NA	NA	NA	NA	31	NA	NA	NA	NA	NA	NA	NA	NA	NA	NA	NA	NA	NA	NA	NA	NA	NA	NA	NA	NA	NA	NA	NA	NA	NA	NA	NA	NA	NA	NA	NA	16	NA	NA	NA	NA	NA	NA	NA	NA	NA	NA	NA	NA	NA	NA	15	NA	NA	NA	NA	NA	NA	NA	NA	NA	NA	NA	NA	NA	NA	NA	5	NA	NA	61	NA	NA	NA	NA	NA	NA	NA	NA	NA	NA	NA	NA	NA	NA	5	NA	NA	NA	NA	NA	NA
1090	NA	NA	NA	NA	NA	NA	NA	NA	NA	NA	NA	NA	25	NA	NA	NA	NA	NA	NA	NA	NA	NA	NA	NA	NA	NA	NA	NA	NA	NA	NA	NA	NA	NA	NA	NA	NA	NA	NA	NA	NA	NA	NA	NA	15	NA	NA	NA	NA	NA	NA	NA	NA	NA	NA	NA	NA	NA	NA	7	NA	NA	NA	NA	NA	NA	NA	NA	NA	NA	NA	NA	NA	NA	NA	NA	NA	NA	54	NA	NA	NA	NA	NA	NA	NA	NA	NA	NA	NA	NA	NA	NA	6	NA	NA	NA	NA	NA	NA
1095	NA	NA	NA	NA	NA	NA	NA	NA	NA	NA	NA	NA	20	NA	NA	NA	NA	NA	NA	NA	NA	NA	NA	NA	NA	NA	NA	NA	NA	NA	NA	NA	NA	NA	NA	NA	NA	NA	NA	NA	NA	NA	NA	NA	20	NA	NA	NA	NA	NA	NA	NA	NA	NA	NA	NA	NA	NA	NA	9	NA	NA	NA	NA	NA	NA	NA	NA	NA	NA	NA	NA	NA	NA	NA	NA	NA	NA	41	NA	NA	NA	NA	NA	NA	NA	NA	NA	NA	NA	NA	NA	NA	9	NA	NA	NA	NA	NA	NA
1100	NA	NA	NA	NA	NA	NA	NA	NA	NA	NA	NA	NA	22	NA	NA	NA	NA	NA	NA	NA	NA	NA	NA	NA	NA	NA	NA	NA	NA	NA	NA	NA	NA	NA	NA	NA	NA	NA	NA	NA	NA	NA	NA	NA	19	NA	NA	NA	NA	NA	NA	NA	NA	NA	NA	NA	NA	NA	NA	10	NA	NA	NA	NA	NA	NA	NA	NA	NA	NA	NA	NA	NA	NA	NA	NA	NA	NA	31	NA	NA	NA	NA	NA	NA	NA	NA	NA	NA	NA	NA	NA	NA	14	NA	NA	NA	NA	NA	NA
1105	NA	NA	NA	NA	NA	NA	NA	NA	NA	NA	NA	NA	22	NA	NA	NA	NA	NA	NA	NA	NA	NA	NA	NA	NA	NA	NA	NA	NA	NA	NA	NA	NA	NA	NA	NA	NA	NA	NA	NA	NA	NA	NA	NA	29	NA	NA	NA	NA	NA	NA	NA	NA	NA	NA	NA	NA	NA	NA	13	NA	NA	NA	NA	NA	NA	NA	NA	NA	NA	NA	NA	NA	NA	NA	NA	NA	NA	31	NA	NA	NA	NA	NA	NA	NA	NA	NA	NA	NA	NA	NA	NA	13	NA	NA	NA	NA	NA	NA
1110	NA	NA	NA	NA	NA	NA	NA	NA	NA	NA	NA	NA	17	NA	NA	NA	NA	NA	NA	NA	NA	NA	NA	NA	NA	NA	NA	NA	NA	NA	NA	NA	NA	NA	NA	NA	NA	NA	NA	NA	NA	NA	NA	NA	28	NA	NA	NA	NA	NA	NA	NA	NA	NA	NA	NA	NA	NA	NA	11	NA	NA	NA	NA	NA	NA	NA	NA	NA	NA	NA	NA	NA	NA	NA	NA	NA	NA	30	NA	NA	NA	NA	NA	NA	NA	NA	NA	NA	NA	NA	NA	NA	13	NA	NA	NA	NA	NA	NA
1115	NA	NA	NA	NA	NA	NA	NA	NA	NA	NA	NA	NA	13	NA	NA	NA	NA	NA	NA	NA	NA	NA	NA	NA	NA	NA	NA	NA	NA	NA	NA	NA	NA	NA	NA	NA	NA	NA	NA	NA	NA	NA	NA	NA	33	NA	NA	NA	NA	NA	NA	NA	NA	NA	NA	NA	NA	NA	NA	8	NA	NA	NA	NA	NA	NA	NA	NA	NA	NA	NA	NA	NA	NA	NA	NA	NA	NA	43	NA	NA	NA	NA	NA	NA	NA	NA	NA	NA	NA	NA	NA	NA	9	NA	NA	NA	NA	NA	NA
1120	NA	NA	NA	NA	NA	NA	NA	NA	NA	NA	NA	NA	8	NA	NA	NA	NA	NA	NA	NA	NA	NA	NA	NA	NA	NA	NA	NA	NA	NA	NA	NA	NA	NA	NA	NA	NA	NA	NA	NA	NA	NA	NA	NA	33	NA	NA	NA	NA	NA	NA	NA	NA	NA	NA	NA	NA	NA	NA	4	NA	NA	NA	NA	NA	NA	NA	NA	NA	NA	NA	NA	NA	NA	NA	NA	NA	NA	40	NA	NA	NA	NA	NA	NA	NA	NA	NA	NA	NA	NA	NA	NA	15	NA	NA	NA	NA	NA	NA
1125	NA	NA	NA	NA	NA	NA	NA	NA	NA	NA	NA	NA	5	NA	NA	NA	NA	NA	NA	NA	NA	NA	NA	NA	NA	NA	NA	NA	NA	NA	NA	NA	NA	NA	NA	NA	NA	NA	NA	NA	NA	NA	NA	NA	31	NA	NA	NA	NA	NA	NA	NA	NA	NA	NA	NA	NA	NA	NA	6	NA	NA	NA	NA	NA	NA	NA	NA	NA	NA	NA	NA	NA	NA	NA	NA	NA	NA	45	NA	NA	NA	NA	NA	NA	NA	NA	NA	NA	NA	NA	NA	NA	15	NA	NA	NA	NA	NA	NA
1130	NA	NA	NA	NA	NA	NA	NA	NA	NA	NA	NA	NA	3	NA	NA	NA	NA	NA	NA	NA	NA	NA	NA	NA	NA	NA	NA	NA	NA	NA	NA	NA	NA	NA	NA	NA	NA	NA	NA	NA	NA	NA	NA	NA	43	NA	NA	NA	NA	NA	NA	NA	NA	NA	NA	NA	NA	NA	NA	11	NA	NA	NA	NA	NA	NA	NA	NA	NA	NA	NA	NA	NA	NA	NA	NA	NA	NA	45	NA	NA	NA	NA	NA	NA	NA	NA	NA	NA	NA	NA	NA	NA	15	NA	NA	NA	NA	NA	NA
1135	NA	NA	NA	NA	NA	NA	NA	NA	NA	NA	NA	NA	1	NA	NA	NA	NA	NA	NA	NA	NA	NA	NA	NA	NA	NA	NA	NA	NA	NA	NA	NA	NA	NA	NA	NA	NA	NA	NA	NA	NA	NA	NA	NA	32	NA	NA	NA	NA	NA	NA	NA	NA	NA	NA	NA	NA	NA	NA	7	NA	NA	NA	NA	NA	NA	NA	NA	NA	NA	NA	NA	NA	NA	NA	NA	NA	NA	42	NA	NA	NA	NA	NA	NA	NA	NA	NA	NA	NA	NA	NA	NA	9	NA	NA	NA	NA	NA	NA
1140	NA	NA	NA	NA	NA	NA	NA	NA	NA	NA	NA	NA	NA	NA	NA	NA	NA	NA	NA	NA	NA	NA	NA	NA	NA	NA	NA	NA	NA	NA	NA	NA	NA	NA	NA	NA	NA	NA	NA	NA	NA	NA	NA	NA	40	NA	NA	NA	NA	NA	NA	NA	NA	NA	NA	NA	NA	NA	NA	9	NA	NA	NA	NA	NA	NA	NA	NA	NA	NA	NA	NA	NA	NA	NA	NA	NA	NA	35	NA	NA	NA	NA	NA	NA	NA	NA	NA	NA	NA	NA	NA	NA	8	NA	NA	NA	NA	NA	NA
1145	NA	NA	NA	NA	NA	NA	NA	NA	NA	NA	NA	NA	NA	NA	NA	NA	NA	NA	NA	NA	NA	NA	NA	NA	NA	NA	NA	NA	NA	NA	NA	NA	NA	NA	NA	NA	NA	NA	NA	NA	NA	NA	NA	NA	42	NA	NA	NA	NA	NA	NA	NA	NA	NA	NA	NA	NA	NA	NA	6	NA	NA	NA	NA	NA	NA	NA	NA	NA	NA	NA	NA	NA	NA	NA	NA	NA	NA	26	NA	NA	NA	NA	NA	NA	NA	NA	NA	NA	NA	NA	NA	NA	9	NA	NA	NA	NA	NA	NA
1150	NA	NA	NA	NA	NA	NA	NA	NA	NA	NA	NA	NA	NA	NA	NA	NA	NA	NA	NA	NA	NA	NA	NA	NA	NA	NA	NA	NA	NA	NA	NA	NA	NA	NA	NA	NA	NA	NA	NA	NA	NA	NA	NA	NA	27	NA	NA	NA	NA	NA	NA	NA	NA	NA	NA	NA	NA	NA	NA	8	NA	NA	NA	NA	NA	NA	NA	NA	NA	NA	NA	NA	NA	NA	NA	NA	NA	NA	39	NA	NA	NA	NA	NA	NA	NA	NA	NA	NA	NA	NA	NA	NA	4	NA	NA	NA	NA	NA	NA
1155	NA	NA	NA	NA	NA	NA	NA	NA	NA	NA	NA	NA	NA	NA	NA	NA	NA	NA	NA	NA	NA	NA	NA	NA	NA	NA	NA	NA	NA	NA	NA	NA	NA	NA	NA	NA	NA	NA	NA	NA	NA	NA	NA	NA	19	NA	NA	NA	NA	NA	NA	NA	NA	NA	NA	NA	NA	NA	NA	12	NA	NA	NA	NA	NA	NA	NA	NA	NA	NA	NA	NA	NA	NA	NA	NA	NA	NA	43	NA	NA	NA	NA	NA	NA	NA	NA	NA	NA	NA	NA	NA	NA	1	NA	NA	NA	NA	NA	NA
1160	NA	NA	NA	NA	NA	NA	NA	NA	NA	NA	NA	NA	NA	NA	NA	NA	NA	NA	NA	NA	NA	NA	NA	NA	NA	NA	NA	NA	NA	NA	NA	NA	NA	NA	NA	NA	NA	NA	NA	NA	NA	NA	NA	NA	14	NA	NA	NA	NA	NA	NA	NA	NA	NA	NA	NA	NA	NA	NA	18	NA	NA	NA	NA	NA	NA	NA	NA	NA	NA	NA	NA	NA	NA	NA	NA	NA	NA	39	NA	NA	NA	NA	NA	NA	NA	NA	NA	NA	NA	NA	NA	NA	3	NA	NA	NA	NA	NA	NA
1165	NA	NA	NA	NA	NA	NA	NA	NA	NA	NA	NA	NA	NA	NA	NA	NA	NA	NA	NA	NA	NA	NA	NA	NA	NA	NA	NA	NA	NA	NA	NA	NA	NA	NA	NA	NA	NA	NA	NA	NA	NA	NA	NA	NA	8	NA	NA	NA	NA	NA	NA	NA	NA	NA	NA	NA	NA	NA	NA	7	NA	NA	NA	NA	NA	NA	NA	NA	NA	NA	NA	NA	NA	NA	NA	NA	NA	NA	35	NA	NA	NA	NA	NA	NA	NA	NA	NA	NA	NA	NA	NA	NA	5	NA	NA	NA	NA	NA	NA
1170	NA	NA	NA	NA	NA	NA	NA	NA	NA	NA	NA	NA	NA	NA	NA	NA	NA	NA	NA	NA	NA	NA	NA	NA	NA	NA	NA	NA	NA	NA	NA	NA	NA	NA	NA	NA	NA	NA	NA	NA	NA	NA	NA	NA	11	NA	NA	NA	NA	NA	NA	NA	NA	NA	NA	NA	NA	NA	NA	8	NA	NA	NA	NA	NA	NA	NA	NA	NA	NA	NA	NA	NA	NA	NA	NA	NA	NA	26	NA	NA	NA	NA	NA	NA	NA	NA	NA	NA	NA	NA	NA	NA	2	NA	NA	NA	NA	NA	NA
1175	NA	NA	NA	NA	NA	NA	NA	NA	NA	NA	NA	NA	NA	NA	NA	NA	NA	NA	NA	NA	NA	NA	NA	NA	NA	NA	NA	NA	NA	NA	NA	NA	NA	NA	NA	NA	NA	NA	NA	NA	NA	NA	NA	NA	11	NA	NA	NA	NA	NA	NA	NA	NA	NA	NA	NA	NA	NA	NA	11	NA	NA	NA	NA	NA	NA	NA	NA	NA	NA	NA	NA	NA	NA	NA	NA	NA	NA	23	NA	NA	NA	NA	NA	NA	NA	NA	NA	NA	NA	NA	NA	NA	1	NA	NA	NA	NA	NA	NA
1180	NA	NA	NA	NA	NA	NA	NA	NA	NA	NA	NA	NA	NA	NA	NA	NA	NA	NA	NA	NA	NA	NA	NA	NA	NA	NA	NA	NA	NA	NA	NA	NA	NA	NA	NA	NA	NA	NA	NA	NA	NA	NA	NA	NA	12	NA	NA	NA	NA	NA	NA	NA	NA	NA	NA	NA	NA	NA	NA	10	NA	NA	NA	NA	NA	NA	NA	NA	NA	NA	NA	NA	NA	NA	NA	NA	NA	NA	26	NA	NA	NA	NA	NA	NA	NA	NA	NA	NA	NA	NA	NA	NA	NA	NA	NA	NA	NA	NA	NA
1185	NA	NA	NA	NA	NA	NA	NA	NA	NA	NA	NA	NA	NA	NA	NA	NA	NA	NA	NA	NA	NA	NA	NA	NA	NA	NA	NA	NA	NA	NA	NA	NA	NA	NA	NA	NA	NA	NA	NA	NA	NA	NA	NA	NA	11	NA	NA	NA	NA	NA	NA	NA	NA	NA	NA	NA	NA	NA	NA	5	NA	NA	NA	NA	NA	NA	NA	NA	NA	NA	NA	NA	NA	NA	NA	NA	NA	NA	26	NA	NA	NA	NA	NA	NA	NA	NA	NA	NA	NA	NA	NA	NA	NA	NA	NA	NA	NA	NA	NA
1190	NA	NA	NA	NA	NA	NA	NA	NA	NA	NA	NA	NA	NA	NA	NA	NA	NA	NA	NA	NA	NA	NA	NA	NA	NA	NA	NA	NA	NA	NA	NA	NA	NA	NA	NA	NA	NA	NA	NA	NA	NA	NA	NA	NA	8	NA	NA	NA	NA	NA	NA	NA	NA	NA	NA	NA	NA	NA	NA	8	NA	NA	NA	NA	NA	NA	NA	NA	NA	NA	NA	NA	NA	NA	NA	NA	NA	NA	35	NA	NA	NA	NA	NA	NA	NA	NA	NA	NA	NA	NA	NA	NA	NA	NA	NA	NA	NA	NA	NA
1195	NA	NA	NA	NA	NA	NA	NA	NA	NA	NA	NA	NA	NA	NA	NA	NA	NA	NA	NA	NA	NA	NA	NA	NA	NA	NA	NA	NA	NA	NA	NA	NA	NA	NA	NA	NA	NA	NA	NA	NA	NA	NA	NA	NA	10	NA	NA	NA	NA	NA	NA	NA	NA	NA	NA	NA	NA	NA	NA	6	NA	NA	NA	NA	NA	NA	NA	NA	NA	NA	NA	NA	NA	NA	NA	NA	NA	NA	29	NA	NA	NA	NA	NA	NA	NA	NA	NA	NA	NA	NA	NA	NA	NA	NA	NA	NA	NA	NA	NA
1200	NA	NA	NA	NA	NA	NA	NA	NA	NA	NA	NA	NA	NA	NA	NA	NA	NA	NA	NA	NA	NA	NA	NA	NA	NA	NA	NA	NA	NA	NA	NA	NA	NA	NA	NA	NA	NA	NA	NA	NA	NA	NA	NA	NA	11	NA	NA	NA	NA	NA	NA	NA	NA	NA	NA	NA	NA	NA	NA	9	NA	NA	NA	NA	NA	NA	NA	NA	NA	NA	NA	NA	NA	NA	NA	NA	NA	NA	42	NA	NA	NA	NA	NA	NA	NA	NA	NA	NA	NA	NA	NA	NA	NA	NA	NA	NA	NA	NA	NA
1205	NA	NA	NA	NA	NA	NA	NA	NA	NA	NA	NA	NA	NA	NA	NA	NA	NA	NA	NA	NA	NA	NA	NA	NA	NA	NA	NA	NA	NA	NA	NA	NA	NA	NA	NA	NA	NA	NA	NA	NA	NA	NA	NA	NA	10	NA	NA	NA	NA	NA	NA	NA	NA	NA	NA	NA	NA	NA	NA	9	NA	NA	NA	NA	NA	NA	NA	NA	NA	NA	NA	NA	NA	NA	NA	NA	NA	NA	40	NA	NA	NA	NA	NA	NA	NA	NA	NA	NA	NA	NA	NA	NA	NA	NA	NA	NA	NA	NA	NA
1210	NA	NA	NA	NA	NA	NA	NA	NA	NA	NA	NA	NA	NA	NA	NA	NA	NA	NA	NA	NA	NA	NA	NA	NA	NA	NA	NA	NA	NA	NA	NA	NA	NA	NA	NA	NA	NA	NA	NA	NA	NA	NA	NA	NA	13	NA	NA	NA	NA	NA	NA	NA	NA	NA	NA	NA	NA	NA	NA	6	NA	NA	NA	NA	NA	NA	NA	NA	NA	NA	NA	NA	NA	NA	NA	NA	NA	NA	36	NA	NA	NA	NA	NA	NA	NA	NA	NA	NA	NA	NA	NA	NA	NA	NA	NA	NA	NA	NA	NA
1215	NA	NA	NA	NA	NA	NA	NA	NA	NA	NA	NA	NA	NA	NA	NA	NA	NA	NA	NA	NA	NA	NA	NA	NA	NA	NA	NA	NA	NA	NA	NA	NA	NA	NA	NA	NA	NA	NA	NA	NA	NA	NA	NA	NA	11	NA	NA	NA	NA	NA	NA	NA	NA	NA	NA	NA	NA	NA	NA	4	NA	NA	NA	NA	NA	NA	NA	NA	NA	NA	NA	NA	NA	NA	NA	NA	NA	NA	52	NA	NA	NA	NA	NA	NA	NA	NA	NA	NA	NA	NA	NA	NA	NA	NA	NA	NA	NA	NA	NA
1220	NA	NA	NA	NA	NA	NA	NA	NA	NA	NA	NA	NA	NA	NA	NA	NA	NA	NA	NA	NA	NA	NA	NA	NA	NA	NA	NA	NA	NA	NA	NA	NA	NA	NA	NA	NA	NA	NA	NA	NA	NA	NA	NA	NA	12	NA	NA	NA	NA	NA	NA	NA	NA	NA	NA	NA	NA	NA	NA	2	NA	NA	NA	NA	NA	NA	NA	NA	NA	NA	NA	NA	NA	NA	NA	NA	NA	NA	39	NA	NA	NA	NA	NA	NA	NA	NA	NA	NA	NA	NA	NA	NA	NA	NA	NA	NA	NA	NA	NA
1225	NA	NA	NA	NA	NA	NA	NA	NA	NA	NA	NA	NA	NA	NA	NA	NA	NA	NA	NA	NA	NA	NA	NA	NA	NA	NA	NA	NA	NA	NA	NA	NA	NA	NA	NA	NA	NA	NA	NA	NA	NA	NA	NA	NA	10	NA	NA	NA	NA	NA	NA	NA	NA	NA	NA	NA	NA	NA	NA	2	NA	NA	NA	NA	NA	NA	NA	NA	NA	NA	NA	NA	NA	NA	NA	NA	NA	NA	23	NA	NA	NA	NA	NA	NA	NA	NA	NA	NA	NA	NA	NA	NA	NA	NA	NA	NA	NA	NA	NA
1230	NA	NA	NA	NA	NA	NA	NA	NA	NA	NA	NA	NA	NA	NA	NA	NA	NA	NA	NA	NA	NA	NA	NA	NA	NA	NA	NA	NA	NA	NA	NA	NA	NA	NA	NA	NA	NA	NA	NA	NA	NA	NA	NA	NA	2	NA	NA	NA	NA	NA	NA	NA	NA	NA	NA	NA	NA	NA	NA	1	NA	NA	NA	NA	NA	NA	NA	NA	NA	NA	NA	NA	NA	NA	NA	NA	NA	NA	32	NA	NA	NA	NA	NA	NA	NA	NA	NA	NA	NA	NA	NA	NA	NA	NA	NA	NA	NA	NA	NA
1235	NA	NA	NA	NA	NA	NA	NA	NA	NA	NA	NA	NA	NA	NA	NA	NA	NA	NA	NA	NA	NA	NA	NA	NA	NA	NA	NA	NA	NA	NA	NA	NA	NA	NA	NA	NA	NA	NA	NA	NA	NA	NA	NA	NA	NA	NA	NA	NA	NA	NA	NA	NA	NA	NA	NA	NA	NA	NA	NA	1	NA	NA	NA	NA	NA	NA	NA	NA	NA	NA	NA	NA	NA	NA	NA	NA	NA	NA	27	NA	NA	NA	NA	NA	NA	NA	NA	NA	NA	NA	NA	NA	NA	NA	NA	NA	NA	NA	NA	NA
1240	NA	NA	NA	NA	NA	NA	NA	NA	NA	NA	NA	NA	NA	NA	NA	NA	NA	NA	NA	NA	NA	NA	NA	NA	NA	NA	NA	NA	NA	NA	NA	NA	NA	NA	NA	NA	NA	NA	NA	NA	NA	NA	NA	NA	NA	NA	NA	NA	NA	NA	NA	NA	NA	NA	NA	NA	NA	NA	NA	NA	NA	NA	NA	NA	NA	NA	NA	NA	NA	NA	NA	NA	NA	NA	NA	NA	NA	NA	29	NA	NA	NA	NA	NA	NA	NA	NA	NA	NA	NA	NA	NA	NA	NA	NA	NA	NA	NA	NA	NA
1245	NA	NA	NA	NA	NA	NA	NA	NA	NA	NA	NA	NA	NA	NA	NA	NA	NA	NA	NA	NA	NA	NA	NA	NA	NA	NA	NA	NA	NA	NA	NA	NA	NA	NA	NA	NA	NA	NA	NA	NA	NA	NA	NA	NA	NA	NA	NA	NA	NA	NA	NA	NA	NA	NA	NA	NA	NA	NA	NA	NA	NA	NA	NA	NA	NA	NA	NA	NA	NA	NA	NA	NA	NA	NA	NA	NA	NA	NA	23	NA	NA	NA	NA	NA	NA	NA	NA	NA	NA	NA	NA	NA	NA	NA	NA	NA	NA	NA	NA	NA
1250	NA	NA	NA	NA	NA	NA	NA	NA	NA	NA	NA	NA	NA	NA	NA	NA	NA	NA	NA	NA	NA	NA	NA	NA	NA	NA	NA	NA	NA	NA	NA	NA	NA	NA	NA	NA	NA	NA	NA	NA	NA	NA	NA	NA	NA	NA	NA	NA	NA	NA	NA	NA	NA	NA	NA	NA	NA	NA	NA	NA	NA	NA	NA	NA	NA	NA	NA	NA	NA	NA	NA	NA	NA	NA	NA	NA	NA	NA	22	NA	NA	NA	NA	NA	NA	NA	NA	NA	NA	NA	NA	NA	NA	NA	NA	NA	NA	NA	NA	NA
1255	NA	NA	NA	NA	NA	NA	NA	NA	NA	NA	NA	NA	NA	NA	NA	NA	NA	NA	NA	NA	NA	NA	NA	NA	NA	NA	NA	NA	NA	NA	NA	NA	NA	NA	NA	NA	NA	NA	NA	NA	NA	NA	NA	NA	NA	NA	NA	NA	NA	NA	NA	NA	NA	NA	NA	NA	NA	NA	NA	NA	NA	NA	NA	NA	NA	NA	NA	NA	NA	NA	NA	NA	NA	NA	NA	NA	NA	NA	16	NA	NA	NA	NA	NA	NA	NA	NA	NA	NA	NA	NA	NA	NA	NA	NA	NA	NA	NA	NA	NA
1260	NA	NA	NA	NA	NA	NA	NA	NA	NA	NA	NA	NA	NA	NA	NA	NA	NA	NA	NA	NA	NA	NA	NA	NA	NA	NA	NA	NA	NA	NA	NA	NA	NA	NA	NA	NA	NA	NA	NA	NA	NA	NA	NA	NA	NA	NA	NA	NA	NA	NA	NA	NA	NA	NA	NA	NA	NA	NA	NA	NA	NA	NA	NA	NA	NA	NA	NA	NA	NA	NA	NA	NA	NA	NA	NA	NA	NA	NA	11	NA	NA	NA	NA	NA	NA	NA	NA	NA	NA	NA	NA	NA	NA	NA	NA	NA	NA	NA	NA	NA
1265	NA	NA	NA	NA	NA	NA	NA	NA	NA	NA	NA	NA	NA	NA	NA	NA	NA	NA	NA	NA	NA	NA	NA	NA	NA	NA	NA	NA	NA	NA	NA	NA	NA	NA	NA	NA	NA	NA	NA	NA	NA	NA	NA	NA	NA	NA	NA	NA	NA	NA	NA	NA	NA	NA	NA	NA	NA	NA	NA	NA	NA	NA	NA	NA	NA	NA	NA	NA	NA	NA	NA	NA	NA	NA	NA	NA	NA	NA	2	NA	NA	NA	NA	NA	NA	NA	NA	NA	NA	NA	NA	NA	NA	NA	NA	NA	NA	NA	NA	NA
