0	3	5	3	3	3	4	2	2	4	3	2	4	3	5	2	2	3	2	4	2	3	3	4	3	2	3	3	3	2	2	1	3	2	4	3	4	1	2	5	4	3	4	1	3	3	3	3	1	2	3	2	4	3	4	4	3	4	2	5	3	5	3	3	3	4	3	5	5	3	4	2	2	2	5	2	2	4	3	2	2	2	2	2	3	2	2	2	2	2	4	3	2	3	4	2	4	4	3	3	3
5	25	56	60	46	20	38	19	28	44	36	32	40	49	64	37	35	41	18	42	44	44	40	38	17	18	34	36	17	29	44	31	34	39	55	32	49	34	31	37	41	53	41	25	47	34	34	37	20	40	41	32	26	51	28	44	41	29	25	47	34	42	42	29	39	30	29	46	40	63	57	36	28	33	35	27	33	22	37	40	28	39	19	33	26	36	25	31	27	22	53	39	39	39	40	20	37	27	40	17	21
10	77	112	191	93	91	120	61	104	103	90	92	79	159	221	91	134	102	62	109	151	150	150	117	84	90	75	113	52	86	145	118	75	159	176	136	143	87	111	114	148	122	76	73	201	69	76	112	65	107	127	72	124	126	66	100	159	90	103	158	97	129	125	116	87	101	82	109	149	209	168	80	94	101	145	68	99	91	98	111	89	121	73	74	89	88	95	88	87	67	178	88	83	98	149	69	102	106	95	79	75
15	165	216	507	233	275	306	129	283	201	172	229	154	430	569	145	394	197	126	170	377	361	341	244	256	176	138	273	114	160	438	332	257	358	367	337	308	142	217	256	289	267	195	164	468	202	185	317	157	288	312	197	362	188	146	244	430	192	297	412	170	367	318	271	181	230	150	244	410	528	367	223	220	267	425	137	164	334	232	277	169	272	233	192	169	240	197	223	161	154	380	152	147	226	369	188	298	173	200	212	160
20	334	418	1261	479	493	644	220	486	422	343	606	369	932	1155	305	985	452	282	255	753	732	736	560	676	354	209	536	315	298	1066	770	505	855	700	704	754	211	457	611	578	620	505	317	1041	574	445	750	358	563	730	412	935	431	335	610	1028	465	784	824	314	728	607	653	374	507	252	537	1063	1294	643	529	516	608	913	265	215	795	465	637	358	486	603	329	386	570	445	459	297	258	834	277	328	456	838	395	683	315	429	502	357
25	741	898	2957	930	1018	1359	529	888	945	735	1383	948	2093	2340	732	2372	992	733	533	1675	1700	1537	1110	1576	913	327	1153	765	629	2309	1778	1124	1790	1525	1524	1695	310	999	1303	1183	1352	1119	623	2291	1315	1018	1473	831	1373	1766	895	1945	1056	695	1333	2213	1023	1597	1943	570	1444	1354	1391	764	1136	524	1258	2495	2793	1178	1208	1133	1324	1958	511	294	1652	1004	1446	712	1078	1247	677	813	1173	923	841	620	578	1744	552	767	1062	1928	901	1323	754	936	1082	782
30	1243	1776	6223	1931	2177	3144	1391	1815	1950	1616	2776	2132	4427	5159	1646	5103	2354	1727	1179	3600	3799	3325	2271	3546	2270	662	2325	1753	1460	5051	3757	2581	3802	3661	3022	3550	468	2186	2801	2559	2897	2343	1440	4803	2751	2079	2994	1888	2818	3842	1951	4157	2418	1374	2918	4801	2299	3028	4068	1322	3098	3105	3031	1722	2422	1071	2766	5575	5803	2550	2584	2367	3158	4141	1195	496	3383	2033	3194	1464	2221	2712	1349	1648	2657	2039	1924	1357	1257	3585	1094	1784	2271	3723	2088	2808	1719	2035	2665	1545
35	2629	3467	12552	4129	4703	6781	3139	3885	4154	3369	5478	4218	9101	11122	3448	10557	5296	3940	2563	7612	8207	7309	4876	7912	5082	1290	4814	3870	3271	10056	7942	5206	7913	7281	6539	7392	752	4254	5807	5605	6041	5224	3248	9802	5380	4243	6268	4047	5848	7822	4106	8172	5351	2848	6199	10617	5078	6178	8301	2831	6168	6779	6180	3493	5253	2390	5781	10790	11721	5421	5758	5384	6982	8532	2675	912	6924	4084	6410	3170	4468	5790	2862	3443	6061	4050	4110	3026	2924	7218	2418	3783	5040	7896	4515	5771	3591	4344	5779	3227
40	5588	7225	22600	8302	10023	13090	6705	8046	8643	6920	11042	8611	17270	21293	7272	19872	10968	8456	5459	14982	16029	14545	9760	15452	10507	2620	9266	7996	6912	19162	15262	10342	15165	14638	13496	14387	1405	8866	11278	11465	11643	10521	7087	18289	10963	8739	12446	7899	12026	15068	8260	15755	10544	5854	11893	20660	10412	12232	15807	5816	12769	12722	12333	6989	11246	5047	11487	19228	21433	10814	11751	10672	14107	16532	5449	1768	13770	8191	12220	6611	9187	11455	5861	7127	12505	7702	8429	6108	6131	13983	5154	7455	10300	15975	9057	11826	7058	9131	10961	6862
45	11111	14187	34034	15107	19377	22590	13278	15413	16169	13492	20326	16253	29254	32670	14100	31774	20821	16847	11201	26121	27046	24879	18581	26477	19687	5105	17158	16304	13527	31332	25748	19123	26015	26218	24774	25554	2710	17284	19696	22025	20201	18824	13814	30059	20493	16066	22266	15210	21822	25397	16443	26932	19949	11950	21196	32235	19915	22196	26045	11281	23454	22559	22085	13344	20618	10228	21759	31005	32989	19965	21229	20302	25042	27520	10392	3530	25468	15636	21617	13407	17432	20661	11769	13523	22698	13841	16307	12528	12867	25130	10608	14864	19726	26620	17078	22290	14145	17617	19608	13706
50	20883	24871	37204	25694	31639	32782	23597	26829	27038	24108	31388	26329	37082	37969	25802	38040	32583	28530	21299	36575	37203	34967	31048	36828	30905	10221	28909	28237	24203	38357	36383	31091	36636	37871	36702	35545	5379	29405	30773	33785	29809	30507	24160	37919	32738	27066	34063	26351	33182	35499	28337	36362	30797	22326	32236	37429	31541	34129	34829	19836	35278	33363	34013	24014	32201	19329	34597	37035	37777	31844	32318	32425	35411	37362	19034	7174	36535	26885	32239	24225	28644	32889	22187	23642	33866	23814	27327	22726	24057	35156	19818	25631	32181	37275	29143	34143	25235	28695	30641	24452
55	31734	35833	24410	35302	39082	35270	34674	36523	36205	35103	36978	35876	31501	27149	37050	28823	38087	38056	33866	34438	33718	34911	37729	35515	36551	18913	37318	36794	34612	30165	35341	38673	34956	35221	36652	35452	10764	37085	36593	37469	34540	37804	35434	30511	37920	36106	37017	37106	37561	34906	38304	34269	36245	33966	36803	28141	37907	37344	33068	31458	37312	36251	37452	35124	37763	31231	38490	28946	26259	37711	37555	37584	35021	32565	29709	14303	35946	36018	37396	35530	36004	38123	33795	35013	36584	33571	36600	34267	36666	35010	31643	35264	38590	34612	37310	37309	36137	38052	36397	36364
60	37228	35386	8579	34439	29455	24768	36871	33740	32296	36115	27930	33481	15300	10127	35949	11496	27861	33203	38213	18437	17657	21936	29782	18812	29578	29870	31698	33308	35960	11684	19130	29333	18913	18562	20605	20308	19720	31485	28767	26196	28043	29155	36690	13269	27177	32835	24469	34594	25349	19944	33985	17866	28667	36836	25995	11906	29460	23969	19559	37428	22807	24045	24356	36430	27736	38586	24987	12132	9538	27513	27310	27366	21032	16546	36888	24812	20275	33692	25754	36312	31104	26624	36726	37174	24698	35266	32695	36004	38061	20859	38097	34259	29000	17687	31466	24218	35488	31949	28581	36609
65	27837	20171	1310	18941	11383	9159	22712	17948	17782	22304	11204	18014	3900	1809	19473	2051	10133	15765	25912	5740	4623	6364	12888	4256	13136	35561	14930	17341	22827	2069	4553	11685	5030	4911	6010	5722	31992	15631	11804	9091	12953	12512	21815	2659	10195	17447	8212	18048	9126	5711	15408	4608	12686	24552	9712	2262	11450	8212	5817	27866	7029	8663	8397	21685	10648	29851	8045	2517	1299	11111	9660	10710	7289	4455	29806	35603	5871	17912	8801	21811	15862	9557	24508	21720	9093	21768	17146	24646	21786	6648	28239	19989	10724	4076	15340	8758	20313	14158	12244	21039
70	10226	6352	54	5264	1992	1713	7176	4891	5062	6410	2237	4660	387	202	4901	133	1687	3523	9427	995	440	812	2459	422	2454	29641	3140	4478	6665	159	435	1838	490	587	1158	674	38444	3657	2240	1400	2850	2875	6090	214	1758	4761	1372	4414	1673	743	3027	580	2875	8886	1920	188	1815	1627	823	10724	1137	1613	1410	6302	1851	11448	1372	324	133	2189	1605	2556	1372	686	12736	34842	746	4812	1483	6888	4180	1479	9161	6201	1489	6943	4833	8587	6154	1060	11106	6452	1930	550	3790	1857	6057	3399	2555	5579
75	1792	896	NA	845	150	150	936	853	615	931	190	666	22	22	603	2	156	461	1607	77	9	16	121	26	197	13800	165	508	1003	5	29	177	5	23	125	27	27616	333	113	76	320	264	823	5	113	565	109	729	138	33	269	27	228	1597	203	3	161	117	69	1830	57	108	123	918	90	1833	153	27	17	137	125	431	54	42	2613	20218	50	567	65	1042	476	91	1934	775	78	872	740	1222	914	117	2416	848	142	53	550	241	682	541	266	840
80	124	29	NA	145	NA	5	35	61	10	88	2	57	1	NA	42	NA	6	132	82	0	NA	0	1	NA	14	2875	NA	44	97	NA	NA	13	NA	NA	3	NA	9992	10	0	1	24	2	125	NA	5	29	3	84	1	NA	52	NA	2	111	13	0	12	0	3	109	NA	0	2	79	NA	130	4	NA	NA	4	2	36	1	NA	248	6334	0	23	4	117	14	1	235	17	0	13	34	137	115	2	213	19	8	NA	36	25	29	80	5	74
85	5	1	NA	24	NA	NA	NA	1	NA	0	NA	NA	NA	NA	NA	NA	NA	50	2	NA	NA	NA	NA	NA	NA	271	NA	NA	2	NA	NA	NA	NA	NA	NA	NA	1572	NA	NA	NA	NA	NA	6	NA	NA	1	NA	2	NA	NA	6	NA	NA	2	0	NA	NA	NA	NA	0	NA	NA	NA	1	NA	4	NA	NA	NA	NA	NA	1	NA	NA	14	1073	NA	NA	NA	4	NA	NA	0	2	NA	0	1	13	7	NA	7	NA	NA	NA	0	NA	2	6	NA	1
90	1	NA	NA	1	NA	NA	NA	NA	NA	NA	NA	NA	NA	NA	NA	NA	NA	1	NA	NA	NA	NA	NA	NA	NA	12	NA	NA	NA	NA	NA	NA	NA	NA	NA	NA	109	NA	NA	NA	NA	NA	NA	NA	NA	NA	NA	NA	NA	NA	NA	NA	NA	NA	NA	NA	NA	NA	NA	NA	NA	NA	NA	NA	NA	NA	NA	NA	NA	NA	NA	NA	NA	NA	NA	102	NA	NA	NA	0	NA	NA	NA	NA	NA	NA	NA	NA	NA	NA	NA	NA	NA	NA	NA	NA	NA	NA	NA	NA
95	NA	NA	NA	NA	NA	NA	NA	NA	NA	NA	NA	NA	NA	NA	NA	NA	NA	NA	NA	NA	NA	NA	NA	NA	NA	1	NA	NA	NA	NA	NA	NA	NA	NA	NA	NA	1	NA	NA	NA	NA	NA	NA	NA	NA	NA	NA	NA	NA	NA	NA	NA	NA	NA	NA	NA	NA	NA	NA	NA	NA	NA	NA	NA	NA	NA	NA	NA	NA	NA	NA	NA	NA	NA	NA	3	NA	NA	NA	NA	NA	NA	NA	NA	NA	NA	NA	NA	NA	NA	NA	NA	NA	NA	NA	NA	NA	NA	NA	NA
