0	3	1	2	1	1	2	1	2	1	1	1	1	1	2	1	1	1	1	1	2	1	1	1	2	1	2	1	3	1	1	1	1	1	2	2	1	1	2	2	1	1	1	2	1	2	1	1	1	1	1	1	1	1	1	1	2	2	2	2	2	2	1	1	2	1	3	1	1	1	1	1	1	1	3	1	2	2	2	1	1	2	1	1	1	2	1	1	1	2	2	1	1	1	2	2	2	2	1	2	1
5	8	8	5	3	4	10	4	2	8	2	2	5	3	8	NA	7	0	8	3	5	3	3	1	5	7	6	4	6	NA	NA	5	5	9	6	7	4	2	12	6	3	3	2	2	8	6	3	9	2	6	3	10	1	1	3	6	1	4	5	10	11	1	5	2	11	2	7	2	2	5	2	4	3	4	8	2	13	13	3	2	5	13	2	2	1	8	2	3	5	7	8	3	5	5	14	3	9	10	4	3	2
10	12	8	6	7	7	29	13	2	11	5	6	9	9	11	NA	10	NA	12	2	6	7	5	2	12	9	8	13	14	NA	NA	9	10	10	12	15	10	2	12	15	12	4	11	2	19	7	NA	24	4	13	8	15	4	7	5	7	8	14	5	9	10	4	4	5	20	8	5	4	4	6	5	5	5	11	12	2	12	30	8	13	9	15	8	8	NA	9	7	2	12	5	12	6	6	8	15	2	10	15	9	7	8
15	12	15	10	8	10	37	12	9	19	13	14	13	14	16	NA	12	NA	24	2	8	6	14	2	23	10	16	10	18	NA	NA	7	8	8	17	23	20	1	13	13	22	8	14	5	15	10	NA	31	6	10	8	15	4	16	7	10	11	10	10	13	9	7	NA	3	21	10	9	3	6	3	11	6	6	13	11	NA	11	22	20	12	12	10	14	5	NA	16	13	4	24	6	11	3	8	6	29	6	2	10	9	7	12
20	19	16	11	17	11	46	11	16	18	22	12	14	19	42	NA	17	NA	26	6	17	9	20	NA	34	12	19	9	14	NA	NA	5	11	16	24	31	13	2	15	12	21	9	15	4	13	11	NA	41	4	15	13	15	14	18	11	12	18	12	10	18	8	8	NA	3	39	13	5	NA	12	5	9	13	16	12	8	NA	13	23	19	8	13	15	13	5	NA	35	28	2	48	12	31	6	12	10	30	16	5	19	10	11	7
25	8	20	23	18	10	46	12	23	24	38	17	28	18	60	NA	25	NA	29	15	19	16	29	NA	44	14	28	9	18	NA	NA	11	15	24	30	35	8	0	14	26	21	9	10	10	10	8	NA	54	2	14	12	17	14	16	15	15	26	21	20	17	18	11	NA	5	38	11	1	NA	17	6	16	17	27	10	18	NA	9	25	19	1	21	25	9	14	NA	42	38	4	59	29	40	13	5	9	31	17	11	26	9	24	23
30	7	17	24	23	14	45	9	25	31	41	12	47	20	68	NA	38	NA	27	29	26	30	27	NA	53	19	33	10	25	NA	NA	10	16	15	34	63	11	NA	11	26	32	16	16	8	7	6	NA	64	4	13	12	18	18	22	24	9	29	23	24	19	21	4	NA	9	55	4	NA	NA	15	7	20	27	47	8	22	NA	15	29	23	NA	28	22	10	13	NA	46	31	5	55	26	44	23	16	24	31	25	16	23	12	33	39
35	7	23	32	14	27	52	11	30	32	35	20	60	15	73	NA	35	NA	45	31	28	31	34	NA	57	34	31	20	33	NA	NA	13	21	26	39	61	11	NA	10	31	32	7	18	13	5	3	NA	52	2	10	19	17	30	31	30	12	13	20	17	20	16	4	NA	7	74	4	NA	NA	25	2	25	23	53	15	26	NA	38	29	23	NA	30	24	23	28	NA	41	39	11	72	24	54	23	26	30	35	30	8	24	13	46	34
40	10	35	26	15	26	45	15	43	45	34	25	75	18	90	NA	34	NA	77	46	20	46	31	NA	61	41	37	16	50	NA	NA	22	13	31	34	56	23	NA	16	41	40	10	25	21	7	4	NA	70	4	11	30	10	29	41	49	14	17	16	21	22	17	5	NA	12	64	5	NA	NA	22	2	32	21	65	20	15	NA	47	31	20	NA	32	26	21	30	NA	29	41	11	100	24	75	27	35	39	38	34	5	32	11	42	36
45	20	38	30	27	26	50	19	47	42	39	35	92	20	91	NA	36	NA	86	36	23	48	27	NA	76	47	53	20	52	NA	NA	29	21	29	34	74	22	NA	24	60	45	15	27	32	5	6	NA	88	5	19	38	8	35	37	49	18	21	19	34	23	25	8	NA	18	86	4	NA	NA	25	2	29	15	67	31	25	NA	56	43	32	NA	25	29	29	29	NA	29	55	7	138	27	95	39	48	69	45	67	8	38	7	45	65
50	39	37	25	34	22	47	36	57	38	38	27	115	25	92	NA	53	NA	116	31	36	58	15	NA	75	62	52	30	66	NA	NA	26	25	35	39	71	32	NA	30	73	50	16	26	19	8	3	NA	103	8	27	63	8	39	39	55	31	31	14	35	43	33	19	NA	26	81	3	NA	NA	22	2	25	11	63	38	51	NA	65	52	33	NA	36	48	32	27	NA	33	58	21	138	23	98	58	48	91	48	84	10	47	7	62	90
55	40	42	22	47	39	58	48	77	36	29	25	147	21	109	NA	63	NA	153	36	46	67	21	NA	84	97	95	25	67	NA	NA	28	24	50	41	75	48	NA	26	119	60	14	36	15	10	0	NA	129	15	31	56	13	56	42	64	22	36	16	36	43	45	27	NA	36	91	7	NA	NA	26	1	19	18	83	41	61	NA	67	61	33	NA	57	67	57	41	NA	28	67	17	141	31	122	72	43	98	45	94	14	29	13	66	83
60	45	52	20	66	43	71	55	78	40	45	43	136	24	118	NA	88	NA	193	50	65	77	20	NA	95	111	103	26	58	NA	NA	31	37	65	65	90	58	NA	15	145	82	6	42	18	9	NA	NA	130	18	24	51	7	70	73	73	31	52	17	62	38	48	23	NA	41	123	8	NA	NA	24	2	14	32	119	45	61	NA	82	95	39	NA	65	85	62	39	NA	22	92	26	135	28	136	78	51	116	50	107	19	20	6	104	82
65	58	58	24	85	50	97	84	96	27	64	64	157	29	147	NA	100	NA	248	31	75	109	21	NA	98	136	112	24	70	NA	NA	44	45	96	69	89	64	NA	19	153	88	15	39	21	20	NA	NA	160	18	29	84	11	103	66	92	37	52	17	73	51	63	17	NA	44	121	15	NA	NA	22	2	20	34	159	55	67	NA	83	87	45	NA	81	83	76	53	NA	29	109	20	175	25	166	105	61	164	60	119	20	25	3	137	103
70	70	64	19	98	64	120	103	97	49	81	65	174	34	215	NA	84	NA	225	30	75	118	36	NA	100	149	83	19	104	NA	NA	40	57	106	85	94	53	NA	29	214	107	11	26	16	16	NA	NA	186	22	37	100	12	99	67	128	31	42	9	70	62	55	21	NA	46	107	16	NA	NA	26	6	27	35	177	71	78	NA	89	100	42	NA	89	77	83	69	NA	27	137	31	193	37	191	117	70	185	82	109	26	26	1	170	153
75	89	74	17	128	89	118	152	100	49	85	68	166	53	250	NA	91	NA	245	25	99	116	26	NA	95	142	86	20	119	NA	NA	51	60	142	111	97	55	NA	41	276	126	14	27	9	20	NA	NA	218	23	34	131	10	111	61	158	40	45	19	64	71	54	23	NA	61	120	24	NA	NA	31	12	35	33	193	76	84	NA	83	128	47	NA	101	78	102	96	NA	38	153	30	262	45	244	149	95	175	119	123	25	16	4	206	148
80	87	75	25	117	129	120	168	131	40	88	103	234	67	246	NA	115	NA	307	30	136	126	35	NA	121	172	93	31	139	NA	NA	61	79	114	141	107	67	NA	55	347	131	13	23	17	35	NA	NA	282	27	34	170	13	123	67	199	54	56	27	94	69	84	24	NA	73	134	44	NA	NA	28	11	35	39	197	72	89	NA	97	167	33	NA	125	74	120	116	NA	33	192	43	334	43	277	177	86	225	110	129	31	18	4	286	135
85	83	79	16	148	117	120	160	182	55	105	84	258	73	268	NA	116	NA	349	32	159	160	42	NA	162	196	105	34	169	NA	NA	62	67	132	175	92	89	NA	48	368	164	14	31	21	44	NA	NA	364	36	34	195	21	150	63	201	54	61	20	119	89	81	23	NA	80	164	41	NA	NA	40	10	41	40	236	81	119	NA	110	222	41	NA	163	111	144	130	NA	32	211	37	406	38	274	163	95	195	128	159	59	23	5	281	161
90	102	90	14	165	135	124	162	244	52	107	98	259	79	347	NA	99	NA	371	36	214	176	46	NA	167	212	125	33	201	NA	NA	89	78	146	195	108	108	NA	62	503	168	26	26	35	65	NA	NA	388	36	42	210	23	179	87	232	60	60	24	144	98	124	20	NA	89	151	76	NA	NA	43	8	39	48	258	79	128	NA	145	212	35	NA	204	137	177	116	NA	26	206	47	480	56	310	199	113	213	157	205	63	29	9	289	194
95	130	89	16	181	144	128	170	306	72	142	117	284	79	400	NA	85	NA	398	29	286	225	56	NA	207	249	139	51	216	NA	NA	97	97	147	244	96	112	NA	82	490	192	30	18	34	81	NA	NA	404	31	47	210	22	214	68	266	65	74	33	147	83	151	26	NA	119	142	77	NA	NA	37	11	64	57	296	102	119	NA	150	264	41	NA	216	165	209	168	NA	41	247	58	558	70	393	263	161	291	168	170	60	29	9	306	222
100	125	83	23	225	156	143	202	366	84	167	129	329	84	450	NA	88	NA	509	28	335	247	49	NA	235	236	165	63	300	NA	NA	117	97	182	252	115	119	NA	97	550	232	41	14	28	106	NA	NA	461	34	62	237	36	242	94	347	89	93	31	191	113	160	36	NA	132	172	78	NA	NA	37	8	73	46	353	115	148	NA	166	306	45	NA	243	147	255	183	NA	47	307	57	616	63	428	290	212	365	170	163	71	36	7	342	255
105	125	110	40	273	161	148	244	381	109	199	149	336	97	493	NA	108	NA	553	26	381	258	35	NA	278	249	195	70	313	NA	NA	142	96	187	289	143	131	NA	104	593	241	39	18	29	112	NA	NA	512	25	72	245	33	279	110	405	96	101	28	180	143	188	29	NA	161	211	91	NA	NA	43	9	68	40	401	103	147	NA	188	373	41	NA	296	182	288	204	NA	40	364	65	706	100	514	389	227	408	219	177	80	50	8	366	292
110	140	125	43	358	200	153	259	347	132	250	188	399	114	536	NA	118	NA	690	49	477	293	55	NA	318	284	198	74	318	NA	NA	199	125	191	356	146	137	NA	132	702	257	36	22	48	150	NA	NA	654	36	99	269	37	253	83	457	111	124	42	191	146	231	29	NA	168	283	89	NA	NA	42	25	52	30	423	125	172	NA	214	387	47	NA	337	211	326	259	NA	51	431	86	830	113	617	427	251	510	225	211	91	48	8	407	313
115	161	142	41	410	254	174	259	383	158	311	219	479	130	571	NA	150	NA	811	29	548	371	74	NA	355	357	181	70	351	NA	NA	208	104	220	357	169	163	NA	153	820	311	49	29	40	192	NA	NA	769	46	117	326	42	293	103	570	104	123	67	209	179	250	21	NA	172	328	98	NA	NA	66	28	75	22	512	166	201	NA	263	457	45	NA	342	252	397	274	NA	62	494	129	963	119	715	448	314	528	243	259	85	56	6	449	407
120	195	209	53	431	306	224	282	397	181	371	231	554	157	686	NA	181	NA	995	40	651	465	65	NA	412	417	204	76	405	NA	NA	294	127	255	376	209	128	NA	187	895	363	43	28	52	225	NA	NA	921	43	132	389	59	328	160	669	128	166	61	251	203	301	11	NA	186	335	118	NA	NA	89	28	92	35	577	209	228	NA	321	508	70	NA	417	266	511	350	NA	85	543	161	1120	117	702	544	340	601	289	302	141	61	11	523	426
125	239	217	46	522	338	259	341	476	222	421	305	641	170	704	NA	203	NA	1090	62	760	502	66	NA	471	404	270	94	488	NA	NA	281	129	256	422	224	152	NA	229	1051	408	52	40	53	237	NA	NA	976	37	156	427	76	417	191	739	144	196	73	271	238	287	17	NA	221	357	158	NA	NA	98	37	124	44	586	256	263	NA	373	622	63	NA	478	317	608	427	NA	94	654	196	1157	153	749	583	380	700	298	368	143	82	14	642	480
130	260	250	50	647	365	253	398	554	238	459	349	739	199	746	NA	248	NA	1234	86	909	555	68	NA	581	459	310	97	533	NA	NA	294	160	246	465	263	168	NA	279	1135	484	70	45	70	272	NA	NA	1055	55	181	479	80	467	198	844	135	215	65	264	270	316	24	NA	249	488	210	NA	NA	95	46	175	36	667	283	294	NA	363	771	79	NA	514	372	614	463	NA	136	793	216	1313	159	992	690	392	818	377	446	177	89	21	747	520
135	281	280	75	749	462	307	473	655	268	525	365	789	206	870	NA	286	NA	1370	96	1054	646	88	NA	619	527	362	109	591	NA	NA	388	186	299	547	282	202	NA	295	1245	603	80	53	84	311	NA	NA	1177	76	201	575	80	515	217	902	165	240	94	320	328	365	24	NA	258	553	238	NA	NA	115	58	186	44	872	369	294	NA	434	845	102	NA	566	408	638	524	NA	147	893	225	1466	165	1117	820	405	955	433	555	211	87	11	822	599
140	331	297	74	827	525	337	558	691	311	610	379	929	207	1022	NA	353	NA	1491	122	1165	785	113	NA	697	629	451	148	673	NA	NA	446	214	377	585	298	248	NA	381	1400	652	105	53	116	374	NA	NA	1399	77	203	678	101	528	254	1025	203	277	115	365	388	435	24	NA	325	627	226	NA	NA	127	38	232	48	918	445	287	NA	509	886	137	NA	677	448	740	610	NA	143	988	256	1735	181	1287	911	454	1167	455	641	222	133	8	832	606
145	404	305	104	877	609	389	647	777	406	667	411	1030	226	1134	NA	405	NA	1627	172	1286	861	127	NA	758	719	496	162	790	NA	NA	463	298	473	696	326	251	NA	462	1459	672	129	76	107	454	NA	NA	1587	72	221	731	117	590	342	1107	242	327	115	418	428	521	33	NA	375	719	241	NA	NA	145	48	267	61	1012	531	332	NA	525	1042	153	NA	775	525	919	639	NA	179	1100	322	1902	189	1433	1085	472	1304	480	713	204	132	18	901	611
150	434	379	128	1059	676	491	773	808	411	737	470	1125	287	1309	NA	513	NA	1798	188	1496	969	160	NA	875	840	592	171	900	NA	NA	556	308	491	736	327	316	NA	495	1708	684	150	66	113	537	NA	NA	1741	88	236	870	151	643	393	1269	260	411	144	537	478	602	50	NA	408	788	240	NA	NA	192	54	282	66	1145	568	414	NA	554	1302	167	NA	966	575	1038	736	NA	199	1275	354	2145	224	1516	1251	505	1460	553	823	250	141	18	1027	698
155	463	396	158	1168	807	605	887	937	459	860	592	1181	330	1527	NA	561	NA	1977	185	1688	1156	152	NA	940	901	677	232	1031	NA	NA	661	322	534	790	385	405	NA	603	1955	799	200	56	134	647	NA	NA	1953	125	296	1045	159	720	402	1316	319	489	130	595	581	654	44	NA	425	884	264	NA	NA	214	77	290	76	1210	572	498	NA	697	1430	166	NA	1021	656	1154	824	NA	262	1444	347	2358	231	1568	1404	560	1717	630	910	274	161	21	1225	815
160	501	437	158	1309	927	721	1021	1050	552	993	638	1452	448	1717	NA	656	NA	2097	225	1808	1333	165	NA	1011	1022	763	268	1199	NA	NA	716	382	542	867	436	465	NA	664	2304	900	201	61	163	702	NA	NA	2073	138	359	1174	175	850	440	1486	362	565	155	640	647	779	56	NA	537	945	339	NA	NA	218	91	347	71	1411	640	536	NA	764	1562	185	NA	1143	769	1308	1027	NA	329	1626	380	2583	272	1805	1536	594	1971	702	976	325	154	37	1497	879
165	525	441	202	1406	1128	795	1219	1158	636	1149	665	1614	518	1939	NA	731	NA	2245	245	2007	1439	159	NA	1144	1141	882	295	1388	NA	NA	848	453	636	948	541	550	NA	796	2544	987	249	83	169	773	NA	NA	2360	163	389	1231	172	977	477	1671	445	623	177	660	678	836	54	NA	577	1004	369	NA	NA	251	113	461	69	1563	721	594	NA	913	1697	224	NA	1353	898	1497	1143	NA	351	1926	424	2670	316	1941	1681	691	2141	776	1163	362	176	40	1709	1014
170	569	508	211	1607	1309	901	1351	1252	671	1294	771	1770	629	2223	NA	857	NA	2535	270	2220	1598	249	NA	1275	1311	1004	326	1617	NA	NA	962	492	706	1122	557	595	NA	844	2796	1110	287	100	159	910	NA	NA	2730	179	446	1381	172	1121	523	1847	480	701	185	779	789	980	60	NA	627	1153	402	NA	NA	296	94	548	84	1729	721	686	NA	1092	1862	228	NA	1484	1050	1670	1309	NA	380	2238	489	2870	296	2134	1809	777	2411	857	1353	466	194	61	1959	1204
175	613	581	236	1737	1463	978	1489	1329	748	1527	951	2006	667	2384	NA	950	NA	2623	297	2466	1803	280	NA	1493	1498	1110	383	1790	NA	NA	1008	571	858	1340	669	614	NA	983	3045	1255	315	110	171	992	NA	NA	2891	162	534	1658	176	1337	616	2100	578	742	196	900	902	1135	63	NA	719	1303	459	NA	NA	296	102	587	120	1917	783	759	NA	1230	2044	263	NA	1655	1130	1855	1464	NA	404	2508	587	3269	370	2417	2065	925	2731	915	1462	521	217	58	2343	1451
180	741	676	257	1917	1570	1064	1626	1523	832	1723	1065	2202	824	2644	NA	1069	NA	2947	375	2737	1976	305	NA	1610	1714	1284	440	1976	NA	NA	1167	671	1010	1531	760	729	NA	1143	3270	1466	340	104	237	1068	NA	NA	3160	174	618	1798	220	1457	687	2336	675	790	225	1040	941	1233	86	NA	770	1524	522	NA	NA	333	130	610	147	2105	887	869	NA	1454	2265	292	NA	1791	1256	2136	1646	NA	441	2707	636	3590	443	2650	2408	1074	2949	1040	1730	559	261	75	2582	1591
185	864	686	278	1981	1726	1197	1785	1674	952	1874	1266	2501	950	2834	NA	1253	NA	3363	435	3007	2100	345	NA	1761	1947	1506	440	2126	NA	NA	1288	786	1082	1693	888	841	NA	1182	3471	1653	389	124	298	1249	NA	NA	3352	189	677	2052	240	1687	743	2601	643	970	229	1198	1180	1334	103	NA	973	1805	593	NA	NA	369	150	628	163	2332	950	959	NA	1646	2543	340	NA	1979	1387	2285	1957	NA	493	3034	728	3889	537	2893	2644	1267	3095	1176	1905	597	290	76	2918	1728
190	914	754	294	2230	1790	1381	1926	1770	1115	2050	1445	2786	1011	3074	NA	1373	NA	3615	559	3289	2399	368	NA	1951	2082	1571	455	2408	NA	NA	1353	909	1264	1903	1035	934	NA	1329	3736	1814	487	155	338	1337	NA	NA	3760	208	757	2247	267	1920	893	2926	789	1055	250	1277	1286	1512	105	NA	1094	2021	690	NA	NA	394	159	717	201	2622	1068	1116	NA	1795	2778	404	NA	2175	1533	2457	2112	NA	552	3375	761	4282	603	3094	2993	1378	3286	1359	2028	696	343	65	3242	2021
195	971	803	329	2430	1993	1662	2147	2082	1266	2325	1573	3021	1158	3476	NA	1469	NA	3911	618	3570	2565	375	NA	2099	2347	1879	581	2589	NA	NA	1479	1087	1503	2204	1207	1064	NA	1446	4129	1950	522	172	379	1515	NA	NA	4104	215	838	2514	325	2194	964	3234	933	1197	267	1533	1433	1712	123	NA	1179	2296	705	NA	NA	473	172	811	246	2982	1201	1232	NA	1954	2969	470	NA	2418	1787	2684	2323	NA	615	3567	869	4646	673	3202	3500	1524	3566	1577	2206	782	390	62	3510	2281
200	1147	933	420	2684	2128	1733	2472	2213	1416	2595	1767	3407	1356	3877	NA	1672	NA	4217	767	3928	2822	435	NA	2264	2517	2054	676	2876	NA	NA	1668	1235	1791	2613	1401	1225	NA	1522	4380	2082	584	180	360	1680	NA	NA	4431	281	992	2834	435	2629	1004	3560	984	1356	310	1646	1617	1921	162	NA	1327	2521	796	NA	NA	488	223	914	285	3265	1341	1418	NA	2065	3228	581	NA	2612	2119	2846	2677	NA	668	3912	995	4761	766	3393	3856	1767	4025	1839	2464	910	444	60	3717	2488
205	1319	1083	465	3074	2322	1855	2621	2439	1574	2712	1874	3637	1529	4116	NA	1747	NA	4472	882	4244	3130	466	NA	2573	2863	2272	789	3160	NA	NA	1842	1332	2078	2880	1557	1424	NA	1638	4546	2461	680	190	379	1832	NA	NA	4746	304	1050	3198	456	2951	1154	4152	1125	1556	365	1818	1871	2216	205	NA	1535	2758	857	NA	NA	509	244	1022	315	3406	1512	1658	NA	2298	3396	628	NA	2802	2250	3171	2898	NA	816	4147	1112	5099	797	3609	4099	1955	4441	2153	2791	1066	472	74	3978	2740
210	1353	1202	492	3274	2592	2088	2858	2712	1663	2888	2031	3753	1578	4476	NA	1927	NA	4655	1012	4453	3456	577	NA	2777	3060	2494	853	3460	NA	NA	2115	1492	2368	3295	1735	1613	NA	1777	4721	2779	726	232	401	1993	NA	NA	4887	329	1165	3427	546	3185	1311	4495	1234	1759	383	1971	2104	2563	216	NA	1726	3083	1011	NA	NA	535	298	1144	339	3505	1631	1827	NA	2458	3538	781	NA	3044	2510	3467	3304	NA	902	4529	1203	5241	854	3894	4445	2230	4649	2295	2995	1113	491	82	4148	2938
215	1520	1436	587	3559	2815	2315	3157	2939	1794	3195	2192	4018	1790	4828	NA	2190	NA	4945	1141	4675	3767	686	NA	2913	3287	2844	964	3939	NA	NA	2452	1595	2587	3507	1858	1877	NA	1931	4945	3066	843	251	453	2322	NA	NA	4931	336	1288	3847	606	3413	1531	4844	1442	2005	401	2215	2291	2721	253	NA	1897	3462	1097	NA	NA	659	342	1208	428	3754	1988	1985	NA	2773	3803	842	NA	3328	2743	3785	3693	NA	1016	4834	1390	5353	962	4121	4719	2395	4741	2515	3275	1209	610	101	4557	3035
220	1833	1673	640	3865	3009	2589	3486	3200	1930	3414	2462	4188	1881	4929	NA	2552	NA	5162	1247	4827	4350	775	NA	3130	3614	3154	1141	4345	NA	NA	2704	1764	2789	3761	2110	2134	NA	2221	4969	3303	956	291	557	2642	NA	NA	5190	356	1375	4088	584	3567	1640	5075	1742	2259	420	2386	2473	2978	318	NA	2158	3744	1247	NA	NA	762	370	1330	461	4015	2392	2285	NA	3204	4099	979	NA	3711	3028	4201	3984	NA	1168	5001	1593	5442	1144	4436	4990	2567	5068	2816	3573	1335	626	112	4896	3340
225	1964	1832	746	4010	3131	2832	3800	3460	2155	3813	2853	4415	2113	4930	NA	2765	NA	5336	1376	5039	4761	890	NA	3399	3912	3428	1361	4866	NA	NA	2999	1967	3206	4236	2503	2391	NA	2483	5112	3626	1131	325	618	2769	NA	NA	5226	384	1491	4343	652	3910	1845	5374	1862	2513	482	2607	2793	3415	296	NA	2432	3918	1299	NA	NA	893	455	1549	491	4085	2677	2532	NA	3374	4246	1151	NA	4005	3376	4468	4401	NA	1462	5086	1816	5494	1269	4492	5221	2789	5176	3223	3676	1463	679	117	4968	3701
230	2111	2010	821	4236	3386	3120	3982	3724	2419	4201	3092	4636	2340	5015	NA	3046	NA	5373	1654	5220	5034	999	NA	3674	4126	3649	1467	5131	NA	NA	3227	2179	3431	4627	2747	2729	NA	2719	5188	3898	1279	401	671	2943	NA	NA	5465	426	1619	4586	734	4289	2167	5593	2126	2803	536	2901	3147	3607	302	NA	2817	4169	1393	NA	NA	1001	503	1716	543	4145	2964	2812	NA	3608	4509	1250	NA	4315	3616	4686	4588	NA	1643	5226	2027	5453	1402	4560	5304	2996	5416	3492	4038	1526	742	110	5161	3950
235	2393	2187	903	4304	3749	3238	4347	4119	2762	4353	3389	4724	2430	5149	NA	3161	NA	5340	1868	5222	5362	1065	NA	4003	4284	4000	1578	5524	NA	NA	3519	2453	3671	4848	2963	2936	NA	3089	5007	4232	1302	445	813	3269	NA	NA	5595	509	1761	4616	852	4602	2337	5830	2431	3061	591	3175	3316	3880	340	NA	3082	4484	1642	NA	NA	1182	584	1882	582	4201	3126	2970	NA	3927	4726	1426	NA	4603	3876	4885	4716	NA	1943	5486	2343	5382	1618	4668	5423	3430	5481	3705	4276	1622	888	132	5414	4191
240	2603	2410	1084	4653	3835	3506	4488	4309	3100	4440	3638	4936	2750	5107	NA	3543	NA	5250	2068	5249	5486	1127	NA	4326	4457	4419	1775	5746	NA	NA	3876	2610	3987	5064	3289	3211	NA	3296	5020	4317	1394	448	946	3571	NA	NA	5527	552	2040	4672	845	4809	2538	5925	2673	3268	687	3443	3535	4004	407	NA	3284	4563	1797	NA	NA	1329	588	2198	722	4453	3369	3296	NA	4183	4887	1566	NA	5038	4141	5088	4923	NA	2202	5346	2589	5216	1946	4773	5600	3700	5551	3958	4473	1795	1103	138	5519	4400
245	2685	2649	1173	4710	4225	3844	4611	4577	3257	4751	4036	4970	3026	5189	NA	3714	NA	5223	2309	5246	5693	1312	NA	4573	4692	4666	1927	5899	NA	NA	4265	2847	4428	5239	3525	3484	NA	3461	4813	4612	1527	487	1000	3976	NA	NA	5292	635	2338	4885	979	5074	2770	5934	2773	3571	746	3700	3812	4219	506	NA	3552	4818	2014	NA	NA	1393	658	2365	817	4547	3745	3638	NA	4369	4809	1807	NA	5251	4388	5239	5096	NA	2456	5401	2842	4989	2162	4760	5888	3880	5190	4168	4634	2087	1178	155	5420	4604
250	3026	2901	1281	4885	4481	4083	4874	4590	3648	4849	4316	5174	3246	5238	NA	4072	NA	5031	2612	5304	5806	1486	NA	4614	4891	4952	2235	5957	NA	NA	4701	3141	4649	5336	3855	3678	NA	3613	4631	4819	1685	570	1114	4341	NA	NA	5011	729	2533	5263	1085	5288	3067	5770	3047	3894	873	3957	4132	4458	579	NA	3903	5051	2203	NA	NA	1448	763	2620	878	4520	3971	3997	NA	4672	4703	1963	NA	5466	4717	5255	5241	NA	2761	5415	3171	4524	2299	4771	5750	4192	4855	4584	4845	2323	1256	192	5118	4952
255	3285	3205	1371	4977	4722	4202	4972	4966	3938	5072	4627	5297	3511	5125	NA	4336	NA	4903	2881	5176	5749	1704	NA	4747	4930	4949	2521	5894	NA	NA	4980	3455	4921	5601	4277	3955	NA	3854	4511	5076	1842	672	1351	4717	NA	NA	4663	725	2831	5348	1191	5350	3344	5507	3318	3946	1040	4202	4392	4553	623	NA	4201	5104	2383	NA	NA	1689	834	2976	1067	4670	4224	4209	NA	4951	4758	2168	NA	5526	4861	5382	5476	NA	3120	5271	3452	4122	2577	4688	5678	4629	4606	4804	5084	2437	1433	233	5162	5023
260	3507	3561	1524	4978	4942	4373	4934	4996	4292	4904	4925	5248	3833	4839	NA	4486	NA	4607	3050	5023	5499	1861	NA	4820	4971	5001	2730	5742	NA	NA	5263	3812	5135	5544	4508	4192	NA	4213	4422	5056	2144	683	1497	4948	NA	NA	4409	877	3201	5518	1361	5488	3478	5287	3515	4230	1174	4566	4475	4846	741	NA	4557	5109	2536	NA	NA	1935	983	3380	1292	4663	4564	4470	NA	5097	4724	2428	NA	5451	5227	5253	5624	NA	3314	4885	3633	3732	2890	4492	5410	5036	4304	4997	5318	2579	1559	315	5266	5139
265	3718	3838	1720	4891	5391	4610	5042	5048	4570	4908	5119	5183	4205	4503	NA	4681	NA	4208	3402	4949	5383	1956	NA	4891	5073	4991	3080	5584	NA	NA	5427	4001	5184	5656	4877	4471	NA	4580	4120	5178	2499	760	1698	5176	NA	NA	4055	924	3600	5659	1518	5389	3862	5035	3924	4556	1278	4719	4690	4994	813	NA	4821	5078	2770	NA	NA	2156	1082	3647	1529	4698	4749	4703	NA	5251	4668	2667	NA	5457	5358	5201	5474	NA	3490	4705	3868	3359	3200	4315	5056	5201	4263	5166	5184	2929	1645	408	5216	5016
270	3947	3959	1931	4906	5456	4901	5144	5177	4696	4903	5362	4978	4486	4145	NA	4703	NA	3923	3800	4600	5209	2181	NA	4865	5065	5026	3247	5453	NA	NA	5663	4303	5250	5474	5139	4543	NA	4572	3783	5438	2782	858	1931	5364	NA	NA	3767	998	3853	5439	1725	5404	4155	4794	4097	4704	1575	4830	4947	5135	903	NA	5088	5019	2960	NA	NA	2304	1166	4014	1692	4553	4894	4907	NA	5318	4712	2813	NA	5614	5435	5155	5224	NA	3832	4212	4111	2928	3410	4200	4691	5302	4156	5302	5157	3311	1785	401	4877	5138
275	4174	4103	2108	4795	5196	5091	4997	5081	5046	4682	5323	4692	4789	3926	NA	4908	NA	3521	4050	4291	4979	2397	NA	4748	5117	5021	3501	5132	NA	NA	5770	4613	5564	5202	5225	4677	NA	4640	3451	5460	3216	966	2119	5593	NA	NA	3307	1106	4171	5188	1889	5038	4376	4312	4315	4737	1689	4927	5159	5135	1026	NA	5185	4918	3214	NA	NA	2468	1249	4315	1973	4679	5068	4960	NA	5297	4431	3178	NA	5334	5498	4998	4906	NA	4099	3971	4445	2651	3633	4085	4544	5366	3856	5430	5066	3647	2012	434	4478	4901
280	4316	4355	2450	4637	5103	5075	4905	4980	5278	4691	5422	4312	5035	3603	NA	4949	NA	3111	4318	3771	4765	2637	NA	4620	5121	4968	3762	4654	NA	NA	5746	4975	5581	5169	5229	4920	NA	4691	3122	5326	3570	1072	2257	5538	NA	NA	2910	1163	4405	4917	2034	4824	4635	3889	4655	4807	1850	5086	5181	5088	1176	NA	5226	4821	3355	NA	NA	2511	1428	4498	2221	4589	5086	5055	NA	5424	4137	3563	NA	5338	5608	4765	4721	NA	4234	3675	4806	2388	3921	3800	4098	5435	3590	5459	4623	4000	2352	458	4191	4949
285	4477	4537	2791	4373	5204	5026	4912	4888	5404	4541	5523	4083	5139	3326	NA	4901	NA	2713	4466	3306	4351	2938	NA	4373	4940	4883	4138	4220	NA	NA	5472	5132	5472	4980	5343	5009	NA	4869	2855	5028	3814	1232	2535	5509	NA	NA	2541	1272	4476	4461	2322	4646	4785	3388	4938	4993	2245	5002	5113	4927	1295	NA	5406	4709	3711	NA	NA	2714	1587	4716	2464	4216	5263	5135	NA	5299	3849	3996	NA	5116	5639	4501	4418	NA	4580	3406	5045	2189	4105	3551	3672	5651	3245	5443	4546	4282	2653	545	3814	5088
290	4749	4758	2999	4144	5170	4987	4861	4555	5520	4391	5385	3746	5110	3087	NA	4879	NA	2451	4607	2896	3952	3159	NA	4244	4564	4773	4606	3728	NA	NA	5308	5286	5283	4656	5251	5142	NA	4772	2518	4823	4030	1400	2787	5506	NA	NA	2225	1481	4787	4021	2762	4581	5023	2953	5097	5037	2474	5005	4977	5122	1374	NA	5374	4407	3983	NA	NA	2866	1777	5210	2643	3876	5313	5342	NA	5158	3622	4168	NA	4846	5409	4022	4022	NA	4936	3036	5209	1946	4377	3290	3227	5674	2875	5353	4306	4462	2882	648	3445	4761
295	4680	4938	3394	3920	4895	5029	4547	4424	5612	4087	5179	3363	5090	2852	NA	4809	NA	2244	4787	2575	3519	3358	NA	4242	4046	4676	4797	3470	NA	NA	5187	5443	5037	4337	5004	5037	NA	4709	2220	4417	4411	1590	3123	5396	NA	NA	2033	1588	4935	3778	3205	4482	5082	2596	5415	5007	2635	4817	4984	5029	1490	NA	5395	4093	4257	NA	NA	3145	2089	5446	2923	3652	5252	5256	NA	4997	3359	4361	NA	4507	4956	3767	3627	NA	5028	2901	5446	1661	4754	2974	2869	5299	2732	5197	4104	4603	3101	721	3169	4487
300	5006	5074	3809	3555	4653	5016	4279	4137	5437	3816	4998	2894	4939	2525	NA	4647	NA	1985	4980	2335	3131	3642	NA	3916	3916	4561	4936	3029	NA	NA	4896	5488	4918	3960	4920	4864	NA	4647	1994	4142	4657	1752	3521	5335	NA	NA	1720	1828	5113	3484	3400	4203	5219	2352	5459	5092	2968	4757	4962	4803	1650	NA	5085	3847	4529	NA	NA	3463	2338	5564	3262	3440	5232	5221	NA	4602	3264	4412	NA	4195	4686	3445	3366	NA	5241	2525	5725	1448	4886	2679	2543	5068	2480	4962	3900	4795	3222	876	2746	4081
305	5134	5360	4067	3132	4160	4739	3961	3834	5256	3513	4770	2520	4770	2160	NA	4651	NA	1681	5103	2114	2796	3925	NA	3818	3503	4290	5022	2659	NA	NA	4578	5456	4511	3661	4718	4625	NA	4523	1722	3819	4787	1911	3790	5025	NA	NA	1523	2074	5191	3086	3597	3725	5140	2080	5305	4941	3215	4654	4961	4627	1823	NA	4890	3557	4609	NA	NA	3812	2599	5597	3646	3078	5070	5075	NA	4142	2978	4657	NA	3579	4281	3133	3204	NA	5411	2159	5742	1230	5037	2440	2128	4700	2245	4580	3505	4913	3265	932	2218	3701
310	4973	5446	4402	2837	3908	4386	3613	3490	4878	3110	4523	2184	4612	1834	NA	4325	NA	1335	5106	1870	2383	4234	NA	3435	3095	3989	5182	2454	NA	NA	4308	5305	4134	3297	4331	4290	NA	4269	1424	3441	4954	2147	4098	4728	NA	NA	1377	2313	5324	2758	3807	3442	5159	1882	5382	4985	3689	4352	4747	4280	1951	NA	4750	3236	4761	NA	NA	3962	2836	5501	4161	2700	4847	4875	NA	3828	2653	4775	NA	3064	3964	2697	2913	NA	5394	1938	5525	1036	5207	2175	1912	4396	1968	4404	3336	5012	3503	1112	1758	3382
315	4732	5243	4718	2639	3653	4164	3397	3124	4663	2965	4179	1908	4398	1501	NA	3946	NA	1168	5299	1606	2039	4534	NA	2949	2846	3729	5235	2151	NA	NA	4000	5244	3961	3056	4066	4117	NA	3987	1260	3192	5136	2473	4399	4259	NA	NA	1156	2483	5483	2517	4048	3089	4898	1568	5269	4733	4075	4103	4542	3903	2142	NA	4538	3064	4851	NA	NA	4188	3134	5532	4423	2552	4601	4577	NA	3533	2319	5051	NA	2717	3543	2288	2522	NA	5378	1567	5397	856	5210	1903	1625	4019	1680	4068	3022	4998	3820	1209	1416	2889
320	4506	4877	5144	2417	3294	3550	3008	2741	4402	2863	3819	1618	4334	1319	NA	3692	NA	1035	5237	1328	1727	4629	NA	2635	2680	3450	5278	1762	NA	NA	3408	4999	3609	2500	3980	3959	NA	3822	1103	2731	5471	2566	4594	3687	NA	NA	947	2798	5474	2373	4321	2605	4537	1269	5062	4512	4285	3749	4182	3424	2411	NA	4183	2907	4736	NA	NA	4435	3466	5392	4705	2318	4264	4313	NA	3119	1983	5206	NA	2295	3257	1988	2222	NA	5220	1351	5214	769	5316	1577	1422	3636	1444	3636	2767	4857	4003	1385	1214	2724
325	4420	4747	5299	2236	2898	3238	2720	2385	4056	2605	3313	1376	4361	1142	NA	3565	NA	861	4990	1144	1463	4919	NA	2444	2373	3134	5152	1483	NA	NA	3034	4677	3330	2065	3631	3821	NA	3589	894	2425	5643	2771	4819	3341	NA	NA	801	3053	5468	2055	4582	2267	4307	1024	4760	4143	4583	3504	3849	3194	2742	NA	3865	2522	4746	NA	NA	4608	3787	5344	4822	1965	3866	4083	NA	2908	1790	5341	NA	1955	2804	1721	2007	NA	4947	1201	5098	657	5210	1359	1179	3301	1355	3217	2414	4739	4173	1488	975	2406
330	4172	4465	5424	1866	2508	2919	2306	2133	3700	2239	2883	1252	4114	1016	NA	3436	NA	756	4838	1025	1287	4938	NA	2205	2156	2628	4950	1335	NA	NA	2633	4383	2958	1740	3375	3644	NA	3325	784	2146	5564	2968	4892	2838	NA	NA	730	3341	5102	1617	4665	2005	4108	879	4713	3858	4655	3195	3463	2918	2918	NA	3597	2247	4791	NA	NA	4834	4205	5045	5228	1758	3391	3685	NA	2653	1542	5459	NA	1682	2391	1447	1822	NA	4963	1015	4872	547	4992	1179	985	3098	1159	2884	2176	4745	4514	1806	866	2077
335	3845	4202	5677	1634	2218	2684	1913	1886	3273	2017	2436	1081	3935	830	NA	3006	NA	641	4508	822	1155	5053	NA	2003	1894	2417	4960	1108	NA	NA	2401	3950	2471	1508	3120	3456	NA	3142	712	1840	5440	3091	5140	2704	NA	NA	640	3592	4749	1348	4811	1642	3755	771	4361	3456	4842	3018	2930	2543	3089	NA	3323	1907	4509	NA	NA	4858	4475	4648	5644	1461	3028	3325	NA	2262	1239	5305	NA	1417	2084	1308	1595	NA	4621	876	4360	439	4948	925	847	2653	930	2637	1872	4433	4576	2093	714	1788
340	3707	3886	5757	1441	1875	2525	1554	1692	2902	1716	2081	924	3684	720	NA	2668	NA	533	4384	721	903	4973	NA	1815	1660	2131	4610	909	NA	NA	2045	3464	2191	1338	2935	3061	NA	2938	578	1615	5254	3422	5104	2427	NA	NA	510	3865	4504	1194	4896	1426	3419	607	4046	3143	4820	2853	2592	2235	3480	NA	2988	1525	4140	NA	NA	4933	4689	4316	5639	1252	2638	2973	NA	1991	1006	5266	NA	1074	1797	1042	1417	NA	4234	705	3924	339	4663	777	721	2414	774	2262	1635	4265	4715	2300	604	1514
345	3410	3500	5632	1231	1454	2200	1302	1551	2616	1506	1766	711	3267	659	NA	2407	NA	436	4314	537	708	5063	NA	1525	1422	1731	4400	852	NA	NA	1849	3145	1873	1153	2767	2867	NA	2577	490	1404	5181	3705	5178	2043	NA	NA	439	3940	4089	1048	5087	1157	3083	460	3676	2741	4874	2497	2330	1885	3612	NA	2660	1244	3925	NA	NA	5100	4750	3941	5436	998	2384	2453	NA	1777	865	5110	NA	951	1573	847	1158	NA	4034	654	3531	271	4533	673	590	2049	707	1947	1433	3976	4707	2553	511	1271
350	3057	3302	5379	1024	1289	1857	1154	1336	2229	1245	1521	501	2763	603	NA	2198	NA	326	4075	420	600	5026	NA	1299	1233	1465	4028	675	NA	NA	1571	2821	1567	1065	2489	2663	NA	2300	472	1242	4864	4060	5181	1833	NA	NA	372	4093	3777	913	5149	974	2742	333	3189	2445	4881	2168	2059	1618	3886	NA	2327	1179	3771	NA	NA	5176	4853	3663	5353	930	2026	2129	NA	1549	755	4805	NA	840	1437	761	1040	NA	3562	580	3085	223	4234	544	469	1758	634	1613	1278	3627	4789	2870	478	1140
355	2716	2974	5302	920	1137	1605	1005	1174	1949	1047	1362	401	2446	485	NA	1967	NA	257	3713	346	466	4856	NA	1128	1041	1169	3816	542	NA	NA	1363	2401	1366	893	2181	2401	NA	2053	407	1010	4715	4395	5331	1572	NA	NA	272	4380	3406	759	5280	888	2514	287	2708	2147	4907	1953	1823	1303	4118	NA	2063	938	3554	NA	NA	4935	5009	3271	5406	786	1785	1833	NA	1335	625	4445	NA	690	1166	709	899	NA	3219	448	2700	220	3937	438	393	1557	489	1290	1077	3334	4805	3158	396	998
360	2471	2656	4909	772	961	1367	880	1022	1781	901	1148	410	2066	432	NA	1782	NA	203	3338	283	418	4786	NA	968	912	1041	3524	430	NA	NA	1204	1974	1051	758	1929	2226	NA	1908	346	828	4173	4656	5268	1361	NA	NA	234	4638	3274	672	5156	755	2261	233	2380	1851	4913	1755	1635	1137	4732	NA	1768	811	3458	NA	NA	4728	5133	2833	5320	709	1512	1600	NA	1013	552	4165	NA	552	1036	580	761	NA	2898	359	2325	211	3577	382	355	1276	432	1103	934	3169	4858	3406	319	790
365	2250	2394	4697	667	853	1136	697	915	1619	853	905	350	1702	339	NA	1657	NA	145	3027	262	324	4560	NA	828	703	850	3260	352	NA	NA	1032	1715	958	595	1741	1982	NA	1635	286	662	3869	4986	5257	1081	NA	NA	215	4782	2942	592	5055	632	2026	204	2081	1673	4965	1449	1304	962	5017	NA	1504	734	3136	NA	NA	4479	5189	2527	5212	658	1266	1387	NA	838	473	3740	NA	439	930	464	669	NA	2548	252	1945	163	3248	275	299	1136	348	931	777	2879	4887	3683	269	710
370	1939	2149	4465	606	754	1006	591	794	1432	790	762	319	1536	273	NA	1411	NA	129	2700	210	249	4227	NA	668	542	783	2862	280	NA	NA	801	1494	747	479	1408	1758	NA	1434	259	535	3615	5266	5165	899	NA	NA	175	5011	2588	500	4797	546	1777	162	1887	1452	4841	1308	1119	772	5186	NA	1303	702	2921	NA	NA	4152	5022	2153	4851	524	1043	1147	NA	759	387	3354	NA	384	795	426	598	NA	2203	218	1615	115	2863	223	217	999	232	765	617	2510	4663	4069	193	603
375	1672	1934	4156	517	655	878	483	701	1285	679	712	281	1371	236	NA	1312	NA	90	2344	158	217	3889	NA	594	518	633	2573	207	NA	NA	658	1379	619	410	1301	1543	NA	1287	188	434	3167	5272	4788	732	NA	NA	104	5260	2223	482	4570	481	1592	142	1689	1262	4630	1140	1006	690	5287	NA	1094	629	2767	NA	NA	3945	5109	1909	4582	416	882	1032	NA	654	332	3054	NA	329	689	415	541	NA	1897	208	1336	118	2458	210	196	785	176	612	562	2327	4322	4267	165	557
380	1508	1619	3774	441	535	746	416	595	1161	576	636	207	1232	166	NA	1125	NA	92	2000	116	173	3561	NA	534	430	559	2334	151	NA	NA	619	1136	542	310	1032	1353	NA	1132	155	409	2768	5379	4398	586	NA	NA	95	5474	1826	467	4139	392	1377	128	1482	1092	4626	1046	864	612	5280	NA	835	514	2498	NA	NA	3563	5047	1629	4366	351	804	873	NA	526	275	2703	NA	231	577	359	443	NA	1662	206	1146	105	2054	142	144	648	174	536	504	2011	4050	4376	138	550
385	1332	1370	3534	336	478	696	348	475	1052	478	619	180	1123	163	NA	959	NA	79	1748	92	149	3166	NA	522	352	431	1990	152	NA	NA	463	1004	450	261	841	1182	NA	941	104	335	2413	5347	4046	487	NA	NA	69	5448	1600	420	3841	349	1308	121	1295	941	4456	911	745	495	5282	NA	721	453	2260	NA	NA	3278	5010	1538	3983	361	708	782	NA	427	210	2368	NA	201	518	311	410	NA	1534	159	922	97	1820	116	104	585	111	477	384	1836	3702	4790	107	417
390	1192	1135	3166	295	372	604	279	364	935	423	562	147	934	128	NA	737	NA	77	1533	79	115	2779	NA	431	317	354	1685	160	NA	NA	376	896	323	209	657	997	NA	873	99	281	2136	5252	3703	466	NA	NA	56	5328	1422	323	3501	283	1179	90	1137	823	4196	787	696	414	5407	NA	640	372	2015	NA	NA	2964	4667	1335	3600	312	625	638	NA	373	196	2030	NA	172	419	255	305	NA	1282	124	820	96	1615	108	83	474	92	419	318	1594	3393	4978	96	380
395	1001	1071	2778	232	311	526	229	285	749	362	534	118	733	110	NA	549	NA	63	1277	74	120	2307	NA	356	260	307	1587	131	NA	NA	245	794	250	223	575	897	NA	777	98	224	1892	5092	3229	417	NA	NA	44	5007	1220	269	3197	239	990	62	935	684	3791	681	583	357	5192	NA	557	296	1821	NA	NA	2759	4342	1139	3286	268	479	589	NA	288	131	1813	NA	152	363	229	257	NA	1062	99	759	77	1403	108	82	416	101	356	290	1469	3099	5137	73	340
400	845	909	2437	203	309	487	174	219	669	322	403	108	649	117	NA	432	NA	55	1058	66	117	2113	NA	303	211	294	1375	140	NA	NA	211	633	189	206	464	822	NA	700	76	196	1531	4705	2778	352	NA	NA	42	4648	1024	235	2903	187	868	53	851	650	3361	597	481	301	4983	NA	505	262	1563	NA	NA	2466	4044	999	3010	208	409	501	NA	258	105	1616	NA	135	296	205	182	NA	963	92	675	62	1173	83	71	389	79	286	246	1279	2816	5261	46	258
405	799	704	2122	189	263	418	131	180	546	267	319	70	533	111	NA	358	NA	31	953	35	91	1834	NA	285	219	255	1180	131	NA	NA	189	527	146	154	375	628	NA	581	68	165	1282	4646	2415	299	NA	NA	37	4371	835	223	2563	140	794	29	789	562	2979	464	412	199	4832	NA	355	257	1434	NA	NA	2232	3647	824	2600	181	407	462	NA	200	88	1400	NA	125	254	176	159	NA	837	99	552	43	1018	90	62	378	61	229	193	1190	2463	5469	15	228
410	691	669	1789	210	230	331	87	135	439	184	258	74	455	105	NA	317	NA	12	844	21	56	1642	NA	272	168	210	1032	122	NA	NA	137	464	114	113	341	567	NA	506	57	133	1006	4229	2158	254	NA	NA	49	3920	709	172	2229	110	693	37	688	498	2637	397	314	159	4593	NA	284	226	1250	NA	NA	1933	3453	682	2152	156	396	393	NA	146	73	1137	NA	101	262	157	148	NA	750	75	513	27	873	89	51	309	49	176	182	1049	2190	5480	3	183
415	552	564	1573	184	200	273	71	108	367	154	209	69	365	69	NA	269	NA	16	745	10	55	1410	NA	265	137	157	835	97	NA	NA	124	433	103	96	298	502	NA	414	39	131	745	3826	1896	210	NA	NA	36	3578	611	143	1883	104	603	34	537	431	2282	314	254	138	4353	NA	246	180	1063	NA	NA	1692	3129	583	1852	100	324	364	NA	128	69	959	NA	90	227	117	135	NA	674	61	421	15	739	87	43	209	44	144	110	902	2031	5478	1	115
420	492	439	1194	141	173	246	61	76	327	130	164	42	315	62	NA	229	NA	31	628	8	67	1257	NA	228	135	147	720	84	NA	NA	103	373	69	79	235	492	NA	332	34	116	589	3510	1630	178	NA	NA	32	3295	490	136	1617	89	494	23	470	358	1927	315	233	124	3971	NA	218	157	1012	NA	NA	1447	2745	474	1667	61	264	316	NA	92	54	782	NA	80	211	108	131	NA	584	60	354	5	631	83	46	210	38	144	74	789	1772	5466	NA	71
425	391	394	949	101	163	258	42	93	301	149	118	44	239	47	NA	191	NA	17	570	10	50	1114	NA	187	128	113	705	48	NA	NA	94	305	51	58	242	403	NA	290	37	118	515	3147	1362	120	NA	NA	21	3023	365	121	1352	90	430	23	386	319	1765	272	183	108	3496	NA	155	160	866	NA	NA	1187	2409	418	1512	48	221	326	NA	88	62	628	NA	72	163	72	100	NA	504	40	310	4	482	82	49	174	45	94	56	764	1609	5296	NA	51
430	328	345	758	75	137	266	31	78	253	93	77	24	182	35	NA	152	NA	18	524	6	50	982	NA	158	103	102	631	47	NA	NA	80	285	45	55	218	350	NA	248	43	78	499	2836	1120	92	NA	NA	29	2714	296	108	1143	86	406	12	328	298	1383	181	115	74	2998	NA	150	179	820	NA	NA	1039	2131	336	1296	39	193	267	NA	70	53	550	NA	40	141	64	83	NA	449	42	289	1	436	87	38	171	55	85	45	702	1428	4806	NA	44
435	312	280	641	90	110	253	22	72	195	64	74	16	166	22	NA	144	NA	24	399	17	47	878	NA	130	77	74	538	33	NA	NA	100	203	28	55	193	278	NA	201	46	58	378	2512	869	74	NA	NA	23	2361	265	98	1010	72	347	12	314	269	1213	118	82	50	2599	NA	122	125	668	NA	NA	837	1829	313	1095	31	139	215	NA	57	44	446	NA	26	129	54	56	NA	325	42	233	NA	399	59	34	160	40	59	41	628	1186	4445	NA	44
440	284	243	512	94	100	230	12	68	140	70	63	18	133	26	NA	159	NA	14	305	7	45	825	NA	130	87	73	422	28	NA	NA	81	184	16	70	192	219	NA	199	39	53	307	2290	721	59	NA	NA	20	2057	204	68	837	52	273	3	252	248	1073	88	56	45	2259	NA	93	111	606	NA	NA	682	1626	279	960	19	143	178	NA	50	44	356	NA	21	121	31	44	NA	244	32	212	NA	318	54	36	147	38	43	18	534	1021	4007	NA	54
445	263	218	420	76	86	190	17	42	99	51	62	21	116	24	NA	152	NA	13	270	1	27	719	NA	119	82	73	365	25	NA	NA	62	166	10	63	170	147	NA	152	33	59	292	2137	591	46	NA	NA	18	1829	122	38	713	41	295	1	212	204	996	88	35	37	1997	NA	81	112	487	NA	NA	599	1478	228	815	24	123	165	NA	53	36	272	NA	18	86	26	39	NA	206	24	173	NA	250	61	52	132	27	30	4	391	879	3752	NA	53
450	239	180	381	69	71	190	14	30	98	49	64	20	95	24	NA	116	NA	7	193	3	31	629	NA	81	53	74	278	17	NA	NA	62	125	8	43	135	136	NA	104	39	50	228	2007	509	48	NA	NA	14	1548	98	35	573	38	222	NA	182	143	800	81	24	14	1820	NA	55	85	446	NA	NA	520	1332	155	672	28	99	188	NA	51	19	207	NA	9	93	25	42	NA	202	17	152	NA	207	65	61	111	19	13	4	356	820	3426	NA	52
455	206	143	318	82	58	155	11	22	100	45	56	18	88	28	NA	121	NA	4	169	2	30	561	NA	78	39	63	253	27	NA	NA	51	125	5	24	116	120	NA	73	48	44	190	1829	386	34	NA	NA	16	1347	67	29	494	39	185	NA	148	112	650	55	17	11	1632	NA	51	55	458	NA	NA	454	1149	145	529	29	69	167	NA	44	14	184	NA	2	93	20	46	NA	201	7	134	NA	177	62	51	88	16	4	9	316	660	2993	NA	67
460	153	106	287	46	44	128	11	35	105	26	34	16	61	26	NA	111	NA	4	158	1	18	454	NA	61	36	54	208	38	NA	NA	51	106	9	14	150	98	NA	73	47	33	146	1577	290	37	NA	NA	12	1173	48	35	434	31	160	NA	146	75	592	51	23	5	1491	NA	32	34	477	NA	NA	348	944	117	453	31	61	131	NA	36	15	146	NA	7	75	10	40	NA	191	2	105	NA	172	63	41	83	7	3	6	305	540	2702	NA	57
465	102	82	231	36	28	81	5	21	92	24	29	8	33	18	NA	98	NA	1	92	NA	16	346	NA	46	23	44	150	37	NA	NA	27	72	9	6	200	93	NA	73	40	18	128	1400	243	31	NA	NA	15	982	37	36	381	26	110	NA	153	55	503	46	20	6	1276	NA	19	24	394	NA	NA	308	858	109	362	21	55	100	NA	32	10	118	NA	9	71	8	28	NA	170	4	90	NA	142	86	35	80	6	10	6	262	463	2334	NA	42
470	83	52	202	19	21	72	3	10	73	27	32	1	34	16	NA	72	NA	NA	76	NA	9	266	NA	37	23	56	123	49	NA	NA	27	59	10	8	196	61	NA	63	23	12	114	1131	185	35	NA	NA	9	822	14	22	300	21	68	NA	110	53	475	39	24	1	1146	NA	10	21	304	NA	NA	258	729	101	280	8	74	56	NA	20	8	107	NA	6	63	3	24	NA	157	NA	65	NA	142	71	27	54	6	4	4	234	409	2070	NA	38
475	68	35	176	23	7	53	7	9	64	23	24	2	26	8	NA	58	NA	NA	53	NA	5	260	NA	33	16	40	122	25	NA	NA	31	54	8	8	187	29	NA	49	18	8	92	883	155	21	NA	NA	10	724	5	26	246	18	62	NA	106	33	412	41	11	NA	1048	NA	9	17	203	NA	NA	196	562	79	232	8	70	57	NA	10	13	96	NA	8	48	0	13	NA	127	NA	51	NA	121	47	13	33	4	2	2	167	376	1864	NA	28
480	66	26	157	20	10	35	3	10	66	13	27	1	22	6	NA	50	NA	NA	62	NA	9	197	NA	21	10	34	109	15	NA	NA	22	54	13	11	167	12	NA	41	23	10	76	861	131	11	NA	NA	9	557	7	26	214	6	54	NA	104	28	384	37	5	NA	876	NA	8	6	176	NA	NA	170	461	44	210	3	74	59	NA	14	3	66	NA	12	38	NA	8	NA	124	NA	51	NA	90	31	11	20	NA	2	NA	183	293	1712	NA	35
485	56	11	134	9	6	26	NA	9	42	7	31	1	26	11	NA	50	NA	NA	54	NA	4	234	NA	19	5	18	101	11	NA	NA	14	53	7	10	150	3	NA	34	9	6	85	725	96	9	NA	NA	6	429	8	26	190	7	42	NA	88	22	372	38	2	NA	760	NA	11	4	146	NA	NA	174	329	27	179	NA	77	60	NA	12	2	44	NA	8	13	NA	6	NA	133	NA	52	NA	62	23	6	20	NA	2	NA	155	218	1494	NA	39
490	54	14	117	8	2	30	NA	7	31	5	34	1	30	9	NA	45	NA	NA	33	NA	4	216	NA	18	8	8	88	12	NA	NA	15	35	5	13	130	6	NA	41	6	2	85	641	81	4	NA	NA	7	378	6	24	201	10	27	NA	53	14	308	35	3	NA	670	NA	5	3	123	NA	NA	166	291	23	138	NA	74	61	NA	11	3	32	NA	1	4	NA	4	NA	141	NA	43	NA	45	24	2	12	NA	2	NA	134	181	1287	NA	32
495	37	16	129	5	NA	21	NA	5	9	3	40	NA	18	3	NA	22	NA	NA	20	NA	9	162	NA	17	6	12	62	12	NA	NA	3	22	NA	7	122	5	NA	41	3	NA	70	538	77	5	NA	NA	7	354	3	32	204	3	22	NA	43	18	299	22	5	NA	561	NA	2	NA	111	NA	NA	127	226	22	83	NA	35	55	NA	7	2	30	NA	NA	6	NA	1	NA	152	NA	30	NA	42	20	3	13	NA	1	NA	139	175	1095	NA	29
500	30	23	117	0	NA	15	NA	2	5	2	20	NA	14	4	NA	18	NA	NA	13	NA	15	128	NA	14	10	19	34	6	NA	NA	1	24	NA	2	79	2	NA	26	1	NA	73	440	75	4	NA	NA	4	286	8	23	170	NA	7	NA	20	22	211	18	5	NA	461	NA	1	NA	91	NA	NA	154	198	9	66	NA	23	45	NA	5	1	16	NA	NA	5	NA	NA	NA	106	NA	36	NA	23	22	6	12	NA	NA	NA	97	141	912	NA	23
505	24	20	81	NA	NA	21	NA	NA	0	2	27	NA	7	1	NA	14	NA	NA	11	NA	8	103	NA	12	7	15	20	11	NA	NA	NA	22	NA	NA	54	NA	NA	41	NA	NA	59	322	56	7	NA	NA	4	238	3	12	134	NA	6	NA	22	13	147	8	4	NA	351	NA	NA	NA	96	NA	NA	103	207	11	71	NA	21	52	NA	1	1	13	NA	NA	5	NA	NA	NA	81	NA	34	NA	10	30	13	16	NA	NA	NA	87	121	781	NA	19
510	25	21	60	NA	NA	11	NA	NA	NA	NA	27	NA	9	1	NA	12	NA	NA	6	NA	8	87	NA	4	6	18	18	11	NA	NA	NA	15	NA	NA	47	NA	NA	46	NA	NA	59	250	44	6	NA	NA	1	202	4	10	107	NA	3	NA	18	6	116	3	6	NA	276	NA	NA	NA	80	NA	NA	96	191	3	55	NA	17	27	NA	2	NA	6	NA	NA	3	NA	NA	NA	72	NA	40	NA	4	26	18	14	NA	NA	NA	74	99	668	NA	16
515	8	17	42	NA	NA	8	NA	NA	NA	NA	24	NA	10	NA	NA	12	NA	NA	8	NA	10	85	NA	NA	3	6	23	14	NA	NA	NA	9	NA	NA	24	NA	NA	45	NA	NA	44	203	35	10	NA	NA	1	158	0	10	112	NA	3	NA	10	2	84	NA	7	NA	231	NA	NA	NA	62	NA	NA	75	156	5	55	NA	16	20	NA	0	NA	2	NA	NA	3	NA	NA	NA	66	NA	34	NA	6	16	11	22	NA	NA	NA	64	70	592	NA	8
520	8	20	31	NA	NA	14	NA	NA	NA	NA	19	NA	11	NA	NA	12	NA	NA	6	NA	14	80	NA	NA	0	2	30	9	NA	NA	NA	9	NA	NA	27	NA	NA	38	NA	NA	30	143	21	14	NA	NA	NA	168	NA	8	82	NA	2	NA	8	NA	73	NA	12	NA	209	NA	NA	NA	32	NA	NA	79	147	8	52	NA	9	11	NA	NA	NA	3	NA	NA	3	NA	NA	NA	79	NA	22	NA	3	10	8	21	NA	NA	NA	50	89	532	NA	7
525	7	21	17	NA	NA	15	NA	NA	NA	NA	13	NA	13	NA	NA	10	NA	NA	1	NA	3	74	NA	NA	NA	NA	29	6	NA	NA	NA	12	NA	NA	17	NA	NA	35	NA	NA	13	103	19	5	NA	NA	NA	156	NA	7	61	NA	11	NA	6	NA	57	NA	5	NA	188	NA	NA	NA	15	NA	NA	67	96	7	36	NA	5	11	NA	NA	NA	5	NA	NA	3	NA	NA	NA	55	NA	13	NA	4	9	4	20	NA	NA	NA	32	85	486	NA	15
530	2	7	5	NA	NA	16	NA	NA	NA	NA	15	NA	17	NA	NA	12	NA	NA	5	NA	3	77	NA	NA	NA	NA	14	6	NA	NA	NA	11	NA	NA	8	NA	NA	27	NA	NA	5	79	16	4	NA	NA	NA	115	NA	6	47	NA	15	NA	5	NA	42	NA	2	NA	161	NA	NA	NA	10	NA	NA	50	76	6	18	NA	1	15	NA	NA	NA	1	NA	NA	3	NA	NA	NA	50	NA	10	NA	4	3	NA	22	NA	NA	NA	26	94	406	NA	12
535	NA	17	1	NA	NA	11	NA	NA	NA	NA	17	NA	17	NA	NA	17	NA	NA	7	NA	6	52	NA	NA	NA	NA	20	6	NA	NA	NA	4	NA	NA	6	NA	NA	37	NA	NA	5	92	10	2	NA	NA	NA	101	NA	2	46	NA	24	NA	NA	NA	30	NA	NA	NA	141	NA	NA	NA	12	NA	NA	58	52	8	14	NA	NA	16	NA	NA	NA	NA	NA	NA	5	NA	NA	NA	40	NA	10	NA	3	2	NA	9	NA	NA	NA	24	91	355	NA	12
540	NA	19	3	NA	NA	12	NA	NA	NA	NA	18	NA	20	NA	NA	15	NA	NA	10	NA	11	46	NA	NA	NA	NA	13	NA	NA	NA	NA	NA	NA	NA	16	NA	NA	30	NA	NA	NA	90	2	NA	NA	NA	NA	90	NA	4	34	NA	21	NA	NA	NA	22	NA	NA	NA	93	NA	NA	NA	15	NA	NA	44	25	3	16	NA	NA	11	NA	NA	NA	NA	NA	NA	3	NA	NA	NA	37	NA	3	NA	5	1	NA	5	NA	NA	NA	30	74	302	NA	9
545	NA	23	4	NA	NA	6	NA	NA	NA	NA	9	NA	19	NA	NA	17	NA	NA	5	NA	8	44	NA	NA	NA	NA	8	NA	NA	NA	NA	NA	NA	NA	14	NA	NA	28	NA	NA	NA	84	4	NA	NA	NA	NA	64	NA	3	29	NA	22	NA	NA	NA	27	NA	NA	NA	71	NA	NA	NA	14	NA	NA	40	27	10	12	NA	NA	13	NA	NA	NA	NA	NA	NA	3	NA	NA	NA	31	NA	1	NA	2	6	NA	4	NA	NA	NA	16	65	263	NA	8
550	NA	11	1	NA	NA	7	NA	NA	NA	NA	4	NA	19	NA	NA	14	NA	NA	11	NA	2	33	NA	NA	NA	NA	10	NA	NA	NA	NA	NA	NA	NA	14	NA	NA	39	NA	NA	NA	72	2	NA	NA	NA	NA	55	NA	4	45	NA	13	NA	NA	NA	26	NA	NA	NA	48	NA	NA	NA	9	NA	NA	28	19	17	9	NA	NA	18	NA	NA	NA	NA	NA	NA	4	NA	NA	NA	29	NA	3	NA	NA	4	NA	1	NA	NA	NA	23	52	224	NA	8
555	NA	9	1	NA	NA	7	NA	NA	NA	NA	1	NA	16	NA	NA	11	NA	NA	8	NA	NA	33	NA	NA	NA	NA	8	NA	NA	NA	NA	NA	NA	NA	9	NA	NA	24	NA	NA	NA	50	3	NA	NA	NA	NA	38	NA	1	23	NA	3	NA	NA	NA	17	NA	NA	NA	41	NA	NA	NA	15	NA	NA	22	15	11	24	NA	NA	6	NA	NA	NA	NA	NA	NA	2	NA	NA	NA	30	NA	3	NA	NA	1	NA	1	NA	NA	NA	26	45	161	NA	7
560	NA	8	NA	NA	NA	10	NA	NA	NA	NA	5	NA	16	NA	NA	5	NA	NA	6	NA	NA	24	NA	NA	NA	NA	3	NA	NA	NA	NA	NA	NA	NA	12	NA	NA	26	NA	NA	NA	51	3	NA	NA	NA	NA	30	NA	NA	19	NA	NA	NA	NA	NA	17	NA	NA	NA	30	NA	NA	NA	16	NA	NA	17	17	1	11	NA	NA	1	NA	NA	NA	NA	NA	NA	3	NA	NA	NA	30	NA	NA	NA	NA	NA	NA	NA	NA	NA	NA	28	32	119	NA	7
565	NA	8	NA	NA	NA	7	NA	NA	NA	NA	3	NA	12	NA	NA	9	NA	NA	4	NA	NA	11	NA	NA	NA	NA	3	NA	NA	NA	NA	NA	NA	NA	2	NA	NA	16	NA	NA	NA	23	3	NA	NA	NA	NA	21	NA	NA	19	NA	NA	NA	NA	NA	10	NA	NA	NA	21	NA	NA	NA	8	NA	NA	17	14	1	13	NA	NA	NA	NA	NA	NA	NA	NA	NA	2	NA	NA	NA	17	NA	NA	NA	NA	NA	NA	NA	NA	NA	NA	22	17	97	NA	20
570	NA	7	NA	NA	NA	4	NA	NA	NA	NA	3	NA	7	NA	NA	6	NA	NA	NA	NA	NA	6	NA	NA	NA	NA	0	NA	NA	NA	NA	NA	NA	NA	0	NA	NA	8	NA	NA	NA	13	4	NA	NA	NA	NA	14	NA	NA	12	NA	NA	NA	NA	NA	7	NA	NA	NA	10	NA	NA	NA	5	NA	NA	9	9	0	4	NA	NA	NA	NA	NA	NA	NA	NA	NA	4	NA	NA	NA	17	NA	NA	NA	NA	NA	NA	NA	NA	NA	NA	33	3	56	NA	27
575	NA	2	NA	NA	NA	1	NA	NA	NA	NA	2	NA	3	NA	NA	8	NA	NA	NA	NA	NA	6	NA	NA	NA	NA	NA	NA	NA	NA	NA	NA	NA	NA	NA	NA	NA	2	NA	NA	NA	20	0	NA	NA	NA	NA	13	NA	NA	14	NA	NA	NA	NA	NA	6	NA	NA	NA	1	NA	NA	NA	1	NA	NA	3	2	NA	0	NA	NA	NA	NA	NA	NA	NA	NA	NA	3	NA	NA	NA	11	NA	NA	NA	NA	NA	NA	NA	NA	NA	NA	34	1	36	NA	26
580	NA	4	NA	NA	NA	NA	NA	NA	NA	NA	1	NA	7	NA	NA	7	NA	NA	NA	NA	NA	3	NA	NA	NA	NA	NA	NA	NA	NA	NA	NA	NA	NA	NA	NA	NA	1	NA	NA	NA	17	NA	NA	NA	NA	NA	15	NA	NA	12	NA	NA	NA	NA	NA	12	NA	NA	NA	3	NA	NA	NA	0	NA	NA	5	NA	NA	NA	NA	NA	NA	NA	NA	NA	NA	NA	NA	2	NA	NA	NA	14	NA	NA	NA	NA	NA	NA	NA	NA	NA	NA	30	9	27	NA	26
585	NA	NA	NA	NA	NA	NA	NA	NA	NA	NA	2	NA	3	NA	NA	2	NA	NA	NA	NA	NA	11	NA	NA	NA	NA	NA	NA	NA	NA	NA	NA	NA	NA	NA	NA	NA	0	NA	NA	NA	16	NA	NA	NA	NA	NA	12	NA	NA	6	NA	NA	NA	NA	NA	4	NA	NA	NA	4	NA	NA	NA	NA	NA	NA	NA	NA	NA	NA	NA	NA	NA	NA	NA	NA	NA	NA	NA	1	NA	NA	NA	10	NA	NA	NA	NA	NA	NA	NA	NA	NA	NA	26	10	22	NA	9
590	NA	NA	NA	NA	NA	NA	NA	NA	NA	NA	5	NA	3	NA	NA	3	NA	NA	NA	NA	NA	10	NA	NA	NA	NA	NA	NA	NA	NA	NA	NA	NA	NA	NA	NA	NA	NA	NA	NA	NA	7	NA	NA	NA	NA	NA	16	NA	NA	6	NA	NA	NA	NA	NA	NA	NA	NA	NA	4	NA	NA	NA	NA	NA	NA	NA	NA	NA	NA	NA	NA	NA	NA	NA	NA	NA	NA	NA	2	NA	NA	NA	8	NA	NA	NA	NA	NA	NA	NA	NA	NA	NA	25	3	27	NA	10
595	NA	NA	NA	NA	NA	NA	NA	NA	NA	NA	1	NA	1	NA	NA	2	NA	NA	NA	NA	NA	3	NA	NA	NA	NA	NA	NA	NA	NA	NA	NA	NA	NA	NA	NA	NA	NA	NA	NA	NA	11	NA	NA	NA	NA	NA	13	NA	NA	0	NA	NA	NA	NA	NA	NA	NA	NA	NA	3	NA	NA	NA	NA	NA	NA	NA	NA	NA	NA	NA	NA	NA	NA	NA	NA	NA	NA	NA	1	NA	NA	NA	3	NA	NA	NA	NA	NA	NA	NA	NA	NA	NA	27	1	19	NA	10
600	NA	NA	NA	NA	NA	NA	NA	NA	NA	NA	0	NA	NA	NA	NA	1	NA	NA	NA	NA	NA	NA	NA	NA	NA	NA	NA	NA	NA	NA	NA	NA	NA	NA	NA	NA	NA	NA	NA	NA	NA	4	NA	NA	NA	NA	NA	10	NA	NA	NA	NA	NA	NA	NA	NA	NA	NA	NA	NA	2	NA	NA	NA	NA	NA	NA	NA	NA	NA	NA	NA	NA	NA	NA	NA	NA	NA	NA	NA	3	NA	NA	NA	6	NA	NA	NA	NA	NA	NA	NA	NA	NA	NA	24	NA	27	NA	11
605	NA	NA	NA	NA	NA	NA	NA	NA	NA	NA	NA	NA	NA	NA	NA	2	NA	NA	NA	NA	NA	NA	NA	NA	NA	NA	NA	NA	NA	NA	NA	NA	NA	NA	NA	NA	NA	NA	NA	NA	NA	NA	NA	NA	NA	NA	NA	13	NA	NA	NA	NA	NA	NA	NA	NA	NA	NA	NA	NA	0	NA	NA	NA	NA	NA	NA	NA	NA	NA	NA	NA	NA	NA	NA	NA	NA	NA	NA	NA	1	NA	NA	NA	7	NA	NA	NA	NA	NA	NA	NA	NA	NA	NA	17	NA	30	NA	7
610	NA	NA	NA	NA	NA	NA	NA	NA	NA	NA	NA	NA	NA	NA	NA	5	NA	NA	NA	NA	NA	NA	NA	NA	NA	NA	NA	NA	NA	NA	NA	NA	NA	NA	NA	NA	NA	NA	NA	NA	NA	NA	NA	NA	NA	NA	NA	10	NA	NA	NA	NA	NA	NA	NA	NA	NA	NA	NA	NA	NA	NA	NA	NA	NA	NA	NA	NA	NA	NA	NA	NA	NA	NA	NA	NA	NA	NA	NA	NA	NA	NA	NA	NA	12	NA	NA	NA	NA	NA	NA	NA	NA	NA	NA	11	NA	22	NA	2
615	NA	NA	NA	NA	NA	NA	NA	NA	NA	NA	NA	NA	NA	NA	NA	7	NA	NA	NA	NA	NA	NA	NA	NA	NA	NA	NA	NA	NA	NA	NA	NA	NA	NA	NA	NA	NA	NA	NA	NA	NA	NA	NA	NA	NA	NA	NA	19	NA	NA	NA	NA	NA	NA	NA	NA	NA	NA	NA	NA	NA	NA	NA	NA	NA	NA	NA	NA	NA	NA	NA	NA	NA	NA	NA	NA	NA	NA	NA	NA	NA	NA	NA	NA	16	NA	NA	NA	NA	NA	NA	NA	NA	NA	NA	16	NA	23	NA	NA
620	NA	NA	NA	NA	NA	NA	NA	NA	NA	NA	NA	NA	NA	NA	NA	2	NA	NA	NA	NA	NA	NA	NA	NA	NA	NA	NA	NA	NA	NA	NA	NA	NA	NA	NA	NA	NA	NA	NA	NA	NA	NA	NA	NA	NA	NA	NA	18	NA	NA	NA	NA	NA	NA	NA	NA	NA	NA	NA	NA	NA	NA	NA	NA	NA	NA	NA	NA	NA	NA	NA	NA	NA	NA	NA	NA	NA	NA	NA	NA	NA	NA	NA	NA	10	NA	NA	NA	NA	NA	NA	NA	NA	NA	NA	22	NA	12	NA	NA
625	NA	NA	NA	NA	NA	NA	NA	NA	NA	NA	NA	NA	NA	NA	NA	5	NA	NA	NA	NA	NA	NA	NA	NA	NA	NA	NA	NA	NA	NA	NA	NA	NA	NA	NA	NA	NA	NA	NA	NA	NA	NA	NA	NA	NA	NA	NA	25	NA	NA	NA	NA	NA	NA	NA	NA	NA	NA	NA	NA	NA	NA	NA	NA	NA	NA	NA	NA	NA	NA	NA	NA	NA	NA	NA	NA	NA	NA	NA	NA	NA	NA	NA	NA	13	NA	NA	NA	NA	NA	NA	NA	NA	NA	NA	22	NA	3	NA	NA
630	NA	NA	NA	NA	NA	NA	NA	NA	NA	NA	NA	NA	NA	NA	NA	3	NA	NA	NA	NA	NA	NA	NA	NA	NA	NA	NA	NA	NA	NA	NA	NA	NA	NA	NA	NA	NA	NA	NA	NA	NA	NA	NA	NA	NA	NA	NA	20	NA	NA	NA	NA	NA	NA	NA	NA	NA	NA	NA	NA	NA	NA	NA	NA	NA	NA	NA	NA	NA	NA	NA	NA	NA	NA	NA	NA	NA	NA	NA	NA	NA	NA	NA	NA	19	NA	NA	NA	NA	NA	NA	NA	NA	NA	NA	18	NA	2	NA	NA
635	NA	NA	NA	NA	NA	NA	NA	NA	NA	NA	NA	NA	NA	NA	NA	3	NA	NA	NA	NA	NA	NA	NA	NA	NA	NA	NA	NA	NA	NA	NA	NA	NA	NA	NA	NA	NA	NA	NA	NA	NA	NA	NA	NA	NA	NA	NA	10	NA	NA	NA	NA	NA	NA	NA	NA	NA	NA	NA	NA	NA	NA	NA	NA	NA	NA	NA	NA	NA	NA	NA	NA	NA	NA	NA	NA	NA	NA	NA	NA	NA	NA	NA	NA	23	NA	NA	NA	NA	NA	NA	NA	NA	NA	NA	11	NA	NA	NA	NA
640	NA	NA	NA	NA	NA	NA	NA	NA	NA	NA	NA	NA	NA	NA	NA	2	NA	NA	NA	NA	NA	NA	NA	NA	NA	NA	NA	NA	NA	NA	NA	NA	NA	NA	NA	NA	NA	NA	NA	NA	NA	NA	NA	NA	NA	NA	NA	4	NA	NA	NA	NA	NA	NA	NA	NA	NA	NA	NA	NA	NA	NA	NA	NA	NA	NA	NA	NA	NA	NA	NA	NA	NA	NA	NA	NA	NA	NA	NA	NA	NA	NA	NA	NA	26	NA	NA	NA	NA	NA	NA	NA	NA	NA	NA	11	NA	NA	NA	NA
645	NA	NA	NA	NA	NA	NA	NA	NA	NA	NA	NA	NA	NA	NA	NA	1	NA	NA	NA	NA	NA	NA	NA	NA	NA	NA	NA	NA	NA	NA	NA	NA	NA	NA	NA	NA	NA	NA	NA	NA	NA	NA	NA	NA	NA	NA	NA	4	NA	NA	NA	NA	NA	NA	NA	NA	NA	NA	NA	NA	NA	NA	NA	NA	NA	NA	NA	NA	NA	NA	NA	NA	NA	NA	NA	NA	NA	NA	NA	NA	NA	NA	NA	NA	23	NA	NA	NA	NA	NA	NA	NA	NA	NA	NA	15	NA	NA	NA	NA
650	NA	NA	NA	NA	NA	NA	NA	NA	NA	NA	NA	NA	NA	NA	NA	NA	NA	NA	NA	NA	NA	NA	NA	NA	NA	NA	NA	NA	NA	NA	NA	NA	NA	NA	NA	NA	NA	NA	NA	NA	NA	NA	NA	NA	NA	NA	NA	5	NA	NA	NA	NA	NA	NA	NA	NA	NA	NA	NA	NA	NA	NA	NA	NA	NA	NA	NA	NA	NA	NA	NA	NA	NA	NA	NA	NA	NA	NA	NA	NA	NA	NA	NA	NA	20	NA	NA	NA	NA	NA	NA	NA	NA	NA	NA	6	NA	NA	NA	NA
655	NA	NA	NA	NA	NA	NA	NA	NA	NA	NA	NA	NA	NA	NA	NA	NA	NA	NA	NA	NA	NA	NA	NA	NA	NA	NA	NA	NA	NA	NA	NA	NA	NA	NA	NA	NA	NA	NA	NA	NA	NA	NA	NA	NA	NA	NA	NA	9	NA	NA	NA	NA	NA	NA	NA	NA	NA	NA	NA	NA	NA	NA	NA	NA	NA	NA	NA	NA	NA	NA	NA	NA	NA	NA	NA	NA	NA	NA	NA	NA	NA	NA	NA	NA	36	NA	NA	NA	NA	NA	NA	NA	NA	NA	NA	2	NA	NA	NA	NA
660	NA	NA	NA	NA	NA	NA	NA	NA	NA	NA	NA	NA	NA	NA	NA	NA	NA	NA	NA	NA	NA	NA	NA	NA	NA	NA	NA	NA	NA	NA	NA	NA	NA	NA	NA	NA	NA	NA	NA	NA	NA	NA	NA	NA	NA	NA	NA	13	NA	NA	NA	NA	NA	NA	NA	NA	NA	NA	NA	NA	NA	NA	NA	NA	NA	NA	NA	NA	NA	NA	NA	NA	NA	NA	NA	NA	NA	NA	NA	NA	NA	NA	NA	NA	32	NA	NA	NA	NA	NA	NA	NA	NA	NA	NA	2	NA	NA	NA	NA
665	NA	NA	NA	NA	NA	NA	NA	NA	NA	NA	NA	NA	NA	NA	NA	NA	NA	NA	NA	NA	NA	NA	NA	NA	NA	NA	NA	NA	NA	NA	NA	NA	NA	NA	NA	NA	NA	NA	NA	NA	NA	NA	NA	NA	NA	NA	NA	19	NA	NA	NA	NA	NA	NA	NA	NA	NA	NA	NA	NA	NA	NA	NA	NA	NA	NA	NA	NA	NA	NA	NA	NA	NA	NA	NA	NA	NA	NA	NA	NA	NA	NA	NA	NA	15	NA	NA	NA	NA	NA	NA	NA	NA	NA	NA	1	NA	NA	NA	NA
670	NA	NA	NA	NA	NA	NA	NA	NA	NA	NA	NA	NA	NA	NA	NA	NA	NA	NA	NA	NA	NA	NA	NA	NA	NA	NA	NA	NA	NA	NA	NA	NA	NA	NA	NA	NA	NA	NA	NA	NA	NA	NA	NA	NA	NA	NA	NA	11	NA	NA	NA	NA	NA	NA	NA	NA	NA	NA	NA	NA	NA	NA	NA	NA	NA	NA	NA	NA	NA	NA	NA	NA	NA	NA	NA	NA	NA	NA	NA	NA	NA	NA	NA	NA	16	NA	NA	NA	NA	NA	NA	NA	NA	NA	NA	NA	NA	NA	NA	NA
675	NA	NA	NA	NA	NA	NA	NA	NA	NA	NA	NA	NA	NA	NA	NA	NA	NA	NA	NA	NA	NA	NA	NA	NA	NA	NA	NA	NA	NA	NA	NA	NA	NA	NA	NA	NA	NA	NA	NA	NA	NA	NA	NA	NA	NA	NA	NA	15	NA	NA	NA	NA	NA	NA	NA	NA	NA	NA	NA	NA	NA	NA	NA	NA	NA	NA	NA	NA	NA	NA	NA	NA	NA	NA	NA	NA	NA	NA	NA	NA	NA	NA	NA	NA	21	NA	NA	NA	NA	NA	NA	NA	NA	NA	NA	NA	NA	NA	NA	NA
680	NA	NA	NA	NA	NA	NA	NA	NA	NA	NA	NA	NA	NA	NA	NA	NA	NA	NA	NA	NA	NA	NA	NA	NA	NA	NA	NA	NA	NA	NA	NA	NA	NA	NA	NA	NA	NA	NA	NA	NA	NA	NA	NA	NA	NA	NA	NA	13	NA	NA	NA	NA	NA	NA	NA	NA	NA	NA	NA	NA	NA	NA	NA	NA	NA	NA	NA	NA	NA	NA	NA	NA	NA	NA	NA	NA	NA	NA	NA	NA	NA	NA	NA	NA	23	NA	NA	NA	NA	NA	NA	NA	NA	NA	NA	NA	NA	NA	NA	NA
685	NA	NA	NA	NA	NA	NA	NA	NA	NA	NA	NA	NA	NA	NA	NA	NA	NA	NA	NA	NA	NA	NA	NA	NA	NA	NA	NA	NA	NA	NA	NA	NA	NA	NA	NA	NA	NA	NA	NA	NA	NA	NA	NA	NA	NA	NA	NA	17	NA	NA	NA	NA	NA	NA	NA	NA	NA	NA	NA	NA	NA	NA	NA	NA	NA	NA	NA	NA	NA	NA	NA	NA	NA	NA	NA	NA	NA	NA	NA	NA	NA	NA	NA	NA	22	NA	NA	NA	NA	NA	NA	NA	NA	NA	NA	NA	NA	NA	NA	NA
690	NA	NA	NA	NA	NA	NA	NA	NA	NA	NA	NA	NA	NA	NA	NA	NA	NA	NA	NA	NA	NA	NA	NA	NA	NA	NA	NA	NA	NA	NA	NA	NA	NA	NA	NA	NA	NA	NA	NA	NA	NA	NA	NA	NA	NA	NA	NA	29	NA	NA	NA	NA	NA	NA	NA	NA	NA	NA	NA	NA	NA	NA	NA	NA	NA	NA	NA	NA	NA	NA	NA	NA	NA	NA	NA	NA	NA	NA	NA	NA	NA	NA	NA	NA	25	NA	NA	NA	NA	NA	NA	NA	NA	NA	NA	NA	NA	NA	NA	NA
695	NA	NA	NA	NA	NA	NA	NA	NA	NA	NA	NA	NA	NA	NA	NA	NA	NA	NA	NA	NA	NA	NA	NA	NA	NA	NA	NA	NA	NA	NA	NA	NA	NA	NA	NA	NA	NA	NA	NA	NA	NA	NA	NA	NA	NA	NA	NA	23	NA	NA	NA	NA	NA	NA	NA	NA	NA	NA	NA	NA	NA	NA	NA	NA	NA	NA	NA	NA	NA	NA	NA	NA	NA	NA	NA	NA	NA	NA	NA	NA	NA	NA	NA	NA	18	NA	NA	NA	NA	NA	NA	NA	NA	NA	NA	NA	NA	NA	NA	NA
700	NA	NA	NA	NA	NA	NA	NA	NA	NA	NA	NA	NA	NA	NA	NA	NA	NA	NA	NA	NA	NA	NA	NA	NA	NA	NA	NA	NA	NA	NA	NA	NA	NA	NA	NA	NA	NA	NA	NA	NA	NA	NA	NA	NA	NA	NA	NA	33	NA	NA	NA	NA	NA	NA	NA	NA	NA	NA	NA	NA	NA	NA	NA	NA	NA	NA	NA	NA	NA	NA	NA	NA	NA	NA	NA	NA	NA	NA	NA	NA	NA	NA	NA	NA	10	NA	NA	NA	NA	NA	NA	NA	NA	NA	NA	NA	NA	NA	NA	NA
705	NA	NA	NA	NA	NA	NA	NA	NA	NA	NA	NA	NA	NA	NA	NA	NA	NA	NA	NA	NA	NA	NA	NA	NA	NA	NA	NA	NA	NA	NA	NA	NA	NA	NA	NA	NA	NA	NA	NA	NA	NA	NA	NA	NA	NA	NA	NA	24	NA	NA	NA	NA	NA	NA	NA	NA	NA	NA	NA	NA	NA	NA	NA	NA	NA	NA	NA	NA	NA	NA	NA	NA	NA	NA	NA	NA	NA	NA	NA	NA	NA	NA	NA	NA	10	NA	NA	NA	NA	NA	NA	NA	NA	NA	NA	NA	NA	NA	NA	NA
710	NA	NA	NA	NA	NA	NA	NA	NA	NA	NA	NA	NA	NA	NA	NA	NA	NA	NA	NA	NA	NA	NA	NA	NA	NA	NA	NA	NA	NA	NA	NA	NA	NA	NA	NA	NA	NA	NA	NA	NA	NA	NA	NA	NA	NA	NA	NA	11	NA	NA	NA	NA	NA	NA	NA	NA	NA	NA	NA	NA	NA	NA	NA	NA	NA	NA	NA	NA	NA	NA	NA	NA	NA	NA	NA	NA	NA	NA	NA	NA	NA	NA	NA	NA	4	NA	NA	NA	NA	NA	NA	NA	NA	NA	NA	NA	NA	NA	NA	NA
715	NA	NA	NA	NA	NA	NA	NA	NA	NA	NA	NA	NA	NA	NA	NA	NA	NA	NA	NA	NA	NA	NA	NA	NA	NA	NA	NA	NA	NA	NA	NA	NA	NA	NA	NA	NA	NA	NA	NA	NA	NA	NA	NA	NA	NA	NA	NA	13	NA	NA	NA	NA	NA	NA	NA	NA	NA	NA	NA	NA	NA	NA	NA	NA	NA	NA	NA	NA	NA	NA	NA	NA	NA	NA	NA	NA	NA	NA	NA	NA	NA	NA	NA	NA	1	NA	NA	NA	NA	NA	NA	NA	NA	NA	NA	NA	NA	NA	NA	NA
720	NA	NA	NA	NA	NA	NA	NA	NA	NA	NA	NA	NA	NA	NA	NA	NA	NA	NA	NA	NA	NA	NA	NA	NA	NA	NA	NA	NA	NA	NA	NA	NA	NA	NA	NA	NA	NA	NA	NA	NA	NA	NA	NA	NA	NA	NA	NA	15	NA	NA	NA	NA	NA	NA	NA	NA	NA	NA	NA	NA	NA	NA	NA	NA	NA	NA	NA	NA	NA	NA	NA	NA	NA	NA	NA	NA	NA	NA	NA	NA	NA	NA	NA	NA	NA	NA	NA	NA	NA	NA	NA	NA	NA	NA	NA	NA	NA	NA	NA	NA
725	NA	NA	NA	NA	NA	NA	NA	NA	NA	NA	NA	NA	NA	NA	NA	NA	NA	NA	NA	NA	NA	NA	NA	NA	NA	NA	NA	NA	NA	NA	NA	NA	NA	NA	NA	NA	NA	NA	NA	NA	NA	NA	NA	NA	NA	NA	NA	22	NA	NA	NA	NA	NA	NA	NA	NA	NA	NA	NA	NA	NA	NA	NA	NA	NA	NA	NA	NA	NA	NA	NA	NA	NA	NA	NA	NA	NA	NA	NA	NA	NA	NA	NA	NA	NA	NA	NA	NA	NA	NA	NA	NA	NA	NA	NA	NA	NA	NA	NA	NA
730	NA	NA	NA	NA	NA	NA	NA	NA	NA	NA	NA	NA	NA	NA	NA	NA	NA	NA	NA	NA	NA	NA	NA	NA	NA	NA	NA	NA	NA	NA	NA	NA	NA	NA	NA	NA	NA	NA	NA	NA	NA	NA	NA	NA	NA	NA	NA	14	NA	NA	NA	NA	NA	NA	NA	NA	NA	NA	NA	NA	NA	NA	NA	NA	NA	NA	NA	NA	NA	NA	NA	NA	NA	NA	NA	NA	NA	NA	NA	NA	NA	NA	NA	NA	NA	NA	NA	NA	NA	NA	NA	NA	NA	NA	NA	NA	NA	NA	NA	NA
735	NA	NA	NA	NA	NA	NA	NA	NA	NA	NA	NA	NA	NA	NA	NA	NA	NA	NA	NA	NA	NA	NA	NA	NA	NA	NA	NA	NA	NA	NA	NA	NA	NA	NA	NA	NA	NA	NA	NA	NA	NA	NA	NA	NA	NA	NA	NA	9	NA	NA	NA	NA	NA	NA	NA	NA	NA	NA	NA	NA	NA	NA	NA	NA	NA	NA	NA	NA	NA	NA	NA	NA	NA	NA	NA	NA	NA	NA	NA	NA	NA	NA	NA	NA	NA	NA	NA	NA	NA	NA	NA	NA	NA	NA	NA	NA	NA	NA	NA	NA
740	NA	NA	NA	NA	NA	NA	NA	NA	NA	NA	NA	NA	NA	NA	NA	NA	NA	NA	NA	NA	NA	NA	NA	NA	NA	NA	NA	NA	NA	NA	NA	NA	NA	NA	NA	NA	NA	NA	NA	NA	NA	NA	NA	NA	NA	NA	NA	13	NA	NA	NA	NA	NA	NA	NA	NA	NA	NA	NA	NA	NA	NA	NA	NA	NA	NA	NA	NA	NA	NA	NA	NA	NA	NA	NA	NA	NA	NA	NA	NA	NA	NA	NA	NA	NA	NA	NA	NA	NA	NA	NA	NA	NA	NA	NA	NA	NA	NA	NA	NA
745	NA	NA	NA	NA	NA	NA	NA	NA	NA	NA	NA	NA	NA	NA	NA	NA	NA	NA	NA	NA	NA	NA	NA	NA	NA	NA	NA	NA	NA	NA	NA	NA	NA	NA	NA	NA	NA	NA	NA	NA	NA	NA	NA	NA	NA	NA	NA	8	NA	NA	NA	NA	NA	NA	NA	NA	NA	NA	NA	NA	NA	NA	NA	NA	NA	NA	NA	NA	NA	NA	NA	NA	NA	NA	NA	NA	NA	NA	NA	NA	NA	NA	NA	NA	NA	NA	NA	NA	NA	NA	NA	NA	NA	NA	NA	NA	NA	NA	NA	NA
750	NA	NA	NA	NA	NA	NA	NA	NA	NA	NA	NA	NA	NA	NA	NA	NA	NA	NA	NA	NA	NA	NA	NA	NA	NA	NA	NA	NA	NA	NA	NA	NA	NA	NA	NA	NA	NA	NA	NA	NA	NA	NA	NA	NA	NA	NA	NA	3	NA	NA	NA	NA	NA	NA	NA	NA	NA	NA	NA	NA	NA	NA	NA	NA	NA	NA	NA	NA	NA	NA	NA	NA	NA	NA	NA	NA	NA	NA	NA	NA	NA	NA	NA	NA	NA	NA	NA	NA	NA	NA	NA	NA	NA	NA	NA	NA	NA	NA	NA	NA
755	NA	NA	NA	NA	NA	NA	NA	NA	NA	NA	NA	NA	NA	NA	NA	NA	NA	NA	NA	NA	NA	NA	NA	NA	NA	NA	NA	NA	NA	NA	NA	NA	NA	NA	NA	NA	NA	NA	NA	NA	NA	NA	NA	NA	NA	NA	NA	6	NA	NA	NA	NA	NA	NA	NA	NA	NA	NA	NA	NA	NA	NA	NA	NA	NA	NA	NA	NA	NA	NA	NA	NA	NA	NA	NA	NA	NA	NA	NA	NA	NA	NA	NA	NA	NA	NA	NA	NA	NA	NA	NA	NA	NA	NA	NA	NA	NA	NA	NA	NA
760	NA	NA	NA	NA	NA	NA	NA	NA	NA	NA	NA	NA	NA	NA	NA	NA	NA	NA	NA	NA	NA	NA	NA	NA	NA	NA	NA	NA	NA	NA	NA	NA	NA	NA	NA	NA	NA	NA	NA	NA	NA	NA	NA	NA	NA	NA	NA	0	NA	NA	NA	NA	NA	NA	NA	NA	NA	NA	NA	NA	NA	NA	NA	NA	NA	NA	NA	NA	NA	NA	NA	NA	NA	NA	NA	NA	NA	NA	NA	NA	NA	NA	NA	NA	NA	NA	NA	NA	NA	NA	NA	NA	NA	NA	NA	NA	NA	NA	NA	NA
