0	1	2	2	2	1	2	2	2	1	1	1	2	2	1	1	1	2	1	2	2	2	2	1	2	1	3	1	3	1	1	1	1	2	1	2	1	2	1	3	1	2	2	3	1	1	2	2	3	2	1	2	1	2	1	1	2	2	1	2	3	2	1	2	1	1	1	2	2	2	2	1	2	1	2	2	2	1	1	2	2	1	1	3	1	2	1	2	3	1	3	2	1	3	1	1	1	2	3	1	1
5	4	8	3	8	2	6	8	6	8	9	5	4	6	2	7	9	4	7	3	8	12	7	8	2	3	3	1	9	8	9	6	2	3	4	4	5	4	10	9	6	5	6	3	0	2	6	9	12	1	6	5	6	5	2	1	14	13	1	14	21	4	6	3	0	7	4	9	4	6	0	2	13	12	3	9	6	7	5	15	3	2	3	9	5	2	3	5	10	1	5	3	5	4	3	2	3	10	10	10	10
10	8	16	6	15	14	5	8	18	15	12	7	10	17	2	9	12	5	12	1	3	7	13	28	3	4	NA	NA	26	7	19	4	4	10	2	NA	18	8	12	16	12	8	6	7	NA	3	11	13	23	4	7	6	17	7	3	3	13	25	8	21	20	5	11	3	NA	5	15	8	7	13	NA	5	19	24	5	12	8	15	5	23	11	4	8	15	12	2	2	15	16	10	5	1	11	16	3	9	14	19	18	13	21
15	9	27	9	23	15	5	14	25	15	14	15	20	21	4	18	24	12	9	2	4	12	31	26	NA	5	NA	NA	59	6	23	4	6	24	NA	NA	19	7	14	15	21	14	7	9	NA	7	13	16	26	6	9	16	12	9	8	12	10	29	13	19	29	4	19	7	NA	11	25	11	8	16	NA	10	27	34	12	23	11	26	6	23	23	4	13	26	18	5	3	19	44	29	12	3	5	27	8	8	14	22	37	20	16
20	14	26	25	26	9	14	20	22	28	16	26	27	17	6	26	29	14	1	5	4	11	34	19	NA	11	NA	NA	74	4	26	7	9	31	NA	NA	30	19	28	12	36	21	14	8	NA	6	27	10	31	5	21	35	25	17	15	21	8	31	28	26	27	12	18	7	NA	12	21	20	3	16	NA	20	37	32	18	26	13	34	3	19	40	8	15	43	35	15	2	16	62	13	8	3	3	40	13	8	17	29	47	11	15
25	12	21	43	28	6	12	29	43	32	28	34	29	26	4	35	37	24	6	16	7	10	25	25	NA	15	NA	NA	85	4	37	3	19	26	NA	NA	37	37	43	15	69	22	21	5	NA	7	36	14	30	14	24	49	25	27	21	32	7	23	48	35	30	22	34	15	NA	15	35	37	3	18	NA	24	41	31	20	31	19	33	4	39	59	7	24	59	48	25	3	19	71	20	15	8	NA	55	12	23	30	33	71	22	26
30	18	23	45	31	8	24	50	44	34	30	56	24	31	6	39	43	33	6	26	12	19	23	25	NA	12	NA	NA	86	8	20	7	31	30	NA	NA	38	56	57	34	76	44	35	2	NA	16	45	19	42	11	22	56	46	43	33	42	11	18	47	51	34	36	44	20	NA	25	50	61	11	30	NA	23	40	35	12	43	22	42	5	38	89	12	21	78	61	17	3	30	111	18	40	17	NA	75	17	36	38	20	85	36	62
35	28	24	50	32	8	30	52	50	47	27	51	25	26	15	44	55	37	14	29	25	25	14	33	NA	19	NA	NA	113	21	24	9	34	32	NA	NA	42	53	78	45	113	55	42	4	NA	15	55	37	40	10	26	64	39	57	47	31	15	26	53	50	31	74	42	10	NA	42	68	75	11	34	NA	19	46	57	9	42	17	55	10	37	124	18	25	92	66	18	6	58	119	13	47	32	NA	66	25	55	49	19	92	44	99
40	38	40	72	34	17	47	38	53	60	42	58	35	23	20	60	57	40	16	29	33	39	19	37	NA	21	NA	NA	130	15	15	10	50	61	NA	NA	45	55	115	48	126	56	37	3	NA	23	64	53	36	14	30	82	64	67	66	36	13	26	72	55	40	100	57	14	NA	44	86	102	19	32	NA	37	44	66	15	47	13	67	13	55	168	23	26	115	91	26	9	62	147	13	48	54	NA	66	45	71	81	28	123	50	135
45	48	58	85	40	17	34	47	55	65	57	70	45	34	24	96	51	53	17	33	52	30	22	44	NA	23	NA	NA	189	25	29	20	80	72	NA	NA	72	72	131	60	128	76	53	3	NA	27	120	77	68	18	46	78	62	92	67	45	19	47	97	55	73	125	82	32	NA	59	102	146	32	31	NA	38	71	90	22	32	16	53	24	73	170	42	37	171	110	19	10	70	224	11	55	65	NA	108	51	104	101	42	129	83	182
50	40	55	88	54	26	25	81	54	87	58	93	56	51	34	121	66	73	18	47	42	22	39	56	NA	23	NA	NA	218	24	35	27	124	74	NA	NA	57	95	149	82	147	82	73	3	NA	38	113	114	118	18	62	119	65	107	89	55	25	59	138	68	94	136	114	53	NA	78	171	168	25	40	NA	47	91	108	35	44	22	88	23	77	216	41	46	218	135	38	23	82	284	12	60	61	NA	102	54	143	133	37	148	119	225
55	47	62	82	46	39	34	99	57	127	84	77	72	51	35	162	91	95	19	46	38	21	52	57	NA	41	NA	NA	302	35	28	35	160	115	NA	NA	56	109	191	125	193	106	92	3	NA	60	116	125	135	24	63	148	61	129	111	63	21	86	165	78	105	168	120	39	NA	113	218	223	24	48	NA	54	118	131	39	61	17	104	31	102	241	36	46	225	154	39	22	109	363	9	62	90	NA	91	72	177	188	59	157	113	250
60	70	86	80	75	32	34	98	72	173	98	70	81	73	34	175	97	129	21	48	54	28	75	51	NA	47	NA	NA	395	44	47	45	190	156	NA	NA	82	119	259	157	219	144	132	3	NA	68	163	180	156	25	100	145	99	156	105	58	34	113	198	102	124	196	125	53	NA	108	235	277	30	37	NA	57	162	175	35	66	14	113	52	127	312	42	53	305	195	64	27	115	439	13	77	98	NA	118	81	216	249	78	161	140	308
65	67	105	112	87	46	43	131	120	211	96	115	119	90	51	187	114	161	33	53	56	22	101	73	NA	55	NA	NA	497	62	58	34	215	237	NA	NA	101	144	317	195	237	202	147	5	NA	116	174	175	193	49	161	177	132	208	113	76	35	122	189	109	151	244	151	61	NA	127	280	367	42	52	NA	75	206	218	63	71	12	154	61	146	381	40	64	387	227	79	19	171	487	20	85	125	NA	123	87	230	362	106	186	198	354
70	73	134	156	91	59	73	137	154	258	83	139	137	93	58	237	137	205	29	76	94	28	120	90	NA	58	NA	NA	603	81	57	54	224	257	NA	NA	151	183	344	244	280	246	221	7	NA	158	184	204	189	49	205	222	156	254	175	127	54	137	210	136	167	355	181	71	NA	161	359	406	55	57	NA	76	217	338	83	89	16	184	94	160	418	38	55	511	257	109	29	224	606	29	101	164	NA	150	104	261	458	107	244	243	506
75	73	156	173	94	66	81	164	217	278	77	139	168	124	77	314	200	238	39	117	125	46	164	103	NA	58	NA	NA	718	106	71	72	232	312	NA	NA	207	252	452	289	316	303	315	11	NA	184	197	290	255	61	222	314	228	261	210	149	69	201	233	175	182	442	247	83	NA	164	434	501	59	73	NA	86	278	370	89	97	29	214	127	192	489	52	77	680	327	116	39	241	707	38	154	183	NA	196	132	328	570	131	316	295	650
80	120	217	237	97	69	98	199	233	334	107	177	183	157	88	378	266	304	56	139	174	51	199	136	NA	83	NA	NA	840	145	83	98	277	390	NA	NA	229	292	518	341	382	393	386	8	NA	211	245	335	369	53	310	365	229	308	281	174	128	236	322	231	206	519	273	99	NA	197	515	617	78	119	NA	104	323	470	104	108	37	274	168	271	663	81	57	781	362	126	42	286	937	41	178	230	NA	240	171	460	687	166	430	348	825
85	147	235	280	127	100	118	219	310	380	123	192	216	198	88	568	344	334	47	176	190	42	236	172	NA	122	NA	NA	992	107	134	126	354	523	NA	NA	267	350	677	390	414	520	441	11	NA	283	325	434	429	74	344	448	291	394	329	252	146	319	346	321	234	582	383	115	NA	250	633	805	127	127	NA	151	401	573	108	127	42	362	183	312	701	96	77	1063	413	179	54	349	1079	49	235	283	NA	275	203	531	784	142	541	430	1061
90	162	275	316	223	116	134	291	397	387	146	254	276	243	110	656	384	361	50	184	255	47	272	234	NA	153	NA	NA	1243	155	182	171	537	583	NA	NA	308	430	851	528	512	636	504	18	NA	340	393	515	582	78	395	573	379	515	396	267	160	378	451	438	240	673	475	155	NA	259	822	951	143	145	NA	173	501	687	122	167	84	459	218	389	884	114	90	1267	497	231	49	382	1295	54	283	361	NA	318	232	602	991	164	653	599	1176
95	200	312	425	289	125	163	344	544	481	148	277	404	283	147	734	461	477	61	218	296	47	308	329	NA	183	NA	NA	1441	210	222	227	645	690	NA	NA	402	522	1011	675	614	773	616	26	NA	388	488	590	767	117	485	745	417	640	428	284	214	467	521	566	266	811	535	181	NA	299	1028	1173	210	178	NA	232	641	825	172	186	119	543	260	509	1031	122	138	1465	636	353	85	390	1612	67	397	464	NA	421	280	787	1138	163	817	724	1449
100	311	348	576	371	174	217	440	582	571	130	341	509	406	223	891	562	529	88	249	376	40	347	377	NA	232	NA	NA	1746	285	309	246	836	912	NA	NA	529	628	1272	773	718	961	762	58	NA	517	634	678	1037	121	510	949	551	812	525	287	252	611	647	703	278	988	671	197	NA	289	1182	1416	244	213	NA	263	774	1017	221	207	149	604	303	666	1263	162	182	1709	836	484	94	484	1943	70	493	534	NA	466	349	897	1376	195	995	853	1793
105	414	421	609	387	184	269	549	762	644	151	422	672	498	278	1125	695	619	133	303	517	47	438	442	NA	284	NA	NA	2202	322	393	294	1023	1087	NA	NA	629	774	1534	918	916	1160	860	69	NA	659	720	769	1328	119	612	1156	714	1031	676	412	279	729	752	821	350	1283	841	260	NA	406	1461	1631	304	274	NA	334	941	1269	250	225	138	705	368	871	1583	185	212	2048	1030	530	129	573	2250	115	626	601	NA	592	446	1044	1604	237	1197	1014	2156
110	546	535	703	438	219	305	656	786	791	146	550	885	651	329	1423	833	725	147	375	619	48	527	534	NA	351	NA	NA	2557	349	464	403	1203	1360	NA	NA	736	1027	1834	1134	1088	1458	1019	82	NA	837	901	877	1600	179	784	1356	881	1314	837	487	368	767	928	1072	451	1674	1061	283	NA	472	1851	2046	361	344	NA	398	1176	1416	313	279	187	870	425	1000	2023	272	262	2449	1291	594	180	699	2522	168	768	691	NA	690	503	1243	1900	287	1469	1178	2508
115	705	631	813	533	254	343	852	969	976	196	665	1076	739	417	1785	1058	865	165	484	757	55	673	587	NA	417	NA	NA	3078	451	545	447	1502	1574	NA	NA	817	1183	2159	1383	1385	1703	1258	77	NA	989	1075	1009	1967	214	935	1540	1069	1716	1064	609	416	939	1156	1264	522	1941	1239	349	NA	469	2229	2463	457	411	NA	437	1317	1698	377	398	210	1106	627	1321	2289	380	299	2942	1545	709	180	843	3073	163	877	875	NA	777	644	1510	2348	321	1864	1308	2908
120	833	800	962	734	303	391	1037	1128	1113	228	735	1436	897	578	2152	1281	1068	179	586	892	62	780	674	NA	511	NA	NA	3641	556	674	520	1835	1940	NA	NA	1004	1407	2686	1535	1642	1919	1607	90	NA	1140	1269	1172	2418	258	1058	1781	1256	2120	1264	711	560	1097	1379	1598	595	2363	1585	426	NA	556	2724	2899	501	449	NA	486	1654	2058	439	480	297	1391	724	1524	2731	477	375	3449	1976	868	194	1007	3437	238	1079	1032	NA	831	755	1856	2731	401	2240	1628	3378
125	1052	987	1108	831	336	524	1221	1316	1358	278	852	1699	1059	669	2576	1517	1339	237	750	1079	83	958	813	NA	631	NA	NA	4199	651	721	509	2165	2255	NA	NA	1192	1722	3279	1878	2092	2247	1842	117	NA	1418	1507	1398	2773	249	1351	2102	1586	2535	1555	878	740	1312	1610	1901	803	2830	1926	563	NA	699	3130	3376	588	564	NA	574	2136	2498	539	615	374	1503	809	1793	3060	608	418	3814	2319	985	259	1181	4030	320	1388	1312	NA	1019	929	2282	3039	480	2711	1921	3870
130	1264	1191	1360	990	402	551	1458	1529	1678	353	1058	2028	1167	787	3016	1842	1573	312	911	1343	78	1151	1005	NA	837	NA	NA	4805	701	834	591	2446	2775	NA	NA	1463	2203	3926	2316	2413	2702	2051	136	NA	1679	1743	1685	3183	290	1612	2506	1903	2847	1865	1012	879	1562	1953	2304	1067	3396	2266	693	NA	793	3710	3939	755	646	NA	672	2558	3079	669	747	482	1729	934	2154	3605	712	455	4572	2701	1209	297	1371	4590	421	1713	1497	NA	1291	1205	2531	3747	591	3164	2173	4508
135	1475	1388	1553	1293	506	685	1730	1886	1920	444	1266	2464	1485	954	3650	2133	1965	325	1205	1663	83	1403	1210	NA	997	NA	NA	5388	789	1041	769	3015	3280	NA	NA	1775	2808	4627	2706	2835	3062	2341	153	NA	2023	1986	2006	3658	302	1753	3004	2443	3253	2118	1188	1001	1753	2200	2708	1295	3967	2722	877	NA	1055	4250	4609	950	822	NA	802	3074	3511	752	910	615	1992	1139	2569	4075	1002	515	5188	3193	1460	376	1607	5344	484	1979	1859	NA	1525	1608	3033	4368	721	3622	2441	5126
140	1760	1644	1802	1492	613	885	2031	2315	2267	480	1504	2882	1834	1210	4314	2632	2459	360	1407	2080	89	1599	1444	NA	1225	NA	NA	6136	963	1326	957	3591	3946	NA	NA	2227	3295	5302	3237	3307	3708	2740	192	NA	2358	2446	2448	4066	356	1940	3456	2973	3945	2512	1402	1211	2026	2609	3293	1499	4639	3156	1137	NA	1339	4864	5374	1226	1043	NA	981	3593	4184	963	1135	704	2326	1430	3129	4689	1175	627	5879	3710	1752	424	2040	5840	564	2423	2145	NA	1781	1863	3577	5021	832	4292	2881	5736
145	2169	1973	2219	1766	800	1051	2500	2814	2755	553	1738	3282	2225	1513	5044	3066	3011	487	1590	2518	106	2002	1703	NA	1457	NA	NA	6762	1083	1611	1150	4136	4438	NA	NA	2741	3840	5966	3836	3740	4610	3165	209	NA	2836	2849	2948	4898	494	2334	4045	3446	4569	2932	1658	1447	2269	3024	3862	1722	5173	3700	1282	NA	1665	5666	6144	1442	1235	NA	1219	4062	4703	1091	1375	811	2827	1727	3588	5403	1374	789	6607	4273	2193	480	2402	6600	664	2763	2455	NA	2004	2222	4232	5526	999	5101	3393	6334
150	2664	2312	2496	2080	923	1223	2925	3299	3266	617	2058	3807	2691	1858	5493	3606	3400	599	1876	2950	126	2361	1966	NA	1681	NA	NA	7123	1322	1904	1285	4807	4996	NA	NA	3334	4417	6591	4586	4617	5108	3648	276	NA	3384	3428	3457	5443	647	2903	4775	4012	5165	3330	1931	1657	2667	3616	4437	1998	5750	4211	1533	NA	2096	6407	6863	1684	1453	NA	1437	4706	5512	1264	1707	957	3309	2100	4104	6001	1674	944	6836	4772	2559	570	2854	7254	853	3296	2949	NA	2427	2590	4813	6233	1277	5833	4135	7122
155	3139	2806	2985	2264	1113	1393	3365	3841	3690	713	2351	4330	3182	2228	6157	4094	3903	715	2361	3583	153	2851	2393	NA	1948	NA	NA	7447	1716	2262	1418	5540	5599	NA	NA	4035	5128	7402	5341	5473	5781	4207	331	NA	3963	4008	3902	5966	794	3453	5421	4614	5938	3820	2356	1939	3235	4236	5021	2417	6512	5136	1884	NA	2467	6937	7630	2091	1744	NA	1615	5468	6394	1562	2167	1209	3778	2530	4803	6528	2032	1065	7303	5389	2927	693	3309	7900	1119	3885	3448	NA	3009	3122	5629	6752	1505	6394	5001	7599
160	3733	3409	3332	2613	1334	1760	3817	4453	4272	774	2605	4987	3751	2556	6656	4876	4630	877	2827	4095	169	3309	2785	NA	2246	NA	NA	7710	2140	2764	1682	6219	6318	NA	NA	4703	5788	8014	5994	6006	6221	4901	452	NA	4652	4754	4586	6515	963	3818	5839	5255	6629	4296	2872	2353	3825	4935	5641	2697	7259	5898	2203	NA	2940	7508	8203	2397	2146	NA	1931	6274	7096	1772	2580	1535	4413	2841	5535	7326	2311	1290	7913	5867	3449	829	3831	8338	1285	4509	4069	NA	3553	3643	6265	7200	1946	6950	5735	8025
165	4476	3805	3914	2924	1709	2099	4475	5210	4889	958	3171	5601	4378	2893	7238	5498	5382	1038	3318	4959	241	3771	3132	NA	2693	NA	NA	7861	2565	3140	2139	6817	6837	NA	NA	5432	6379	8273	6829	6722	6822	5505	550	NA	5318	5444	5083	7062	1285	4456	6467	6052	7075	5205	3425	2829	4315	5496	6129	3094	7396	6483	2720	NA	3276	7981	8668	2721	2533	NA	2135	6911	7358	2029	3068	1757	5260	3341	6416	7764	2634	1648	8256	6539	4064	1013	4401	8167	1583	5148	4574	NA	4053	4351	6916	7424	2324	7349	6512	7975
170	4857	4343	4460	3432	2008	2378	5189	5934	5600	1138	3551	6275	5089	3338	8046	6054	5856	1218	3924	5512	313	4369	3631	NA	3159	NA	NA	7962	3095	3877	2439	7393	7566	NA	NA	6252	6987	8260	7622	7270	7191	6039	649	NA	6058	6141	5798	7451	1458	5159	7008	6698	7353	5973	4137	3587	4760	6140	6899	3553	7526	6824	3179	NA	3958	8206	8719	3208	3156	NA	2625	7319	7633	2276	3714	2055	6084	3743	6681	7923	3103	1871	8163	7179	4798	1118	5013	8136	1845	5633	5340	NA	4708	5016	7230	7864	2669	7848	7121	7939
175	5201	5181	5064	3966	2478	2788	5932	6662	6191	1361	4050	6873	5786	3928	8295	6546	6612	1469	4475	6076	411	4837	4186	NA	3639	NA	NA	7761	3583	4316	2845	7761	8004	NA	NA	7082	7299	8496	8152	7781	7583	6248	744	NA	6513	6650	6546	7817	1678	6049	7498	7265	7940	6555	4772	3995	5406	6689	7348	3960	7548	7260	3725	NA	4536	8346	8464	3842	3584	NA	3181	7927	7992	2669	4299	2511	6739	4212	7211	7818	3628	2117	7908	7650	5284	1366	5763	7750	2122	6131	6006	NA	5190	5656	7582	7964	3085	8060	7630	7722
180	5705	5701	5707	4432	2891	3301	6589	7232	6753	1560	4604	7406	6393	4640	8404	7224	7305	1607	5277	6869	461	5524	4603	NA	4217	NA	NA	7369	4028	4957	3319	8145	8129	NA	NA	7694	7732	8157	8085	7966	7859	6464	973	NA	7052	7234	7346	7832	1994	6791	7877	7681	7953	7015	5357	4664	6133	7555	7863	4632	7367	7516	4457	NA	5267	8059	7838	4499	4184	NA	3813	8211	8078	3190	4950	2765	7390	4860	8030	7664	4185	2497	7764	8073	5728	1612	6316	7019	2395	6822	6742	NA	5785	6256	7939	7875	3653	7938	8116	7420
185	6219	6161	6430	4923	3581	3913	7044	7783	7460	1819	5157	7879	7046	5445	8169	7696	7837	1991	5912	7411	571	6330	5140	NA	4896	NA	NA	6750	4511	5681	3967	8290	7851	NA	NA	8319	7982	7663	8296	8099	7878	6913	1191	NA	7446	7694	7766	7737	2431	7335	8158	8105	7769	7421	6151	5329	6968	8070	8102	5137	7559	7751	4981	NA	6258	7785	7134	5206	4864	NA	4417	8403	8053	3812	5536	3403	7935	5240	8211	7414	4831	2947	7056	8362	6357	1935	6946	6211	2987	7300	7259	NA	6335	7049	8061	7629	4354	7788	8442	6644
190	6627	6752	7115	5580	4274	4462	7534	8033	7776	2199	5816	8156	7427	5962	7681	8021	8118	2399	6664	7683	696	6907	5850	NA	5615	NA	NA	5878	5127	6273	4591	8141	7824	NA	NA	8460	8025	7009	8344	8045	7601	7246	1422	NA	7691	7992	8026	7547	2815	7774	8000	8295	7601	7861	6888	6100	7411	8427	7964	5772	7471	7701	5593	NA	6980	7354	6372	5783	5721	NA	5185	8380	7787	4528	6458	4053	8259	5951	8299	7032	5346	3520	6095	8095	6771	2370	7533	5369	3622	7753	7543	NA	7052	7860	8088	7089	5121	7373	8227	5835
195	7025	7318	7638	6515	4899	5127	7799	8141	8110	2469	6497	8063	7826	6500	7089	8089	8270	2643	7239	8079	849	7649	6365	NA	6345	NA	NA	5061	5904	6777	5333	7930	7480	NA	NA	8513	7764	6172	8072	7949	7566	7541	1782	NA	7871	8097	7994	6635	3185	8146	7811	7923	7218	7738	7670	6958	7755	8090	7837	6353	7014	7720	6231	NA	7780	6590	5662	6339	6384	NA	5992	8006	7434	5177	7065	4581	8116	6547	8152	6509	5898	4146	5236	7767	7333	2833	7887	4560	4128	8010	7900	NA	7736	8223	7577	6332	5733	6817	8218	5059
200	7354	7585	8160	7040	5642	5817	7815	7982	8179	2741	7050	8051	8181	7100	6270	7774	8153	3117	7644	8424	1057	7815	6754	NA	6905	NA	NA	4257	6532	7205	5847	7340	6969	NA	NA	8323	7211	5100	7182	7148	6999	7365	2029	NA	8034	7796	7898	6027	3584	8198	7529	7712	6475	7671	8133	7564	8085	7928	7418	6791	6266	7421	6881	NA	8146	5695	4675	6798	6979	NA	6595	7330	6694	5994	7723	5212	8120	7132	7896	5698	6467	4719	4235	7522	7715	3299	8000	3692	4773	7954	8183	NA	8076	8463	6971	5452	6475	5946	7826	4279
205	7487	7862	8387	7381	6489	6321	7699	7806	7888	3261	7362	7779	8219	7580	5631	7476	8019	3525	7772	8454	1347	8140	7179	NA	7595	NA	NA	3306	7070	7992	6668	6775	6317	NA	NA	8017	6461	4300	6399	6415	6158	6930	2467	NA	7844	7433	7674	5541	4254	7880	6730	7292	5817	7411	8791	8303	8116	7531	6823	7184	5369	6975	7137	NA	8402	4508	3766	7240	7572	NA	7006	6479	5827	6505	8022	5794	7791	7509	7230	4817	6719	5312	3309	6719	8113	3826	7939	3106	5187	7662	8053	NA	8285	8375	6405	4497	7161	5349	7138	3486
210	7639	8067	8316	7824	7186	6854	7342	7318	7451	3708	7598	7219	7914	8158	4694	7022	7144	4135	7688	8364	1737	8270	7625	NA	8009	NA	NA	2547	7473	8321	7183	6148	5253	NA	NA	7365	5929	3559	5582	5627	5081	6525	2904	NA	7233	7115	7083	5005	4846	7511	5825	6520	5104	7003	8987	8600	8071	7055	5804	7467	4485	6425	7622	NA	8658	3775	2975	7552	7936	NA	7811	5477	4837	7104	8122	6458	7076	7684	6524	3964	7290	5902	2565	5892	8098	4487	7658	2544	5909	7225	7749	NA	7845	8008	5659	3857	7429	4592	6300	2871
215	7558	7874	7886	8121	7737	7037	6777	6775	6658	4282	7670	6471	7565	8400	3789	6236	6438	4722	7650	7656	2135	7910	7480	NA	7981	NA	NA	1983	7711	8305	7696	4885	4554	NA	NA	6464	5088	2759	4739	4801	4370	5922	3428	NA	6459	6664	6574	4447	5430	6980	5028	5596	4482	6535	8863	8707	7699	6043	5115	7717	3728	5786	7715	NA	8458	2877	2314	7607	8054	NA	8183	4691	4030	7256	8181	7140	6187	7804	5697	3294	7715	6863	1866	4896	7663	5367	7250	2029	6591	6722	7243	NA	7412	7553	4632	3022	7831	3885	5479	2386
220	7406	7497	7381	7807	8188	7618	6218	5835	5869	4755	7383	5673	7158	8021	3060	5495	5853	5438	7720	6639	2494	7572	7296	NA	7916	NA	NA	1390	7875	8018	7947	3993	3674	NA	NA	5681	4305	2006	3791	4000	3828	5250	3980	NA	5477	5739	5619	3557	6095	6199	4261	4882	3706	5661	8052	8717	7048	5210	4270	7779	3183	5077	7843	NA	8127	2398	1811	7651	7945	NA	8259	3970	3256	7478	7858	7646	5405	7495	4764	2446	8067	7238	1322	4045	7249	6057	6479	1622	7261	6174	6452	NA	6948	7029	3776	2489	7975	3082	4445	1841
225	6758	6636	6759	7509	8203	7878	5779	4855	5117	5314	7299	4830	6475	7817	2556	4827	4929	6136	7333	5508	2981	6759	7218	NA	7719	NA	NA	1217	7880	7460	8062	3163	3051	NA	NA	4688	3689	1432	3205	3262	3310	4644	4566	NA	4706	4951	4695	2918	6719	5599	3471	4167	2930	4795	7053	8108	6384	4404	3611	7542	2477	4121	7622	NA	7298	1892	1408	7521	7912	NA	8282	3127	2414	7707	7476	7971	4804	7123	3922	1950	7931	7813	990	3039	6572	6865	5662	1272	7621	5353	5873	NA	6250	6234	2985	1907	7992	2483	3396	1451
230	5966	5805	5763	6856	8077	7855	4929	4090	4292	5912	6946	3774	5595	7573	1936	4035	4053	7059	6762	4498	3489	6206	7141	NA	7569	NA	NA	840	7357	6832	7885	2442	2444	NA	NA	4018	3106	1048	2611	2641	2613	4025	5193	NA	4062	4025	3864	2336	7273	4779	2686	3519	2280	4006	6224	7532	5564	3457	2933	7111	1953	3162	7253	NA	6482	1503	1012	7208	7378	NA	8150	2448	1811	7832	6948	8313	3896	6850	2944	1563	7572	8356	755	2362	6102	7473	4975	878	7951	4474	5002	NA	5647	5307	2506	1403	7630	1960	2683	1126
235	5150	5222	4791	6130	7933	7927	3993	3508	3531	6514	6318	2868	4740	6929	1541	3284	3227	7662	5800	3673	4055	5502	6295	NA	6941	NA	NA	596	7148	6069	7649	1814	1813	NA	NA	3237	2469	768	2156	2123	2130	3477	5863	NA	3419	3292	3088	1807	7776	3996	2104	2849	1718	3185	5303	6550	4654	2842	2268	6262	1479	2483	6616	NA	5592	1112	761	6706	7079	NA	7865	1987	1321	7681	6303	8155	3205	6228	2387	1133	7064	8509	538	1718	5321	7975	4218	588	7866	3649	4094	NA	4863	4589	1859	1030	7201	1422	2061	757
240	4475	4409	4050	5328	7499	7574	3486	2894	2828	6859	5365	2094	3791	6043	1120	2574	2660	8408	4779	2969	4824	4502	5605	NA	5937	NA	NA	421	6820	5062	7258	1288	1419	NA	NA	2476	1934	618	1706	1602	1629	2848	6580	NA	2734	2614	2708	1317	8029	3260	1611	2184	1396	2680	4308	5396	3652	2152	1834	5320	1186	1962	6025	NA	4608	729	541	5991	6331	NA	7197	1630	930	7310	5503	7744	2664	5558	1884	776	6614	8383	469	1225	4329	8048	3570	376	8145	2825	3268	NA	4094	3708	1491	754	6457	1042	1626	569
245	3645	3812	3256	4562	6908	6733	2976	2257	2249	7145	4596	1694	3019	5027	809	2051	2153	8526	4125	2423	5266	3577	4741	NA	5184	NA	NA	295	6062	4250	6840	955	1118	NA	NA	1926	1469	433	1345	1193	1270	2380	7077	NA	2172	1829	2235	1001	8036	2543	1176	1725	1010	2184	3583	4360	2770	1683	1458	4656	860	1448	5415	NA	3791	515	430	5470	5397	NA	6306	1201	724	6870	4868	7081	2240	4662	1433	577	5866	7882	364	946	3605	8054	2854	261	7911	2205	2648	NA	3256	2901	1100	528	5909	887	1192	383
250	2976	3073	2350	3739	6184	5711	2480	1707	1714	7696	3896	1280	2444	3999	566	1554	1595	8499	3365	1875	5927	2811	4088	NA	4306	NA	NA	212	5093	3387	5838	733	766	NA	NA	1470	1145	332	1120	909	874	1868	7624	NA	1813	1371	1793	713	7857	1891	938	1364	724	1843	2871	3605	2073	1349	1017	4115	653	1072	4695	NA	3132	366	338	4535	4627	NA	5700	849	576	6033	3905	6183	1701	3824	998	464	5069	7239	280	673	2692	7987	2309	210	7397	1822	1868	NA	2459	2371	805	364	5372	652	831	295
255	2275	2328	1770	3118	5338	5113	2014	1295	1290	7873	3260	912	1733	3202	430	1159	1239	8443	2722	1472	6403	2279	3349	NA	3654	NA	NA	132	4181	2906	4981	560	546	NA	NA	1065	798	244	875	687	545	1501	7985	NA	1452	1092	1443	484	7474	1400	681	1011	555	1398	2099	2847	1562	981	780	3431	432	722	3951	NA	2312	285	297	3939	3706	NA	4600	650	429	5088	3123	5239	1206	3342	680	352	4206	6242	209	483	2212	7779	1767	176	6587	1438	1420	NA	1852	1750	557	270	4691	530	640	225
260	1720	1661	1264	2461	4536	4399	1633	1086	1034	7860	2634	597	1170	2586	328	941	943	7950	2130	1152	7048	1749	2649	NA	2990	NA	NA	95	3411	2339	4070	404	379	NA	NA	729	604	160	664	518	412	1204	8319	NA	1118	844	1030	434	6924	1134	497	794	421	1075	1718	2255	1120	775	630	2840	355	503	3230	NA	1693	223	253	3233	2761	NA	3474	481	352	4049	2367	4478	845	2660	470	225	3535	5458	151	314	1645	7211	1451	138	5679	1116	1032	NA	1400	1354	459	187	3970	381	453	188
265	1350	1279	857	1948	3681	3813	1099	801	815	7360	2100	440	857	2055	222	706	742	7008	1666	867	7613	1360	2063	NA	2374	NA	NA	93	2661	1782	3178	304	269	NA	NA	540	406	88	494	408	320	848	8249	NA	802	648	622	280	6113	906	362	654	307	821	1321	1851	828	616	572	2142	257	358	2500	NA	1280	120	179	2575	2248	NA	2562	289	281	3351	1869	3724	706	2046	317	165	2812	4593	113	266	1245	6373	1094	116	4805	784	669	NA	1091	977	363	134	3226	268	291	167
270	973	1007	593	1618	3240	2994	798	663	617	6869	1640	368	591	1610	177	481	609	6074	1305	661	7955	993	1584	NA	1775	NA	NA	96	2088	1362	2622	204	167	NA	NA	440	281	52	356	345	233	633	7985	NA	562	432	491	174	5340	685	227	430	232	676	948	1485	579	517	449	1743	200	262	1949	NA	1082	85	94	2108	1782	NA	1915	163	247	2760	1442	3331	479	1609	269	144	1996	3831	73	210	948	5666	826	88	4094	534	466	NA	754	771	335	79	2646	186	233	133
275	764	858	421	1256	2535	2232	670	467	465	6253	1324	319	413	1178	110	401	460	5033	1022	508	7814	757	1228	NA	1368	NA	NA	66	1502	990	2070	112	118	NA	NA	309	170	29	264	294	157	478	7374	NA	400	297	367	121	4587	549	175	271	171	474	711	1137	388	378	346	1446	147	219	1647	NA	794	62	56	1600	1305	NA	1336	103	158	2243	1067	2837	370	1233	211	132	1499	2939	28	182	722	4789	648	72	3345	465	342	NA	628	597	258	68	2059	146	145	114
280	541	643	284	1068	1913	1739	513	302	371	5259	939	236	297	865	80	280	351	4083	852	370	7730	535	875	NA	1045	NA	NA	32	1154	790	1546	67	87	NA	NA	226	108	13	145	237	90	396	6602	NA	314	180	222	77	3619	349	141	214	137	374	585	815	247	263	229	1084	106	133	1262	NA	569	37	45	1128	1043	NA	916	65	116	1751	792	2283	251	935	130	101	1102	2211	21	125	529	4150	491	61	2621	337	238	NA	531	477	177	48	1468	110	84	92
285	419	494	190	771	1435	1264	427	257	251	4322	736	151	232	590	67	187	274	3354	631	254	7513	328	662	NA	757	NA	NA	22	890	619	1155	41	78	NA	NA	152	68	6	97	168	41	267	5776	NA	233	111	160	75	2961	253	78	174	102	270	439	597	151	169	204	826	61	118	873	NA	405	35	28	896	859	NA	605	50	85	1308	559	1855	204	692	98	67	832	1717	11	70	331	3481	363	60	1920	258	199	NA	393	339	146	50	1109	118	59	72
290	287	387	126	578	1133	952	328	182	177	3460	556	94	137	398	48	137	246	2635	516	201	6937	212	476	NA	595	NA	NA	10	629	475	892	28	29	NA	NA	113	64	1	70	134	16	166	4966	NA	194	65	130	67	2321	191	69	130	92	181	297	465	100	148	188	581	37	111	708	NA	282	43	39	692	700	NA	443	31	75	1006	448	1478	145	481	67	47	616	1162	4	50	238	2675	229	52	1484	212	148	NA	262	245	136	29	756	88	39	39
295	181	279	87	417	935	704	245	130	143	2799	425	73	77	283	25	101	174	2044	401	133	6504	162	385	NA	418	NA	NA	4	536	374	615	22	16	NA	NA	82	46	NA	55	120	3	108	3964	NA	139	52	83	45	1885	174	50	107	82	162	210	299	61	134	183	374	28	94	524	NA	228	49	16	476	517	NA	286	15	52	782	348	1119	88	306	33	24	419	820	2	43	157	2210	201	28	1093	180	146	NA	223	124	80	29	504	61	28	25
300	136	197	80	355	667	458	164	75	109	2044	316	56	52	166	19	85	143	1598	302	86	5992	99	279	NA	282	NA	NA	2	373	321	465	24	13	NA	NA	44	38	NA	30	104	NA	51	3185	NA	123	32	60	13	1448	119	20	86	67	139	156	188	29	95	119	244	13	76	383	NA	164	37	17	306	421	NA	193	9	40	598	238	893	57	177	27	18	290	629	NA	20	125	1817	138	24	800	141	110	NA	197	61	53	28	355	29	21	26
305	89	148	73	240	490	402	111	58	93	1672	254	34	54	85	18	54	109	1210	261	60	5083	71	220	NA	175	NA	NA	NA	247	275	371	23	11	NA	NA	49	35	NA	17	61	NA	23	2556	NA	106	24	43	18	1060	92	15	41	55	116	111	110	19	63	100	141	6	66	288	NA	107	22	25	231	275	NA	105	1	40	392	191	613	43	114	17	21	200	419	NA	11	76	1387	75	19	606	93	88	NA	137	48	33	21	244	16	11	29
310	59	138	44	168	369	292	76	43	72	1242	160	25	36	68	9	54	97	1010	226	47	4334	63	186	NA	157	NA	NA	NA	191	181	273	15	6	NA	NA	36	25	NA	8	39	NA	17	1920	NA	75	13	27	6	819	63	24	15	20	106	76	93	6	41	62	84	6	54	191	NA	87	29	22	145	195	NA	56	NA	33	274	155	488	15	65	9	12	133	341	NA	19	48	948	35	11	484	55	53	NA	118	62	19	18	141	14	4	25
315	32	110	21	125	277	201	50	28	61	894	117	19	28	68	10	64	70	779	161	27	3691	41	125	NA	126	NA	NA	NA	160	129	188	16	0	NA	NA	29	19	NA	1	27	NA	11	1479	NA	69	8	13	5	676	37	19	7	17	90	55	71	1	28	34	40	6	53	118	NA	64	26	23	76	138	NA	47	NA	15	209	113	403	9	32	8	11	91	250	NA	6	43	747	18	5	380	30	47	NA	84	42	9	16	109	14	2	8
320	8	88	11	112	181	159	33	15	42	658	74	16	30	70	8	52	48	511	124	26	2939	26	95	NA	88	NA	NA	NA	130	64	157	9	NA	NA	NA	35	25	NA	NA	23	NA	3	1058	NA	60	5	6	5	523	41	20	3	8	64	33	27	NA	28	16	22	9	34	87	NA	47	23	21	43	111	NA	48	NA	11	143	63	275	7	17	6	10	60	172	NA	7	37	468	3	2	283	13	31	NA	52	29	7	18	85	14	1	6
325	12	59	8	95	136	119	24	7	33	570	69	8	38	70	10	36	17	348	86	12	2295	2	80	NA	72	NA	NA	NA	93	47	90	3	NA	NA	NA	29	27	NA	NA	20	NA	1	823	NA	46	1	1	5	390	39	16	9	9	38	33	5	NA	31	13	33	6	25	69	NA	43	14	16	29	81	NA	42	NA	11	104	55	215	7	7	NA	5	36	109	NA	3	30	331	2	3	208	5	22	NA	24	15	9	19	47	5	NA	6
330	14	29	0	59	109	85	25	1	15	424	52	15	35	58	5	32	8	227	57	7	1720	2	59	NA	46	NA	NA	NA	65	38	90	3	NA	NA	NA	25	5	NA	NA	12	NA	NA	606	NA	33	NA	3	3	319	28	20	7	8	37	35	3	NA	25	11	29	1	14	53	NA	19	7	15	24	71	NA	38	NA	12	72	49	183	8	7	NA	NA	21	77	NA	NA	9	172	NA	1	170	2	12	NA	20	12	13	11	43	3	NA	6
335	17	37	NA	71	77	61	15	NA	10	271	48	13	36	50	2	21	4	159	39	2	1310	3	47	NA	30	NA	NA	NA	40	36	62	0	NA	NA	NA	17	2	NA	NA	4	NA	NA	408	NA	25	NA	2	3	249	14	21	3	4	43	23	2	NA	14	4	18	NA	13	41	NA	9	7	13	8	68	NA	23	NA	28	40	47	132	1	1	NA	NA	12	48	NA	NA	5	138	NA	NA	127	NA	12	NA	18	13	4	10	25	2	NA	NA
340	28	26	NA	72	53	54	13	NA	6	196	28	13	24	35	7	16	1	132	28	3	1013	8	28	NA	32	NA	NA	NA	26	27	33	NA	NA	NA	NA	9	1	NA	NA	6	NA	NA	289	NA	18	NA	1	3	157	15	11	1	9	55	14	NA	NA	15	0	17	NA	14	22	NA	2	7	10	2	49	NA	7	NA	26	36	23	118	3	NA	NA	NA	12	37	NA	NA	5	96	NA	NA	68	NA	14	NA	12	11	0	2	19	1	NA	NA
345	25	19	NA	73	46	27	3	NA	1	130	20	2	16	24	8	10	NA	107	18	4	784	3	21	NA	38	NA	NA	NA	25	18	37	NA	NA	NA	NA	7	1	NA	NA	2	NA	NA	232	NA	13	NA	NA	2	143	10	4	NA	14	60	12	NA	NA	14	NA	11	NA	8	11	NA	1	4	6	NA	35	NA	5	NA	14	35	18	112	NA	NA	NA	NA	10	40	NA	NA	2	59	NA	NA	49	NA	5	NA	10	7	NA	2	19	1	NA	NA
350	16	15	NA	75	26	17	NA	NA	NA	104	21	NA	17	17	9	3	NA	73	32	3	624	8	19	NA	31	NA	NA	NA	27	20	14	NA	NA	NA	NA	9	NA	NA	NA	NA	NA	NA	188	NA	8	NA	NA	2	118	6	2	NA	14	38	14	NA	NA	8	NA	9	NA	7	12	NA	NA	7	14	NA	21	NA	1	NA	6	19	13	94	NA	NA	NA	NA	3	35	NA	NA	1	51	NA	NA	23	NA	4	NA	4	4	NA	1	19	1	NA	NA
355	12	25	NA	50	21	6	NA	NA	NA	69	8	NA	1	30	6	1	NA	59	29	2	441	12	13	NA	27	NA	NA	NA	35	16	3	NA	NA	NA	NA	7	NA	NA	NA	NA	NA	NA	162	NA	2	NA	NA	NA	112	3	NA	NA	9	23	27	NA	NA	4	NA	4	NA	4	11	NA	NA	2	9	NA	13	NA	1	NA	1	20	3	80	NA	NA	NA	NA	2	19	NA	NA	2	38	NA	NA	19	NA	0	NA	1	1	NA	NA	17	0	NA	NA
360	4	14	NA	42	10	3	NA	NA	NA	50	7	NA	0	18	5	NA	NA	38	18	1	326	7	11	NA	29	NA	NA	NA	35	12	3	NA	NA	NA	NA	5	NA	NA	NA	NA	NA	NA	83	NA	NA	NA	NA	NA	79	1	NA	NA	16	16	24	NA	NA	1	NA	6	NA	3	4	NA	NA	1	2	NA	11	NA	NA	NA	NA	18	1	54	NA	NA	NA	NA	4	9	NA	NA	2	42	NA	NA	14	NA	NA	NA	NA	NA	NA	NA	10	NA	NA	NA
365	2	5	NA	32	6	0	NA	NA	NA	35	2	NA	NA	7	2	NA	NA	39	12	NA	285	6	2	NA	28	NA	NA	NA	24	16	1	NA	NA	NA	NA	1	NA	NA	NA	NA	NA	NA	50	NA	NA	NA	NA	NA	51	NA	NA	NA	8	10	18	NA	NA	2	NA	4	NA	NA	3	NA	NA	NA	1	NA	8	NA	NA	NA	NA	14	2	38	NA	NA	NA	NA	2	13	NA	NA	6	40	NA	NA	19	NA	NA	NA	NA	NA	NA	NA	9	NA	NA	NA
370	1	1	NA	20	6	NA	NA	NA	NA	34	NA	NA	NA	4	2	NA	NA	37	9	NA	225	3	NA	NA	19	NA	NA	NA	18	13	2	NA	NA	NA	NA	NA	NA	NA	NA	NA	NA	NA	31	NA	NA	NA	NA	NA	47	NA	NA	NA	4	20	11	NA	NA	0	NA	3	NA	NA	NA	NA	NA	NA	NA	NA	10	NA	NA	NA	NA	9	2	32	NA	NA	NA	NA	1	9	NA	NA	3	32	NA	NA	10	NA	NA	NA	NA	NA	NA	NA	5	NA	NA	NA
375	0	NA	NA	15	4	NA	NA	NA	NA	48	NA	NA	NA	NA	NA	NA	NA	44	3	NA	162	NA	NA	NA	17	NA	NA	NA	11	16	1	NA	NA	NA	NA	NA	NA	NA	NA	NA	NA	NA	38	NA	NA	NA	NA	NA	69	NA	NA	NA	1	7	3	NA	NA	NA	NA	2	NA	NA	NA	NA	NA	NA	NA	NA	2	NA	NA	NA	NA	8	2	25	NA	NA	NA	NA	NA	5	NA	NA	8	14	NA	NA	4	NA	NA	NA	NA	NA	NA	NA	8	NA	NA	NA
380	NA	NA	NA	16	0	NA	NA	NA	NA	36	NA	NA	NA	NA	NA	NA	NA	29	10	NA	123	NA	NA	NA	9	NA	NA	NA	8	11	1	NA	NA	NA	NA	NA	NA	NA	NA	NA	NA	NA	52	NA	NA	NA	NA	NA	56	NA	NA	NA	NA	2	NA	NA	NA	NA	NA	1	NA	NA	NA	NA	NA	NA	NA	NA	NA	NA	NA	NA	NA	6	2	18	NA	NA	NA	NA	NA	3	NA	NA	5	9	NA	NA	1	NA	NA	NA	NA	NA	NA	NA	8	NA	NA	NA
385	NA	NA	NA	19	NA	NA	NA	NA	NA	25	NA	NA	NA	NA	NA	NA	NA	22	3	NA	86	NA	NA	NA	1	NA	NA	NA	5	12	NA	NA	NA	NA	NA	NA	NA	NA	NA	NA	NA	NA	39	NA	NA	NA	NA	NA	39	NA	NA	NA	NA	1	NA	NA	NA	NA	NA	NA	NA	NA	NA	NA	NA	NA	NA	NA	NA	NA	NA	NA	NA	4	1	15	NA	NA	NA	NA	NA	5	NA	NA	13	6	NA	NA	NA	NA	NA	NA	NA	NA	NA	NA	6	NA	NA	NA
390	NA	NA	NA	15	NA	NA	NA	NA	NA	24	NA	NA	NA	NA	NA	NA	NA	24	2	NA	46	NA	NA	NA	NA	NA	NA	NA	1	13	NA	NA	NA	NA	NA	NA	NA	NA	NA	NA	NA	NA	33	NA	NA	NA	NA	NA	30	NA	NA	NA	NA	NA	NA	NA	NA	NA	NA	NA	NA	NA	NA	NA	NA	NA	NA	NA	NA	NA	NA	NA	NA	2	NA	12	NA	NA	NA	NA	NA	1	NA	NA	8	6	NA	NA	NA	NA	NA	NA	NA	NA	NA	NA	3	NA	NA	NA
395	NA	NA	NA	6	NA	NA	NA	NA	NA	30	NA	NA	NA	NA	NA	NA	NA	26	NA	NA	24	NA	NA	NA	NA	NA	NA	NA	NA	16	NA	NA	NA	NA	NA	NA	NA	NA	NA	NA	NA	NA	33	NA	NA	NA	NA	NA	20	NA	NA	NA	NA	NA	NA	NA	NA	NA	NA	NA	NA	NA	NA	NA	NA	NA	NA	NA	NA	NA	NA	NA	NA	0	NA	7	NA	NA	NA	NA	NA	NA	NA	NA	3	NA	NA	NA	NA	NA	NA	NA	NA	NA	NA	NA	7	NA	NA	NA
400	NA	NA	NA	6	NA	NA	NA	NA	NA	31	NA	NA	NA	NA	NA	NA	NA	20	NA	NA	24	NA	NA	NA	NA	NA	NA	NA	NA	15	NA	NA	NA	NA	NA	NA	NA	NA	NA	NA	NA	NA	22	NA	NA	NA	NA	NA	6	NA	NA	NA	NA	NA	NA	NA	NA	NA	NA	NA	NA	NA	NA	NA	NA	NA	NA	NA	NA	NA	NA	NA	NA	NA	NA	1	NA	NA	NA	NA	NA	NA	NA	NA	5	NA	NA	NA	NA	NA	NA	NA	NA	NA	NA	NA	7	NA	NA	NA
405	NA	NA	NA	4	NA	NA	NA	NA	NA	28	NA	NA	NA	NA	NA	NA	NA	15	NA	NA	13	NA	NA	NA	NA	NA	NA	NA	NA	13	NA	NA	NA	NA	NA	NA	NA	NA	NA	NA	NA	NA	13	NA	NA	NA	NA	NA	8	NA	NA	NA	NA	NA	NA	NA	NA	NA	NA	NA	NA	NA	NA	NA	NA	NA	NA	NA	NA	NA	NA	NA	NA	NA	NA	NA	NA	NA	NA	NA	NA	NA	NA	NA	7	NA	NA	NA	NA	NA	NA	NA	NA	NA	NA	NA	2	NA	NA	NA
410	NA	NA	NA	4	NA	NA	NA	NA	NA	24	NA	NA	NA	NA	NA	NA	NA	14	NA	NA	4	NA	NA	NA	NA	NA	NA	NA	NA	10	NA	NA	NA	NA	NA	NA	NA	NA	NA	NA	NA	NA	16	NA	NA	NA	NA	NA	8	NA	NA	NA	NA	NA	NA	NA	NA	NA	NA	NA	NA	NA	NA	NA	NA	NA	NA	NA	NA	NA	NA	NA	NA	NA	NA	NA	NA	NA	NA	NA	NA	NA	NA	NA	8	NA	NA	NA	NA	NA	NA	NA	NA	NA	NA	NA	1	NA	NA	NA
415	NA	NA	NA	7	NA	NA	NA	NA	NA	20	NA	NA	NA	NA	NA	NA	NA	12	NA	NA	0	NA	NA	NA	NA	NA	NA	NA	NA	15	NA	NA	NA	NA	NA	NA	NA	NA	NA	NA	NA	NA	6	NA	NA	NA	NA	NA	8	NA	NA	NA	NA	NA	NA	NA	NA	NA	NA	NA	NA	NA	NA	NA	NA	NA	NA	NA	NA	NA	NA	NA	NA	NA	NA	NA	NA	NA	NA	NA	NA	NA	NA	NA	3	NA	NA	NA	NA	NA	NA	NA	NA	NA	NA	NA	NA	NA	NA	NA
420	NA	NA	NA	2	NA	NA	NA	NA	NA	30	NA	NA	NA	NA	NA	NA	NA	13	NA	NA	NA	NA	NA	NA	NA	NA	NA	NA	NA	19	NA	NA	NA	NA	NA	NA	NA	NA	NA	NA	NA	NA	7	NA	NA	NA	NA	NA	8	NA	NA	NA	NA	NA	NA	NA	NA	NA	NA	NA	NA	NA	NA	NA	NA	NA	NA	NA	NA	NA	NA	NA	NA	NA	NA	NA	NA	NA	NA	NA	NA	NA	NA	NA	4	NA	NA	NA	NA	NA	NA	NA	NA	NA	NA	NA	NA	NA	NA	NA
425	NA	NA	NA	NA	NA	NA	NA	NA	NA	15	NA	NA	NA	NA	NA	NA	NA	7	NA	NA	NA	NA	NA	NA	NA	NA	NA	NA	NA	19	NA	NA	NA	NA	NA	NA	NA	NA	NA	NA	NA	NA	7	NA	NA	NA	NA	NA	1	NA	NA	NA	NA	NA	NA	NA	NA	NA	NA	NA	NA	NA	NA	NA	NA	NA	NA	NA	NA	NA	NA	NA	NA	NA	NA	NA	NA	NA	NA	NA	NA	NA	NA	NA	3	NA	NA	NA	NA	NA	NA	NA	NA	NA	NA	NA	NA	NA	NA	NA
430	NA	NA	NA	NA	NA	NA	NA	NA	NA	7	NA	NA	NA	NA	NA	NA	NA	5	NA	NA	NA	NA	NA	NA	NA	NA	NA	NA	NA	18	NA	NA	NA	NA	NA	NA	NA	NA	NA	NA	NA	NA	1	NA	NA	NA	NA	NA	NA	NA	NA	NA	NA	NA	NA	NA	NA	NA	NA	NA	NA	NA	NA	NA	NA	NA	NA	NA	NA	NA	NA	NA	NA	NA	NA	NA	NA	NA	NA	NA	NA	NA	NA	NA	4	NA	NA	NA	NA	NA	NA	NA	NA	NA	NA	NA	NA	NA	NA	NA
435	NA	NA	NA	NA	NA	NA	NA	NA	NA	4	NA	NA	NA	NA	NA	NA	NA	9	NA	NA	NA	NA	NA	NA	NA	NA	NA	NA	NA	18	NA	NA	NA	NA	NA	NA	NA	NA	NA	NA	NA	NA	NA	NA	NA	NA	NA	NA	NA	NA	NA	NA	NA	NA	NA	NA	NA	NA	NA	NA	NA	NA	NA	NA	NA	NA	NA	NA	NA	NA	NA	NA	NA	NA	NA	NA	NA	NA	NA	NA	NA	NA	NA	NA	5	NA	NA	NA	NA	NA	NA	NA	NA	NA	NA	NA	NA	NA	NA	NA
440	NA	NA	NA	NA	NA	NA	NA	NA	NA	10	NA	NA	NA	NA	NA	NA	NA	6	NA	NA	NA	NA	NA	NA	NA	NA	NA	NA	NA	23	NA	NA	NA	NA	NA	NA	NA	NA	NA	NA	NA	NA	NA	NA	NA	NA	NA	NA	NA	NA	NA	NA	NA	NA	NA	NA	NA	NA	NA	NA	NA	NA	NA	NA	NA	NA	NA	NA	NA	NA	NA	NA	NA	NA	NA	NA	NA	NA	NA	NA	NA	NA	NA	NA	3	NA	NA	NA	NA	NA	NA	NA	NA	NA	NA	NA	NA	NA	NA	NA
445	NA	NA	NA	NA	NA	NA	NA	NA	NA	11	NA	NA	NA	NA	NA	NA	NA	1	NA	NA	NA	NA	NA	NA	NA	NA	NA	NA	NA	28	NA	NA	NA	NA	NA	NA	NA	NA	NA	NA	NA	NA	NA	NA	NA	NA	NA	NA	NA	NA	NA	NA	NA	NA	NA	NA	NA	NA	NA	NA	NA	NA	NA	NA	NA	NA	NA	NA	NA	NA	NA	NA	NA	NA	NA	NA	NA	NA	NA	NA	NA	NA	NA	NA	NA	NA	NA	NA	NA	NA	NA	NA	NA	NA	NA	NA	NA	NA	NA	NA
450	NA	NA	NA	NA	NA	NA	NA	NA	NA	12	NA	NA	NA	NA	NA	NA	NA	NA	NA	NA	NA	NA	NA	NA	NA	NA	NA	NA	NA	29	NA	NA	NA	NA	NA	NA	NA	NA	NA	NA	NA	NA	NA	NA	NA	NA	NA	NA	NA	NA	NA	NA	NA	NA	NA	NA	NA	NA	NA	NA	NA	NA	NA	NA	NA	NA	NA	NA	NA	NA	NA	NA	NA	NA	NA	NA	NA	NA	NA	NA	NA	NA	NA	NA	NA	NA	NA	NA	NA	NA	NA	NA	NA	NA	NA	NA	NA	NA	NA	NA
455	NA	NA	NA	NA	NA	NA	NA	NA	NA	3	NA	NA	NA	NA	NA	NA	NA	NA	NA	NA	NA	NA	NA	NA	NA	NA	NA	NA	NA	19	NA	NA	NA	NA	NA	NA	NA	NA	NA	NA	NA	NA	NA	NA	NA	NA	NA	NA	NA	NA	NA	NA	NA	NA	NA	NA	NA	NA	NA	NA	NA	NA	NA	NA	NA	NA	NA	NA	NA	NA	NA	NA	NA	NA	NA	NA	NA	NA	NA	NA	NA	NA	NA	NA	NA	NA	NA	NA	NA	NA	NA	NA	NA	NA	NA	NA	NA	NA	NA	NA
460	NA	NA	NA	NA	NA	NA	NA	NA	NA	NA	NA	NA	NA	NA	NA	NA	NA	NA	NA	NA	NA	NA	NA	NA	NA	NA	NA	NA	NA	21	NA	NA	NA	NA	NA	NA	NA	NA	NA	NA	NA	NA	NA	NA	NA	NA	NA	NA	NA	NA	NA	NA	NA	NA	NA	NA	NA	NA	NA	NA	NA	NA	NA	NA	NA	NA	NA	NA	NA	NA	NA	NA	NA	NA	NA	NA	NA	NA	NA	NA	NA	NA	NA	NA	NA	NA	NA	NA	NA	NA	NA	NA	NA	NA	NA	NA	NA	NA	NA	NA
465	NA	NA	NA	NA	NA	NA	NA	NA	NA	NA	NA	NA	NA	NA	NA	NA	NA	NA	NA	NA	NA	NA	NA	NA	NA	NA	NA	NA	NA	6	NA	NA	NA	NA	NA	NA	NA	NA	NA	NA	NA	NA	NA	NA	NA	NA	NA	NA	NA	NA	NA	NA	NA	NA	NA	NA	NA	NA	NA	NA	NA	NA	NA	NA	NA	NA	NA	NA	NA	NA	NA	NA	NA	NA	NA	NA	NA	NA	NA	NA	NA	NA	NA	NA	NA	NA	NA	NA	NA	NA	NA	NA	NA	NA	NA	NA	NA	NA	NA	NA
