0	1	4	1	1	1	3	1	2	2	1	1	3	2	3	2	1	3	1	2	1	2	2	1	1	1	1	2	3	1	1	1	1	2	2	1	1	1	1	1	2	1	1	2	1	1	1	2	4	1	3	1	2	2	2	2	1	2	2	2	3	1	1	2	2	1	1	2	1	1	1	2	1	1	3	2	4	2	2	1	1	1	1	2	1	3	1	1	2	2	2	2	1	1	1	3	2	1	3	1	2
5	1	9	6	6	3	13	10	15	5	10	1	9	2	5	11	3	11	5	11	4	6	1	8	2	10	5	9	12	5	8	8	6	6	2	4	1	8	2	3	5	2	15	11	3	7	9	11	19	5	6	3	10	9	8	4	2	5	10	14	4	2	1	4	6	4	7	5	2	3	4	5	2	4	8	5	13	6	5	3	2	4	4	7	8	3	6	6	12	4	7	5	4	4	6	6	12	6	6	7	7
10	1	16	15	5	5	8	12	22	10	18	NA	21	7	5	18	6	18	21	23	4	5	3	6	6	17	8	18	10	13	13	16	8	16	1	15	NA	24	2	8	3	6	29	15	8	14	16	12	21	10	4	12	16	22	17	6	16	2	11	11	11	5	1	9	9	9	20	4	2	9	13	13	3	14	9	13	18	14	12	6	6	10	5	21	19	3	9	11	14	8	12	7	4	5	14	9	7	23	7	9	11
15	7	21	21	0	11	11	21	13	20	12	NA	20	13	9	22	13	22	17	27	4	8	9	9	10	29	12	25	29	11	24	15	10	17	12	26	NA	51	0	17	6	8	47	16	13	28	16	18	39	10	10	12	26	27	20	16	22	2	14	9	27	12	1	12	13	8	24	9	4	15	17	29	7	29	12	21	23	19	16	13	4	14	11	29	17	7	23	23	33	11	29	18	9	0	18	15	10	25	14	18	25
20	8	29	22	NA	16	20	21	31	27	9	NA	40	16	23	37	14	19	25	40	11	16	14	17	7	35	21	28	41	20	30	15	25	21	24	30	NA	50	NA	34	12	9	74	20	18	30	18	20	68	27	9	17	50	29	37	18	24	3	16	9	22	5	NA	22	23	12	32	8	8	19	39	36	7	33	18	39	10	33	23	19	3	19	7	30	29	2	27	27	30	8	29	19	10	NA	13	18	14	47	25	27	32
25	10	53	18	NA	29	24	32	49	33	12	NA	51	26	34	37	17	18	25	51	18	21	25	15	8	40	19	30	35	31	53	11	40	30	36	43	NA	42	NA	48	19	11	96	31	29	47	24	16	74	50	9	23	64	43	42	23	38	3	16	8	19	13	NA	30	19	25	49	18	10	25	51	53	17	46	32	52	9	30	37	21	4	31	10	38	32	9	41	39	66	7	38	25	13	NA	11	22	18	71	27	30	34
30	14	59	20	NA	40	44	35	75	21	13	NA	58	41	36	67	20	13	34	60	20	25	46	18	9	52	19	35	26	38	71	17	26	20	42	60	NA	35	NA	96	25	13	125	32	33	50	25	20	90	60	22	31	57	70	59	46	45	6	26	12	26	18	NA	55	25	36	64	27	12	47	76	68	30	71	51	69	20	38	40	40	6	40	7	49	34	18	54	55	79	6	52	16	32	NA	12	40	18	86	29	37	41
35	19	63	28	NA	53	50	50	89	26	23	NA	63	47	42	116	21	14	37	62	21	23	66	27	13	55	46	52	42	55	61	21	37	23	56	64	NA	45	NA	95	25	9	166	27	33	41	43	17	85	57	34	60	69	75	66	51	48	4	35	11	45	20	NA	61	42	55	91	28	19	62	113	111	43	71	74	73	32	31	49	48	3	36	15	63	48	18	72	56	121	5	53	22	35	NA	12	54	17	80	50	28	62
40	13	96	33	NA	73	69	63	114	40	24	NA	82	83	41	146	28	25	45	71	21	43	71	27	17	51	38	71	46	66	89	16	53	30	61	86	NA	45	NA	128	34	16	234	22	33	33	48	19	83	81	34	62	92	92	65	60	61	8	40	9	71	32	NA	85	65	78	99	21	39	67	157	109	66	79	97	94	48	40	67	53	6	69	22	84	71	21	87	73	137	9	98	29	38	NA	34	58	14	83	38	35	93
45	30	106	50	NA	96	80	70	148	53	40	NA	84	80	61	149	36	51	68	82	30	59	107	18	23	47	48	95	59	79	98	29	57	50	89	101	NA	56	NA	177	39	31	226	32	42	45	64	36	112	83	53	61	112	109	90	71	43	12	59	6	81	47	NA	109	82	103	123	30	50	74	183	144	65	117	132	107	69	51	80	77	10	91	36	97	114	26	93	89	161	10	105	31	46	NA	42	86	19	103	47	28	101
50	20	116	32	NA	74	111	77	192	68	38	NA	106	116	102	194	30	57	91	122	54	93	147	22	15	69	47	108	83	96	137	37	94	56	102	126	NA	53	NA	176	45	46	297	43	59	74	84	51	142	122	93	67	136	135	104	96	59	14	74	6	95	49	NA	108	105	132	143	41	80	95	238	158	57	149	164	129	72	60	90	84	15	108	53	124	121	26	97	94	180	11	135	38	57	NA	38	99	27	131	62	30	112
55	11	158	48	NA	106	131	74	229	88	48	NA	124	148	111	264	22	74	112	142	74	123	165	15	25	86	47	97	97	107	148	56	122	77	112	147	NA	57	NA	242	57	61	334	67	74	106	95	55	164	147	126	88	143	132	131	142	70	16	90	4	109	60	NA	155	127	150	163	46	99	132	302	201	60	203	183	147	88	72	118	107	21	130	56	128	149	23	121	107	185	16	155	45	77	NA	40	103	30	166	85	37	198
60	9	173	51	NA	118	146	103	244	114	54	NA	140	161	105	358	22	109	163	205	115	173	200	22	31	84	47	147	93	95	163	61	152	102	136	152	NA	60	NA	308	72	65	403	84	93	153	95	82	192	170	133	103	180	156	154	123	94	28	92	2	129	67	NA	225	165	146	199	60	125	155	386	258	87	209	218	213	91	81	129	136	22	138	79	188	133	35	120	122	234	28	218	80	92	NA	42	118	42	198	100	41	234
65	19	177	65	NA	157	186	164	289	133	89	NA	236	208	135	438	40	126	197	272	121	237	246	41	44	96	61	153	86	129	155	58	205	110	172	184	NA	88	NA	383	83	73	433	97	99	209	124	101	219	241	161	148	209	188	184	139	142	24	116	11	161	91	NA	250	197	191	244	73	146	166	438	342	91	217	315	230	124	105	150	162	18	161	99	210	152	69	142	169	303	38	259	103	117	NA	40	147	72	249	135	51	288
70	22	266	78	NA	183	231	165	358	178	99	NA	298	268	167	546	67	164	222	319	165	288	324	36	52	117	62	180	101	165	158	61	269	104	223	256	NA	112	NA	509	140	94	510	85	116	268	153	115	242	310	177	191	244	233	237	184	131	40	196	18	188	95	NA	350	219	225	270	60	215	230	546	383	118	280	382	276	180	108	189	179	44	181	128	270	167	90	186	202	330	42	328	107	148	NA	54	185	125	299	166	72	346
75	32	328	75	NA	208	262	208	446	232	141	NA	354	298	208	708	69	196	284	385	250	334	396	42	45	141	65	219	135	195	241	72	305	135	252	313	NA	156	NA	566	190	136	665	105	169	369	202	119	324	377	213	201	304	293	284	207	187	49	271	26	270	100	NA	397	284	309	330	91	226	291	693	500	156	303	479	305	252	158	234	195	54	223	172	412	192	100	252	246	428	32	388	150	198	NA	52	218	164	389	194	68	490
80	29	439	95	NA	225	377	249	472	308	158	NA	467	328	274	819	67	251	278	409	322	382	485	77	37	188	87	251	151	245	277	95	408	201	290	344	NA	186	NA	705	191	197	854	138	180	454	233	155	377	483	293	274	414	399	314	268	230	66	344	27	361	109	NA	464	338	389	404	102	293	334	871	621	199	384	555	357	318	229	262	250	66	320	194	509	202	125	275	326	490	58	507	213	207	NA	68	255	206	453	263	82	583
85	27	501	110	NA	278	481	306	562	364	180	NA	626	371	359	915	87	298	334	436	363	466	518	92	39	197	95	314	179	301	354	141	480	272	309	401	NA	205	NA	844	286	244	1164	161	204	516	282	185	475	589	407	346	479	457	317	312	279	74	401	37	442	130	NA	527	440	456	494	110	384	415	1027	803	282	502	718	414	381	271	301	319	84	406	230	666	213	133	299	398	618	66	642	243	259	NA	84	332	264	513	317	97	745
90	46	561	118	NA	314	591	464	683	492	239	NA	754	470	487	1040	130	355	452	542	454	656	638	101	55	249	94	369	181	334	465	199	532	365	380	452	NA	248	NA	1016	435	285	1386	197	287	707	375	240	578	726	508	431	571	588	388	364	386	82	555	43	550	168	NA	617	537	577	637	137	474	500	1303	989	326	600	894	488	501	268	343	362	100	501	262	713	220	145	375	523	723	72	756	294	344	NA	93	419	308	617	419	137	881
95	68	697	144	NA	413	778	564	901	567	290	NA	993	541	560	1276	160	424	526	760	508	835	748	131	58	303	127	426	233	434	511	243	612	451	405	587	NA	314	NA	1276	518	389	1589	215	394	873	437	313	715	891	602	506	725	738	478	374	473	107	688	43	747	201	NA	832	637	720	798	175	616	632	1482	1214	345	747	1019	625	607	293	365	397	128	613	316	813	247	209	436	635	882	77	902	420	469	NA	120	489	409	720	557	150	1047
100	87	819	153	NA	506	963	685	1100	676	338	NA	1267	667	623	1518	222	533	664	837	574	942	869	153	58	388	142	462	311	497	642	239	855	531	521	739	NA	332	NA	1661	685	497	1904	252	440	1000	532	370	838	967	750	598	915	936	574	453	618	132	784	52	892	273	NA	991	772	911	1018	203	714	782	1626	1423	374	929	1304	784	849	341	400	529	148	716	422	999	301	252	569	833	1009	102	1097	584	514	NA	163	592	510	910	682	187	1319
105	121	961	189	NA	572	1110	887	1340	797	456	NA	1455	754	797	1807	342	620	782	1005	739	1185	1102	158	61	490	168	584	383	609	839	278	1003	690	684	947	NA	419	NA	2053	887	560	2218	283	580	1160	676	494	1042	1111	868	690	1077	1069	683	553	760	137	1002	59	1060	353	NA	1248	943	1173	1274	239	859	1050	1935	1753	494	1136	1542	1026	1085	409	480	682	206	896	546	1256	338	293	675	1014	1281	124	1250	709	584	NA	205	737	670	1106	923	182	1692
110	176	1217	271	NA	775	1268	1128	1559	976	525	NA	1638	876	968	2101	403	760	989	1211	942	1465	1420	225	104	612	182	809	489	721	1096	345	1242	847	781	1110	NA	536	NA	2357	1001	676	2694	338	689	1473	818	644	1333	1349	1227	927	1359	1176	787	686	863	177	1212	92	1134	428	NA	1541	1135	1396	1558	401	1059	1290	2286	2104	592	1315	1881	1242	1276	511	613	973	250	1022	691	1492	429	316	841	1238	1607	166	1459	804	687	NA	267	866	831	1359	1146	202	1996
115	178	1469	313	NA	972	1519	1245	1840	1266	632	NA	2038	1159	1151	2553	459	955	1214	1477	1076	1784	1644	278	155	767	187	1076	644	819	1285	421	1426	1080	969	1454	NA	640	NA	2737	1186	933	3093	466	917	1808	1053	738	1568	1554	1423	1196	1598	1457	1022	795	1087	222	1446	123	1377	517	NA	1965	1342	1702	1843	480	1433	1541	2776	2516	763	1676	2244	1577	1553	636	731	1154	291	1245	865	1771	465	435	1037	1456	1892	188	1682	1016	804	NA	307	1158	972	1628	1400	274	2403
120	180	1646	377	NA	1200	1861	1548	2182	1443	789	NA	2525	1418	1457	3025	525	1130	1417	1938	1338	2134	2100	377	215	962	223	1291	760	1014	1504	472	1891	1317	1204	1738	NA	744	NA	3225	1458	1193	3520	530	1073	2113	1228	910	1939	1855	1819	1515	1926	1797	1173	994	1259	237	1693	179	1643	615	NA	2419	1609	1949	2199	683	1655	1862	3408	3138	858	2048	2652	1939	1822	779	900	1410	337	1582	1121	2079	525	537	1302	1799	2190	208	2065	1217	1013	NA	373	1367	1318	2065	1672	365	2878
125	240	2022	437	NA	1508	2320	1869	2517	1715	946	NA	3080	1700	1732	3627	600	1381	1714	2177	1603	2509	2423	482	311	1189	287	1550	938	1200	1713	559	2316	1605	1381	1983	NA	921	NA	3928	1780	1502	4132	562	1347	2596	1421	1021	2388	2290	2144	1794	2390	2217	1448	1125	1578	272	2081	227	1997	752	NA	2899	1892	2379	2467	778	1977	2291	3954	3603	932	2375	3139	2327	2155	918	1155	1716	406	1996	1359	2393	650	687	1621	2167	2638	274	2513	1406	1190	NA	484	1696	1546	2506	2014	459	3248
130	279	2487	510	NA	1791	2873	2228	3037	1978	1194	NA	3681	2024	2033	4198	787	1636	2041	2483	2009	3046	2898	547	441	1443	395	1870	1063	1475	2060	595	2725	2061	1694	2473	NA	1112	NA	4593	2122	1841	4943	676	1595	3275	1736	1259	2805	2833	2548	2252	2869	2725	1802	1352	1907	377	2350	239	2419	891	NA	3497	2293	2829	3111	909	2348	2730	4565	4344	1141	2833	3667	2669	2583	1046	1366	2118	474	2472	1590	2900	787	812	1954	2778	2971	289	2948	1747	1494	NA	554	2045	1866	2899	2526	542	3888
135	346	2995	645	NA	2108	3305	2657	3561	2275	1534	NA	4281	2487	2537	4908	1025	1948	2445	2812	2426	3664	3433	672	527	1760	448	2197	1277	1774	2459	797	3278	2310	2173	2994	NA	1350	NA	5384	2552	2318	5620	847	1910	3795	2235	1613	3474	3247	3004	2756	3558	3492	2329	1770	2246	523	2784	311	2873	1118	NA	4294	2584	3265	3833	1097	2663	3262	5437	5181	1412	3460	4404	3177	3164	1281	1572	2616	595	2932	1838	3360	919	965	2394	3254	3496	324	3467	2030	1829	NA	699	2529	2211	3522	2985	669	4589
140	402	3566	732	NA	2504	3921	3115	4230	2702	1931	NA	5024	3125	3044	5766	1193	2405	2997	3500	2949	4273	4073	873	685	2112	559	2632	1618	2249	2916	980	3871	2660	2617	3571	NA	1660	NA	6182	2905	2862	6476	1047	2433	4412	2614	1902	4043	3648	3469	3316	4165	3979	2694	2203	2762	638	3420	354	3557	1374	NA	5130	3125	3858	4637	1415	3138	3939	6335	5941	1701	4162	4930	3708	3555	1552	1876	3068	700	3461	2138	3993	1168	1117	2847	3980	3966	412	4124	2377	2136	NA	818	3052	2562	3979	3568	792	5618
145	509	4251	958	NA	2915	4545	3663	4911	3173	2368	NA	5914	3922	3403	6396	1447	2768	3737	4353	3475	5054	4859	1113	833	2565	683	3042	2002	2605	3479	1073	4636	3158	3148	4263	NA	1981	NA	6834	3409	3350	7278	1262	2977	5080	3074	2275	4871	4381	4165	4065	4778	4688	3234	2667	3384	738	3957	389	4068	1608	NA	6032	3761	4390	5312	1603	3521	4506	7140	6653	1969	4820	5760	4238	4181	1966	2206	3600	852	4101	2557	4926	1362	1374	3300	4754	4675	549	4691	2873	2484	NA	974	3489	3076	4580	4334	911	6416
150	600	4870	1141	NA	3489	5088	4264	5582	3740	2929	NA	6825	4641	3798	6994	1767	3347	4188	5330	4241	5959	5469	1381	1017	3036	787	3510	2468	3015	4102	1201	5333	3737	3597	4810	NA	2464	NA	7552	3990	3836	8168	1510	3627	5750	3602	2675	5762	5152	4725	4720	5538	5498	3713	3152	3837	858	4620	431	4648	1850	NA	6915	4309	5215	6161	1951	4074	5202	8149	7525	2363	5690	6411	5010	4867	2431	2660	4111	1090	4774	2915	5745	1651	1719	3912	5371	5415	661	5665	3463	3154	NA	1162	4142	3501	5318	4917	1103	7294
155	728	5673	1421	NA	4246	5781	4975	6349	4206	3299	NA	7758	5276	4430	7664	2106	3835	4758	6237	4802	6819	6223	1651	1203	3583	869	4014	2926	3530	4791	1429	5939	4337	4297	5422	NA	3124	NA	8307	4980	4423	9042	1884	4290	6625	4119	3152	6643	5951	5488	5729	6326	6270	4367	3702	4341	1048	5385	501	5199	2250	NA	7864	5025	5929	6893	2328	4972	6162	8764	8297	2847	6469	7155	6052	5699	2762	3180	5066	1408	5432	3423	6728	1959	2045	4641	6184	6167	793	6164	4021	3807	NA	1467	4522	4291	5909	5669	1364	8071
160	933	6668	1852	NA	4961	6668	5924	7017	4648	3920	NA	8508	6187	5174	8141	2441	4655	5500	7124	5555	7658	7063	2119	1510	4204	1040	4649	3428	4157	5511	1752	6706	5016	4982	6098	NA	3586	NA	8901	5687	5354	9423	2232	5014	7323	4623	3891	7690	6869	6177	6557	6975	7112	5102	4261	5113	1328	6207	682	5977	2810	NA	8692	5784	6806	7434	2724	5786	6769	9343	9060	3252	7223	7781	7090	6249	3314	3778	5599	1730	6434	4076	7402	2407	2486	5522	6816	6909	1004	6905	4901	4484	NA	1773	5366	5147	6791	6570	1578	8876
165	1121	7392	2247	NA	5688	7557	6605	7698	5505	4563	NA	9242	6922	6132	8926	2724	5455	6310	7737	6547	8038	7840	2531	1842	4770	1260	5448	4228	4803	6343	2025	7411	5917	5981	6925	NA	4091	NA	9354	6409	6123	9594	2455	5819	7905	5422	4673	8298	7529	6750	7614	8034	8016	5765	4932	5669	1650	6788	783	6708	3179	NA	9071	6415	7395	8028	3312	6287	7873	9739	9655	3760	7925	8365	8057	7366	3880	4612	6367	2147	7297	4759	7864	2775	2873	6308	7735	7447	1151	7590	5814	5199	NA	2072	6208	6075	7551	7309	1853	9418
170	1349	8171	2758	NA	6315	8206	7235	8313	6245	5436	NA	9795	7978	6830	9598	3183	6185	7002	8348	7443	8696	8624	3175	2319	5506	1580	5954	4932	5605	7150	2398	8087	6663	6951	7817	NA	4758	NA	9369	7458	7031	9421	2910	6604	8430	6094	5526	8971	8085	7212	8319	8752	8856	6456	5713	6520	1958	7411	934	7185	3866	NA	9763	7407	8132	8852	3884	6814	8391	9714	9681	4443	8819	8734	8774	8066	4516	5258	7186	2589	7923	5442	8577	3219	3332	6937	8455	8284	1315	8222	6716	6140	NA	2363	7210	6827	8103	8222	2219	9698
175	1639	9060	3163	NA	7212	8716	8029	8888	7182	6165	NA	9887	8725	7379	9638	3776	6994	7522	9001	8351	9314	9210	3804	2907	6587	1792	6703	5476	6165	7791	2856	8680	7603	8259	8352	NA	5537	NA	9287	8278	7901	9351	3588	7393	9074	6652	6252	9415	8793	7972	9165	9322	9568	7206	6330	7262	2371	8108	1115	7868	4592	NA	10002	7901	8464	9341	4601	7327	8980	9726	9617	5260	9478	8792	9417	8892	5334	6006	7782	3073	8549	6165	9182	3553	3821	7666	8946	8873	1604	8575	7423	6952	NA	2787	8025	7615	8616	8800	2673	9708
180	1876	9513	3608	NA	8050	9004	8775	9578	7897	6954	NA	9651	9369	7910	9505	4644	7962	8285	9454	9107	9632	9412	4406	3552	7281	2090	7429	6304	6714	8359	3262	8925	8465	8676	8801	NA	6271	NA	9241	9020	8671	8921	4187	8271	9473	7517	7020	9375	9326	8677	9843	9718	9899	7903	7106	7658	2696	8596	1346	8410	5595	NA	10197	8582	8991	9577	5158	8025	9296	9404	9358	5970	9446	9062	10267	9131	6066	6766	8504	3384	8976	7216	9471	4221	4449	8375	9064	9347	1960	8644	8130	7848	NA	3338	8635	8396	9150	9459	3164	9794
185	2252	9760	4335	NA	8764	9204	9015	9500	8561	7761	NA	9191	9847	8284	8913	5222	8436	8807	9903	9741	9538	9208	4968	4332	7980	2446	8119	7027	7531	8904	3885	9368	9226	9350	9018	NA	7186	NA	8469	9667	9386	8228	4993	8658	9212	8287	8112	9377	9355	9249	10286	9638	9989	8356	8057	8225	3024	8974	1737	8768	6347	NA	9951	9048	9034	9570	5856	8838	9482	8421	8795	6705	9532	9183	10376	9199	6811	7537	9189	3904	9110	8053	9572	5058	4988	8927	9105	9794	2418	8931	8764	8600	NA	3918	8988	9250	9105	9823	3661	9136
190	2671	9772	5076	NA	9299	9239	9310	9462	9189	8566	NA	8643	10239	8715	8154	6339	9066	9247	9801	9918	9292	9081	5750	5202	8760	3086	8849	7558	8201	9294	4448	9453	9405	9863	9007	NA	7861	NA	7776	9908	9826	7148	5826	9120	8916	8919	9011	8997	9349	9348	10487	9322	9800	8796	8528	8817	3627	9076	2121	9001	7135	NA	9386	9231	9119	9367	6740	9196	9326	7374	8185	7630	9312	8818	10206	9464	7634	8424	9631	4486	9052	8663	9284	5642	5732	9220	9054	9561	2927	8788	9302	9194	NA	4528	9478	9762	8847	9720	4316	8252
195	3108	9253	5851	NA	9564	8925	9473	8875	9481	8840	NA	7931	10034	9049	7403	6935	9416	9616	9433	9865	8835	8775	6568	6001	9058	3527	9360	8173	8864	9104	5154	9123	9730	9996	9049	NA	8522	NA	6852	9734	10192	6036	6595	9208	8556	9299	9502	8528	9173	9209	10179	8683	9422	9119	8909	9127	4186	8925	2479	9071	7935	NA	8491	9409	8713	8675	7302	9458	9115	6312	7086	8122	9092	7938	9713	9415	8330	8968	9654	5078	9054	9105	8681	6092	6422	9525	9002	8867	3379	8484	9970	9667	NA	5208	9536	9992	8568	9301	4978	7399
200	3689	8733	6723	NA	9660	8498	9145	8297	9011	9372	NA	6998	9452	9041	6455	7796	9314	9205	8548	9592	8252	8457	7452	6952	9577	4219	9602	8874	9276	9144	5989	8838	9659	9981	8907	NA	8983	NA	5848	9449	9903	4918	7328	9337	7801	9219	9805	7960	8615	9052	9817	8034	8797	9495	9404	9228	4930	8592	2920	8884	8366	NA	7152	9147	8193	7769	8355	9041	8471	5219	5975	8601	8600	7084	8846	8906	8997	9337	9554	5725	8722	9427	8045	7077	7217	9303	8417	8117	3941	8216	10112	9726	NA	5943	9108	10072	8433	8753	5773	6093
205	4358	7941	7513	NA	9386	7866	8565	7242	9012	9638	NA	5917	8744	8701	5233	8565	9272	8792	7638	8871	7405	7668	8307	7649	9899	4868	9619	9227	9550	8696	6833	7991	9358	9731	8374	NA	9313	NA	4756	8929	9282	3764	8005	9279	6895	9227	10140	7299	7990	8590	9046	7416	7801	9404	9950	9129	5669	7962	3646	8553	8992	NA	5669	8672	7468	6749	9080	8562	7704	4214	4813	9104	7541	6148	7756	8055	9485	9640	9067	6570	8369	9410	7193	7854	8151	8751	7749	7090	4713	7384	9817	9709	NA	6683	8695	9838	7592	8120	6572	5035
210	4932	6828	8186	NA	8821	6963	7962	6197	8571	9650	NA	4957	8057	8066	4087	9200	8976	8204	6447	7921	6106	6768	8928	8303	9741	5589	9102	9155	9386	8112	7598	6795	8851	9003	7684	NA	9280	NA	3895	8009	8640	2833	8723	8717	6148	9005	9710	6385	7101	7728	7615	6415	6599	8958	9666	8752	6452	7329	4302	7909	9411	NA	4613	7955	6726	5783	9534	7952	6792	3473	3953	9657	6618	5425	6497	7124	9845	9197	8297	7291	7693	9452	6234	8484	8666	8362	6755	5923	5418	6549	9226	9232	NA	7540	7934	8941	6676	7078	7294	3985
215	5490	5700	8706	NA	8089	6122	7095	5087	7806	9108	NA	3991	7179	7192	3215	9539	8487	7445	5608	6907	4747	5471	9403	9117	9135	6276	8449	8881	8851	7157	8237	5907	8078	7986	6744	NA	9140	NA	2963	7041	7920	2260	9202	8332	5182	8012	9107	5281	5952	6440	6445	5338	5435	8098	8832	7783	7093	6514	4836	6831	9605	NA	3779	7234	5821	4771	9641	7050	5891	2744	3219	9754	5483	4374	5431	6152	9841	9002	7206	7972	6746	8967	5317	9103	9080	7270	5969	4974	6303	5700	8357	8814	NA	8129	7001	8133	5513	6143	8095	3214
220	6335	4707	9164	NA	6969	5039	6079	4221	7101	8475	NA	3141	5947	6355	2413	9425	7584	6328	4652	5858	3666	4503	9747	9433	8343	7118	7475	8668	8185	6426	8842	4844	7007	6826	5708	NA	8774	NA	2150	6029	6986	1784	9629	7474	4270	7156	8366	4496	4875	5458	5183	4399	4298	7210	8170	6867	7882	5801	5335	5859	9646	NA	2806	6199	4758	3741	9298	6368	4873	2025	2493	9086	4354	3444	4290	5410	9518	8389	6253	8590	5674	8106	4114	9372	9563	6315	4985	4078	7361	4749	7368	7978	NA	8769	6325	7092	4525	5062	8782	2543
225	6979	3752	9294	NA	6270	3900	5303	3372	6073	7738	NA	2373	4787	5555	1768	9327	6717	5369	3826	4942	2903	3582	9757	9947	7426	7968	6531	8374	7309	5504	9451	4104	5957	5779	4652	NA	8276	NA	1537	4996	5847	1455	9559	6529	3594	6264	7536	3395	3761	4547	3944	3459	3309	6166	7325	5827	8203	4774	6175	4911	9280	NA	2064	5213	4031	2854	9068	5571	3884	1456	1858	8379	3215	2703	3216	4331	8713	7769	5422	8867	4735	7124	2987	9551	9530	5250	3954	3470	8151	3876	6130	6910	NA	8978	5491	6002	3671	4046	9365	1994
230	7969	2905	9340	NA	5382	3057	4274	2561	4984	6698	NA	1645	3620	4894	1338	9036	5761	4438	2914	4038	2275	2618	9552	9906	6178	8576	5403	7696	6239	4595	9610	3190	4906	4680	3806	NA	7465	NA	1114	3940	4730	1004	8953	5378	2718	5406	6412	2708	2861	3675	2969	2734	2505	5100	6298	5064	8782	3992	6857	3860	8476	NA	1473	4135	3222	2154	8572	4600	2887	993	1315	7410	2263	2122	2329	3346	7870	6914	4439	9289	3605	6315	2372	9125	9488	4503	2955	2790	8802	3060	4992	5884	NA	9239	4493	4805	2973	3100	9613	1546
235	8586	2312	9159	NA	4351	2295	3454	1852	3973	5822	NA	1137	2659	4001	935	8397	4533	3640	2074	3052	1706	1851	8970	9770	5031	8914	4399	6984	5337	3571	9538	2358	3854	3564	3056	NA	6555	NA	832	3044	3689	656	8545	4316	2146	4511	5212	2078	2028	2993	2063	2098	1771	4014	5219	4228	9153	3323	7898	2926	7802	NA	1132	3255	2529	1703	7831	3679	2259	676	945	6685	1636	1469	1645	2480	6719	6026	3215	9294	2755	5257	1797	8563	8698	3897	2275	2228	9161	2208	4039	4748	NA	9036	3450	3601	2314	2517	9573	1160
240	8984	1784	8395	NA	3392	1657	2662	1333	3057	4689	NA	859	1808	3377	619	7648	3719	2926	1518	2346	1311	1284	8009	9448	3912	9153	3409	5857	4265	2879	9124	1824	2890	2748	2282	NA	5346	NA	637	2333	2828	411	7836	3402	1665	3789	4285	1591	1517	2146	1499	1573	1234	3141	4096	3368	9251	2645	8632	2256	6810	NA	832	2386	1999	1162	6925	2948	1781	404	569	5747	1217	1064	1179	1824	5423	4964	2353	9111	2110	4292	1297	7919	7642	3085	1808	1698	9502	1641	3236	3646	NA	8762	2719	2759	1834	2011	9139	879
245	9261	1413	7725	NA	2645	1267	1992	940	2405	3771	NA	599	1202	2628	470	6643	2866	2229	1108	1800	943	954	7114	8165	2964	9383	2583	4701	3399	2182	8531	1290	2125	2078	1631	NA	4327	NA	424	1714	2198	305	7022	2523	1322	2990	3282	1111	1139	1586	1089	1164	854	2367	3217	2557	8895	2091	9158	1741	5620	NA	565	1834	1502	827	5673	2115	1252	250	377	4843	870	731	793	1293	4426	3954	1793	8477	1549	3372	1061	7107	6891	2365	1396	1319	9687	1303	2258	2846	NA	8368	2149	1989	1370	1450	8610	640
250	9468	1141	7125	NA	2028	950	1483	650	1893	2859	NA	376	818	2022	329	5426	2048	1622	808	1365	745	704	5957	7260	2263	9190	1918	3764	2627	1671	7797	886	1510	1547	1136	NA	3342	NA	274	1381	1633	211	6154	1928	908	2398	2509	830	775	1212	725	742	607	1830	2428	1937	8351	1603	9508	1348	4447	NA	429	1357	1127	588	4636	1564	932	203	256	3922	601	517	546	893	3343	2990	1270	7869	1078	2503	793	6030	5797	1775	1031	1043	9704	979	1614	2161	NA	7469	1655	1370	1104	1014	7603	491
255	9032	840	6173	NA	1380	629	963	427	1514	2073	NA	297	615	1530	284	4445	1470	1155	598	1055	559	488	5100	6263	1623	8745	1457	2904	1991	1169	6432	640	1134	1010	809	NA	2674	NA	196	1005	1162	219	4844	1344	583	1759	1891	605	520	853	508	547	409	1402	1635	1514	7707	1247	9553	1055	3464	NA	290	1004	843	455	3765	1039	698	128	182	3015	460	296	434	630	2581	2180	968	6862	755	1884	616	5035	4887	1363	712	736	9118	721	1074	1456	NA	6615	1233	1001	840	795	6596	333
260	8411	655	5339	NA	1017	472	591	307	1224	1546	NA	237	439	1050	210	3470	982	840	435	780	392	324	4101	4914	1181	8142	1135	2145	1511	772	5346	443	824	585	522	NA	2077	NA	155	641	800	150	3936	925	365	1260	1374	391	354	578	287	428	268	958	1108	1093	7021	935	9140	702	2517	NA	213	647	545	337	2953	677	492	88	143	2277	340	208	294	451	2052	1538	745	5992	569	1417	454	3945	3834	1039	513	530	8164	487	750	1114	NA	5828	982	672	596	579	5749	243
265	7887	451	4224	NA	673	334	402	263	973	1053	NA	171	299	759	168	2700	700	607	307	576	303	218	3079	3875	941	7513	766	1569	1057	481	4240	325	655	388	367	NA	1511	NA	80	454	623	84	3151	672	251	966	993	254	255	405	164	356	188	756	737	878	6231	636	8808	486	1958	NA	144	408	359	238	2208	471	356	45	101	1639	194	119	199	362	1409	985	529	5095	470	1033	313	3108	2868	726	345	392	7128	313	558	859	NA	4817	693	451	350	432	4904	172
270	7150	326	3253	NA	458	291	303	197	643	781	NA	123	216	613	127	2092	448	388	213	416	237	159	2295	3014	639	6387	545	1084	794	350	3230	208	442	247	262	NA	1105	NA	52	297	430	59	2376	537	162	702	713	183	187	263	102	242	133	520	486	635	5048	451	8399	351	1412	NA	104	267	205	173	1675	324	261	35	66	1177	106	54	142	280	1062	741	344	4076	330	792	243	2298	2184	474	263	264	6303	249	354	552	NA	3877	466	317	238	310	3902	103
275	6220	215	2475	NA	306	226	227	129	449	617	NA	89	132	431	73	1573	298	273	141	289	156	126	1781	2277	479	5239	438	788	647	230	2469	144	249	125	189	NA	760	NA	40	239	257	36	1734	402	92	458	517	88	151	218	71	157	122	363	290	435	4226	324	7490	235	919	NA	70	192	156	122	1146	235	216	18	39	804	63	38	71	193	830	518	245	3073	192	531	188	1680	1641	356	191	177	5377	227	248	314	NA	3126	340	223	200	193	2986	57
280	5223	165	1854	NA	214	151	173	63	314	485	NA	43	91	287	48	1186	178	211	90	222	132	89	1278	1712	350	4178	338	515	524	134	1818	97	159	92	140	NA	490	NA	26	179	156	14	1307	332	66	265	390	65	102	172	56	126	81	266	191	290	3563	231	6520	137	645	NA	62	131	93	89	774	171	110	26	46	571	48	31	73	114	569	402	173	2277	103	375	119	1225	1183	296	150	129	4280	153	152	188	NA	2321	270	190	147	129	2341	46
285	4274	120	1425	NA	138	113	123	49	222	328	NA	24	61	195	43	771	126	156	64	171	115	54	1013	1204	310	3353	224	314	387	47	1364	50	115	73	79	NA	368	NA	17	137	109	17	993	294	37	168	292	43	85	121	32	91	53	203	109	200	2811	164	5167	93	453	NA	53	84	66	84	464	98	76	35	26	390	44	29	48	68	405	307	145	1692	82	261	79	858	817	179	113	83	3483	118	95	103	NA	1773	208	118	108	97	1806	25
290	3433	78	1082	NA	127	83	98	28	146	207	NA	15	46	162	34	509	110	124	45	130	96	46	734	796	234	2497	144	203	254	13	1070	40	74	43	53	NA	254	NA	14	79	75	8	695	206	21	94	192	27	81	84	27	58	36	108	90	156	2204	123	4178	72	320	NA	42	46	35	71	320	77	61	19	14	255	23	12	46	48	294	235	95	1201	73	199	89	600	547	139	70	44	2620	66	53	78	NA	1242	152	89	64	81	1443	27
295	2639	39	755	NA	72	48	71	17	107	123	NA	12	33	128	18	339	84	108	41	99	87	58	466	547	185	2014	115	120	172	3	830	45	49	22	36	NA	171	NA	2	42	60	4	520	143	23	82	155	17	43	67	14	42	33	59	70	96	1758	72	3314	45	215	NA	32	44	12	58	222	56	30	13	6	202	15	8	36	44	180	188	82	908	60	129	70	414	424	104	44	20	1984	34	36	36	NA	838	147	61	54	55	1046	13
300	1898	24	431	NA	61	29	39	15	87	92	NA	5	15	83	21	217	53	62	27	87	75	40	337	384	134	1431	76	99	128	NA	578	31	31	21	33	NA	104	NA	1	14	38	1	360	98	18	52	102	10	19	55	10	27	25	32	46	51	1224	52	2356	32	176	NA	16	34	9	52	163	39	22	9	1	137	10	7	41	45	110	132	69	634	30	100	64	328	286	70	28	12	1334	22	32	15	NA	593	99	26	37	22	736	2
305	1231	13	288	NA	52	11	23	14	50	58	NA	6	12	51	16	181	40	46	21	73	56	24	229	327	79	952	41	73	109	NA	418	31	23	14	26	NA	67	NA	NA	10	19	NA	260	55	11	34	61	6	17	49	1	15	23	23	40	28	950	39	1776	19	118	NA	13	41	2	35	103	34	13	9	2	84	1	4	38	17	96	103	49	419	24	69	41	275	191	56	25	5	951	20	20	22	NA	424	65	12	29	13	540	0
310	931	0	147	NA	42	5	18	16	34	47	NA	7	6	44	18	129	35	35	13	50	53	23	171	242	49	613	30	32	75	NA	341	20	16	4	20	NA	48	NA	NA	9	14	NA	208	46	7	21	39	4	10	44	NA	16	14	8	30	22	731	22	1312	17	59	NA	17	34	1	28	72	17	9	9	3	61	NA	7	37	5	85	51	46	299	17	59	28	214	132	24	31	5	610	16	13	19	NA	287	50	4	42	14	369	NA
315	709	NA	77	NA	28	6	8	22	15	42	NA	6	5	30	15	93	41	21	11	57	31	13	99	183	39	391	23	19	53	NA	245	31	12	NA	12	NA	47	NA	NA	2	10	NA	125	31	3	9	38	3	6	25	NA	11	5	1	22	16	509	13	891	10	48	NA	14	17	NA	21	48	4	7	1	4	24	NA	8	40	1	54	33	44	187	21	35	29	157	106	13	19	4	423	11	14	9	NA	251	29	1	27	15	259	NA
320	449	NA	69	NA	32	4	12	26	10	23	NA	4	3	18	16	49	23	9	7	25	37	9	88	126	33	287	13	11	41	NA	180	22	15	NA	12	NA	16	NA	NA	1	9	NA	68	22	2	3	28	2	2	21	NA	6	1	NA	15	4	347	3	663	7	33	NA	10	8	NA	17	48	8	2	NA	1	18	NA	1	22	NA	47	27	28	113	14	22	9	116	79	4	16	1	280	3	10	3	NA	188	12	NA	19	3	205	NA
325	343	NA	52	NA	32	5	10	12	4	15	NA	5	2	15	11	27	14	7	6	10	28	11	42	98	17	183	5	2	19	NA	104	9	14	NA	4	NA	3	NA	NA	NA	7	NA	58	14	1	1	24	NA	NA	28	NA	1	1	NA	6	0	252	0	553	10	18	NA	10	8	NA	14	21	3	NA	NA	NA	7	NA	1	17	NA	58	24	15	81	8	20	12	76	33	0	10	NA	172	6	14	2	NA	169	5	NA	5	1	149	NA
330	242	NA	20	NA	28	3	1	8	NA	22	NA	1	NA	9	8	22	6	5	2	6	19	11	30	69	13	135	4	NA	10	NA	51	10	20	NA	NA	NA	1	NA	NA	NA	1	NA	32	2	1	3	35	NA	NA	25	NA	NA	NA	NA	5	NA	177	NA	444	9	12	NA	11	3	NA	3	19	1	NA	NA	NA	2	NA	NA	14	NA	48	22	3	47	5	16	11	34	29	NA	9	NA	123	NA	12	1	NA	121	4	NA	2	NA	104	NA
335	160	NA	12	NA	33	NA	NA	9	NA	13	NA	NA	NA	8	6	10	3	6	3	7	18	6	23	33	8	79	4	NA	4	NA	27	5	4	NA	NA	NA	1	NA	NA	NA	NA	NA	37	2	NA	2	16	NA	NA	34	NA	NA	NA	NA	NA	NA	138	NA	257	18	12	NA	12	0	NA	NA	15	NA	NA	NA	NA	2	NA	NA	5	NA	38	16	2	31	3	5	10	22	16	NA	12	NA	98	NA	3	1	NA	74	5	NA	0	NA	76	NA
340	129	NA	7	NA	27	NA	NA	12	NA	6	NA	NA	NA	3	2	4	1	6	4	5	17	3	17	17	1	52	3	NA	2	NA	36	7	3	NA	NA	NA	NA	NA	NA	NA	NA	NA	28	1	NA	NA	11	NA	NA	27	NA	NA	NA	NA	NA	NA	95	NA	199	13	3	NA	2	NA	NA	NA	8	NA	NA	NA	NA	NA	NA	NA	1	NA	19	12	NA	19	4	2	6	11	9	NA	6	NA	72	NA	1	NA	NA	47	5	NA	NA	NA	55	NA
345	131	NA	6	NA	8	NA	NA	15	NA	3	NA	NA	NA	NA	NA	2	NA	6	6	3	20	2	6	13	1	27	NA	NA	NA	NA	15	6	1	NA	NA	NA	NA	NA	NA	NA	NA	NA	14	NA	NA	NA	7	NA	NA	23	NA	NA	NA	NA	NA	NA	34	NA	131	14	2	NA	1	NA	NA	NA	10	NA	NA	NA	NA	NA	NA	NA	NA	NA	20	6	NA	4	1	4	NA	7	6	NA	6	NA	37	NA	NA	NA	NA	28	0	NA	NA	NA	29	NA
350	90	NA	6	NA	0	NA	NA	9	NA	4	NA	NA	NA	NA	NA	1	NA	6	3	0	17	2	0	7	NA	9	NA	NA	NA	NA	11	2	NA	NA	NA	NA	NA	NA	NA	NA	NA	NA	6	NA	NA	NA	3	NA	NA	17	NA	NA	NA	NA	NA	NA	23	NA	84	6	1	NA	NA	NA	NA	NA	11	NA	NA	NA	NA	NA	NA	NA	NA	NA	29	3	NA	13	NA	4	NA	12	10	NA	NA	NA	18	NA	NA	NA	NA	33	NA	NA	NA	NA	22	NA
355	87	NA	2	NA	NA	NA	NA	7	NA	NA	NA	NA	NA	NA	NA	NA	NA	5	0	NA	15	1	NA	0	NA	7	NA	NA	NA	NA	5	NA	NA	NA	NA	NA	NA	NA	NA	NA	NA	NA	7	NA	NA	NA	4	NA	NA	17	NA	NA	NA	NA	NA	NA	19	NA	52	2	NA	NA	NA	NA	NA	NA	5	NA	NA	NA	NA	NA	NA	NA	NA	NA	19	NA	NA	8	NA	5	NA	5	12	NA	NA	NA	16	NA	NA	NA	NA	27	NA	NA	NA	NA	17	NA
360	60	NA	NA	NA	NA	NA	NA	9	NA	NA	NA	NA	NA	NA	NA	NA	NA	6	NA	NA	12	NA	NA	NA	NA	6	NA	NA	NA	NA	2	NA	NA	NA	NA	NA	NA	NA	NA	NA	NA	NA	7	NA	NA	NA	3	NA	NA	7	NA	NA	NA	NA	NA	NA	9	NA	33	NA	NA	NA	NA	NA	NA	NA	1	NA	NA	NA	NA	NA	NA	NA	NA	NA	15	NA	NA	1	NA	5	NA	3	3	NA	NA	NA	13	NA	NA	NA	NA	39	NA	NA	NA	NA	2	NA
365	48	NA	NA	NA	NA	NA	NA	11	NA	NA	NA	NA	NA	NA	NA	NA	NA	15	NA	NA	8	NA	NA	NA	NA	5	NA	NA	NA	NA	3	NA	NA	NA	NA	NA	NA	NA	NA	NA	NA	NA	6	NA	NA	NA	2	NA	NA	7	NA	NA	NA	NA	NA	NA	5	NA	21	NA	NA	NA	NA	NA	NA	NA	NA	NA	NA	NA	NA	NA	NA	NA	NA	NA	18	NA	NA	NA	NA	4	NA	3	NA	NA	NA	NA	12	NA	NA	NA	NA	27	NA	NA	NA	NA	NA	NA
370	36	NA	NA	NA	NA	NA	NA	6	NA	NA	NA	NA	NA	NA	NA	NA	NA	16	NA	NA	9	NA	NA	NA	NA	6	NA	NA	NA	NA	5	NA	NA	NA	NA	NA	NA	NA	NA	NA	NA	NA	3	NA	NA	NA	NA	NA	NA	6	NA	NA	NA	NA	NA	NA	1	NA	15	NA	NA	NA	NA	NA	NA	NA	NA	NA	NA	NA	NA	NA	NA	NA	NA	NA	8	NA	NA	NA	NA	1	NA	NA	NA	NA	NA	NA	11	NA	NA	NA	NA	17	NA	NA	NA	NA	NA	NA
375	24	NA	NA	NA	NA	NA	NA	3	NA	NA	NA	NA	NA	NA	NA	NA	NA	12	NA	NA	10	NA	NA	NA	NA	5	NA	NA	NA	NA	0	NA	NA	NA	NA	NA	NA	NA	NA	NA	NA	NA	5	NA	NA	NA	NA	NA	NA	3	NA	NA	NA	NA	NA	NA	NA	NA	31	NA	NA	NA	NA	NA	NA	NA	NA	NA	NA	NA	NA	NA	NA	NA	NA	NA	8	NA	NA	NA	NA	3	NA	NA	NA	NA	NA	NA	9	NA	NA	NA	NA	10	NA	NA	NA	NA	NA	NA
380	17	NA	NA	NA	NA	NA	NA	NA	NA	NA	NA	NA	NA	NA	NA	NA	NA	13	NA	NA	3	NA	NA	NA	NA	2	NA	NA	NA	NA	NA	NA	NA	NA	NA	NA	NA	NA	NA	NA	NA	NA	9	NA	NA	NA	NA	NA	NA	NA	NA	NA	NA	NA	NA	NA	NA	NA	23	NA	NA	NA	NA	NA	NA	NA	NA	NA	NA	NA	NA	NA	NA	NA	NA	NA	6	NA	NA	NA	NA	1	NA	NA	NA	NA	NA	NA	11	NA	NA	NA	NA	6	NA	NA	NA	NA	NA	NA
385	10	NA	NA	NA	NA	NA	NA	NA	NA	NA	NA	NA	NA	NA	NA	NA	NA	10	NA	NA	3	NA	NA	NA	NA	1	NA	NA	NA	NA	NA	NA	NA	NA	NA	NA	NA	NA	NA	NA	NA	NA	2	NA	NA	NA	NA	NA	NA	NA	NA	NA	NA	NA	NA	NA	NA	NA	25	NA	NA	NA	NA	NA	NA	NA	NA	NA	NA	NA	NA	NA	NA	NA	NA	NA	2	NA	NA	NA	NA	4	NA	NA	NA	NA	NA	NA	8	NA	NA	NA	NA	7	NA	NA	NA	NA	NA	NA
390	7	NA	NA	NA	NA	NA	NA	NA	NA	NA	NA	NA	NA	NA	NA	NA	NA	11	NA	NA	NA	NA	NA	NA	NA	NA	NA	NA	NA	NA	NA	NA	NA	NA	NA	NA	NA	NA	NA	NA	NA	NA	1	NA	NA	NA	NA	NA	NA	NA	NA	NA	NA	NA	NA	NA	NA	NA	16	NA	NA	NA	NA	NA	NA	NA	NA	NA	NA	NA	NA	NA	NA	NA	NA	NA	4	NA	NA	NA	NA	3	NA	NA	NA	NA	NA	NA	11	NA	NA	NA	NA	15	NA	NA	NA	NA	NA	NA
395	1	NA	NA	NA	NA	NA	NA	NA	NA	NA	NA	NA	NA	NA	NA	NA	NA	4	NA	NA	NA	NA	NA	NA	NA	NA	NA	NA	NA	NA	NA	NA	NA	NA	NA	NA	NA	NA	NA	NA	NA	NA	NA	NA	NA	NA	NA	NA	NA	NA	NA	NA	NA	NA	NA	NA	NA	NA	2	NA	NA	NA	NA	NA	NA	NA	NA	NA	NA	NA	NA	NA	NA	NA	NA	NA	1	NA	NA	NA	NA	1	NA	NA	NA	NA	NA	NA	17	NA	NA	NA	NA	9	NA	NA	NA	NA	NA	NA
400	NA	NA	NA	NA	NA	NA	NA	NA	NA	NA	NA	NA	NA	NA	NA	NA	NA	NA	NA	NA	NA	NA	NA	NA	NA	NA	NA	NA	NA	NA	NA	NA	NA	NA	NA	NA	NA	NA	NA	NA	NA	NA	NA	NA	NA	NA	NA	NA	NA	NA	NA	NA	NA	NA	NA	NA	NA	NA	1	NA	NA	NA	NA	NA	NA	NA	NA	NA	NA	NA	NA	NA	NA	NA	NA	NA	3	NA	NA	NA	NA	2	NA	NA	NA	NA	NA	NA	10	NA	NA	NA	NA	2	NA	NA	NA	NA	NA	NA
405	NA	NA	NA	NA	NA	NA	NA	NA	NA	NA	NA	NA	NA	NA	NA	NA	NA	NA	NA	NA	NA	NA	NA	NA	NA	NA	NA	NA	NA	NA	NA	NA	NA	NA	NA	NA	NA	NA	NA	NA	NA	NA	NA	NA	NA	NA	NA	NA	NA	NA	NA	NA	NA	NA	NA	NA	NA	NA	NA	NA	NA	NA	NA	NA	NA	NA	NA	NA	NA	NA	NA	NA	NA	NA	NA	NA	1	NA	NA	NA	NA	2	NA	NA	NA	NA	NA	NA	3	NA	NA	NA	NA	NA	NA	NA	NA	NA	NA	NA
