2.05555555555556	0.585314097380708
2.16875	0.954021095154609
1.9	0.942809041582063
2.51904761904762	1.22901892920519
NA	NA
2.49015151515152	2.01418295247077
1.99188034188034	1.18940921472759
2.39166666666667	1.06066017177982
1	0.707106781186548
1.58333333333333	1.76776695296637
2.60535714285714	2.3864853865046
1.44444444444444	0.673575314054563
2.49395604395604	0.190374902627147
1.76026751026751	0.235702260395516
2.37857142857143	0.938989180061255
1.6924670917318	0.421201243591029
1.81309523809524	0.925079923412802
1.25	1.29636243217534
2.05952380952381	1.64991582276861
2.50833333333333	0.883883476483184
1.38888888888889	0.26787918780536
3.01515151515152	1.15708382375981
1.58333333333333	0.707106781186547
1.41666666666667	0.117851130197758
1.76111111111111	1.08440118310795
1.75	0.824957911384306
2.06666666666667	0.707106781186548
1	0.707106781186548
1.25	1.06066017177982
2.52777777777778	1.06066017177982
2.47979797979798	0.353553390593274
0.95952380952381	0.235702260395516
2.00833333333333	0.81317279836453
1.7	0.763762615825973
2.43933658933659	1.12271466172317
1.79166666666667	0.294627825494395
2.25	0.707106781186548
1.71666666666667	0.923760430703402
2.66666666666667	1.06066017177982
1.33333333333333	0.707106781186548
1.39166666666667	0.860313250443633
2.03333333333333	1.41421356237309
2.01428571428571	1.4095338641855
2.73448773448773	1.09793896686041
1.83125	0.996321358799459
1	0.707106781186548
2	NA
1.90793650793651	1.22474487139159
1.66666666666667	0.942809041582063
1	0
2.31904761904762	1.41421356237309
1.54166666666667	0.648181216087669
1.45833333333333	0.883883476483184
2.19047619047619	0.610285981808395
1.83333333333333	1.06066017177982
NA	NA
1.77777777777778	0.673575314054563
2.25	0.353553390593273
1.28535353535354	0.874955360559112
2.06666666666667	0.707106781186548
2.3	0.565685424949238
1.68333333333333	0.912414379544733
1.58333333333333	1.41421356237309
2.12380952380952	0.354658022502199
2.125	0.176776695296637
1.50555555555556	1.47423081011132
1.56666666666667	1.57920514464996
2.53181818181818	1.01232079324182
1.5	0.707106781186548
NA	NA
2.57059694691274	1.57527187541754
1.5	1.4142135623731
2.475	0.707106781186548
1	NA
0.866666666666667	0
2.0625	1.73830417041693
2.23333333333333	0.353553390593273
2.1875	1.14904851942814
1.75833333333333	0.848528137423857
1.95617715617716	0.742181469273744
2.57857142857143	0.707106781186548
2.25	0.353553390593273
NA	NA
2.14047619047619	0.90913729009699
1.56666666666667	1.29636243217534
NA	NA
2.60281385281385	0.174480894059018
2.12619047619048	0.707106781186547
1.625	0.294627825494395
1.90634920634921	1.38777733297742
2.325	1.00173460668094
2.11666666666667	0.942809041582063
1.30555555555556	1.68919953283453
1.45833333333333	0.883883476483184
1	NA
3.0452380952381	1.4142135623731
2.2	0.707106781186548
2.3375	1.16056938452481
0.75	0.117851130197758
1.98333333333333	0.424264068711929
