1.95100250626566	0.726992791242471
2.32083333333333	1.86794041363446
2.23931623931624	1.89296944860009
2.38636363636364	1.30945194630372
2.74466089466089	1.60849164448261
2.98284632034632	1.38419871534506
3.22564102564103	0.435142634576337
1.73344155844156	0.346410161513775
3.68756527606642	1.05014256519467
3.20151515151515	1.64803782049746
3.63273809523809	1.06066017177982
3.20555555555556	0.0549971940922871
2.37713675213675	0.707106781186548
2.44628774129682	1.38507897963598
3.14444444444444	1.58676798791199
3.3047619047619	0.707106781186548
1.66602564102564	0.321455025366432
1.97857142857143	1.06066017177982
2.84232804232804	1.23269920301056
3.3625	1.50260191002141
1.69307081807082	0.769800358919501
2.82905982905983	1
2.25793650793651	0.769800358919501
0.644444444444444	0.384900179459751
2.28888888888889	0.917928424547683
2.575	1.4142135623731
1.99101921470343	1.07475416651778
4.22916666666667	0.265165042944956
2.62284382284382	1.05918600821574
1.28240740740741	0.694337028729579
2.1422619047619	1.61540227749641
2.48809523809524	1.80143870445144
2.25029882398303	0.470581743369243
3.76893939393939	0.707106781186548
2.75572390572391	0.909600493167763
1.30555555555556	0.353553390593274
2.40277777777778	1.82669251806525
1.17460317460317	0.599344565158754
2.50595238095238	0.984898730938405
1.37424242424242	0.128564869306645
2.00190476190476	0.597864206971219
2.21410256410256	1.91281449782515
3.46666666666667	2.47487373415292
1.96428571428571	0.707106781186548
1.80844155844156	0.149992347524419
3.12698412698413	2.12132034355964
2.51666666666667	1.53206469257085
1.88571428571429	0.601316582719171
1.79761904761905	0.0505076272276105
0.859126984126984	0.608897506021749
2.31666666666667	0.942809041582063
3.00514069264069	1.40353389962886
3.21666666666667	0.212132034355964
4.04471677559913	1.76776695296637
1.98804347826087	0.290048647117506
2.43134199134199	1.0463054176863
2.36022408963585	0.336395012613275
2.72408354646206	1.33735412963543
1.94829418947066	0.311882351297533
1.70833333333333	0.53033008588991
2.41666666666667	0.707106781186548
2.4	0.14142135623731
2.25	0.235702260395516
1.6	0
1.89166666666667	0.388908729652601
3.10064935064935	0.51425947722658
3.2470695970696	0.93011738140692
2.42447786131997	0.932757704037531
3.16351540616246	0.466947965447419
3.4	2.26274169979695
3.06666666666667	0.707106781186548
1.93518518518519	0.503140855193264
2.5625	0.795495128834866
2.52424242424242	1.75705321385748
2.47474747474747	1.83585684909537
2.90769230769231	1.03489415746721
2.79772727272727	0.919238815542512
2.28939393939394	1.09547817942102
1.45238095238095	0.58925565098879
2.45757575757576	1.10093248730238
1.05952380952381	0.766032346285426
3.17857142857143	1.16167542623504
2.39417989417989	0.927675029727206
2.17272727272727	0.866025403784438
0.756493506493507	0.555583899503716
2.36785714285714	1.53206469257085
2.63301282051282	2.7808333990894
2.61060606060606	1.09280138910648
1.82916666666667	0.636450661437667
2.0609126984127	0.99498743710662
1.79437229437229	1.62848834455084
2.94761904761905	1.80369990112916
2.22020202020202	1.85872309550418
2.46746031746032	1.37492985230718
2.32777777777778	1.76776695296637
0.596428571428571	0.176776695296637
1.08333333333333	0.58925565098879
1.99444444444444	1.38745203453963
2.4952380952381	0.986189355268269
1.26269841269841	0.494974746830583
