NA	NA
1	0
1	0.707106781186548
1.33333333333333	0.707106781186548
1.53333333333333	1.25830573921179
1.78333333333333	1.4142135623731
1.33333333333333	0.707106781186548
2	0.763762615825973
1.66666666666667	0.707106781186548
NA	NA
0.944444444444444	0.787635937708768
1.33333333333333	0.707106781186548
1.53333333333333	0.763762615825973
2.20952380952381	0.707106781186548
2.31666666666667	0.471404520791032
NA	NA
1.45	1
1.625	0.294627825494395
1	0.707106781186548
1.63333333333333	1.15494107593803
1.70449735449735	0.758253936410467
1.86666666666667	0.707106781186548
1.66666666666667	0.707106781186548
1	0.707106781186548
1.96666666666667	0.565685424949238
2.02946428571429	1.21971412482446
1.33333333333333	0.707106781186548
1.91666666666667	0.117851130197758
1.31666666666667	0.0235702260395515
2.70535714285714	0.441941738241592
1	0.942809041582063
1	NA
1.30555555555556	0.792032079410181
1.5	0.471404520791032
1.33333333333333	1.06066017177982
1	0.707106781186548
1.66666666666667	0.793725393319377
1.4	0.957427107756338
2.5472582972583	1.36421611319829
2.32638888888889	0.893704403999664
1.86666666666667	1.4142135623731
1.57777777777778	0.619438216211838
1	NA
1.25	0.353553390593274
1.33333333333333	0.707106781186548
1	0.707106781186548
1.96825396825397	0.880093961863299
1.70833333333333	1.59099025766973
2.70634920634921	0.54997194092287
1.25	0.353553390593274
1	0.707106781186548
1.5	1.17851130197758
1	NA
1.75	0.707106781186548
1.88452380952381	1.76776695296637
1.66666666666667	0.942809041582063
1.5	1.64991582276861
1	NA
1.58333333333333	1.4142135623731
1.25	1.06066017177982
1.33333333333333	1.4142135623731
2.15416666666667	0.0176776695296636
1.25	0.824957911384305
1.73333333333333	1.06066017177982
2.04166666666667	0.176776695296637
1.45	1.15470053837925
NA	NA
1	0.5
1.25	0.353553390593274
2.03333333333333	1.88561808316413
1	0
1.31666666666667	0.636396103067893
1.975	1.26100709311601
1	0
1	NA
1.33333333333333	1.4142135623731
1	0.763762615825973
1.63333333333333	0.525198375219624
NA	NA
1.34650793650794	1.32460080886547
2	NA
2.03333333333333	0.989949493661166
1	0.707106781186548
1	NA
1.75	0.353553390593274
2.59126984126984	0.707106781186547
1.25	0.353553390593274
1.63333333333333	1.21655250605964
1.58333333333333	0.117851130197758
1.68888888888889	0.279549902786869
1.5	0.471404520791032
1	0
1.58333333333333	0.707106781186547
1.25	0.353553390593274
1.33333333333333	1.06066017177982
1.98333333333333	0.989949493661166
1	0.707106781186548
1.25	1.06066017177982
2.02645502645503	1.38814795051186
1.5	0.471404520791032
