1.93948412698413	1.02839140993996
1.25	1.06066017177982
1.33333333333333	0.763762615825973
1.35833333333333	0.928708781050336
1	0.707106781186548
0.876190476190476	0.471404520791032
1.5	0.707106781186548
1.33333333333333	1.06066017177982
NA	NA
1.5	1.06066017177982
2.19444444444444	1.22851913263867
2.06666666666667	0.707106781186548
1	0.707106781186548
2.14285714285714	0.707106781186547
NA	NA
2.1	0.848528137423857
1.16666666666667	1.29636243217534
NA	NA
2.075	1.64991582276861
1	0.707106781186548
1	NA
2	1.17851130197758
NA	NA
2.01190476190476	0.869516344567132
1	0.707106781186548
1.50119047619048	1.23322071557906
1.5	0.25
1.80833333333333	0.388908729652601
1.53333333333333	0.912870929175277
1.58333333333333	1.4142135623731
1.5	0.707106781186548
1	0.763762615825973
1.95	0.707106781186548
1.93333333333333	0.565685424949238
1.66666666666667	0.707106781186548
1.73333333333333	0.794949334514121
2.09166666666667	0.106066017177982
1.61666666666667	1.53206469257085
1.975	1.8031222920257
1	NA
1.74166666666667	0.341768277573498
1.66666666666667	0.707106781186548
1.16666666666667	1.15470053837925
1.25	0.353553390593274
1	0.707106781186548
1.64880952380952	0.662793453882466
1.57777777777778	1.11819961114748
1.87222222222222	0.673575314054563
2.45238095238095	0.505076272276105
1.25	0.353553390593274
1	NA
0.888888888888889	0.41943524640393
1	0.707106781186548
2.14285714285714	1.38054181088802
1.25	0.353553390593274
0.583333333333333	0.353553390593274
NA	NA
1.58095238095238	1.03372277059176
1.61666666666667	1.29636243217534
1.35	1.62634559672906
2.05	1.97989898732233
1.25	0.353553390593274
1	0.707106781186548
NA	NA
NA	NA
1	0.707106781186548
1.55	1.03319891598859
1	0
1.70833333333333	0.53033008588991
NA	NA
1	NA
1.79166666666667	0.530330085889911
1.43333333333333	0.494974746830583
1.86666666666667	0.707106781186548
1.33333333333333	1.06066017177982
1	0.707106781186548
1.5	0.707106781186548
1.66666666666667	0.471404520791032
1.95	0.707106781186548
1	0.866025403784439
1	NA
1.5	0.471404520791032
1.98333333333333	0.707106781186547
NA	NA
1.33333333333333	0.707106781186548
1	0
NA	NA
1.25	0.353553390593274
1.25	0.353553390593274
1.60238095238095	0.353553390593273
1	NA
1.83333333333333	0.707106781186547
1	0
1.25	0.353553390593274
1.66666666666667	0.707106781186548
1.625	0.176776695296637
1.5	0.408248290463863
1.95	0.707106781186548
1.58333333333333	1
1.5	0.707106781186548
