1.33333333333333	0.707106781186548
1	NA
1.375	1.59099025766973
1.39166666666667	0.766032346285426
NA	NA
1.67619047619048	2.16846079563875
1.08333333333333	0.353553390593274
1.58333333333333	0.707106781186547
0.916666666666667	0.824957911384305
1.625	1.00173460668094
2.68888888888889	1.17949298586456
1.86388888888889	1.2844782050542
1.26963203463203	0.543625187671802
1.78888888888889	0.353684312053267
1.84722222222222	0.917928424547684
1.95952380952381	1.06066017177982
1.7625	0.79411900871343
2.00820105820106	0.861260441054332
1.50793650793651	1.22851913263867
1.33333333333333	0.707106781186548
1.75	0.353553390593274
2.15	1.17851130197758
1.57777777777778	1.32929945348557
1.50324675324675	1.33845212153168
1.5	0.942809041582063
1.5	0.707106781186548
NA	NA
NA	NA
1.78333333333333	0.707106781186548
1.25	0.353553390593274
1	NA
1	0.235702260395516
1.88333333333333	0.848528137423857
1.7	1.15470053837925
2.31666666666667	0.329983164553722
1	NA
1.79166666666667	1.23743686707646
1.22222222222222	0.346944333244355
NA	NA
1.96666666666667	1.5556349186104
1.5	1.64991582276861
1.58333333333333	1.53206469257085
2.2	0.707106781186548
1	0.707106781186548
1.3125	1.29703186802278
2.44444444444444	1.39194109070751
2.42619047619048	1.9192898346492
1.75	1.06066017177982
1.70833333333333	0.883883476483184
2.91666666666667	1.64991582276861
2	0.577350269189626
2.55952380952381	1.41421356237309
1.5	0.707106781186548
1.5	0.471404520791032
1.25	1.73205080756888
NA	NA
2.01666666666667	1.74419672692682
1.83333333333333	1.17851130197758
2.07460317460317	1.60502015412185
1.41666666666667	0.824957911384306
NA	NA
1.41666666666667	1.29636243217534
1	0
2.04166666666667	0.176776695296637
1.58333333333333	1.4142135623731
1.62619047619048	1.53206469257085
2.6984126984127	1.37492985230718
2.2	0.424264068711929
NA	NA
1.77777777777778	1.08440118310795
2.60634920634921	0.864241621450225
2.01785714285714	1.15470053837925
NA	NA
2.16666666666667	0.707106781186548
2.08333333333333	0.235702260395516
1.1	0.14142135623731
1	0.707106781186548
1.625	0.294627825494395
1.86666666666667	1.4142135623731
1.25	1.06066017177982
1.52380952380952	1.16130937126259
1	NA
1.5	0.471404520791032
1.33333333333333	0.707106781186548
2.01785714285714	2.12132034355964
1.5	0.707106781186548
NA	NA
1	NA
1.8952380952381	1.55092686792765
1	0.707106781186548
1	0.707106781186548
NA	NA
1.80833333333333	1.09601551083915
1.5	0.877971146071062
1	0.707106781186548
1.66666666666667	0.942809041582063
1.58333333333333	0.824957911384305
1.58333333333333	0.707106781186547
1.8	0.55075705472861
1.50793650793651	0.481125224324688
