1.93333333333333	0.848528137423857
1.975	0.978164380641391
1.625	1.1195857368787
2.03333333333333	0.707106781186548
1.83333333333333	0.235702260395516
1	0.707106781186548
1.25	0.353553390593274
1.33333333333333	0.707106781186548
2.7968253968254	0.707106781186548
1.22222222222222	0.962250448649376
1	0.707106781186548
1	NA
1.33333333333333	0.707106781186548
1.16666666666667	1.15470053837925
0.666666666666667	0.235702260395516
0.95	0
1.18333333333333	0
2.43571428571429	0.707106781186548
1.78333333333333	1.06066017177982
1.25	1.06718737290547
1.475	0.807545435024946
NA	NA
1.71666666666667	0.872098363463408
1.81666666666667	0.942809041582063
1	0
1.5	0.471404520791032
1.89285714285714	0.763762615825973
1.36666666666667	1.01351971970072
1.91666666666667	1.76776695296637
1.90714285714286	0.686309265683675
1.22222222222222	0.822147143719374
1.13888888888889	1.26197963240006
1.96825396825397	0.784751695110039
1.875	0.530330085889911
1.96666666666667	0.848528137423857
1.85505050505051	1.46071398234931
1.5	0.707106781186548
1.5	0.707106781186548
2.66071428571429	0.883883476483184
1	0
1	NA
1.625	0.176776695296637
2.28333333333333	0.707106781186548
1.5	0.471404520791032
1.33333333333333	0.707106781186548
1.33333333333333	1.06066017177982
1.58333333333333	0.707106781186547
2.48968253968254	0.917928424547683
1	0.707106781186548
1	NA
0.75	0.353553390593274
NA	NA
0.895833333333333	0.68168839954489
NA	NA
1.75	0.117851130197758
1.25	0.353553390593274
1.89047619047619	0.994243636219647
1	NA
1.66666666666667	0.235702260395516
2.19772727272727	2.1920310216783
1.65	0.869865890046659
0.5	0
2.2	0.989949493661166
1	0.707106781186548
1.75	1.29636243217534
1.33333333333333	1.4142135623731
1.33333333333333	0.707106781186548
2.11309523809524	1.33845212153168
1.80793650793651	0.687103145955658
1	0.707106781186548
1.5	0.471404520791032
1	0.5
1	0
1.83333333333333	0.707106781186547
1.66666666666667	0.471404520791032
1.5	1.4142135623731
1	NA
NA	NA
2.625	0.176776695296637
0.791666666666667	0.294627825494395
NA	NA
2.63611111111111	1.6067037416961
1.68452380952381	0.446150707177226
1.03333333333333	2.22044604925031e-16
1.75	1.06066017177982
1.5	0
1.25	1.4142135623731
1.58333333333333	0.707106781186547
1	0.707106781186548
1.625	0.294627825494395
2.08333333333333	1.06066017177982
1.75	0.707106781186548
2.17222222222222	1.4142135623731
1.70833333333333	0.53033008588991
2.7	0.989949493661166
1.5	1.4142135623731
1	0.707106781186548
2.125	1.25830573921179
2.11190476190476	2.2391714737574
1.33333333333333	0.707106781186548
