2.8125	1.14904851942814
2.35238095238095	1
3.8984593837535	1.41421356237309
1.73003848003848	1.21491504682782
2.51111111111111	2.0083390963495
1.67777777777778	0.157134840263677
2.11179971988796	1.86395671292064
3.26515151515151	0.336717514850737
2.46753246753247	0.867217455833587
1.08333333333333	0.353553390593274
1.66666666666667	1.64991582276861
2.33015873015873	1.88561808316413
1.79220779220779	0.151522881682832
2.72655195681511	0.807234778279637
2.4125	0.743412427281813
3.69444444444444	1.25707872210942
2.35952380952381	1.8721493825701
1.44444444444444	0.989013724954385
2.40952380952381	0.505076272276106
1.76984126984127	0.912870929175277
2.46038961038961	1.1390876441947
1.25	1.06066017177982
1.58055555555556	1.27279220613579
2.6039886039886	0.502937774138915
2.76190476190476	1.08464075998982
2.77777777777778	1.96418550329597
1.66666666666667	0.942809041582064
2.00863247863248	1.03102196020092
2.625	0.530330085889911
1.625	1.00173460668094
2.35203032261856	1.30108754537681
2.28080808080808	1.5850782999646
2.8625	0.265165042944955
2.64444444444444	1.06066017177982
2.54126984126984	1.20373646679058
2.22619047619048	1.4142135623731
0.75	0.707106781186548
2.73506493506494	0.917310637540261
2.64166666666667	1.18462370959446
0.916666666666667	0.942809041582063
1.85555555555556	0.749320680003883
2.65833333333333	0.848528137423857
3.10714285714286	0.707106781186548
2.67222222222222	1.96418550329597
2.14444444444444	1.88561808316413
1.13062042124542	1.06366263714221
1.5	0.707106781186548
2.40833333333333	1.15325625946708
1.51666666666667	1.43778378841265
2.39458689458689	1.20738004645182
2.17316017316017	0.202030508910442
2.7968253968254	0.707106781186548
1	0
2.11666666666667	1.12731243820572
2.08333333333333	0
2.48412698412698	1.39194109070751
2.59047619047619	1.17898341364276
0.912301587301587	0.347380236154344
2.46428571428571	1.4142135623731
2.13333333333333	1.06066017177982
2.08333333333333	0.707106781186548
2.69487734487734	1.19483699966731
3.22510822510823	0.707106781186548
1.46006493506494	0.176776695296637
2.10530303030303	0.726483157256779
0.598214285714286	0.441941738241592
2.49494949494949	2.12132034355964
2.32619047619048	1.37271764813329
2.26549145299145	1.03875194885844
2.55555555555556	1.57134840263677
2.13809523809524	1.63307994702607
1.94047619047619	1.70042344999622
2.56883116883117	1.2106051124508
2.12222222222222	0.909873821125968
1.32965367965368	1.31472884207629
2.84166666666667	1.35528799727422
3.07142857142857	0.827873269081605
1.74722222222222	2.15667568261897
2.21507936507937	1.46951897457259
2.12083333333333	1.97400643081245
1.58333333333333	0.707106781186547
1.48888888888889	1.68336083585894
2.03787878787879	1.50035865776433
3.1029304029304	0.707106781186548
2.66428571428571	1.36503968196288
2.28333333333333	2.35702260395516
2.13117715617716	0
1.45833333333333	0.259272486435067
2.74603174603175	1.58012265471085
1.66847041847042	0.221417274917
1.26634199134199	0.178919443118414
2.87738095238095	1.18666718684966
2.84126984126984	1.03928866888069
2	0.707106781186548
1.0922619047619	0.340926483786371
2	1.4142135623731
2.31201923076923	1.74909202635729
2.36507936507936	1.74595959446883
1.75	1.06066017177982
2.61785714285714	1.20376511559138
