3.82882395382395	1.65201896679992
2.60857142857143	1.16084824895094
2.28739316239316	1.17851130197758
3.55868838763576	1.24570312115768
2.1	0.866025403784439
2.62026862026862	1.78400270707646
2.55448717948718	0.802648407685364
4.2224144629805	2.47253431238596
2.07889724310777	0.984411837935051
4.11987829614604	1.50003302909864
1.26803751803752	1.15045150907335
1.90935394670689	1.52776659252835
2.74672619047619	0.721838172461267
2.93636363636364	1.4142135623731
2.35889176183294	0.927557718850588
3.07865942028985	2.09767066581535
3.63863636363636	3.28804653251745
3.07400687547746	1.84240492912525
1.14245951417004	0.441941738241592
1.94453063276593	0.490988395332316
1.91102255639098	1.77458100959765
3.50784632034632	1.21032063233585
1.84238095238095	0.95636577078456
2.82916666666667	1.14134220855843
2.35294117647059	1.36953450475255
2.30555555555556	1.72848324290045
2.26538461538462	0.190374902627147
2.32857142857143	1.35400640077266
3.71258888170653	1.5422573814017
3.45746467229843	3.19983674718761
2.53627450980392	2.14774379499634
1.31092796092796	0.668960057536313
3.62537878787879	0.530865772845355
2.09166666666667	0.894444444444444
2.60714285714286	2.42436610692531
3.58333333333333	4.44089209850063e-16
2.89369707303211	1.51047570718757
3.21166666666667	1.45492267835786
2.58333333333333	1.06066017177982
2.67470760233918	1.03274806199614
2.90302197802198	1.62649219414938
2.28502415458937	1.47009204555982
2.44444444444444	0.982485510212633
2.93323996265173	1.39809329891998
3.46239177489177	2.00079077858466
2.98809523809524	1.06066017177982
3.00030837281291	2.09947374868713
1.96666666666667	0.282842712474619
3.11220043572985	2.44133851500687
2.19780511885775	1.88306896509136
2.43529411764706	2.59807621135332
3.07371794871795	1.67236836510431
1.39030303030303	0
2.79649122807018	1.42361043360418
3.75	0.58925565098879
3.39166666666667	0.117851130197758
1.56543305728088	0.126269068069026
2.83397435897436	0.353553390593274
1.51666666666667	0.353553390593274
2.05015873015873	1.46638226473662
2.201443001443	1.20058372181601
1.92380636604775	0
1.98888888888889	0.527594997589516
1.33333333333333	1.06066017177982
3.26086956521739	3.90445918307354
1.92505175983437	0.794668654462764
1.88095238095238	0.375
2.44848484848485	1.58996093679455
2.16500754147813	0.113205935135221
2.5	1.76776695296637
3.01970310391363	1.80277563773199
3.37857142857143	1.98431348329844
2.35961538461538	0.707106781186548
0.941558441558441	0.321412173266612
1.74606387764283	0.372161463782393
2.56431966726084	1.68396577778194
2.73174603174603	0.327738381121384
2.00229978354978	0.633449824812949
3.38215816703622	1.46889866759329
4.03754578754579	1.04382429603728
2.68968253968254	0.314269680527354
1.22326007326007	0.155667097250225
1.16709401709402	0.707711145956793
1.75845864661654	0.82915619758885
3.7	1.34020269015127
2.16464646464646	1.0348976577045
2.70719696969697	2.45719606462325
1.92234537493158	1.83050867717675
3.89166666666667	1.09012295432926
4.18028083028083	1.98533827025454
1.85897435897436	0.743893616071248
1.55	0.424264068711929
3.37993166963755	1.10029457335213
NA	NA
1.25693913929208	0
3.92676343264579	1.38772423294861
1.57509157509158	0
2.47348484848485	2.71057599454843
2.13328192275561	1.46558604464796
3.25473484848485	2.73306763697774
