2.71666666666667	0.164991582276861
1.88888888888889	0.346944333244355
1.5	1.17851130197758
1.19047619047619	0.234496614328479
2.09285714285714	0.838426611978335
1.08758741258741	0.424264068711928
1.5	0.707106781186548
1.16666666666667	0.58925565098879
1.16666666666667	0.117851130197758
2.59523809523809	1.41421356237309
1.57486317603965	0.658259920129564
1.82936507936508	1.58920025333509
2.95852272727273	1.04860721528232
NA	NA
2.50952380952381	1.41282057613403
0.695238095238095	0.378773530958939
2.24338624338624	0.891200697445627
1.83333333333333	1.06066017177982
1.33333333333333	0.707106781186548
1.72321428571429	0.0883883476483184
1.47808441558442	0.707106781186548
2.16666666666667	1.13137084989848
0.583333333333333	0
2.28571428571429	0.707106781186547
2.63888888888889	1.32790561913614
2.38571428571429	0.475219247646108
2.95519480519481	0.578541911879903
2.575	0.981495457622364
1.34166666666667	1.33171777123466
1.41666666666667	1.29636243217534
0.458333333333333	0.176776695296637
1.93269537480064	1.17760909236841
1.78333333333333	1.4142135623731
1.58333333333333	0.707106781186547
2.14776334776335	1.03708994574027
2.87705627705628	0.707106781186547
2.63217893217893	1.41421356237309
1.44761904761905	1.03460349118675
1.08333333333333	1.06066017177982
1.72352941176471	0.97761411127487
2	NA
2.30595238095238	0.695687775860322
2.43975468975469	1.15470053837925
2.08783068783069	1.42868900162859
2.12408963585434	0.763762615825973
1.60833333333333	0.895823643358446
1.80833333333333	1.73241161390704
1.82765151515152	0.522294781558245
2.33578431372549	1.1769116820163
1.75	0.707106781186548
1	0.707106781186548
2.45	1.98431348329844
3.34487179487179	1.41421356237309
1.61777777777778	1.43511087023844
0.742857142857143	0.612825877028341
0.8125	0.972271824131503
2.39166666666667	0.707106781186548
1.33333333333333	0.763762615825973
2.52083333333333	0.618718433538229
2.96212121212121	0.889240346037628
1.87619047619048	0.763762615825973
2.16313131313131	1.42361043360417
2.1978354978355	0.898729657819785
1.52380952380952	1.41421356237309
2.4047619047619	0.606091526731327
1.86666666666667	1.4142135623731
1.66666666666667	1.61658075373095
1.76666666666667	0.176776695296637
2.53659534909535	1.95257451615007
2.48611111111111	0.925812956071382
2.12619047619048	1.4142135623731
1.91785714285714	1.41421356237309
1.45	0.763762615825973
1.30059523809524	0.189403602103539
1	0.707106781186548
0.592857142857143	0.459619407771256
1.93333333333333	0.848528137423857
3.11458333333333	1.26900413409371
2.70995670995671	1.23973266831408
1.80555555555556	0.846780394811451
1.22222222222222	0.962250448649376
2.68888888888889	1.43530226523635
1.44444444444444	0.53575837561072
3.14345238095238	0.9251313720524
1.60535714285714	0.795495128834866
3.33030303030303	0.707106781186548
3.25146198830409	1.31429310625112
2.18333333333333	0.44783429475148
1.82539682539683	1.75911404898585
0.983333333333333	0
1.25	1.21655250605964
2.33333333333333	2.2391714737574
0.733333333333333	0.612825877028341
3.13168498168498	1.09329586937305
2.41003787878788	0.220970869120796
2.4047619047619	0.808122035641769
2.80555555555556	0.0392837100659192
1.23333333333333	0.440958551844098
1.70833333333333	1.76776695296637
2.31031746031746	1.33763195956857
