3.03181818181818	0.530330085889911
1.66666666666667	0.707106781186548
2.66666666666667	1.4142135623731
2.43571428571429	1.49278098250493
2.16488095238095	0.972271824131502
0.666666666666667	0
1.18888888888889	0.269430125621825
1.33333333333333	0.707106781186548
2.12452536570184	1.15411591233058
NA	NA
1.82222222222222	1.10269031279228
1.31111111111111	1.38777733297742
2.21190476190476	1.98431348329844
NA	NA
1.97167832167832	1.3995263258638
1.82916666666667	0.618718433538229
1.93888888888889	0.630274043865341
1	0.707106781186548
1	0.763762615825973
2.53571428571429	2.12132034355964
1.80193362193362	1.51957190202771
NA	NA
0.598845598845599	0
1.53333333333333	1.06066017177982
1	NA
0.333333333333333	0
1.98201058201058	1.43300312015949
1.33333333333333	0.707106781186548
1.58809523809524	0
1.80530303030303	0
0.833333333333333	0
2.10185185185185	1.8899778995812
NA	NA
1.85984848484848	0.321412173266613
1.25	0.763762615825973
2.57222222222222	0.774297770264798
1.06164641458759	0.398230055804677
1.59978991596639	1.28150724769663
1.26666666666667	0
1.84285714285714	1.25830573921179
1.25	0.353553390593274
1	0.707106781186548
1.50555555555556	1.26197963240006
2.28205128205128	1.09782860514988
1	0.707106781186548
2.16488095238095	1.56152747512029
2.11666666666667	0.707106781186548
2.40238095238095	2.12132034355964
2.42792022792023	2.07134514126241
2.12037037037037	1.02790289528725
2.08333333333333	0.824957911384305
2.91666666666667	1.4142135623731
NA	NA
1.73690476190476	1.12328057904482
1.44761904761905	0.668471197207926
2.37310966810967	1.46554881642794
1.22142857142857	0.676802204849981
1.61062271062271	1.71207905627952
2.03015873015873	1.19184471604337
2.08333333333333	1.4142135623731
2.11111111111111	1.4142135623731
0.876190476190476	0.471404520791032
2.86839826839827	1.69148192751537
1.79166666666667	0.294627825494395
2.625	1.34350288425444
1	0.707106781186548
2.42619047619048	1.14483955049251
1.45	1.76776695296637
1.6	1.5556349186104
2.42142857142857	0.606091526731326
1.45	1.76776695296637
0.684523809523809	0.496658334404837
1.53888888888889	1.26197963240006
2.45430495430495	1.59345210507034
2.06363636363636	1.06066017177982
1.9968253968254	1.50132468591815
1.66666666666667	1.15470053837925
3	NA
2.56587301587302	1.84701962130387
2.12626262626263	1.75269262438335
0.947619047619048	0.370389266335811
NA	NA
1.33055555555556	0.455013227320962
3.55952380952381	3.06412938514171
1	NA
1.27146464646465	0.707106781186547
2.17521367521368	0.707106781186548
1.9218253968254	1.59099025766973
2.71666666666667	1.88561808316413
2.53174603174603	0.426508852144267
2.26666666666667	0.353553390593274
1	0.707106781186548
3.38076923076923	0.707106781186548
0.958333333333333	0.530330085889911
1.83095238095238	0.91403077353887
2.4	1.17851130197758
1.84166666666667	0.282842712474619
2.05382173382173	1.35179621320596
2.06349206349206	0
1.9961038961039	1.73905996634313
