3.48987854251012	0.707106781186548
1.375	0.883883476483184
2.2	1.13137084989848
2.88525641025641	1.4142135623731
2.70790598290598	1.38497225537126
1.66666666666667	0.707106781186548
1.1896331738437	0.472665499042566
1.13333333333333	0.353553390593274
3.01666666666667	0.707106781186548
3.12435897435897	0.707106781186548
2.83846153846154	1.06066017177982
2.45504201680672	1.06066017177982
2.48152958152958	1.5485955405296
0.689484126984127	0.439135758951169
2.10555555555556	0.125092558324419
2.23333333333333	0.471404520791032
2.00396825396825	1.17289934339673
3.1969696969697	1.4142135623731
3.80555555555556	0.392837100659193
2.16666666666667	2.12132034355964
2.27044252044252	1.83830766876095
1.65382395382395	0.543997070744197
2.62083333333333	2.59272486435067
3.43005050505051	1.76776695296637
1.58333333333333	0.707106781186547
1.73099415204678	0.928648019845243
2.67857142857143	0.707106781186548
2.88095238095238	1.81827458019398
2.88333333333333	1.29636243217534
1.25128205128205	0.558105260216638
2.48035714285714	1.56064890350136
3.13247863247863	0.598321122542463
1.54630467571644	0.385549039784813
2.25238095238095	2.76108362177604
2.61666666666667	1.06066017177982
1.58333333333333	0.707106781186547
1.25	1.29636243217534
2.81153552330023	1.12710992283905
3.39722222222222	1.30814754519511
NA	NA
1.9	0.942809041582063
2.4473168661404	1.51196253039772
1.95047619047619	1.62299099604484
1.99007936507936	1.08759844169177
1.34368686868687	0.12677924612183
2.971875	1.17228002260078
2.66291737248259	1.45490585675332
3.66277777777778	1.95004336767223
1.57131185807656	0.629152869605896
1.21666666666667	0.353553390593274
3.11380286380286	0.360970594591734
2.30381016042781	1.15577859537164
1.43333333333333	0
1.33333333333333	0.707106781186548
2.91071428571429	2.65165042944955
1.7	1.25830573921179
0.916666666666667	0.353553390593274
1.93095238095238	1.14268186486584
1.875	0.530330085889911
2.22396231219761	1.37504275262205
1.375	1.4142135623731
0.970634920634921	0.761295639447961
2.79761904761905	1.49659477426835
2.69491341991342	1.59099025766973
1.13214285714286	0.941873585116461
2.03194444444444	0.980524078814897
2.18571428571429	0.538748023761179
1.48095238095238	0
1.32386363636364	0.458012346904923
3.54715219421102	2.41248195934234
2.35	1.06066017177982
3.17087912087912	0.435142634576337
2.23066378066378	2.05060966544099
1.03333333333333	0.235702260395516
3.36997691850633	1.08205505386229
2.31904761904762	1.11623760667603
1.54285714285714	1.15470053837925
1.29386446886447	0.515100732519331
1.56266233766234	1.32677040007306
3.53055555555556	1.21342951451533
1.22222222222222	0.53575837561072
2.21749622926094	1.90831513819565
2.90324675324675	0.707106781186548
3.06547619047619	0.766032346285427
2.89813311688312	1.45840773619725
1.40277777777778	0.491046375823991
2.96885026737968	1.53729351454505
1.875	0.0589255650988789
2.86363636363636	1.64991582276861
2.76269841269841	1.43720407582067
2.02106782106782	0.128564869306645
2.55555555555556	0.763762615825973
2.63816738816739	1.23565124389164
2.65263157894737	2.59272486435067
2.16666666666667	1.4142135623731
2.78181818181818	1.35528799727422
2.71428571428571	0.404061017820884
1.55357142857143	0.176776695296637
1.88480392156863	0.67030533343834
1.38412698412698	1.2573116970154
