1.7968253968254	0
2.72	1.9816528828602
1.30555555555556	1.02216183396506
2.44660894660895	0.289270955939951
2.4696066252588	1.43444756020955
1.3047619047619	0.0942809041582063
2.68939393939394	0.739247998513209
1.13687293099058	0.789755625740819
2.82121212121212	0.471404520791032
1.58333333333333	0.424264068711929
2	0.117851130197758
1.9051282051282	1.18844978280912
0.955555555555556	0.565685424949238
3.12909992372235	2.08821105107334
2.03333333333333	0.471404520791032
3.1468253968254	1.43778378841265
3.79055258467023	0.707106781186548
1.94469696969697	1.23322071557906
1.45	1.09601551083915
2.29166666666667	2.29809703885628
2.3988603988604	1.00231973374864
0.95	1.06066017177982
1.87803418803419	1.25036661290466
2.18205128205128	0.824621125123532
2.34444444444444	1.13165725736556
2.07065960355434	0.64370167923647
0.902056277056277	0.47960088282104
3.325	2.2863119258365
2.22800402212167	1.58737475296383
2.23480895915679	1.28754942363001
1.51190476190476	1.29636243217534
1.57083333333333	0.842635580913969
1.65793650793651	0.707106781186548
2.85	0.707106781186548
1.90793650793651	1.51141099298647
2.425	1.94454364826301
3.95	0.471404520791031
2.5	0.471404520791032
3.47619047619048	0.90913729009699
2.11066433566434	1.36626010212795
2.83333333333333	0.707106781186548
1.43333333333333	0
2.15323565323565	1.16337471127119
2.625	1.52752523165195
2.19970291146762	0.38490017945975
2.08253968253968	0.75143224293468
2.20396825396825	0.335548197123144
2.25238095238095	0.819862397736334
2.72321428571429	1.17443055627792
0.740151515151515	0.67175144212722
1	0.707106781186548
3.74404761904762	0.606091526731326
3.40436507936508	1.55051255758605
3.13425499231951	1.84089350286454
2.09166666666667	1.30814754519511
2.65340909090909	1.30861755786937
2.67676767676768	0.763762615825973
2.07258375682289	0.967499055177165
1.89880952380952	0.143104943811563
2.03571428571429	1.98848727243929
2.35833333333333	0.67898344495173
2.88381642512077	1.17111602930279
3.14102564102564	0.848558827267346
4.2109440267335	0.989949493661167
2.50833333333333	0.695321668166772
2.62531328320802	1.66117765813659
2.25709144656513	1.31664323655957
1.68333333333333	1.38112273169331
2.8440620782726	1.27980921901699
2.53101887219534	0.719023204941262
2.86039136302294	0.502417976106231
2.47200799200799	2.19275809829917
2.3	1.41421356237309
2.01666666666667	2.38059282999471
2.64027777777778	1.47276019135999
3.1822601010101	2.28336564758156
1.63333333333333	0.692820323027551
3.58563311688312	2.43067956032876
1.78888888888889	0.314269680527355
3.69271708683473	0.707106781186548
3.33928571428571	0.4798224586623
3.08928571428571	1.95296158613427
3.38095238095238	0.707106781186548
2.78333333333333	0.707106781186548
3.13015873015873	1.41421356237309
1.98404558404558	1.91857789650518
2.90384615384615	1.19664224508493
1.4047619047619	0.101015254455221
2.69712416739271	1.23743686707646
2.61581196581197	2.08746142623159
1.82142857142857	0.824957911384305
2.81062271062271	2.18348357707055
2.56666666666667	1.77763888346312
2.14603174603175	2.0247946559691
2.31666666666667	2.35702260395516
2.16785714285714	1.76776695296637
2.40416666666667	0.571577981459126
2.12916666666667	2.44541095160348
2.83333333333333	0.259272486435068
1.71428571428571	1.81827458019398
