1.7952380952381	1.20179146322831
1	0.707106781186548
NA	NA
1	NA
1.66666666666667	0.707106781186548
NA	NA
1	0.707106781186548
NA	NA
NA	NA
1.33333333333333	1.06066017177982
1.5	0.707106781186548
1	NA
1.25	0.353553390593274
0.541666666666667	0.0589255650988789
1.33333333333333	0.707106781186548
1	0.707106781186548
1.50833333333333	0.931023928562287
1.66666666666667	0.942809041582063
NA	NA
1.80952380952381	1.29636243217534
1	NA
1.70833333333333	0.53033008588991
2	0.707106781186548
1	NA
NA	NA
1	NA
1	0
2.16666666666667	0.707106781186548
1.63333333333333	0.919238815542512
1.58333333333333	0.824957911384305
1.25	0.353553390593274
NA	NA
1.85	1.15470053837925
1	NA
1.33333333333333	1.06066017177982
1.58333333333333	0.707106781186547
1.66666666666667	1
NA	NA
1.22222222222222	0.838870492807861
1.41666666666667	0.117851130197758
NA	NA
1.45833333333333	1.23743686707646
NA	NA
1.38888888888889	1.05518999517903
0.666666666666667	0.235702260395516
1.90634920634921	1.38777733297742
NA	NA
1.25	1.06066017177982
1	NA
NA	NA
1.90833333333333	0.247487373415291
1.7875	1.31574334714471
2	0.707106781186548
1	0.707106781186548
1.3	1.01488915650922
NA	NA
1.58333333333333	0.117851130197758
1	NA
NA	NA
1.74166666666667	1.75598183994659
1	0.707106781186548
NA	NA
1.33333333333333	0.707106781186548
NA	NA
NA	NA
1.5	0.707106781186548
1.58333333333333	1.53206469257085
1.25	1
NA	NA
NA	NA
1	0.707106781186548
NA	NA
2	0
2.25119047619048	1.4142135623731
1.41666666666667	1.29636243217534
1	NA
1.58333333333333	1.29636243217534
1	0
NA	NA
1.41666666666667	1.64991582276861
NA	NA
1.69444444444444	0.823497509497235
1.83333333333333	1.06066017177982
1.83333333333333	0.707106781186547
NA	NA
1	0.707106781186548
1.33333333333333	0.942809041582063
1	NA
1	NA
1.04166666666667	0.0589255650988789
1.33333333333333	1.06066017177982
1.5	1.14564392373896
1.5	1
1	0
1	NA
1.5	1.64991582276861
1.41666666666667	0.58925565098879
1.58333333333333	1.53206469257085
NA	NA
0.888888888888889	0.673575314054563
