1	0.957427107756338
1.6	1.5556349186104
1.87222222222222	1.20208152801713
1.66666666666667	0.942809041582063
0.916666666666667	1.15470053837925
2.30952380952381	2.12132034355964
2	0.707106781186548
1.83333333333333	1.4142135623731
NA	NA
2.29285714285714	0.707106781186548
1.71111111111111	0.309719108105919
1.5	0.707106781186548
1.91666666666667	0.58925565098879
1	0.763762615825973
1.67559523809524	0.458777613984129
2.26984126984127	1.18243314743293
1.83333333333333	0.707106781186547
1.25	1
1	NA
1.7	0.282842712474619
2	1.04083299973307
1.68174603174603	0.917928424547683
2.55990675990676	1.25884989027346
2.08041125541126	1.68098566618438
1.76825396825397	1.00796525393329
2.16666666666667	0.707106781186548
1.83888888888889	0.838870492807861
1.25	0.353553390593274
2.52179487179487	1.39808265438109
0.583333333333333	0.58925565098879
1.99166666666667	1.1667261889578
1.75	0.353553390593274
1.53422619047619	1.15702379319187
0.650793650793651	0.0785674201318386
1.91190476190476	1.53206469257085
1.08809523809524	0.336717514850737
1.64166666666667	0.506759859850359
1	1.15470053837925
1.44444444444444	1.11906872658243
1.95	0.707106781186548
2.06734307359307	1.22967591770781
1	0.707106781186548
1.16666666666667	1.17851130197758
2.15	0.424264068711929
NA	NA
2.19680735930736	0.824957911384305
2.075	1.25
2.05952380952381	1.03077640640441
1.48888888888889	1.50347543963354
1.79007936507937	1.50582203463756
2.45238095238095	1.29636243217534
1.75	0.763762615825973
1.06666666666667	0.58925565098879
1.33333333333333	0.707106781186548
1.87222222222222	0.585314097380707
1.21666666666667	0.494974746830583
1.39285714285714	0.353553390593274
1.97777777777778	1.39297177658787
1.5	0.707106781186548
3.23823529411765	0.92409150913889
1.74166666666667	1.04887505876005
0.830952380952381	0.101015254455221
1.81666666666667	1.64991582276861
2.04166666666667	0.0392837100659192
1	0.707106781186548
1.92321428571429	1.49724283638664
2.40050505050505	1.76918406155171
1.625	1.23743686707646
1	0.707106781186548
NA	NA
1.74166666666667	0.341768277573498
1	0.707106781186548
1.45922619047619	1.07340706875853
NA	NA
0.625	0.412478955692153
1	0.707106781186548
1.625	0.176776695296637
1.26904761904762	0.824957911384305
1.25	1.4142135623731
1.41666666666667	0.117851130197758
2.03333333333333	0.353553390593274
2.61111111111111	1.64991582276861
2.75952380952381	0.707106781186548
1.72222222222222	0.26787918780536
1.65	1.69705627484771
2.27142857142857	0.606091526731327
1.58571428571429	1.08046978948344
1	0.707106781186548
NA	NA
3.08333333333333	0.707106781186548
1.6468253968254	0.707106781186548
1.25	1.4142135623731
NA	NA
1.68571428571429	1.15470053837925
0.85	0.707106781186548
1.91137566137566	1.40691999357204
1.98333333333333	1.69705627484771
1.25	1.29636243217534
1.61190476190476	1.079483609855
1.60654761904762	1.43503613323975
