NA	NA
1.33333333333333	0.707106781186548
NA	NA
1.25	0.353553390593274
NA	NA
NA	NA
NA	NA
1.25	0.353553390593274
1	NA
1.33333333333333	0.707106781186548
NA	NA
1	0.707106781186548
1.25	0.353553390593274
1	0
1	0.707106781186548
NA	NA
1.79166666666667	0.530330085889911
1.5	0.707106781186548
1	0.707106781186548
1.25	0.353553390593274
1.31111111111111	1.38777733297742
1	0
1.5	0.707106781186548
1.5	1.17851130197758
NA	NA
1	0.707106781186548
1.75	0.707106781186548
1.79166666666667	0.530330085889911
1	0
1	NA
NA	NA
NA	NA
1	NA
NA	NA
1	NA
1.33333333333333	0.707106781186548
NA	NA
1	0.707106781186548
1	0.707106781186548
1.25	0.353553390593274
NA	NA
NA	NA
1	0.707106781186548
1.5	1.14564392373896
NA	NA
NA	NA
1	0.707106781186548
NA	NA
1	0
1.5	0.707106781186548
NA	NA
1	0.707106781186548
1.08333333333333	1.06066017177982
1	NA
1	NA
1.33333333333333	0.707106781186548
1.33333333333333	0.707106781186548
NA	NA
1	0.707106781186548
1.5	1.17851130197758
1	NA
NA	NA
1	0.707106781186548
1	NA
1	0
1.41666666666667	0.117851130197758
1	0.707106781186548
1.22222222222222	0.346944333244355
1	NA
1	NA
NA	NA
1	NA
1	NA
1	NA
NA	NA
1	0.707106781186548
NA	NA
1	0
2	NA
NA	NA
1	NA
1	NA
1	0.707106781186548
1.25	0.353553390593274
1	NA
1	0.707106781186548
NA	NA
1.33333333333333	0.707106781186548
NA	NA
NA	NA
1	0.707106781186548
1	0.707106781186548
1.83333333333333	1.06066017177982
1	0.707106781186548
1	0.707106781186548
NA	NA
NA	NA
1	NA
1.25	1.15470053837925
1.58333333333333	1.4142135623731
