2.00707070707071	1.02666718344391
1.79444444444444	1.27151848561445
1.16666666666667	0.288675134594813
1.05555555555556	0.693888666488711
2.09007936507936	1.23786704246248
1.33333333333333	0.763762615825973
1.16666666666667	1.19799214738043
1	0.866025403784439
1	0.707106781186548
NA	NA
1.73650793650794	0.205939764729644
1.66666666666667	0.288675134594813
1.16666666666667	0.440958551844098
1.44444444444444	0.254587538608658
2.10952380952381	0.695189169837542
1.73333333333333	1.10151410945722
NA	NA
1.05555555555556	0.693888666488711
1	0.707106781186548
0.472222222222222	0.192450089729875
1	0.5
1.55555555555556	1.29725493653729
1.73035714285714	0.773923984208613
1.38988095238095	0.834126748146101
1	0.707106781186548
1.33333333333333	1.04083299973307
1.65	1.10151410945722
NA	NA
1.10416666666667	0.727677049857207
1.5	1.4142135623731
NA	NA
2	0.916515138991168
1.98888888888889	0.952384920626653
1.30555555555556	1.32375028416043
1.38888888888889	1.04194440741728
1.56666666666667	0.946484724300046
1	1.15470053837925
2	0.763762615825973
1.27063492063492	1.31870447086581
NA	NA
1.27777777777778	0.481125224324688
1.65	1
1.66727994227994	1.36374494517197
1.24166666666667	0.336787657027282
1.33333333333333	0.881917103688197
NA	NA
1.5202380952381	0.845254862342078
2.08333333333333	0.866025403784438
1.38333333333333	1.10151410945722
1	0.5
1	0.799305253885453
1.33333333333333	0.881917103688197
NA	NA
NA	NA
2.75620490620491	1.36168659710516
NA	NA
1.66666666666667	0.707106781186548
NA	NA
NA	NA
NA	NA
1.60197897340754	0.944949454419725
1.33333333333333	0.288675134594813
1.1875	0.550147286676065
NA	NA
1.58333333333333	0.75
1.83333333333333	0.942809041582063
1.5	0.25
1.36111111111111	0.751541625470482
1.53333333333333	0.661437827766148
1	0.5
1	0.408248290463863
1.30555555555556	1.04194440741728
1	0.707106781186548
1.95555555555556	1.1097213530799
1.88412698412698	1.43709428531424
1.3125	0.636014063436406
1.22222222222222	0.917928424547684
1.8	1.05830052442584
1.38888888888889	0.602848178172519
1.36111111111111	0.502309481111809
1	0.763762615825973
1.44444444444444	0.375770812735241
NA	NA
1	0.707106781186548
1.66666666666667	0.763762615825973
1	0.408248290463863
1	0.707106781186548
2.26313131313131	1.73205080756888
NA	NA
2.51746031746032	1.43694635070862
1.84861111111111	1.18425998320425
1.33333333333333	0.981306762925316
1.25	0.763762615825973
NA	NA
1.41666666666667	0.520416499866533
1.9015873015873	0.869074798444303
1.95535714285714	0.943729304408844
1.5	0.707106781186548
1.85952380952381	0.254082315656268
NA	NA
