2.24126984126984	0.818973499322531
NA	NA
1.76041666666667	0.982510052409857
1.74761904761905	1.41599223642132
1.66666666666667	0.793725393319377
1.85555555555556	0.500370233297676
2	NA
1.25	0.763762615825973
2.13095238095238	0.64812655184839
1.76851851851852	1.24841051204496
1.55	1.13578166916005
1	0.763762615825973
NA	NA
1.45	0.765941686205071
2.07157287157287	1.06653645038508
1.55555555555556	0.346944333244355
1.72948051948052	1.17866449848971
1.9875	1.10833333333333
1.87916666666667	1.19065613719371
NA	NA
NA	NA
1.11111111111111	0.751541625470482
1	0.5
1.63333333333333	1.00664459136943
1.33333333333333	0.440958551844098
1.89153439153439	0.914089117605058
0.861111111111111	0.240562612162344
2.27043650793651	1.01792954351249
1.13492063492063	0.524935658152789
1	0
1.41666666666667	0.877971146071062
1.67777777777778	0.793258633271179
1.33333333333333	0.650854139658888
1.75416666666667	1.28224159912183
2.03703703703704	0.556480711159879
1	0.866025403784439
NA	NA
1.90833333333333	0.877971146071062
1.72366522366522	0.952899963524961
1.74206349206349	1.28529167069595
1.4	0.413655788199695
1.46285714285714	1.10010512793869
1.5	0.5
1.44126984126984	0.827718042556945
1.49444444444444	0.572599659771441
1.33619047619048	0.922074954774406
1.41666666666667	0.877971146071062
1.84444444444444	0.673575314054563
1.16666666666667	0.577350269189626
1.94444444444444	0.787635937708768
1.83412698412698	0.217128410825492
1.22222222222222	0.774297770264797
1.52222222222222	0.674193619843022
NA	NA
1.36111111111111	1.34715062810913
1.47410714285714	1.14389229533787
1.41666666666667	0.794949334514122
NA	NA
1.36666666666667	0.481702228598786
1.79619047619048	0.715023957122598
1.59444444444444	0.208388881483456
2.19047619047619	0.894997434724405
1.86607142857143	0.536936436611869
1.33333333333333	0.876651879892195
2.05555555555556	1.1097213530799
NA	NA
2.32371794871795	1.0637356488207
1.44444444444444	0.53575837561072
1.78888888888889	0.252945609729605
1.53333333333333	0.763762615825973
1.33333333333333	0.288675134594813
1.575	1.21757956618859
1	0.5
NA	NA
1.91111111111111	0.934126646977053
1.77678571428571	0.906971768643129
1.60714285714286	1.01370055406076
1.3125	0.746519702798705
NA	NA
2.08461538461538	1.73692495060197
1.33333333333333	1.44337567297406
1.67724867724868	1.30890201384395
NA	NA
1.62698412698413	1.16674764863092
2.02857142857143	0.686358824066646
2.0462962962963	0.935036200087061
1.85634920634921	0.849947755274935
1.52777777777778	0.774297770264797
1.55555555555556	0.838870492807861
1	0
NA	NA
1.5968253968254	1.44337567297406
1.38888888888889	0.53575837561072
1.41111111111111	0.505891219459209
1	0.707106781186548
2.28333333333333	0.661437827766148
1.16666666666667	1.02740233382816
2.03571428571429	0.253378531592771
1.93920454545455	0.899734878735234
1.5	0.80363756341608
