2.71429110105581	1.65985756044597
2.23371647509579	1.24421969109745
1.83333333333333	1.44337567297406
2.4993265993266	1.57828285521886
3.1557734204793	1.49648078253958
2.30952380952381	1.8291154324717
2.87085877085877	0.695606566519889
2.50197377501725	1.3485511529565
2.56510989010989	1.32024829314624
3.64338768115942	1.75594229214212
2.77247474747475	2.52986330328999
2.83876811594203	0.655506781762613
3.22637362637363	0.833363576045573
1.89675602175602	1.72531587848748
3.38387096774194	1.08182410414063
2.93234981392876	1.72440143483817
2.33053221288515	0.817569458155058
3.25608465608466	1.58447473147638
1.90793650793651	1.64481135209355
2.70304487179487	1.96920005144033
2.2218487394958	1.84731170992695
2.88333333333333	1.25
1.95226495726496	1.64392615891474
1.84166666666667	1.16432304286575
2.2018115942029	1.25875947874517
2.97525252525253	2.4061146725727
2.35147058823529	1.42343161676359
1.30096548188653	0.640166162497904
1.44607843137255	0.79619146425396
2.4	1.25962957517941
2.13181818181818	1.07909568869336
2.04945646945647	1.20049638982489
2.47736291486291	1.74024828293315
2.77152194211018	1.84355865367707
1.57777777777778	0.902055266435324
3.04041847041847	1.92896457224793
2.06944444444444	1.03441923229808
2.46920352954836	2.19190565215017
2.10768518518518	1.43300312015949
2.64733031674208	1.60015777781577
0.985119047619048	0.954492450992813
2.95144855144855	2.05495209564251
1.67647058823529	0.91439279680628
2.98406444099379	1.73989348464661
2.28547008547009	1.86797350234923
1.95752164502165	1.39303876756074
2.40811965811966	1.19838082009132
2.38445764761554	0.645013991243986
1.94404761904762	1.64156587452595
2.4722582972583	1.78080144560241
2.21707717569787	1.09094024325258
2.23145873734109	1.23552137227512
2.23684210526316	2.27690304428376
1.81623931623932	0.48852715085276
2.26884840305893	1.51535352188732
2.86963118580766	0.775604721425217
2.66934046345811	0.728928857767215
2.3149386845039	1.60776364477744
1.39727564102564	0.868970628792311
2.98095238095238	1.14555501670426
1.67301587301587	0.63098981620003
2.75277777777778	1.21430516635524
1.66807692307692	1.04280762848105
2.56602564102564	1.3856406460551
2.99628205128205	1.08263875169267
NA	NA
2.33333333333333	1.0434983894999
2.64233766233766	1.56209058727952
1.63920491273432	0.433012701892219
3.88200602079912	1.83585684909537
3.32915471625149	2.65743137118785
1.37950937950938	0.63098981620003
2.85119047619048	2.16808706857245
1.79723479135244	0.838870492807861
2.25267183796596	0.912870929175277
1.53809523809524	0.732006375199925
1.61481481481481	0.740481436095225
2.80357142857143	0.918211438013032
3.09734848484849	1.7042634446848
0.664123376623377	0.51517790003005
2.86363636363636	0.477453068381477
1.44444444444444	0.947706783846221
2.33465608465608	1.88629969045585
2.32857919254658	1.80877099552308
2.66953342953343	1.21071993500238
1.56212121212121	0.577350269189626
3.18404344193818	1.89541356769244
2.5423835125448	1.22363494198206
3.16296296296296	1.60024003686415
3.29703553756185	0.71264764552103
1.96671370967742	1.77473414899336
2.50185185185185	1.55497343605326
2.42777777777778	1.88453747149837
2.61108989050166	1.67759680094123
1.09444444444444	0.384900179459751
2.83967391304348	1.48800161736287
2.3571468903767	1.51853942730456
2.55882352941176	1.15401390671249
2.00286519036519	1.38454180815117
1.79212801087801	1.07947905123066
