2.41287878787879	1.78685127124916
1.29166666666667	0.385140666943045
1.69325396825397	1.49455044343332
1	0.707106781186548
1.20079365079365	0.696485888293936
2.41509331005129	1.27079584240451
NA	NA
1.82857142857143	1.26197963240006
2.32864357864358	0.87394170554059
1.72222222222222	0.87533062536604
1.2125	0.838691109871672
1.59404761904762	1.23647301003101
NA	NA
2.33333333333333	0.838870492807861
1.61309523809524	1.10816644950955
1.19126984126984	0.606465931381084
2.15111813138129	1.71062877110752
1.15	0.926837514226619
NA	NA
1.40591630591631	1.36437883769992
1.79166666666667	0.616610357789531
1.0981240981241	1.05847549351431
2.08334998334998	1.70478275531597
2.29350649350649	1.04708001946164
1.42478354978355	0.835514482652717
1.325	0.87034475927646
1.62896825396825	1.92450089729875
1.77136363636364	0.948478555502408
1	0.5
2.31626373626374	1.13299014411718
1.46666666666667	0.523874454850057
1	0
1	0.763762615825973
1	0.866025403784439
1.5	0.707106781186548
1.84421134421134	1.23090989224698
1.13888888888889	0.917928424547684
1.53333333333333	1.15470053837925
1.2	0.799305253885453
1	0.763762615825973
1.55	0.525198375219624
1.73761423761424	0.370168155975558
1.5	1.0137937550497
1.25	0.763762615825973
1.95	1
1.68655122655123	1.17424668518965
2.28253968253968	1.44542701623405
1.3375	0.603749856222665
1.48470418470418	0.352481473939358
1.94563492063492	1.24814677437005
1.31666666666667	0.988264472024906
3.00330687830688	1.15437333800549
NA	NA
1.18888888888889	0.683401080652524
1.99259259259259	0.809536777570163
1.65	0.797530201164011
1.41666666666667	0.80363756341608
1.79583333333333	0.739384754248297
2.9952380952381	0.783546793900206
1.73928571428571	1.41278111939098
NA	NA
2.13511904761905	0.979499569500441
2.17407407407407	1.00205550062731
1.52585034013605	1.31697860903682
2.28888888888889	0.346944333244355
NA	NA
1.41047619047619	1.05234001213191
1.31515151515151	0.855131568824353
1.45555555555556	1.06736088520203
3.12923976608187	1.05000598473039
1.29166666666667	0.939118972465387
1.05555555555556	0.693888666488711
0.741666666666667	0.75
NA	NA
1.69833333333333	0.988306632579181
1.86190476190476	1.4496539582395
2.32166444666445	1.49698817361231
1	0.707106781186548
1.25	0.577350269189626
NA	NA
1.61924603174603	1.21856491947001
NA	NA
1.22796092796093	0.665654202742298
1.00515873015873	0.513069917984616
NA	NA
2.42777777777778	1.7736497211494
1.35119047619048	0.763762615825973
2.01904761904762	0.904448567296313
2.53873348873349	1.07319897496593
1.33333333333333	0.881917103688197
1	0.707106781186548
1.825	1.1557024479286
1	0.707106781186548
NA	NA
1	0.707106781186548
2.31121933621934	1.29957257930786
1	1.15470053837925
1.98333333333333	1.0137937550497
NA	NA
NA	NA
