NA	NA
1.60079365079365	0.974449828947495
1.49583333333333	0.906905095283873
2.12063492063492	1.55352961690376
1.025	0.270030862433661
1.73888888888889	0.917928424547684
2.02580086580087	0.680531268486186
1.33333333333333	0.746349138833185
1.4	0.678232998312527
1.38888888888889	0.673575314054563
2.1	0.264575131106459
2.28571428571429	0.563656219102862
2.11111111111111	0.419435246403931
NA	NA
1.71666666666667	0.55075705472861
1	0.707106781186548
2.41269841269841	0.441814782848152
NA	NA
1.58650793650794	1.13224320654195
NA	NA
1	0.707106781186548
1.16666666666667	0.288675134594813
1.16666666666667	1.3228756555323
1.30833333333333	0.388372673257701
1.33333333333333	0.763762615825973
2.04047619047619	0.786795792469443
1.88888888888889	0.787635937708768
1.93333333333333	1.21243556529821
1.71111111111111	0.649002082973317
1.22222222222222	0.673575314054563
1	0.866025403784439
1.7	1.15108644332213
NA	NA
NA	NA
1.78333333333333	0.450924975282289
1.22222222222222	0.585314097380708
1.44444444444444	0.693888666488711
1	0.5
1.75	0.353553390593274
1.55555555555556	1.18243314743293
1.48888888888889	0.989575292364992
1.44444444444444	0.509175077217316
1.5	0.25
NA	NA
1.71428571428571	0.762395675179811
1.38888888888889	0.728074579004509
1.33333333333333	0.781735959970572
1.5	0.707106781186548
1	0.866025403784439
1.7	0.33291640592397
1.9625	0.900963989908093
1.66666666666667	0.707106781186548
1.58333333333333	1.3228756555323
1.5	0.166666666666667
1.25	0.763762615825973
2.06428571428571	0.590670304328242
1	0.5
1.53428571428571	0.844579052256332
1.33333333333333	0.763762615825973
1.75	1.06066017177982
1	0.763762615825973
1.5	0.707106781186548
1.92857142857143	0.686358824066646
1.6875	0.554594548637728
NA	NA
1.9452380952381	0.929486728378245
2.16666666666667	0.703489842985436
1.11111111111111	0.673575314054563
1.66666666666667	0.288675134594813
1.45	1
1.5	0.707106781186548
1	0.763762615825973
1.85515873015873	1.49097076670218
1	0.5
1.47222222222222	0.336787657027282
1.27777777777778	0.254587538608658
2.34444444444444	1.52752523165195
0.898412698412698	0.336787657027282
1	0.763762615825973
1.27777777777778	0.254587538608658
1.41666666666667	0.0833333333333334
1.22222222222222	0.346944333244355
1.66111111111111	0.158406415882036
1.44444444444444	0.0962250448649377
1.25	0.763762615825973
1.45	0.763762615825973
1.16666666666667	0.577350269189626
1.02222222222222	0.619438216211838
1.22222222222222	0.822147143719374
2.07407407407407	0.500164581966274
1.33333333333333	0.577350269189626
1.81666666666667	0.833333333333333
1.65714285714286	0.495258126884252
1.27777777777778	0.254587538608658
1.5	1.89296944860009
1	0
1.16666666666667	0.577350269189626
1.61666666666667	0.763762615825973
1.27619047619048	1.36191586187063
2.16166666666667	0.97598952635546
