1.41666666666667	0.629152869605896
1	0.707106781186548
1.49484126984127	1.00063178161353
1.25	0.353553390593274
NA	NA
NA	NA
1.86458333333333	0.763076588311835
1.54338624338624	0.528021386273454
1.9952380952381	1.27279220613579
1	0.707106781186548
1.52380952380952	1.11116779900743
1.66666666666667	1.15470053837925
1.41666666666667	0.346944333244355
1	0.707106781186548
1.22222222222222	0.585314097380708
1	0.707106781186548
1.76111111111111	0.673575314054563
1.54095238095238	0.687938137720471
1.66666666666667	0.901387818865997
1	0.707106781186548
1	0.763762615825973
1.2	0.828318242652612
1.87777777777778	0.633625663528145
1.11111111111111	0.947706783846221
1.1875	0.688446318410763
1.16666666666667	0.577350269189626
1.96095238095238	0.994736145920113
NA	NA
NA	NA
NA	NA
1.75	1.76776695296637
1.57777777777778	0.898352401364318
1.13888888888889	0.917928424547684
NA	NA
1.33333333333333	0.440958551844098
1.98634920634921	0.914961376773716
1.57777777777778	0.637994543109137
1.05555555555556	0.693888666488711
1.83333333333333	1.52752523165195
1.33333333333333	0.881917103688197
1.33333333333333	0.440958551844098
1.52777777777778	0.867360833110889
1.80888888888889	0.530397009469625
1.65416666666667	0.898597157714096
NA	NA
1	0.763762615825973
1.59761904761905	1.03510655404711
1.5	0
1.05	0.817771361689806
1.41666666666667	0.629152869605896
1.28888888888889	0.714207667693783
NA	NA
1.69642857142857	0.458449274142136
NA	NA
1.38888888888889	0.26787918780536
1	0
NA	NA
NA	NA
1.16666666666667	0.763762615825973
NA	NA
1.52222222222222	0.958345410551919
1.52	0.77445321212955
1.7	1.08253175473055
1.80952380952381	1
1.49166666666667	0.561166113915842
1	0.763762615825973
1.33333333333333	0.577350269189626
1.22222222222222	0.585314097380708
NA	NA
1.75	0.353553390593274
1.16666666666667	0.288675134594813
1.61111111111111	0.192450089729875
NA	NA
NA	NA
1.5	0.707106781186548
1.41666666666667	0.629152869605896
1.66666666666667	1.15470053837925
1.22222222222222	0.53575837561072
2	1.5
2	NA
NA	NA
1.22222222222222	0.346944333244355
1.13333333333333	1.18356805183873
1	1.15470053837925
NA	NA
1.395	0.970477402564783
NA	NA
NA	NA
1	0.577350269189626
1.33333333333333	1.092906420717
1.27777777777778	0.481125224324688
1.71789321789322	1.15234159712413
2.01785714285714	1.01036297108185
NA	NA
NA	NA
1.16666666666667	0.763762615825973
NA	NA
NA	NA
1.78511904761905	0.546521069737867
1.61666666666667	0.720082299823096
