1.56142857142857	1.1589924958524
1.78888888888889	0.619438216211838
1.395	1.12306314752704
1.56216931216931	0.538215013748787
1.38015873015873	0.577350269189626
1.42666666666667	0.896722427014687
1.52777777777778	1.00115673838556
1.95555555555556	0.976577546180386
1.67857142857143	0.544504601239489
1.66666666666667	0.763762615825973
2.63968253968254	1.49915335768943
1.6452380952381	0.736107153542607
0.783333333333333	0.577350269189626
1.76111111111111	0.667984807988702
1.8219696969697	1.03667998302532
1.27777777777778	0.254587538608658
1.02222222222222	0.477842372894382
0.727777777777778	0.473853391923111
1.92222222222222	1.30717393781536
1.12698412698413	0.167232599251631
2.30238095238095	0.801171017948103
NA	NA
1	0.707106781186548
NA	NA
1.97222222222222	0.976577546180386
1	0.816496580927726
1.99722222222222	1.31519784457334
1.88888888888889	1.26197963240006
1.83333333333333	1
1.33333333333333	0.763762615825973
1.93968253968254	1.22921110454282
1.51666666666667	0.52032753217636
1.80634920634921	0.0333616659634662
1.71666666666667	0.680685928555404
1.27083333333333	0.758821576647096
NA	NA
1.77777777777778	0.375770812735241
1	0.652630006915041
2.10648148148148	0.864836624358194
1.21746031746032	0.353684312053267
1.31666666666667	0.680685928555404
1.53174603174603	1.4174834246859
NA	NA
1.5297619047619	0.810311241678173
1.95555555555556	1.56009258984488
2.64563492063492	1.25830573921179
1.66017316017316	1.16030633402491
1.2	1.26197963240006
1.22222222222222	0.585314097380708
1.68452380952381	0.957427107756338
NA	NA
NA	NA
1.47222222222222	0.787635937708768
1.85	0.763762615825973
1.65	0.404145188432738
1.25	0.75
2.25555555555556	0.494787646182496
1.26560846560847	0.766668857555996
1.75416666666667	0.697498838443212
1.74672619047619	1.13898002027407
1.16666666666667	0.763762615825973
1.88463203463203	1.40435829552939
2.16642857142857	0.824225053474784
1.84333333333333	1.20540449642433
1.36111111111111	0.63098981620003
1.5	0.707106781186548
NA	NA
1.44444444444444	0.774297770264797
NA	NA
1.55	1.03319891598859
1.475	0.874483974822994
1.36111111111111	1.01835015443463
1.4	1.2678722333106
1.64583333333333	1.29345753985487
1.25	1
1.11111111111111	0.947706783846221
1.775	0.647506701273044
1.50740740740741	0.734365155130579
1.79285714285714	1
1.25	0.288675134594813
1	0.763762615825973
1.90634920634921	1.16887141852563
1.53333333333333	0.661437827766148
1.53888888888889	0.943005439676389
1.2015873015873	0.407958896303682
2.01931216931217	1.18807518017374
1.7	1.18145390656315
1.43888888888889	1.38206099452687
2.00992063492063	0.437584351008947
1.16666666666667	0.288675134594813
1.47222222222222	0.554860676539949
1.84285714285714	0.912585224175375
1.71111111111111	0.309719108105919
1	0.707106781186548
1.33333333333333	0.661437827766148
1	0
1.59444444444444	0.549326186577027
1.29333333333333	1.05761786839839
1.19444444444444	0.883228505310258
0.995238095238095	0.142916654271037
