1.5	1.4142135623731
1.78547378547379	1.1521389119258
1.26666666666667	0.269430125621825
2.35515873015873	1.82764268328844
1.81111111111111	0.22194427061598
1.76349206349206	1.08440118310795
1.83928571428571	1.18432936906157
2.03333333333333	0.888819441731559
1.45	1
1.22222222222222	0.585314097380708
1.35833333333333	1.64418166068514
2.14126984126984	1.43996514613065
1.22222222222222	0.822147143719374
1.53928571428571	1.22385931897954
2.86746031746032	1.0777205024873
1.30833333333333	0.697150284026707
1.77916666666667	0.670975657780022
1.98253968253968	0.702978103852229
2.16428571428571	0.708020138842676
2.20238095238095	1.01036297108185
1.85119047619048	0.877971146071062
1.16666666666667	0.763762615825973
1.61666666666667	0.954375886814694
2.22222222222222	0.917928424547684
1.56388888888889	0.746950590859386
2.15010683760684	0.774706246460845
2.68290598290598	1.24473469189647
1.29166666666667	0.647287788762836
NA	NA
1.55555555555556	0.947706783846221
1.47222222222222	0.280541803843391
2.475	0.793856620135735
1.91666666666667	0.569275042553311
1.33333333333333	0.763762615825973
1	0.763762615825973
1.66666666666667	0.45133546692422
2.09047619047619	1.09678979107438
1.69213286713287	1.07237524095753
2.33412698412698	0.507953093727226
2.07580382580383	1.56140974621353
2.13227513227513	0.283315918424978
1.89102564102564	0.897849797716332
1.86011904761905	0.894106269080003
2.02777777777778	1.05950770849586
2.10027972027972	1.1586683088735
1.54444444444444	1.18337245631727
2.52857142857143	0.286783712855496
2.2387987012987	0.535428549885751
1.92063492063492	0.426139484401867
2.20793650793651	1.15470053837925
2.58956043956044	0.78986741453511
2.3	0.938194187433142
1.27777777777778	0.509175077217316
1.78888888888889	0.542968521016472
1.9468253968254	1.4976196785019
2.28363636363636	0.98464054700318
1.94025974025974	1.14523807478353
2.04285714285714	1.00346621489936
1.775	0.794949334514121
1.36111111111111	0.63098981620003
NA	NA
1.55119047619048	0.869638850853955
1.97619047619048	1.04083299973307
2.88333333333333	0.750555349946514
1.9	0.251661147842358
1.81666666666667	0.680685928555404
2.43482905982906	1.2261029330227
1.8125	1.08733236255832
1.625	1.04858811600983
1.99200184347243	0.824026829547749
1.92063492063492	0.990048217639438
2.18968253968254	0.791942606164617
1.55555555555556	0.502309481111809
1.47222222222222	0.756147643823122
1.42258852258852	0.472277716505638
1.66111111111111	0.714207667693783
2.14285714285714	0.624063924861007
2.10357142857143	1.64822889132732
1.87261904761905	1.35604592260649
2.59047619047619	0.705601976797021
NA	NA
1.65555555555556	0.958200473882239
2.57301587301587	0.943005439676389
1.4375	0.776074523912921
1.89153439153439	1.42760843497837
1.99134199134199	1.19376954927408
NA	NA
0.499333999333999	0.354214537610686
1.9	0.115470053837925
1.98730158730159	0.806132016744315
1.96190476190476	1.19807101194373
2.48658008658009	0.763762615825973
2.10512820512821	1.32159251078216
1.66190476190476	0.808921344443697
1.80909090909091	0.346463174011065
2.10833333333333	0.955704765416316
1.88888888888889	1.4174834246859
2.16349206349206	1.01223057313152
1.16666666666667	0.763762615825973
2.28611111111111	0.616610357789531
