2.06507936507936	0.689495746162231
1.63333333333333	0.980008503364469
1.36111111111111	1.17285067408588
1.55555555555556	0.800751961411087
1.83650793650794	0.433871547845943
1.81666666666667	1.17023264543613
2.35769230769231	0.941326019270801
1.52777777777778	1.3522957160709
1.9015873015873	1.68860616442486
2.07619047619048	0.528056377117979
1.95555555555556	0.585314097380708
2.55247715247715	1.43393054681796
NA	NA
1.53333333333333	0.253859103528797
1.71111111111111	1.28941560119016
1.79444444444444	0.263698761917907
1.91898577612863	1.0730524353416
1	0.707106781186548
1.63333333333333	0.6557438524302
1.55654761904762	0.766440800308758
1	0.763762615825973
1.41136363636364	0.726280395446495
1.80625	1.36626645562927
1.43333333333333	0.679324283005901
1.66666666666667	1.28769688409428
2.65	1.39194109070751
1.58333333333333	0.866025403784438
1.52222222222222	1.25841243312829
1.52777777777778	0.458964212273842
2.00277777777778	0.454631515421902
2.57121212121212	1.2106051124508
1	0.5
1.92051282051282	1.86614576065215
1	0.707106781186548
2.47857142857143	1.25033328890074
1.73888888888889	0.917928424547684
1.66666666666667	1.01036297108185
1.58888888888889	0.423390197405725
1.41666666666667	0.650854139658888
2.25	0.785811682275086
2.07857142857143	1.22057196361679
2.02271728271728	0.460346145778977
2.11666666666667	1.48312264421314
1.84861111111111	0.674721783846281
2.12554112554113	0.832172689241348
1.99494949494949	1.65893523553588
1.38888888888889	0.26787918780536
1.5297619047619	1.24676452015105
1	0.707106781186548
1.97777777777778	0.483429109284602
1.7515873015873	1.02208541922014
1.29166666666667	1.44337567297406
1.64206349206349	0.731186302469571
2.14220085470085	1.22537787066926
2.05525793650794	1.42536646522401
1.02619047619048	0.31999385859564
1.38333333333333	0.628711203795334
1.77083333333333	1.05801978440742
1.33809523809524	0.160727512683216
1.85	1.36503968196288
2.03419913419913	1.07669080306254
1.4968253968254	0.238491733354234
1.08333333333333	0.760345316287277
1.575	0.523609269080167
2.08463203463203	1.69685220976223
1.64880952380952	1.03180708000097
2.19814814814815	0.288960105182067
1.91904761904762	1.12459617342759
1.60144110275689	0.5259139622544
2.86904761904762	0.707106781186548
1.39444444444444	0.958635218152078
0.95491452991453	0.801549736863372
1.60039682539683	1.24709999956664
2.16696428571429	1.19414805754284
NA	NA
1.22222222222222	0.63098981620003
1.44444444444444	0.509175077217316
1.36349206349206	0.576467531448923
2.50054112554113	1.59078981795144
1.55555555555556	0.976577546180386
2	1.08333333333333
1.88392857142857	0.382113186802477
1.39166666666667	0.703759744357247
1.16666666666667	0.577350269189626
1.74166666666667	0.712000312109794
1.08946608946609	0.934476860664368
2.11507936507937	0.669404807776449
2.04312169312169	0.480850435351221
1.72222222222222	0.38490017945975
1.46190476190476	0.400021257938526
NA	NA
2.56018518518519	1.61907355514033
1.47222222222222	1.34715062810913
1.51666666666667	0.489141348956781
1.41666666666667	0.80363756341608
1.84583333333333	1.1569536147429
1.9	1.38924439894498
2.19401709401709	1.66987675737898
1.58333333333333	0.661437827766148
2.15686813186813	1.57282216504433
