1.16666666666667	0.600925212577332
1.65	0.814452781524708
NA	NA
NA	NA
1.7	0.763762615825973
1.97900432900433	1.15470053837925
NA	NA
1.65	0.879884953197972
1	0.763762615825973
1.66666666666667	1.04083299973307
2.25396825396825	0.646082444093153
NA	NA
NA	NA
1.5	0.629152869605896
NA	NA
1.2	1.15470053837925
NA	NA
2.08333333333333	1.4142135623731
1	0
1.16666666666667	0.820738150149675
1.77777777777778	1.27093207118006
1	1.15470053837925
1.27777777777778	0.254587538608658
1.38888888888889	1.26197963240006
1.38888888888889	1.03525806408801
0.472222222222222	0.192450089729875
1.36111111111111	0.973015549340944
NA	NA
NA	NA
1.68095238095238	1.24391261513995
1.29166666666667	0.774297770264797
2.05555555555556	0.693087563277808
NA	NA
1.88148148148148	0.744554994555604
NA	NA
1	0
1	1.15470053837925
1.08333333333333	1.06066017177982
1.93928571428571	1.10682022948994
1.44444444444444	0.63098981620003
1.47222222222222	0.774297770264798
1	0
1.58769841269841	1.03134019796111
1.71666666666667	0.832666399786453
1	0
1.5	0.661437827766148
1	0.5
1.55833333333333	0.85
1.58968253968254	1.05469494394926
1	0
1.22222222222222	0.822147143719374
NA	NA
1	0
NA	NA
1.41111111111111	0.567972351961425
1.72519841269841	1.0635333986676
1.38888888888889	0.838870492807861
NA	NA
1.44444444444444	0.509175077217316
1.8	0.854400374531753
1	0.707106781186548
1.71428571428571	1.00677973866028
1.10126984126984	0.409878030638384
1.79166666666667	1.18145390656315
NA	NA
1.40277777777778	0.882354454126033
1.16666666666667	0.577350269189626
1	0.707106781186548
1.41666666666667	0.629152869605896
1.52777777777778	1.28109472862225
NA	NA
2	NA
1.36111111111111	0.315494908100015
1.425	0.525903103312838
1.44444444444444	0.917928424547684
1.45555555555556	0.542968521016472
1.59325396825397	1.0242650795262
1.33333333333333	0.763762615825973
NA	NA
1.36111111111111	0.502309481111809
NA	NA
1.65	0.814452781524708
1.42777777777778	0.733396461929269
NA	NA
NA	NA
1.34444444444444	1.49381440663875
1	0.707106781186548
1.25	1.15470053837925
2.02380952380952	0.861101967620244
1.41666666666667	0.682112730989371
1.41666666666667	1.12731243820572
1.5	0.25
1.33333333333333	0.577350269189626
1.45	1.12694276695846
1.8	0.838649708360608
1.41666666666667	0.877971146071061
1.7	0.520416499866533
1.71111111111111	0.793258633271179
1.58333333333333	0.743116560320265
1.14583333333333	0.842656184006529
