NA	NA
1.65555555555556	1.0335125292652
1.275	0.966235536042383
1.44444444444444	0.63098981620003
1	0.707106781186548
1.41666666666667	0.363241578628389
1	1.15470053837925
1.33888888888889	1.49613700105503
1.38888888888889	1.35486093313969
1.475	1.20719294846135
1.25	0.763762615825973
1	0
1.35	0.712097839719608
1.48333333333333	0.837157890324957
1.89880952380952	0.895142577646683
1.45	1
1.41666666666667	0.629152869605896
1.2	1.3228756555323
1.81458333333333	0.850091906795965
1.11111111111111	0.751541625470482
1.36666666666667	0.912870929175277
1.25	0.353553390593274
1	0.707106781186548
1	0
1.25	0.353553390593274
2.0843253968254	0.732608718880293
1	0.5
1	0
1.16666666666667	0.471404520791032
NA	NA
1.86666666666667	0.568624070307733
NA	NA
NA	NA
1.975	0.82915619758885
1.38888888888889	0.529237746757157
1.25	0.763762615825973
1	0
1	0.763762615825973
NA	NA
1.33333333333333	0.763762615825973
1.92222222222222	0.585314097380708
1.44666666666667	0.64295325560175
NA	NA
2.02380952380952	0.610285981808395
1	0
2.10720390720391	1.19363334841841
1.33333333333333	0.440958551844098
1.85178571428571	1.37800228814122
NA	NA
1.52777777777778	1.04194440741728
1.58333333333333	0.144337567297406
1.95555555555556	0.480654560557124
1.22222222222222	0.585314097380708
1.31666666666667	0.988264472024906
1.63333333333333	0.750555349946514
1.7797619047619	0.345785007414991
NA	NA
1.33333333333333	0.763762615825973
1.02777777777778	1.07151675122144
1.27777777777778	0.254587538608658
1.325	0.939118972465387
2.14444444444444	1.01036297108185
1.22222222222222	0.346944333244355
1	0.707106781186548
1	0.5
1.05555555555556	0.693888666488711
1.25	0.763762615825973
1.73150183150183	1.16832265393417
1	0.763762615825973
1	0
1.33333333333333	0.600925212577332
NA	NA
1.63333333333333	0.74405047618499
1.5	1
1.5	0.5
1.22222222222222	0.53575837561072
1.3125	0.752695772491068
1.44801587301587	1.42884970283547
2.0031746031746	1.03134913000726
1.11111111111111	0.647287788762836
1.42857142857143	1.23769453222596
1	0.5
1.66666666666667	0.763762615825973
NA	NA
1.44444444444444	0.346944333244355
2	NA
1.45059523809524	0.993840392809349
1.16666666666667	0.288675134594813
1.71666666666667	0.680685928555404
1.13888888888889	1.26197963240006
1.86666666666667	1.15470053837925
1.53333333333333	1.12731243820572
1.5	0.25
1.98015873015873	1.23404404355603
1	0.707106781186548
1.36111111111111	1.00115673838556
NA	NA
1.575	1.78535710713571
1	0.707106781186548
NA	NA
