1.54333333333333	0.773214789764856
2.9768115942029	1.40795022249635
1.30017482517483	0.501337623100357
1.14772727272727	0.641864312700408
1.690061339221	1.06065222560842
3.07957875457875	1.28255823310358
2.00673076923077	1.19574102448362
2.56602564102564	0.789348052797347
2.28928571428571	0.466364900813201
1.63484848484848	1.13953345777007
2.22342311283488	1.62367339522248
2.571875	0.948429348537184
2.66346153846154	1.40275295998773
2.42370248538012	1.62492169801029
2.10892857142857	0.817732367275379
1.75917872976697	0.353187366038303
2.3664072039072	1.24929690327861
2.13392857142857	1.28127540625217
1.83717948717949	1.11227063101005
2.66411088911089	1.41460360337703
2.5017316017316	1.26227308191743
2.51851851851852	0.897255188019542
2.17	1.44435683494996
2.26412337662338	1.82111075100709
2.14761904761905	1.3277305753524
2.34400974964885	1.40224644206768
1.4447619047619	0.973885781156717
2.38280701754386	1.10247936813169
1.61746031746032	1.17591826316832
1.63313492063492	0.637146684674114
1.99198717948718	1.05676363587478
0.945833333333333	0.257135814620394
2.19268368370536	1.0654453130114
2.09864672364672	1.42668072258275
1.91190476190476	1.45321989821305
1.86574074074074	1.25896987415622
2.92457142857143	1.501592487994
1.57142857142857	1.32586129111054
2.66584216698633	1.50667925568501
3.115336417968	0.863882479129498
2.0017316017316	0.793680325437705
2.47819368131868	0.539789251547417
2.53230710466005	1.44682002004922
2.1875	0.616610357789531
2.40319432120674	0.67760938612711
2.49953401781934	1.19736442081405
2.20952380952381	1.75919998308858
2.34166666666667	1.49343212305509
2.27131934880976	1.24751746100628
2.65891171283328	1.23396538923469
2.15291005291005	1.53364900844201
2.72444684944685	1.43024299618446
1.96813725490196	0.607230083001841
2.31435897435897	0.816038682998485
2.23632625320268	1.33318659365162
2.2639834881321	2.00303234204119
2.45982938629997	1.07892616190457
1.96363636363636	0.472222222222222
2.08732517482517	1.28665301891517
2.38719124013242	1.39933283834854
1.84642857142857	1.55047782360196
2.02261904761905	0.882051009506324
2.1647382029735	0.992242509187732
2.00043498168498	1.14976970322505
2.47412280701754	1.37689263682153
2.16447903947904	1.09075720933662
1.90596494032396	1.40707807329563
1.5625	0.461130633232439
2.1290404040404	1.5
2.73574561403509	1.13846841925614
1.875	1.37689263682153
1.81944444444444	1.31383309724158
2.72992424242424	0.517416478046363
1.83063909774436	0.378946436029406
2.46468253968254	0.634492415118203
2.65962683150183	1.35458059912913
1.93888888888889	1.1570964782658
2.51374269005848	1.1215134788121
2.24166666666667	1.00013887924517
1.00059523809524	0.673256475598264
2.64991725043158	1.47538278486482
1.45457264957265	0.936424287273613
1.79242424242424	1.51366492728431
2.89458532695375	1.12308343636958
2.40451680672269	1.65115271011159
1.58337789661319	1.31512290426434
1.97014190291501	0.514825383473705
2.10706070889894	1.349720645287
2.39587912087912	0.784380143682572
2.40694444444444	0.819933940428537
1.675	0.6175950219287
1.875	1.33908728688789
1.92378079436903	0.996325189703408
2.17557279321985	0.656412062017838
2.09151515151515	1.46533349438632
1.95883838383838	1.38337979941211
2.04436274509804	2.06970159594823
2.95095238095238	1.69196329626809
2.57142857142857	1.52863818278805
2.59725490196078	1.90078930973425
