NA	NA
1.04166666666667	0.458964212273842
1	1.09544511501033
1.33333333333333	0.577350269189626
1.71309523809524	0.761263370903305
NA	NA
1.125	0.75
1.68125	0.916980658962644
1.66666666666667	0.687184270936277
1.1875	0.951059350876111
1.27083333333333	0.299498036845109
NA	NA
1.125	0.671854812358212
NA	NA
1.16666666666667	0.827759134763963
NA	NA
NA	NA
1.475	0.908957481790927
1.10416666666667	1.03273952472341
1.1875	0.779883063409248
1.1875	0.458333333333333
1	0.707106781186548
NA	NA
1.55	0.637704215656966
1	0.408248290463863
NA	NA
1.22916666666667	0.478108735501625
1	0.90267093384844
NA	NA
NA	NA
1.25	0.787635937708768
NA	NA
NA	NA
2.22486772486773	1.3326796709638
1.33	0.444315953648602
NA	NA
NA	NA
1.29166666666667	0.99186505951984
NA	NA
NA	NA
NA	NA
NA	NA
1.125	0.478713553878169
1.3125	0.42149974737482
1.28452380952381	1.31582251420505
1	0.707106781186548
1	0.5
1	0.5
1.73125	0.928194558747728
1.16666666666667	0.45133546692422
1	0
1.5	0.707106781186548
1	0.5
1	0.408248290463863
NA	NA
NA	NA
NA	NA
NA	NA
NA	NA
NA	NA
NA	NA
1.66666666666667	0.288675134594813
1.33333333333333	0.288675134594813
1.38	0.712429333727602
NA	NA
1.125	0.25
NA	NA
1.125	0.478713553878169
NA	NA
NA	NA
1.45	0.776745346515403
1.16666666666667	0.577350269189626
1.23333333333333	0.245798020062544
NA	NA
1.16666666666667	0.726483157256779
NA	NA
1.33333333333333	1.04083299973307
NA	NA
1.22666666666667	0.833799869406455
NA	NA
NA	NA
NA	NA
NA	NA
NA	NA
1.30952380952381	1.02672618875076
1	0.623609564462324
NA	NA
NA	NA
NA	NA
1.32	0.737337552730543
NA	NA
1.575	0.40034707164881
1.25	0.866025403784439
NA	NA
NA	NA
NA	NA
NA	NA
NA	NA
1.325	1.06392877790031
1.33333333333333	0.862167810425171
