1	0.799305253885453
NA	NA
NA	NA
1.5	0.707106781186548
1.5	0.490653381462658
1.36666666666667	0.912870929175277
NA	NA
NA	NA
NA	NA
1	0.5
NA	NA
1.5	0.5
1	0.763762615825973
NA	NA
NA	NA
1.3375	1.02824688993776
1.28333333333333	1
NA	NA
NA	NA
NA	NA
1.32	0.910768905925098
0.864285714285714	0.649797194944564
1.28333333333333	0.707106781186547
NA	NA
NA	NA
1.1875	0.779883063409248
1	0.5
1.3125	0.746519702798705
NA	NA
NA	NA
1	0.847791247890659
NA	NA
NA	NA
1.4	0.798609903380729
NA	NA
NA	NA
1.42952380952381	0.789021898020299
1	0.707106781186548
1	0.763762615825973
NA	NA
1.16666666666667	0.288675134594813
NA	NA
NA	NA
1.125	0.25
1	0.799305253885453
1	0.5
1	1.06718737290547
NA	NA
1.38	0.61907188597125
NA	NA
2.01958874458874	0.999489665697818
NA	NA
1.3125	0.800390529679106
NA	NA
NA	NA
NA	NA
NA	NA
NA	NA
NA	NA
NA	NA
1.525	1.10264832713487
1	0.408248290463863
1.40416666666667	0.517897279962535
NA	NA
1	0.666666666666667
NA	NA
NA	NA
NA	NA
1.33333333333333	0.623609564462324
1.25	0.824115687671741
1.4	0.912870929175277
NA	NA
1	1.15470053837925
1.525	0.831943285103996
1	1.15470053837925
1	0.52704627669473
1	0.577350269189626
NA	NA
NA	NA
1.38952380952381	0.875565253120323
1.16666666666667	0.726483157256779
NA	NA
NA	NA
NA	NA
1.625	0.975391659226635
1.16666666666667	0.360041149911548
1	0.666666666666667
NA	NA
NA	NA
NA	NA
NA	NA
1.33333333333333	0.763762615825973
1.2	1.15470053837925
1.3125	0.275336494466653
NA	NA
1.1875	0.688446318410763
NA	NA
NA	NA
NA	NA
1.33333333333333	0.304290309725092
