1.52380952380952	1.08413575724448
1.94307359307359	0.887847644251709
2.64192343604108	0.857707739081248
1.97313131313131	1.06445707782109
2.62429700734049	1.05438731070698
2.03174603174603	1.13347671495311
1.79166666666667	0.57130455003342
2.43459383753501	1.40336088327539
1.95648028442146	1.31703969847564
2.14071428571429	0.928787520643662
2.30576599326599	1.00224356036194
1.91285714285714	1.15242350374018
1.49047619047619	0.850218948280452
2.31746031746032	0.511950902313338
1.71240034475329	0.705982278318928
2.13257575757576	0.987011998113476
1.86969696969697	1.59936282078423
1.74365079365079	0.389481650607884
2.24783341658342	1.30791584787229
2.02083333333333	0.940658260455391
2.06230158730159	0.67933109802271
2.35965740142211	1.26791098577492
1.99305555555556	0.265598749005433
1.64166666666667	0.439802144066995
2.17939393939394	1.18496907808764
1.88528138528139	1.02931807479811
1.25	0.957427107756338
2.08666666666667	0.980391078430779
2.3219696969697	0.728868986855663
1.99047619047619	1.09970002093954
2.03787878787879	0.502848746396932
2.26786713286713	0.999714949511176
2.64935064935065	0.67301400119536
1.90064102564103	0.632224974886714
1.36666666666667	0.703562363973514
1.53132423132423	0.347353554528096
2.32759462759463	1.30662097895411
1.92261904761905	0.632746774567539
1.77222222222222	1.23816747855993
2.66904761904762	1.3422909404525
1.92831168831169	1.10528594707134
1.80952380952381	1.12088248760537
1.78075396825397	1.20020878320766
1.90198412698413	0.945663589988754
1.99242424242424	0.822244577693506
2.51309523809524	0.575943910688365
1.52832722832723	0.980452375435065
2.3508547008547	0.830519328378595
1.775	1.41116579071663
1.79861111111111	1.31397501871011
2.40072909546594	0.517372251075971
2.13977272727273	1.16711399334508
1.3090404040404	0.782304288624318
2.28636363636364	0.486738739521485
1.66666666666667	0.763762615825973
1.97142857142857	1.15609397887103
2.42427637721755	1.19594446773788
1.52831196581197	0.781033570600862
2.44123931623932	1.49235017790663
2.13736263736264	0.833934108782235
1.52761904761905	0.709167376115779
1.46428571428571	0.8871563600495
2.58039215686274	0.933379102153091
1.26666666666667	0.795822425754221
2.38666666666667	0.900030863668327
2.0999245852187	1.10061883964736
1.65333333333333	1.05839238680389
1.87946428571429	1.05265042472165
2.36079185520362	0.920523366149347
2.01136363636364	0.708120613011065
1.82059163059163	1.23137422081875
2.02059884559885	0.848859832114121
2.46364145658263	1.19621285300055
2.2375	1.36831709287967
2.0238961038961	1.36411708698236
2.6491452991453	0.930175433694397
2.02827172827173	0.862621605448162
2.5037555037555	1.32140993947983
1.98757575757576	0.897377441107698
2.10553613053613	1.41221163993798
2.30185185185185	1.3499458913101
2.19722222222222	1.04363148029688
2.25	0.518187725171601
1.73257575757576	0.991565786474732
2.04147727272727	0.837680961741988
2.31023079088095	0.912348842295762
2.2467803030303	1.14381791824417
2.19890648567119	1.56463752424965
2.11202501202501	0.736962452919175
2.15	0.360041149911548
2.15282939282939	1.43252044997655
2.05714285714286	0.974507841363946
2.40833333333333	1.65134625213625
2.28579365079365	1.33532742956018
1.58	0.538310113018303
1.49404761904762	0.837207547566427
2.63338568810833	1.13321019420965
1.99939782439782	1.07332738735242
1.975	1.07276900278361
2.75542264752791	1.35325059683872
