1.90625	0.56352786746301
2.16875	0.954021095154609
1.475	1.02825814599974
2.09324929971989	0.769755565761648
NA	NA
1.85995543672014	1.3716359950711
1.99188034188034	1.18940921472759
1.85437013966426	0.740942021092563
1.3125	0.570797849667625
1.66666666666667	1.25830573921179
2.19910714285714	1.45550320622571
1.46666666666667	0.551764845241562
2.46117216117216	1.33673147057793
2.42052392052392	1.125360633263
2.21201298701299	0.835923029550117
1.6924670917318	0.421201243591029
1.81309523809524	0.925079923412802
1	0.871354841186562
1.45535714285714	1.26083269075404
2.16092796092796	0.562599441892023
1.49404761904762	0.303435232442157
1.94329004329004	1.1448297288408
1	0.799305253885453
1.225	0.302168091557589
1.78333333333333	0.88652463356972
1.31666666666667	0.79558969510858
1.725	0.571790559946948
1.3125	0.554338945652086
1.5	0.707106781186548
2.12229437229437	1.34719834989051
2.13813131313131	0.878626272646184
1.36285714285714	1.14239028162689
1.98576007326007	0.512603878344458
1.3875	0.882900837517379
2.28223443223443	0.969045832505724
1.79166666666667	0.170103454359943
1.57916666666667	0.927598951495103
1.55952380952381	0.700927471089478
2.27857142857143	0.988671662043976
1.16666666666667	0.471404520791032
1.70416666666667	0.671561888711957
1.79	0.755107608225477
1.68194805194805	1.1776966629488
1.94170274170274	1.33461139342031
1.83125	0.996321358799459
1	0.5
NA	NA
1.90793650793651	1.22474487139159
1.475	0.622048586884051
1.14583333333333	0.69159136136241
1.41238095238095	1.13490087672889
1.33333333333333	0.504608392349582
1.25	0.568257570707744
1.74285714285714	0.82879717778523
1.80218531468531	0.699727766349843
NA	NA
1.46666666666667	0.830439419602435
1.89880952380952	0.455658552595348
1.89225589225589	1.14039315500019
1.88080808080808	0.46122071930527
1.97222222222222	0.499917688698101
1.62321428571429	0.754623879523094
1.70166666666667	0.820090611524794
2.13928571428571	0.29122658733376
1.72916666666667	0.621285256842918
1.34613095238095	1.24521850989181
1.77380952380952	0.943057538428113
1.72305361305361	1.31864871502293
2.13717948717949	0.841425535530676
NA	NA
2.57059694691274	1.57527187541754
1.84047619047619	0.835471322028454
1.31666666666667	0.983912258960794
NA	NA
1.35	1.21466730698849
1.85625	1.08613686386065
1.87653846153846	0.418842592577452
1.70952380952381	1.09476646159908
1.61863636363636	1.36336872373526
2.36855810855811	1.04607624492868
2.16948051948052	0.63263245980672
1.95203962703963	0.498750610757276
NA	NA
2.34908008658009	0.810476909876294
1.5	0.779601037568433
NA	NA
2.10362554112554	0.73348597352008
1.42063492063492	0.691209244150272
1.6875	0.448118494580602
1.73333333333333	1.18477364359009
1.84861111111111	0.884460903904169
1.61326530612245	0.729787289678453
1.42	1.17718538561212
1.25	0.716860438920219
NA	NA
2.4172619047619	1.17816551451476
1.73571428571429	0.750535208379584
2.3375	1.16056938452481
1.16666666666667	0.892354355789389
1.72222222222222	0.381323232189448
