NA	NA
1	0.799305253885453
2.01412337662338	0.814283995397612
1.5875	0.755764881134044
1.45833333333333	0.438325939946097
1.575	0.523609269080167
1.33333333333333	0.490653381462658
1.25	0.957427107756338
1.20833333333333	0.25
NA	NA
1.08333333333333	0.857969178415583
1.3125	0.718070330817254
1.16666666666667	0.726483157256779
1	0.763762615825973
1.75	1.08822808400252
1.25	0.396746023807936
1	0.807946642902722
NA	NA
1	0.763762615825973
NA	NA
NA	NA
NA	NA
1.22083333333333	0.773923984208613
1	0.795822425754221
NA	NA
NA	NA
1.2	0.799305253885453
NA	NA
1.125	0.478713553878169
1.22222222222222	0.346944333244355
1	1.15470053837925
1.3875	0.726913184484762
1.125	0.583333333333333
1.89375	1.16833957440083
1.66666666666667	0.763762615825973
1.56011904761905	0.765134832178914
NA	NA
NA	NA
1.46666666666667	0.433333333333333
NA	NA
1.38571428571429	0.715108652924525
NA	NA
1.35	0.798609903380729
NA	NA
1.5	0.612825877028341
NA	NA
1.125	0.614259566319333
1.45333333333333	0.797774682754751
1.4	0.905538513813742
1.375	0.629152869605896
NA	NA
1.16666666666667	0.471404520791032
1.25	0.403973321451361
NA	NA
NA	NA
1.16666666666667	0.490653381462658
1.02083333333333	1.2790603466492
NA	NA
NA	NA
NA	NA
1.20833333333333	0.671854812358212
1	0.695221787153807
NA	NA
1.4125	1.225
NA	NA
1	0
NA	NA
1.36666666666667	1.15470053837925
1	0.408248290463863
1	0.408248290463863
NA	NA
1.72619047619048	1.25
1.33333333333333	0.440958551844098
NA	NA
1.25	0.927960727138337
1	0.810447652119122
2.08217893217893	0.912870929175277
NA	NA
NA	NA
NA	NA
0.958333333333333	0.629152869605896
1	0.763762615825973
NA	NA
1.475	0.906917857360853
1	0.5
NA	NA
0.969444444444444	0.45257493752314
1.25119047619048	1.19702563480085
1.125	0.25
1.65535714285714	0.367682446831826
1.32	0.74072037009027
1.65	0.90267093384844
NA	NA
0.8125	1.125
1.27083333333333	0.515388203202208
1.77777777777778	0.673575314054564
1.60952380952381	1.15830335692627
1	0.408248290463863
1.29166666666667	0.654401054966097
1.08333333333333	0.876651879892195
