1.98660714285714	1.08251948105831
1.4	0.973396116696589
1.25	0.645497224367903
1.60530303030303	1.50429252657508
1.65625	0.623957463827997
1	0.408248290463863
1.53333333333333	0.436314531468263
1.64166666666667	0.909364857713583
1.83809523809524	1.41253432255506
1.68541666666667	1.43262862198077
1.9702380952381	0.82915619758885
1.49722222222222	0.905748104955031
1.99404761904762	0.787875814655919
1.88888888888889	0.26787918780536
1.26388888888889	0.393817968854384
1.425	0.977667291737498
1.45809523809524	1.01208905884737
1.72825396825397	1.1487043979644
1.86904761904762	1.03180708000097
1	0.942809041582063
2.08234126984127	0.54023785816494
1.66071428571429	0.680751163521908
1.80833333333333	0.890049155945895
1.375	0.877971146071062
2.63015873015873	0.914137926216907
1.83571428571429	1.00966664252363
1.8600209314495	0.364043500967596
1.51666666666667	0.624722160466377
1.71285714285714	0.990835772068653
1.48160173160173	0.705794781873811
1.85833333333333	1.02789789087928
1.58779761904762	1.18261666482674
1.33333333333333	0.540061724867322
1.41714285714286	0.903750060766582
1.1375	0.904041850063738
1.55119047619048	0.450516206820254
1.54166666666667	0.797855923130282
1.92698412698413	0.844318127163705
NA	NA
1.33333333333333	1.15470053837925
1.73690476190476	0.477553851838613
1.415	1.02909750104967
1.375	0.877971146071061
1.86309523809524	0.459786913740336
1.4	0.957427107756338
1.33398268398268	0.381132959300203
1.475	0.293289138084789
1.58333333333333	1.25977658219108
1.54142857142857	0.701643276873554
1.5978835978836	0.395988535565089
1.25	0.419435246403931
NA	NA
1.65833333333333	1.00363921140351
1.82849206349206	1.05365435508994
NA	NA
1.69318181818182	1.4338385617357
1.73676323676324	1.20659929157004
1.77380952380952	0.819614975145643
1.46924242424242	1.19303902464465
1.73263888888889	0.56830000173791
1.85208333333333	1.1200620366968
1.59642857142857	1.39980764794566
1.545	1.26360100506449
1.325	0.349722111905375
1.69777777777778	0.830965153553236
1.88571428571429	0.922138891954147
1.55595238095238	0.738848821650765
1.64880952380952	0.524395415479832
2.06964285714286	1.40943985029868
2.01171536796537	0.84796258615617
1.475	0.877021474461525
1.88055555555556	1.28776291813879
1.29166666666667	0.2590938625858
1.995	1.32372317935268
1.94666666666667	1.12782977438973
NA	NA
1.4375	0.283619136898085
1.73571428571429	0.96890867144713
2.11904761904762	0.881917103688197
1	0.763762615825973
1.325	1.01036297108185
1.27083333333333	0.749614098250758
1.89126984126984	1.37724461192935
1.51222222222222	0.633179805952991
2.03333333333333	0.778438872480878
1.46666666666667	0.433333333333333
1.75238095238095	0.718627018792835
1.86944444444444	0.693510483066735
2.06545454545455	0.507073926505937
1.55	0.929555847743466
NA	NA
2.07698412698413	0.704081133616268
1.54397546897547	1.30537002418207
1.1875	0.850857410694256
1.39583333333333	0.463356314378119
2.05416666666667	0.674862811847575
1.79285714285714	1.11334921981415
1.25	0.957427107756338
NA	NA
1.8329020979021	1.29437644710338
