1.825	0.537742193496723
1.51488095238095	1.001433920915
1.1625	0.789558596798096
1.32792207792208	0.911852610165513
2.3375	1.36445451045871
1.39166666666667	0.651707159867238
2.20416666666667	0.811133466206394
1.48666666666667	0.556576839059781
1.0875	0.846930733098443
1.95982142857143	0.99620613236582
1.1875	0.943729304408844
1.57380952380952	0.899071626873762
1.98909090909091	0.562682885277984
1.9547619047619	1.27692764778866
1.64672619047619	0.663708982587737
1	0.707106781186547
1.27	0.704095164022591
1.26031746031746	1.04141089830484
1.60833333333333	0.864687912015188
1.79821428571429	0.955469940925456
1.8375	0.680838943265341
1.8484126984127	1.59992939921501
1.425	1.08128010555391
1.53142857142857	0.735418340847182
1.225	0.830511890342336
1.82305916305916	1.02504119363086
1.96176046176046	0.694350792958045
1.70952380952381	1.28740335847294
1.4125	0.672526331578673
2.06746031746032	1.06621674775216
1.94109848484848	1.10235826579831
2.10994734432234	0.781314245279819
2.24946778711485	0.860958519545495
1	0.623609564462324
1.81517857142857	0.846374362003952
2.05	0.912870929175277
2.36840659340659	1.26126829406609
1.36666666666667	0.957427107756338
1.57083333333333	1.12918972916178
1.20833333333333	0.478713553878169
1.20833333333333	0.695554668086051
1.6	0.98657657246325
1.51484848484848	0.507073926505937
1.72296626984127	1.08389091407712
2.15	1.0363754503432
1.78333333333333	0.75
1.6115873015873	1.10359570014918
1.4375	0.614240723712346
1.66301587301587	1.0067404164242
1.65833333333333	0.125830573921179
1.75568181818182	0.920994510531823
1.91142857142857	1.12697973953986
2.16190476190476	1.15995857911643
2.16109307359307	1.5919233779684
1.84909090909091	0.556922377387784
2.20729494676863	1.4547350618124
1.70333333333333	0.333624872507365
NA	NA
NA	NA
1.725	0.761741425944526
1.53174603174603	1.18979186680653
1.52083333333333	0.711593803191639
1.975	0.613052471924984
1.8125	0.485268138546863
1.53095238095238	0.397212509593766
1.85777080062794	1.14520150102006
1	0.726483157256779
2.04583333333333	1.14990941672232
1.70238095238095	0.765492544691871
2.1515429015429	1.02503345208407
1.65629509379509	0.841173025199257
1.86666666666667	0.866786850641174
NA	NA
2.49871794871795	0.850223314440475
1.86941391941392	1.02754722130282
1.39761904761905	1.07983146728201
1.83035714285714	0.913511111602047
2.24134615384615	0.675750185800542
2.18552149604781	1.19571903929369
1.72916666666667	1.40497627500728
1.6	1.07625895273086
1.25	0.288675134594813
2.11363636363636	1.00997095122288
NA	NA
1.36190476190476	0.612888777072337
1.525	0.866120314444229
1	0.577350269189626
1.4	1.41970262926979
1.3	1.07548438699345
1.64642857142857	1.05023887791315
1.125	1.16368667031408
1.43333333333333	1.24498995979887
1.41666666666667	0.471404520791032
1.375	0.433012701892219
1.74920634920635	1.17073042386863
1.67380952380952	0.783102923608688
1.15198412698413	0.753135170493328
1.575	0.386221007541882
1.80673076923077	0.951679348060739
1.90833333333333	1.16368667031408
