2.22083333333333	1.00492997729158
2.07905982905983	1.04223576389291
2.04292929292929	0.276896367141652
1.67247474747475	0.788041164308845
1.88397435897436	0.686855310063571
2.73809523809524	0.916589359758103
2.03961038961039	1.73732458668904
2.92389069264069	1.63176476552229
2.40097402597403	1.28604148838374
1.86111111111111	1.28660397723568
1.60666666666667	0.901665126307988
2.47007894066718	0.917546530882046
2.20288461538462	0.643225392320176
2.49375	0.370083511596444
1.98325791855204	1.42111198622173
1.58710181250227	1.19009289811956
1.7521645021645	1.17568254488161
2.00526695526696	1.20901173286641
1.99575791855204	1.48293150487629
2.27792207792208	0.646176223409339
2.03346153846154	0.580065055353117
1.87913752913753	0.59910435289239
3.25166666666667	0.942072184070839
1.92712842712843	1.08903450713113
2.36766917293233	1.24687263068538
2.31801587301587	0.983769270225908
1.49761904761905	1.22323499576953
1.50855614973262	0.522586933092923
2.62083333333333	1.265158092888
1.6395202020202	0.815505021225098
2.06569264069264	1.63441592839682
2.66025641025641	0.835190566833641
2.4875700280112	1.17924764150708
1.68127705627706	1.08562587094632
1.90084518655947	1.41159305835464
2.44801587301587	0.741775897075041
1.97287549407115	1.13469331033293
2.70415584415584	1.25268238270019
2.57224958949097	1.5686989795074
2.41471445221445	1.38463792048968
2.12857142857143	1.08681543992231
1.86	1.44196047102547
1.725	1.1146748404804
2.41329365079365	1.3330121140846
1.57916666666667	0.819933940428536
1.98469387755102	1.03141701757337
2.29501256913022	1.07248764127985
2.40541125541126	1.08127851321503
2.20327094474153	1.24124740372844
2.025	0.803679886860569
1.38928571428571	0.899125089142732
2.45166642268092	1.56309143862396
2.46548451548452	1.40598083600655
2.55681818181818	0.719271538266764
2.23428571428571	0.666287307030686
2.0420757020757	1.3217917083315
2.27783882783883	0.960493996365522
2.35286404416839	1.50624095507485
1.95333333333333	0.540113156868283
2.58918071130347	0.703337569168586
1.85666666666667	1.77875580736149
2.13948412698413	0.704023987760528
2.59502164502165	1.45253707201511
2.13764705882353	1.3931358060458
2.57137736167341	2.02469920878429
2.22857142857143	0.630637837140029
2.25793650793651	0.953065230366386
2.15	1.11388542532019
1.84722222222222	1.6481221387877
2.55546218487395	1.271073799739
1.62253968253968	0.838826303021949
2.56002886002886	0.73218708468407
2.31883116883117	1.02415724946189
2.03912698412698	1.26616734617497
2.12948717948718	1.2387800195691
1.83333333333333	1.29099444873581
1.62579365079365	0.620458861481265
1.94246031746032	1.01724392865254
2.1666169614699	1.40232798561408
1.79924242424242	0.696681429187046
1.97607392607393	1.58324778224903
2.00924242424242	1.13490087672889
3.28043924466338	1.49109298774486
2.42516187516188	1.15814772772538
1.77142857142857	0.992403116469427
3.03333333333333	0.799305253885453
2.30288461538462	1.05770363889294
2.45585328993257	0.62125256450637
1.63392857142857	0.448329287086918
2.10148983570036	1.3683984811787
2.33939393939394	1.45965747310174
2.48139880952381	1.30402519599199
1.97546897546898	0.714359259845726
2.18220211161388	0.517502643379118
2.22525062656642	0.918400183945563
2.44561688311688	0.560197833439716
1.99112554112554	1.12419635782514
2.16790926897075	1.50527480630385
1.92261904761905	0.753017361946117
2.24861111111111	1.36037678604128
