1.71248196248196	0.746133021391353
1.7281746031746	0.768698013807991
2.37487631416203	0.914216916818242
2.74821937321937	0.992387236435435
1.68857142857143	0.944554748794048
2.05007936507937	1.01802507007655
2.04588744588745	1.15927182795063
2.73001317523057	1.26900836589317
2.58333333333333	1.65970769403218
2.80392156862745	1.11454678361744
1.73275401069519	1.63465922723943
2.1047619047619	1.30316203617087
2.62661782661783	1.65426454737146
2.6954594017094	0.386461948041711
2.85936563436563	0.974091959589132
2.63023226773227	0.881914459950295
2.28058441558442	1.29134275913052
2.24298642533937	1.24030394508091
2.71666666666667	1.27017059221718
2.26177156177156	1.15837810226631
2.57965155759273	1.60608430747613
2.11813186813187	1.18414382344974
2.28798701298701	1.37438942115826
2.04040404040404	0.698089051219269
2.13888888888889	1.73021220064455
1.85142857142857	0.908141557487253
2.39527400703871	1.46281058747017
2.10576923076923	1.19445113372131
1.28729797979798	0.21650635094611
2.64477922077922	1.52985186856563
2.32424242424242	0.697983452460137
2.43371212121212	1.70826754111926
2.08400974025974	1.0247970156068
1.37380952380952	0.384433499641041
2.58144399460189	1.16064267229082
2.12302489177489	1.44717234616638
1.81547619047619	0.976144017477515
1.89248251748252	1.38884475671703
2.50446428571429	1.10573787580963
1.47333333333333	0.531977443130815
2.58529411764706	1.42361043360417
2.26461538461538	1.20106548321953
1.76666666666667	0.821583836257749
2.48095238095238	1.50989930736038
2.01884920634921	1.5756700814553
2.49675324675325	1.05103910278937
2.55220588235294	0.397826962146663
2.53690476190476	1.06830497059785
2.15099206349206	1.29683355268688
2.50797287390029	1.51907598863281
1.98833333333333	0.905722547656474
2.08333333333333	1.44048602908879
2.02377819548872	1.72349989126897
2.3343253968254	1.34409146595708
2.47164141414141	0.749778266843725
2.48587662337662	0.90924272722218
1.72909090909091	1.64851736543242
1.94278531925591	0.643371848653746
2.26428571428571	0.294584530061363
2.3526936026936	1.72979220427161
1.96666666666667	0.634793638092698
2.33089826839827	1.55958060601774
2.06547619047619	0.716318206167324
1.58869047619048	0.962738078063755
2.20725108225108	1.13838873358514
2.69206349206349	1.6590813784767
2.04088956156625	1.31562846405751
2.04415584415584	1.07564553407145
1.82934121016828	0.843058383432032
2.40952380952381	1.70847560383193
1.72916666666667	1.18388552636282
2.80561853832442	1.60128385704011
2.30940355940356	1.40469838136946
1.91666666666667	1.30384048104053
2.83560371517028	1.84314736677541
2.55112218800564	1.82320403779431
2.07451923076923	1.4345023091651
1.40580808080808	0.750488923382609
1.5	0.707106781186548
2.12073934837093	0.952362598342467
1.67230824730825	1.09042573013679
2.09831730769231	0.965474920710232
2.72284382284382	1.00627659845223
1.94793650793651	1.343223734156
2.67678471890428	1.91364746209124
2.55445652173913	1.83120141194548
2.22758194186766	1.47222420863989
2.09936507936508	1.28006018426238
2.45142857142857	0.883727289893491
1.39861111111111	1.4613355340954
2.56642857142857	1.47883916562207
2.07912457912458	0.800097348088589
2.61613756613757	1.37812000479909
2.42323717948718	1.45539951786838
2.31666666666667	0.986145130484123
2.26586850649351	0.467660861530091
1.91964285714286	1.46852609018397
2.26350237064523	1.03585789961819
2.2278132581704	1.17701472442666
1.97777777777778	1.24076838001277
