2.34440836940837	1.52933925842446
2.13171460892049	2.11820295940601
1.9152380952381	1.95863612750551
2.30059523809524	1.71164851714904
2.73335058661146	1.63890312882076
1.92056530214425	0.999639852842486
1.74873737373737	0.980546279380897
1.38134920634921	0.745376696545503
1.63095238095238	1.2421332198086
2.18650793650794	0.734930919740164
1.88571428571429	1.45165135851094
2.23266299273333	1.19190648019968
1.7624649859944	0.72697459618068
2.76547619047619	1.57898615538945
2.12424089068826	1.40600116767476
1.68567774936061	0.589487297659652
2.25	1.02062072615966
2.2922619047619	2.0736182921917
1.86452991452991	0.343496181503631
2.41120887968714	1.27738906643957
2.4728648544438	1.85713049581902
2.96463305001634	1.78684546117948
2.85899526198439	2.04983485107134
1.40595238095238	1.08900949167832
2.26872041214146	0.486608673723848
2.07004273504274	1.23771633946498
2.25585052202699	1.24183660128999
2.03030303030303	1.85662226092803
2.21151137222566	1.17192418680377
1.80393772893773	1.11640941972084
2.55338171632289	1.36483451107832
2.75863095238095	1.31150756129476
1.65972222222222	0.992057579347459
1.97522477522478	1.86674441043158
2.46992015196883	1.50048216441874
2.64548611111111	0.974111507563003
2.09955877455877	1.05654764662928
2.29215429145254	0.907934820542786
1.525	0.638502298496399
2.82321880905472	1.13673515849567
2.27754044201413	1.45060911074797
2.39836668967104	1.36387098889824
2.61612978524743	1.56453514476307
2.03167630688639	0.963897308756433
2.84756763704132	1.02572520119457
2.73582027168234	1.86002768771736
3.06541353383459	1.25251363148081
NA	NA
2.40965909090909	2.16279457061534
2.36142409314823	1.33678536271519
2.04602590392064	1.41119454389534
2.4000350140056	1.01846753688312
2.07335219483557	1.56559317553847
2.50573593073593	1.03804579546407
2.93059829059829	1.53192264238392
1.85858585858586	1.41883240710418
2.23174603174603	1.10282339961721
2.2829329004329	1.34014484480015
2.32440476190476	0.780871822048366
1.97782238401433	1.52730862376098
1	0.763762615825973
2.33815694109812	1.78300294142236
2.16309523809524	0.999027304709714
2.2919745713224	1.03436752345093
1.49650793650794	0.788511255468176
2.13988095238095	1.31200368159233
2.35551948051948	0.709959646546561
1.82878787878788	0.653364622992791
1.2991341991342	0.830628093404876
1.88055555555556	0.96752835158
2.19666666666667	1.00326896249765
2.47210905870445	1.49431661160328
1.55762293262293	0.449133924205666
2.28580052403737	1.61354243173448
2.0763986013986	1.06314599874208
1.75482456140351	1.13149360483291
2.06918449197861	0.839430426816985
1.78785714285714	1.01607906516504
2.39326923076923	1.33148463429397
1.84299652875504	1.00616948421912
2.03392857142857	1.27273486042589
2.92920536635707	1.20136887144691
1.58084415584416	0.2995060212238
2.38936507936508	0.66635588939229
2.48103896103896	1.18422464275319
2.5891369047619	0.796890714464236
1.66416040100251	0.60619187385483
3.0108504398827	0.738276268195712
2.27139001247955	1.31660943164869
2.01309523809524	0.75
2.40064102564103	1.54948474766121
2.51694444444444	1.28006076244667
2.60664682539683	0.936030173903356
2.00504860063684	1.16854299406045
2.40517075517075	1.2433617907374
2.32583333333333	1.77315229115241
2.68531533825651	1.39919531998282
1.77666666666667	2.0238199579563
2.09523809523809	0.72333247994488
2.4033422459893	1.19741744399302
