1	0.623609564462324
NA	NA
1.52083333333333	0.55483981672391
1	0.408248290463863
1.36666666666667	0.799305253885453
NA	NA
1.2	0.639009650422694
1.29166666666667	0.82915619758885
1.3125	0.335927406179106
NA	NA
1.55555555555556	0.254587538608658
NA	NA
1	0.408248290463863
NA	NA
NA	NA
1.16666666666667	0.471404520791032
1	0.871354841186562
1.625	0.87490740250781
1.65714285714286	0.839419948738494
1	0.5
1.6	0.815645620216144
1	0.408248290463863
NA	NA
NA	NA
1.38888888888889	0.917928424547684
1.16666666666667	0.793492047615872
1	0
NA	NA
NA	NA
1.42916666666667	0.898494110535326
NA	NA
NA	NA
1.34166666666667	0.421966296705739
NA	NA
1.35	0.839311887467612
1.20833333333333	0.416666666666667
NA	NA
1.5	1
1	0.763762615825973
NA	NA
NA	NA
NA	NA
1	0.408248290463863
1.33333333333333	0.623609564462324
1.79555555555556	1.09360091576542
1.16666666666667	0.360041149911548
NA	NA
1.16666666666667	0.304290309725092
NA	NA
1	0.408248290463863
1.25	0.569275042553311
1.16	1.09148217270523
NA	NA
1.4625	0.587426118285904
NA	NA
NA	NA
1.125	0.820738150149675
1.6	0.336650164612069
1.125	0.924211375534118
NA	NA
1.64166666666667	0.724377127070024
1.5	0.707106781186548
NA	NA
NA	NA
1.16	1.29730489862638
NA	NA
1.33333333333333	0.763762615825973
1.54166666666667	1.15819323285273
NA	NA
NA	NA
NA	NA
1.55833333333333	0.829470212444867
NA	NA
1.69047619047619	0.845824746111029
1	0.577350269189626
1.31666666666667	0.971253485622231
NA	NA
1.16666666666667	0.593171014001739
1.4702380952381	1.33593496182345
1.16666666666667	0.471404520791032
1	0
NA	NA
1.29166666666667	0.563142637019814
NA	NA
1.30833333333333	0.670136801954148
1.5	0.612825877028341
1.29166666666667	0.497679801865803
1.33333333333333	1.04083299973307
1.125	0.629152869605896
1.125	0.712000312109794
1.475	0.824340364799054
1.68452380952381	1.25830573921179
NA	NA
NA	NA
1.84787878787879	0.878818964967421
1.49166666666667	0.906509381782262
NA	NA
1	0.652630006915041
1.4625	0.312805406318724
1.68869047619048	0.455919224622297
