NA	NA
1.45833333333333	0.765125262075869
1.59166666666667	0.862972897733308
1	0.623609564462324
1.62083333333333	0.352340060904971
1.38	0.498525603934018
1.50185185185185	1.02404075359361
1.1875	0.850857410694256
2.05347222222222	0.902768874599973
1.41309523809524	0.816037056574143
1.29166666666667	0.343592135468138
NA	NA
1.58333333333333	0.504608392349582
1.90222222222222	1.09566767512827
1.27083333333333	0.442922742197277
1.52083333333333	0.55483981672391
1.22916666666667	0.737284180599966
1.3125	0.335927406179106
1	0.577350269189626
1.5952380952381	0.859743079800766
1.52142857142857	0.94233390965141
1.16666666666667	0.726483157256779
1	0.707106781186548
1.25	0.561083607686782
1.39583333333333	1.11050330598004
1	0.763762615825973
1.125	0.853912563829966
NA	NA
1.125	1.18145390656315
1.39166666666667	0.426983389389816
2.13214285714286	0.926582118200382
1.71714285714286	0.655483152541167
1.30166666666667	1.19202209151788
1	0.5
1.80785714285714	0.986016387453338
1.55	0.448041003414577
1.20833333333333	0.583333333333333
1.51761904761905	0.797920341104486
NA	NA
1.33333333333333	0.288675134594813
1.55	0.351781181986757
1.8452380952381	1.04083299973307
1	0.5
1	0.408248290463863
NA	NA
0.916666666666667	0.673575314054563
NA	NA
1.79960317460317	1.11134493004644
NA	NA
1.71349206349206	0.686224595166435
1.2	0.570087712549569
1.58928571428571	0.948678318386304
1.51666666666667	0.489141348956781
1.04063492063492	0.495723205628544
1.59579124579125	0.927249766812997
1.125	0.478713553878169
1.4375	0.501733107449679
1.4	0.886629071884692
NA	NA
1.74166666666667	0.603308777891953
NA	NA
NA	NA
1.5	0.612372435695794
NA	NA
1.58333333333333	1.04083299973307
1.39583333333333	0.68507569195214
NA	NA
1.33333333333333	0.65263000691504
1.125	0.583333333333333
1.36	0.961595895720581
1.28035714285714	0.751809042732723
1.5	0.749814791946799
1.39333333333333	0.524880938880428
1.30666666666667	0.781078314468743
NA	NA
1	0.652630006915041
1.79166666666667	1.4142135623731
1.74047619047619	1.3481471098814
1	0.652630006915041
1.3125	0.387148885132399
1.1968253968254	0.951964988526467
1.33333333333333	0.697614984548545
1.4125	0.886981460410031
1	0.652630006915041
1.36	0.620886463051015
NA	NA
1.85140692640693	0.692433331604686
NA	NA
1.5	0.235702260395516
1.14166666666667	1.07432149129889
1.41666666666667	0.799305253885453
1	0.408248290463863
1.125	0.25
1.4	1.06718737290547
1.225	0.62575879863896
1.16666666666667	0.304290309725092
1.49166666666667	0.618016540591305
1.73333333333333	0.995359603731606
1.96222222222222	0.928080456282392
1.34166666666667	0.584126444961794
