2.04166666666667	0.75
1.98717532467532	0.946828182066718
2.58988095238095	1.05236344523253
1.96180555555556	1.34958865284686
2.50416666666667	0.427822869196362
2.01048951048951	0.772222969582308
1.99532467532468	1.05273479033563
NA	NA
1.69047619047619	1.06709883535416
2.22692307692308	1.43471333961315
1.64880952380952	1.08542446006316
2.62554112554113	0.615768213540498
1.84891774891775	1.41467582740088
2.25546757164404	1.35961721687155
1.67557644110276	0.586372344315111
1.72285714285714	0.997834389760022
1.71785714285714	0.698528579852498
2.25635822510823	1.15880771198714
1.86558441558442	1.1466624223126
1.52333333333333	0.340873062069217
2.06871794871795	0.949272879975754
2.00105377079061	0.318019101731691
1.75934065934066	1.24812059333116
2.65555555555556	0.620815208120536
1.84	0.812583329060267
1.48	0.472934103936972
2.61526610644258	0.845530688578907
2.76278011204482	1.86829400130975
1.60238095238095	0.994861728219879
1.91306903622693	1.38978690751201
2.40496031746032	0.899566939706182
2.18850524475524	1.08128308647194
1.5843253968254	0.67157437485918
2.06111111111111	1.03239702701973
2.18417582417582	1.00337669541375
2.18913919413919	1.35221273841834
2.09102564102564	0.998421941365583
2.46190476190476	1.5532522630251
1.57428571428571	1.09551419915226
1.63333333333333	0.700845779937524
1.72929292929293	0.789855426477043
1.73571428571429	0.677078558329578
1.80178571428571	0.775874838442511
1.95095963064713	0.787967360153368
2.1038961038961	1.09929969990584
3.16666666666667	1.11952370824978
2.34117647058824	0.950459732141318
1.06666666666667	0.868827434598558
1.46285714285714	1.46654355543911
1.85714285714286	0.572786085922797
1.42083333333333	0.420620133013502
1.74333333333333	0.543567178716465
2.64090909090909	1.31213054327519
2.2139992839241	0.607714359502877
2.03422619047619	0.967600673276517
2.40576923076923	1.27845392738434
1.90138888888889	0.809655911775645
2.29726423902894	1.11240903359052
2.34783272283272	0.577624430216723
NA	NA
2.69107142857143	0.636486288869106
2.40952380952381	1.57364472157808
1.48042929292929	0.83032342100598
1.45833333333333	1.00346621489936
1.53153846153846	0.676101628624571
1.71527777777778	0.880765835389931
2.23125	0.208701121637224
2.41150793650794	1.6429889653935
2.31344696969697	1.10975457394479
2.02007575757576	1.22687215217307
2.84112174375332	1.48141767842501
1.425	0.730867064976023
2.5047619047619	1.34283040612807
1.94651915113872	0.939997345060772
1.5047619047619	0.940914304222843
1.86369047619048	1.18964739668754
2.37929745692904	1.05924027899999
1.93342074592075	0.629152869605896
1.4	0.570087712549569
2.12494733908349	1.31667851664528
2.71617631034107	1.38550054064075
1	0.652630006915041
1.56458333333333	0.968517743962582
2.53434343434343	1.08397416943394
2.33154761904762	1.40393488569282
1.76813852813853	0.404021082819827
1.72390660809778	0.74019332176148
1.70793650793651	0.841147041052396
2.11748272195641	1.09814391348511
2.02045454545455	1.03324890795254
2.04464285714286	0.982239052528158
2.42554112554113	0.659468256127571
1.60930735930736	0.563785686747698
1.72666666666667	1.34118690454581
2.34049558284852	1.69450471059402
2.90350877192982	1.11348238810688
1.7972582972583	0.674548708745711
2.27424242424242	1.10569524891404
1.8758658008658	1.67500649032392
2.31111111111111	0.825339436344335
