1.38730158730159	1.30562042504607
1.51150793650794	0.84667472985648
1.21428571428571	0.463623866886822
1.28571428571429	0.595618925792242
NA	NA
1.45600907029478	0.965643203384307
NA	NA
1.27142857142857	0.830534984084572
1.10714285714286	0.613343685212847
1.58639455782313	1.30168339338894
1.29126984126984	0.782145888302284
1.81490929705215	0.884529146122193
NA	NA
1.94695688083846	1.44204508337007
1.14285714285714	0.741798187018916
1.77275641025641	0.842063526366252
1.27083333333333	0.874858265164697
1.3469387755102	0.346698373870805
1.62403337403337	0.794246512594745
2.17533013205282	0.857067623994334
1.36190476190476	0.483401746663424
1	0.957427107756338
1.6469387755102	1.0943046237266
1.6375	0.526424748537733
1.69688644688645	0.819635790564702
1.36071428571429	0.6048114501104
1.44879406307978	0.848483448341076
1.67859836242189	1.40979675738131
1.66088911088911	0.675695923659671
1	1.10050493461461
1.74832459207459	1.11692412475456
2.03988095238095	1.08026945822084
NA	NA
1.50773036487322	0.89120140950879
1.44982993197279	0.772188909960522
2.07953745600804	0.810511915656835
2.06053391053391	0.990281812810408
1.28333333333333	0.883097452782597
1.66666666666667	0.494569272632357
1.58492063492063	0.707242910041271
1.08333333333333	0.696077445061833
1.79107744107744	1.41096617004724
1.40308641975309	0.931836229481011
1.83030753968254	0.728143938923817
1.65198928056071	0.813151675753381
1.58390022675737	0.814162611016774
1.40575139146568	1.17087126123961
1.72722832722833	1.34934309914852
1	0.726483157256779
1.14285714285714	0.787568759070946
1.58766233766234	0.400128804035612
NA	NA
1.2125	0.847761157161518
1.23809523809524	0.812729414091246
1.72150072150072	0.529952012827238
1.53472222222222	0.573630293201034
1.37979797979798	1.01102082488754
1.47278911564626	0.816336421661544
1.23809523809524	0.70156665199806
1.71124188311688	1.47785691797548
2.21973304473304	0.768113704405802
NA	NA
1.29047619047619	0.583639375500763
1.25714285714286	0.541162769282166
1.45634920634921	1.07689485950244
1.77684407096172	0.791463213779736
NA	NA
2.020007383605	0.49314208133092
1.63457792207792	0.981300340879484
1.10714285714286	0.693678943164975
1.65586477015048	1.10784187443817
1.33673469387755	0.983103529339974
1.44404761904762	0.378309907672779
2.1	0.503690086961917
1.60816326530612	0.668052495468956
1.50012025012025	0.661770394661158
NA	NA
1.62203228869896	1.05600817716545
1.65369318181818	0.891852288577296
1.93287962037962	0.905758067821953
1.46481481481481	0.681855334752808
1.65157699443414	1.08437541663406
1.4750566893424	0.501497475619774
2.0782967032967	0.781420860197627
1.36190476190476	0.53217880990724
1.81263736263736	0.731314528358522
1.36759259259259	1.42001714365412
1.16666666666667	0.654401054966097
1.40144230769231	1.236526605142
2.01530612244898	1.23495699425923
1.73533936651584	0.811302680426829
1.76998953427525	0.727837975958299
1.03571428571429	0.796196314628856
1.55033195970696	0.579911588278353
NA	NA
1.7799337916985	0.687778265405012
1.21428571428571	0.801989919318086
2.10529470529471	1.04821267163376
1.54591836734694	0.661388850964476
1.22857142857143	0.674242667444871
