1.99658236500342	0.384291703713789
1.9429094714809	1.14753858515493
2.09803937997486	1.05334509766384
2.4332596751075	1.08802784781385
2.11130536130536	0.683469384475278
2.6958398744113	1.45611438063263
2.32765649756575	1.41870013708627
1.68752081252081	0.365287635087859
2.25560365560366	1.06116348570811
2.03958333333333	1.14034725635631
1.63672438672439	0.72246380046982
1.70646661031276	0.828343874463692
2.01575963718821	0.690701086735537
1.7880174291939	0.981759639976783
1.97496253746254	0.924334852076663
1.75017379282834	1.06967698004092
2.21638052350127	1.32616192983138
1.96320346320346	0.567558388133508
2.16759660092993	0.899368195503359
1.85166975881262	1.20434626561484
1.88888888888889	1.20015046227844
1.75909106905751	1.24337766445915
2.41875	1.37876850117666
1.53555555555556	0.781082924521733
1.9042328042328	0.771163158992866
2.17634996582365	1.21872291921721
1.79804457668235	1.03214913151959
1.97147297147297	1.03224795154857
2.41762337785356	0.747184584587452
1.8952380952381	1.13287222178826
2.23767507002801	1.01353299647722
1.62857142857143	0.968471222048703
2.09367978666972	1.18773619562079
2.35477267830209	1.26172912432847
2.56270323316322	0.749238285892429
1.94948807373827	1.27955379327684
1.87862513426423	1.44767243722582
1.94120298481712	0.601878604628765
1.58809523809524	0.882387558974402
1.98707482993197	0.522475798080255
2.29493677212975	1.17688244853428
1.55357142857143	0.881802311088274
2.25922368947579	0.934059256879144
1.85592446768917	1.00256981161973
2.29636672850959	1.17374251375983
2.01854395604396	1.0297174290911
2.31833333333333	0.876216614516956
1.77012987012987	1.243613728277
1.93797123015873	1.32081922026646
2.22589285714286	1.05293828740863
1.80637443039137	1.37620217469891
1.98864638447972	0.515525082775938
1.71957070707071	1.00154457663499
2.15945535945536	1.17076378538145
1.87261904761905	0.749596587326662
2.07421814016361	1.57240627213753
1.81647320933035	0.704998788181027
2.10078347578348	1.1568035215079
1.88008658008658	0.993882882557614
2.25293255131965	0.555329832006908
2.25791821347377	1.1301406677898
1.85215795900006	1.17450778038474
2.42515962614002	0.939229069658822
1.65714285714286	0.962980135735176
2.16666666666667	1.08704492394136
2.02475490196078	0.878496982281209
2.03710209627329	1.12324889561557
1.75104546869253	1.08677837919318
2.4995670995671	1.68044891805175
2.56149669044406	1.3033152546206
1.74415882024578	1.36756766102171
2.36631273592058	1.22478060359091
1.225	0.526368209586685
1.82025401069519	0.899006167567535
2.27951244571055	1.27571873129469
2.01865601503759	1.23501358192499
2.1261220043573	1.00206741800375
2.06574839302112	0.961524691616177
2.02154195011338	1.48450716833292
1.90048701298701	0.730704988013109
1.83663194444444	1.5187911993345
1.62177328843996	1.180726759164
2.51000555000555	1.32202825640164
2.45082789572037	1.47696383885709
2.1047619047619	1.45740293797397
1.77122877122877	0.927705150479535
1.7815222971473	1.08600473333155
1.86048237476809	0.609971391438218
2.15272591460827	0.637911857233205
1.86793498168498	0.992950101871665
1.91113082914325	1.61706906981391
1.82699000346059	0.870305296260332
1.88167388167388	0.897345562344497
1.92272727272727	0.765847953593328
1.93284992519442	1.14003529726464
2.25504181910715	1.44006833818754
1.78487484737485	0.743907148158199
2.56421911421911	1.04189161942003
2.06219760631525	0.920852666840125
2.03808321308321	1.30412089600137
