2.28287337662338	1.61396356399733
2.20782342657343	1.41504943225361
2.19246187363834	1.16988561988804
2.18228829993536	1.14710402365671
2.4053303373376	1.05751911482265
2.03033505241514	1.18973967144631
2.47649286987522	1.23485953515764
2.34290558475341	1.41164914528931
2.36470882059117	1.1954030905974
2.20053258145363	1.06148379532345
2.51315789473684	1.3038954380345
2.15761962533062	0.563200326630206
2.24842331581462	1.00117867043778
2.6231032125769	1.26233126181232
2.06527777777778	0.667193905271204
2.60772005772006	0.876351731576313
2.26656244272523	0.865602651595963
2.16976757258087	1.59872781511397
2.39988058536446	1.18501748305995
2.19803921568627	1.81630877240324
2.49740113687482	1.45507874799855
2.09507136187808	1.27896925005903
2.29033726689977	0.936248566535811
2.44895393972737	0.896739479808951
2.75247252747253	1.67756203801167
2.76794995544996	0.952298532661009
2.58139793929268	1.11884942638224
2.91110290269954	1.567793704032
2.4002380952381	1.63184232082647
2.2836474264368	1.20095701029179
2.47956379653311	1.14740761428487
2.38666928309785	1.33652421342311
2.06350732600733	1.59308902761642
2.34774484774485	1.20107873799189
2.21512445887446	1.48622949443816
2.10637200532387	0.901319978319663
1.77246597356891	0.990832391760268
2.45609256335063	1.09885781994254
2.15651709401709	0.799889714202938
2.43041488017565	1.01262876195009
2.17571644042232	1.29259575911353
2.15546682441092	0.595799655376743
2.04020467836257	0.760257614822509
2.77053571428571	1.56858031239353
1.72879684418146	1.29313185897708
2.11054421768707	1.64716143472068
2.23292321713374	0.941887727176849
2.09636363636364	0.801397616021792
2.52635455124586	1.08811693494954
2.80841304076019	1.36220378310233
2.37235702893598	1.33995733801593
2.01043936906006	1.31026129092899
2.51141924755025	1.12983985917052
2.48345029711489	1.47410175282463
2.3286383867029	1.2028274895806
2.17401315789474	1.24671876753811
2.44938319825538	1.66455560000106
1.98096546310832	0.981059291708221
2.24785822021116	1.07767370135291
2.33300422774107	1.26223334156238
2.01618908382066	1.28513600095002
2.62328135891354	1.30803878666914
2.43172282558247	1.36136055514467
2.20433039183039	1.39941650331304
2.36218149540518	1.21570178911246
2.27966351829988	1.38921746097922
2.31711851632083	1.47919240935119
2.26668963834739	0.891581095902153
2.42624621212121	1.42264650397635
1.8003663003663	1.1413995628279
2.4961477853097	1.41851167003614
2.08278388278388	0.90775439995738
2.11123963755543	1.11697718431277
2.42784992784993	1.16669098415555
2.18732422261834	1.08010158887935
2.18233898923554	0.952439153117133
2.26663574520717	0.688338159035361
2.5819356082514	1.16939146304198
1.90141488413547	1.0419378308292
2.04387464387464	1.06557552971233
2.03177774606346	0.98957454143347
1.75805288461538	1.03862548126547
2.5203081232493	1.89585059128922
2.55049642361482	1.02686107141176
2.34939122315593	1.11607554045423
2.35397246431729	1.11658782317089
2.14633626177744	0.949803964923702
2.33017676767677	1.45229918430702
1.61855472013367	1.10940241858995
2.58152958152958	0.918901494485761
2.05558905380334	0.971852503133403
2.5670769636935	0.953477447419123
1.94278285816747	0.882050674328173
NA	NA
2.33425324675325	0.683315905509131
2.65246212121212	1.0973791830669
2.60881387438696	1.9004168036475
1.77776334776335	0.894339017180734
1.99837662337662	1.42130152718471
2.13118530020704	1.21320635311331
