NA	NA
NA	NA
NA	NA
1.36071428571429	0.512045543052594
NA	NA
NA	NA
1.3266369047619	0.781686993106016
1	0.739118594202782
1.25	0.772801541291309
1.30873015873016	0.739279075648893
NA	NA
1.40952380952381	1.09158638987523
NA	NA
NA	NA
NA	NA
NA	NA
NA	NA
NA	NA
NA	NA
NA	NA
1	0.494413232473044
NA	NA
NA	NA
1.37619047619048	0.660552318199978
1.37738095238095	0.404042978979927
NA	NA
1.27777777777778	0.291865011923638
NA	NA
NA	NA
1.45187074829932	0.642845332468987
1	0.505525029603437
1.14285714285714	0.530797543085904
NA	NA
NA	NA
NA	NA
1.40816326530612	0.764557456935885
1.14285714285714	0.539449062475125
1.30952380952381	0.676514565750034
NA	NA
1.04761904761905	0.69197975319801
NA	NA
NA	NA
1.0952380952381	0.599823607228292
1.1547619047619	0.651260479102035
1.75417439703154	0.44709397198095
NA	NA
NA	NA
1	0.547722557505166
NA	NA
NA	NA
1.21768707482993	0.924025151916062
1.34905753968254	0.510735139104042
NA	NA
NA	NA
1.16666666666667	0.605530070819498
NA	NA
NA	NA
1.35714285714286	0.67924639224339
NA	NA
1.16666666666667	0.632455532033676
NA	NA
1.20714285714286	0.782851929075443
NA	NA
NA	NA
1.3047619047619	0.671904030688183
NA	NA
1.0952380952381	0.764472360139979
NA	NA
NA	NA
1.25	0.381881307912987
1.53174603174603	0.378304565797498
NA	NA
NA	NA
NA	NA
1	0.440958551844098
NA	NA
1.21598639455782	0.87992294452128
NA	NA
NA	NA
NA	NA
1.34625850340136	0.799951407659323
1	1.00829889748361
1.19047619047619	0.463267095870624
NA	NA
NA	NA
1	0.605530070819498
1.19047619047619	0.694745966286928
1.07142857142857	0.46999943712676
NA	NA
1	0.447213595499958
NA	NA
1.31428571428571	0.57036607570705
1.10714285714286	0.653895530707593
1	0.868427698007535
1.35969387755102	0.918664445518422
1.34149659863946	0.509462348212075
1.2	1.02672618875076
NA	NA
NA	NA
1	0.5
