NA	NA
1.62340067340067	0.919597153708994
NA	NA
NA	NA
1.22380952380952	0.820617266703972
1.46666666666667	0.444666044528321
1.54074074074074	0.28291772350209
1.50408163265306	0.875046391476932
NA	NA
NA	NA
1.25	0.871060477627777
1.14285714285714	0.925105456594061
1	0.825198388844998
NA	NA
1.20625	0.669454735480408
NA	NA
1.06875	0.519266691426859
1.14285714285714	1.04273754478372
1.24672619047619	0.367008713814194
1.22619047619048	0.6431877456781
1.15982142857143	0.499673423474109
1	0.447213595499958
1.27619047619048	0.254379627150043
1.5609410430839	0.491708560395309
1.325	0.913897331943437
NA	NA
1.11428571428571	0.663145462746979
1.19285714285714	0.704802122404602
1.15625	0.528995566639088
1.20416666666667	0.715904910773659
1.40663265306122	0.304901271103282
1.43877551020408	0.539332077417179
1.24897959183673	1.07348555379566
1	1.03189864561148
NA	NA
1.50059523809524	0.946713365784477
NA	NA
NA	NA
1	0.82663978450915
1.45357142857143	0.545920415929923
1.4375	0.725800051175056
1.44166666666667	0.772927335955112
NA	NA
NA	NA
NA	NA
NA	NA
NA	NA
NA	NA
1.28571428571429	0.801701233455997
1.36111111111111	0.846014622060837
1.19047619047619	0.480437410928943
NA	NA
1.18214285714286	0.893136010872042
1.24489795918367	0.950048163408358
NA	NA
NA	NA
1.57708333333333	0.771667823716092
1.21964285714286	0.777066145590329
1.30952380952381	0.760290949599118
1.11904761904762	0.855885320904432
NA	NA
1.07142857142857	0.345032779671177
1.0952380952381	0.681142442118406
1.3	0.526443593505379
1.17142857142857	0.885778287498161
1.66319444444444	0.716650901143191
NA	NA
1.23673469387755	0.839279080400279
1.54839362026862	1.15781384320151
NA	NA
NA	NA
1.08	1.13509666744487
NA	NA
NA	NA
NA	NA
1	0.632455532033676
1.35714285714286	0.73244122195095
1.41190476190476	0.518608741205763
1.2	0.645497224367903
1.21428571428571	0.698638131005772
1	0.704745817062199
NA	NA
1	0.577350269189626
1.06666666666667	0.820117426099819
1.71457431457431	0.604832891492276
1.3952380952381	0.720963494074672
NA	NA
1	0.316227766016838
1.19047619047619	0.556348640264187
1.10416666666667	0.786480506625299
1.40793650793651	0.748214301498907
1	0.577350269189626
NA	NA
1.26326530612245	0.750838353743408
1.2375	0.726469501429989
1.09047619047619	0.753194256020044
1.23809523809524	0.460043706228236
1.27857142857143	0.708200267613349
1.28125	0.661718991573858
1.59812925170068	0.743495305210095
