1.62871414299986	1.13129393664467
NA	NA
2.04931972789116	0.866446110830767
1.4702380952381	0.520410015854898
1.61526251526252	0.878730673093399
2.18650127046866	1.47519701407844
2.2627950310559	1.38180701446287
1.78997591914259	0.842241561921024
1.90414347557205	0.551381134150618
1.61349206349206	0.936260969011742
1.25992063492063	0.85101771473551
1.10714285714286	0.666170450247584
2.27386713882878	0.734180410910967
1.74470899470899	0.586969688500129
NA	NA
1.80555555555556	0.550378657531946
1.51111111111111	0.586227388852081
1.96043866264454	1.1806658224312
1.41836734693878	0.348229281418295
1.76590909090909	0.910033061575333
1.78674571042992	0.62973195814438
1.8297619047619	1.35550264889558
2.38042881032011	1.01347741217047
1.67857142857143	0.689096674934111
2.05918367346939	1.21153316142439
1.59217171717172	0.773741316000366
1.53622448979592	0.923563484137536
1.55591630591631	1.29274873738211
2.01557710263593	0.839609553982304
NA	NA
NA	NA
1.906262505002	1.34687172384836
1.40952380952381	0.922097907092598
1.59072356215213	1.00493881458757
1.78057889822596	0.885888438601804
1.57127976190476	0.761133601418285
1.16666666666667	0.650320433837556
1.7629662004662	1.22161686303391
1.55555555555556	0.586782982811741
1.81071428571429	0.850210058078086
1.36666666666667	1.02590777971842
1.58968253968254	1.13705669501991
1.54285714285714	0.641024725274071
1	1.01450995173871
1.71338383838384	0.829175204710849
1.79814814814815	1.26525262202094
1.8843537414966	0.672526482102083
1.54195011337868	0.990465265907251
1.38333333333333	0.728555866624963
1.59977324263039	0.974418285795587
1.45238095238095	0.821889679642375
1.69667616334283	0.66549414184694
1.30357142857143	0.756009291338979
1.91410969982399	1.0499204167117
1.751221001221	0.930986724356238
1.83060193774479	1.09975144114316
2.34869543753983	0.966361991538733
1.48826530612245	1.12808668440918
NA	NA
1.66674575424575	0.981420457094147
1.29727891156463	0.77248290258818
2.0405701754386	0.832758750178652
1.65452672327672	1.00632090892261
1.23761655011655	1.26328797328942
1.27083333333333	0.659590421253617
1.35918367346939	0.770305164484356
1.41666666666667	0.591607978309962
1.71457431457431	0.62599654821125
NA	NA
1.35416666666667	0.587147395031319
1.8399814471243	0.568331399458134
2.00869091226234	1.11242395035849
1.65055623388957	1.43327768025331
1.5537037037037	1.07602592446625
1.58197278911565	1.04670853031562
1.7078373015873	1.02413892269057
1.19375	0.637244251182931
1.47465986394558	0.834079988902478
1.28645833333333	1.12542705739108
1.3421768707483	0.517875322223717
1.79097985347985	0.955941709685023
1.23809523809524	0.799983465437596
2.08209617180205	0.726957616196306
2.08056318681319	0.519651031841037
1.14285714285714	0.894427190999916
1.76593406593407	0.855867009263102
1.50850340136054	0.817653822615999
1.70523458023458	0.892477339359472
1.47154195011338	0.920804630929033
1.39699675324675	1.01616882538921
1.24107142857143	0.86793447487267
1.9354347826087	0.99217601942305
1.45555555555556	1.03986510877346
1.60776515151515	1.27627865614064
NA	NA
1.34489795918367	0.755455628026747
1.98319327731092	1.11395763242149
1.64718614718615	1.13249017566977
1	0.809663853432741
1.0952380952381	0.664420820305194
