1.11904761904762	0.427246629641104
NA	NA
NA	NA
NA	NA
1.0952380952381	0.525789907144504
NA	NA
NA	NA
1.0952380952381	0.568112068830898
NA	NA
NA	NA
1	0.577350269189626
1.14285714285714	0.6431877456781
NA	NA
1	0.547722557505166
NA	NA
NA	NA
1	0.79640395482397
NA	NA
NA	NA
NA	NA
NA	NA
NA	NA
NA	NA
1	0.408248290463863
1.10714285714286	0.669636243353583
NA	NA
NA	NA
NA	NA
1	0.801040989379861
NA	NA
1	1.0295630140987
NA	NA
1.31428571428571	0.448807944925857
NA	NA
1	0.668153104781061
NA	NA
NA	NA
NA	NA
NA	NA
NA	NA
1	0.5
NA	NA
NA	NA
NA	NA
1.25	0.741619848709566
NA	NA
1.23571428571429	0.602727486747057
1.10714285714286	0.81977058347065
NA	NA
NA	NA
NA	NA
NA	NA
1	0.577350269189626
1.07142857142857	0.449867705421219
NA	NA
NA	NA
NA	NA
NA	NA
NA	NA
NA	NA
NA	NA
NA	NA
NA	NA
NA	NA
NA	NA
NA	NA
NA	NA
1.07142857142857	0.358199495123707
NA	NA
NA	NA
NA	NA
NA	NA
NA	NA
NA	NA
NA	NA
1.40625	0.58977896281209
NA	NA
NA	NA
1.11904761904762	0.541895556035288
NA	NA
NA	NA
NA	NA
1.2	0.397911212877111
NA	NA
1	0.408248290463863
NA	NA
1.07142857142857	0.601750093147624
NA	NA
NA	NA
NA	NA
NA	NA
NA	NA
1.1547619047619	1.00999219015092
NA	NA
NA	NA
NA	NA
NA	NA
1	0.52704627669473
1	0.561083607686782
NA	NA
