NA	NA
NA	NA
1.48979591836735	0.447331286863909
1.15714285714286	0.64015747070669
1.42993197278912	0.470511488021974
NA	NA
NA	NA
NA	NA
1.21428571428571	0.485095310549855
1.13095238095238	0.941743312411776
NA	NA
NA	NA
1.44285714285714	0.584590482086419
1	0.5
NA	NA
NA	NA
NA	NA
NA	NA
1.17857142857143	0.692333298943072
NA	NA
1.2	0.836660026534076
NA	NA
NA	NA
1.40646258503401	0.821376193735789
NA	NA
NA	NA
1.36458333333333	0.885215313239469
1.35034013605442	0.503148493210136
1.30612244897959	0.511660807767163
1.11904761904762	0.769284694894511
NA	NA
1.07142857142857	0.494011760029677
NA	NA
NA	NA
1.56607142857143	0.311403025504366
NA	NA
NA	NA
NA	NA
1.35952380952381	0.767382343669478
1.27529761904762	0.816234626700206
NA	NA
NA	NA
1.16666666666667	0.837544913113011
NA	NA
NA	NA
NA	NA
NA	NA
1	0.834998336658357
1.1	0.939351346611561
NA	NA
1.2	1.16308975482453
1	0.874007373475126
NA	NA
1	1.04083299973307
NA	NA
1.57142857142857	0.629940788348712
NA	NA
NA	NA
NA	NA
1.40833333333333	0.72829710054803
1.39778911564626	0.650853932278097
NA	NA
NA	NA
NA	NA
NA	NA
NA	NA
NA	NA
NA	NA
1	0.447213595499958
NA	NA
NA	NA
NA	NA
1	0.969535971483266
1.41666666666667	0.568903149622845
1.35565476190476	0.828183899685644
NA	NA
1	0.816496580927726
NA	NA
NA	NA
1.59948979591837	0.909750724089057
1.2125	0.6919463003295
NA	NA
1.36984126984127	0.856053589667904
NA	NA
NA	NA
1	0.837489635093408
1.23809523809524	1.02585620453402
NA	NA
NA	NA
1	0.854725426997206
1	0.506896877524852
NA	NA
1.07142857142857	0.67052455182728
1.25	0.563142637019814
1.30204081632653	0.93610843164069
NA	NA
1	0.651920240520265
1.26666666666667	0.608656687273674
NA	NA
1.52721088435374	0.882942686416254
