NA	NA
1.08333333333333	0.251976315339485
1.45892857142857	0.674527373359041
1	0.608276253029822
NA	NA
NA	NA
1.64718614718615	0.659857576026292
NA	NA
1.46590909090909	0.877704182034064
1.31224489795918	0.604659453532075
1.35520833333333	0.575869554714971
0.988095238095238	0.616945453927406
1.42991071428571	0.61083293641942
1.69185606060606	0.985042917037699
NA	NA
1.25396825396825	0.909156775855463
NA	NA
1.32514880952381	0.947990184197234
NA	NA
1.45238095238095	0.676758927168785
1.82380952380952	0.730337107265839
1.31875	0.368871885963092
1.55555555555556	0.815956391268246
1.14761904761905	0.822565350968394
1.34285714285714	0.763329521027425
1.0952380952381	0.684532436108513
NA	NA
NA	NA
2.01670405004107	1.345532998739
NA	NA
1.55612244897959	0.922563088054974
NA	NA
1.44625850340136	0.741225896622611
1.26496598639456	0.798947855793393
1.41741071428571	0.994564499105733
1.5030612244898	0.843711973791881
1.41428571428571	0.635845061157938
1.1843537414966	0.783318687013721
1.42657342657343	0.992346786809232
NA	NA
1.07142857142857	0.865261375930562
1	0.408248290463863
1.2952380952381	0.635428864051549
NA	NA
NA	NA
1.61071428571429	0.73654150340859
NA	NA
1.60773036487322	0.444279576383654
1.21875	0.730279762656772
NA	NA
1.36111111111111	0.301232038038355
1.16190476190476	0.547106385290281
1.34821428571429	0.828341571361318
1.82003710575139	0.617977546893062
NA	NA
NA	NA
1.30357142857143	0.730794483156241
1.07142857142857	0.534522483824849
1.57077922077922	0.573947656472659
1	0.836660026534076
1.60090702947846	0.604911941798161
NA	NA
1.2547619047619	0.514755811014839
NA	NA
1.47248677248677	1.02981634256818
1.2	0.273861278752583
1.5	0.935414346693485
1.46081349206349	0.857104295712336
1.48163265306122	0.631775764464011
1.48095238095238	1.14082201404289
1.28095238095238	0.702998114653481
2.18040293040293	0.571920722364766
NA	NA
1.52040816326531	0.906176168199877
1.49444444444444	0.827337631405346
1.74170274170274	0.840231191987334
1.51020408163265	0.961694995481574
1.47857142857143	0.778989985061038
NA	NA
1.37619047619048	0.571536034868703
1.49505256648114	0.805338686108792
1.21428571428571	0.959632258687921
1.53412698412698	0.349959505269964
1.32738095238095	0.798960695165804
1.22108843537415	0.957122550297326
NA	NA
1.45654761904762	0.955154761660999
1.10714285714286	0.752640853241607
1.50297619047619	0.708906902060342
1.1125	0.715904910773659
1.6863952020202	0.998909852586829
NA	NA
1.35714285714286	0.461364436055861
1.08333333333333	0.549169647365276
1.07142857142857	0.584183054589776
1.71915584415584	0.873013618323207
1.30803571428571	1.11627039042882
1.28928571428571	0.731992545822441
1.33333333333333	0.856348838577675
1.28571428571429	0.429947086691487
