1.83452380952381	1.42565851612002
1.60778388278388	0.756928572859018
1.98362550148264	0.759424870684769
2.18181818181818	0.97815649231439
1.76412872841444	0.72924039639333
1.56950113378685	1.09545135443344
1.05952380952381	1.03453591057273
1.25694444444444	0.966565174383792
1.52986111111111	0.804177461067449
1.6617192331478	1.24424523415955
1.43877551020408	0.994191097226129
NA	NA
1.74742445054945	0.835839892334063
1.82938034188034	1.02574943444638
1.82139160117488	1.30250629637327
1.7456400742115	0.364103984712462
1.83668154761905	1.37099417729086
1.41982323232323	1.41406472040022
NA	NA
1.25446428571429	0.957209010050199
1.82061688311688	0.646632072022133
2.28971421884751	1.45510743253606
1.43112244897959	0.82629437289053
1.61166150670795	1.58023534992817
1.38730158730159	1.10900594222672
NA	NA
1.22857142857143	0.88571295229461
2.11840540411969	0.355783999668856
1.95564123376623	0.936721009422234
1.6046485260771	1.19642327853133
1.36785714285714	1.33472412886033
NA	NA
NA	NA
1.2	0.53877432917482
1.25892857142857	0.528341173725444
1.93980669190753	1.08282773320148
2.04246031746032	1.49931297179581
1.44444444444444	0.907311570362841
1.94697879151661	0.666932738928536
1.49982683982684	0.656205358117792
1.84919056637807	1.22201614740417
1.47959183673469	0.551886165139349
NA	NA
1.39382716049383	1.15095146549111
1.21315192743764	0.993051662049131
2.02741702741703	0.793675584602313
1.99444959802103	0.986605477907071
1.48107121636533	1.16974143115829
1.66349206349206	0.651112968506711
1.23809523809524	0.748190055927209
1.33611111111111	0.933503385868831
1.71481734639629	1.04098064988154
1.87533545401966	0.683100567382066
1.66220238095238	0.573844718343713
1.60801692817503	1.15369434391121
NA	NA
1.41865079365079	1.04893846286758
NA	NA
1.86481967787115	1.22540195528509
1.8482683982684	0.881788537185865
1.74984126984127	1.32069765444202
1.87939837939838	1.09545456697459
1.89208410636982	0.84034533147071
NA	NA
1.45592031425365	0.938331222761957
1.30064484126984	0.974688411184675
1.64247086247086	1.08267519633047
1.51190476190476	0.687905724437794
1.48611111111111	0.679510628230016
NA	NA
1.30952380952381	0.829036541596079
1.69403215831787	1.2774195689093
2.4513456937799	1.08737052593246
1.3775641025641	0.79333568930181
1	0.983192080250175
1.32539682539683	0.828414479524966
1.27321428571429	0.866591674635441
1.6497150997151	0.986031795756444
1.21428571428571	0.835354691324267
1.93989339464883	1.61981414681797
1.58755341880342	0.916908926194483
1.40277777777778	0.670820393249937
1.93137755102041	1.13430662334531
1.37619047619048	0.907624960423119
1.48611111111111	1.05497059815095
1.56371753246753	1.03289483233957
1.46836734693878	0.609552430326482
1.52222222222222	1.23431428170938
1.58522727272727	0.939321932025854
NA	NA
1.56341189674523	0.854172447333165
1.67682436611008	0.97073315952395
2.40295241842556	1.20025603990139
1.16666666666667	0.983192080250175
1.44897959183673	0.768033757942691
1.91468253968254	0.715303507671869
1.20408163265306	0.987187108294717
1.10714285714286	1.01118088020234
1.625	0.649888065250084
1.375	0.845998986828168
