1.55267857142857	0.655165228284015
1.27678571428571	0.632611411473734
1.19047619047619	0.926248621017331
1.61770253555968	0.636749042534115
1.328125	0.879051068653361
1.38271604938272	1.14930683767785
1.46527777777778	0.877879190868566
1.25	0.376755151848577
1.53888888888889	1.17727976892538
1.49659863945578	1.12773521010015
1.63185941043084	0.464213902231675
1.50765306122449	0.879503632449449
1.53282828282828	1.34198555979064
1.12244897959184	0.892357380919375
1.54241071428571	0.490755954118824
2.01020408163265	0.939076869676925
1.41488095238095	0.837985797972048
1.33333333333333	0.908128656546259
1.56084656084656	0.892561491418128
1.67445887445887	1.50118701848622
1	0.782091213776671
1.67470307470307	1.12960424666487
1.11770833333333	0.954525951279831
1.94417011559869	1.14113336044844
1.48511904761905	0.788903032581936
1.21666666666667	0.868427698007535
2.25065069506063	1.18815086679792
2.10842131724485	1.09725834801651
2.05675118532261	1.25173426599924
NA	NA
1.67575630252101	0.811913955973686
1.50667789001122	0.929962215679038
1.65398886827458	0.460887571041914
2.03747795414462	1.13359542369449
1.2375	0.543631965842439
1.58346861471861	0.834842473601319
1.46666666666667	0.894151090610254
1.4265873015873	1.25235174517385
1.50719672484378	0.678067880963799
1.44421768707483	0.906254884671963
1.66283240568955	0.612402983032737
1.79409722222222	0.891070533924544
1.43333333333333	0.808224915000468
1.46768707482993	0.665422389202724
1.64861596736597	1.05429907928701
1.25793650793651	1.04945906233029
1.52291666666667	0.77883396258114
NA	NA
1.58024563020068	1.49038899079877
1.8470695970696	1.16647545025585
1.34375	0.835654868810542
1.22959183673469	0.798699643689218
1.54648526077097	0.433235171436728
1.35337301587302	1.3100944094591
1.36022927689594	0.747041668502606
NA	NA
1.53469387755102	0.965470423663964
1.44583333333333	0.832718026806981
1.08333333333333	0.892206111855185
1	0.956182887467515
1.43700396825397	0.617689537034211
1.20918367346939	1.06986895179741
1.83982683982684	0.81573455697492
NA	NA
1.93102368220015	1.08863165854243
1.22579365079365	1.00307548162673
1.5993894993895	0.948788996307264
1.51383219954649	0.848662593201176
1.69931972789116	0.459403267667829
1.68162578162578	0.872867189466367
1.50024737167594	1.14051951823335
1.64559884559885	0.838573297843838
1.28571428571429	0.501980205769238
2.03283085961657	1.26060105285982
1.23095238095238	0.434872115240511
1.20952380952381	0.728701098534434
1.31071428571429	0.518815088649041
NA	NA
2.15594337013101	1.23321775775992
1.35994869328203	0.838764312980421
NA	NA
1.13537414965986	0.871562385175981
NA	NA
1.72222222222222	0.503167053107945
1.69421176046176	0.832054090354501
1.81176767676768	0.734187701092016
NA	NA
NA	NA
NA	NA
1.58237476808905	0.489271001691995
1.84818445896877	1.10909703211271
1.28055555555556	1.07040451134197
1.52051282051282	1.63083709475521
1.47448979591837	1.17182671183311
1.54285714285714	0.673565495100867
1.76089743589744	1.26815379623544
1.40483405483405	0.891140869452079
1.23809523809524	0.832539304250372
1.76018825038433	1.06573480984334
1.58502628324057	1.39832982769149
