1.58487940630798	1.0027788044323
1.89777365491651	0.819304048333303
2.43627873199237	0.998763213779566
1.84819624819625	0.917462893434427
2.23491421162229	1.22224748300108
2.07513227513228	0.748730455977588
1.89880952380952	0.66870083652404
2.35096288515406	1.21644877869779
1.80631616749264	1.08215897267372
1.95781004709576	0.856084044048294
1.953125	1.08469904310252
1.64936253677672	0.948713566988368
1.8956862745098	1.22499919700191
1.80357142857143	0.756800986010393
1.71240034475329	0.705982278318928
1.56608391608392	0.868231886122991
1.65380333951763	1.23895828390131
2.07823129251701	0.826342922512433
2.11245408726612	0.961161523731071
2.16045168067227	0.902146762481493
2.04583333333333	0.684938797603541
1.98941943849065	1.03702194265457
1.88390522875817	0.55650519567017
1.85435729847495	0.846117923201761
1.62606060606061	1.07365001972744
2.28096996374307	0.913986684624409
NA	NA
1.7037037037037	0.956693443940645
2.3961038961039	0.881244002010583
1.90892857142857	0.94160205580005
1.89177489177489	0.600115397784435
2.1500222000222	0.886572277045702
1.90928007566663	1.0391328319464
1.79338042909471	0.643136220453372
1.55646258503401	0.568008472541143
1.52793670975489	1.02935225943785
1.82235788902456	0.95866117936832
1.95018796992481	0.423307110072503
1.90343624629339	0.946587338129353
2.16909614389234	1.25341552321832
1.88893113465482	0.860567491050547
1.60527210884354	0.867021681043828
1.61196581196581	0.7596668811239
1.890589569161	0.681996743044412
1.7987012987013	0.772799773075111
1.7968253968254	0.867829619122849
2.13226495726496	1.41272635544482
1.86652858011554	0.849973429418845
1.67891156462585	1.08802179996993
1.72569444444444	0.89807229129286
2.06530530872636	0.68007188774877
1.73670993561344	1.12104454229751
1.60451739618406	1.21655399632584
2.04291898577613	0.588218569578996
2.10454545454545	0.888489292642571
1.81286213786214	0.847254046198171
2.06043601651187	1.08423739765221
1.76137258209627	1.03062196382245
2.28012820512821	1.10689278623164
1.82593101343101	0.77227942811924
1.91981292517007	0.993659671130462
2.03897055325627	1.46350026539879
2.15663066055223	0.844512442107153
1.27142857142857	0.677735491785251
2.22041666666667	0.781519556671692
1.85082066196617	0.860123704219868
1.65650152316819	0.957844861932543
2.13363294314381	0.831357133505149
1.83257918552036	0.934640880798465
1.55194805194805	0.778983249030072
1.8061038961039	0.879434153841087
1.84009209744504	0.7052839396377
2.01195225916454	1.00260394691783
2.01416202844774	1.01295724954381
1.46253006253006	1.18617391845708
2.15470085470086	0.847810750570591
2.02827172827173	0.862621605448162
1.98328477078477	1.20663527584877
2.1403743315508	0.801243500557347
1.97962037962038	1.33151600226247
2.31818181818182	1.20675036654461
1.80111111111111	0.749928208726789
1.88690476190476	0.611732905095296
1.70656565656566	0.869704558619619
2.04147727272727	0.837680961741988
2.13566000562905	0.767337223238132
1.93589227757888	0.943127792265887
2.12216077314117	1.18264260209357
1.98314393939394	0.669638237544165
2.17086834733894	0.322218179239001
1.92221667221667	1.14062547670831
1.97484243697479	0.822534964615006
2.08713235294118	1.19451537643469
2.2614522417154	0.974215353687594
1.61204481792717	0.493930626440794
1.5015306122449	0.751895034180453
2.49683517738776	1.09574635784484
1.95150821400821	1.01194259657954
1.67264957264957	0.813035086536561
2.3287886925105	1.22659463119417
