1.46142623716153	1.31351055455674
NA	NA
1.74678230266466	1.10694174148946
NA	NA
1.43035714285714	0.565584633028621
1.38712861212861	1.13075811387348
1.35952126577127	1.25966071415489
1.38107649925832	1.15899192020678
1.83416666666667	1.157779421695
1.64254719639335	1.10126264206661
1.28571428571429	0.979144774686521
1.38146464646465	1.00700589354738
NA	NA
2.14136065030594	1.15388624436541
1.61709401709402	1.2602494141268
2.18478846153846	0.816612285604374
1.56569313039901	1.12546712550644
1.41477272727273	0.997455328413453
1.63298951048951	0.690522029554126
1.36363636363636	0.778086415778139
2.13368467726921	0.72098051756194
1.79323107448107	1.11144913460384
1.68153846153846	0.970262832538089
NA	NA
2.2580303030303	1.469273109962
1.40214285714286	0.688470403574939
1.42592592592593	0.517839777711463
1.1	0.622437604446077
NA	NA
1.93188811188811	0.879582637948862
NA	NA
1.86568986881399	0.962753329870951
1.99984199629509	1.25802591299059
1.66840659340659	1.22641985256351
1.47431623931624	1.32389438543249
1.27	0.68429471666765
1.38585858585859	1.01586261888168
1.98087381217816	1.24512615267533
1.39857142857143	0.942787294991762
2.10756890168655	0.981461026397865
2.22759048161869	1.34589625961081
1.34920634920635	0.960190272485653
1.46616294244971	1.05647432510362
1.69608974358974	1.15746863765278
1.82375142508922	0.720430962126926
1.82090643274854	1.33610813250948
NA	NA
1.46687403505585	0.861975571840131
1.82545058427411	0.844104587290188
1.24416666666667	0.668331832454212
1.70924696218814	1.33369836313157
1.34920634920635	0.458263754768191
1.44285714285714	1.01496512009593
NA	NA
NA	NA
NA	NA
1.87483029502123	1.30850912578626
1	0.85965241090437
NA	NA
1.89831083948731	1.36516419342
2.11925213230705	1.11288398737594
1.22777777777778	0.925179063865779
NA	NA
1.86454769235518	1.19640439952697
2.07884615384615	1.25449804608582
1.71046110751993	0.944015416882139
NA	NA
1.7133203888843	0.801085073293287
1.98643892339545	1.05891607737758
2.18337418300654	1.3061312990768
1.37821428571429	0.897579232622936
1.35454545454545	1.01982628487325
1.79566017316017	1.03793648568499
1.7096940326754	0.85596148208626
1.81558441558442	1.03194595006582
1.80753246753247	0.702663683737849
1.16528925619835	1.09971309693358
1.56531221303949	1.06765443463161
1.36712005942775	1.02216476148845
NA	NA
2.09378327452011	0.887139638754249
1.95960314262265	1.36913692230075
1.38328741965106	0.876735832829106
NA	NA
1.82100288819656	0.759702239111661
1.64907723855092	1.42098585927471
1.13238150738151	1.27996620099373
NA	NA
NA	NA
1.28095238095238	0.979750573716036
1.91674724090672	1.2396862724215
2.08340347923681	1.14340264880529
1.77249038147207	0.783270116166102
1.9877094356261	1.23191587650554
2.01642246642247	1.29193136735965
1.37024642024642	1.19383098834945
1.60971794871795	1.36847726666706
1.54230769230769	1.1962253766268
1.88251262626263	0.969208071289047
1.56666666666667	0.993219643770186
