1.09090909090909	0.637394620859381
1.22316017316017	0.698753417808597
NA	NA
1.24833333333333	0.558351298771218
NA	NA
NA	NA
1.25627705627706	0.783122183676385
1.14814814814815	0.614887322810518
1.33333333333333	0.77151674981046
NA	NA
NA	NA
NA	NA
NA	NA
NA	NA
1.1	0.77607523408458
NA	NA
NA	NA
1.2950937950938	0.750594944860351
1.20416666666667	0.580485503373779
NA	NA
NA	NA
1.06666666666667	0.55876848714134
NA	NA
NA	NA
1.275	0.759001537108676
NA	NA
NA	NA
1.15151515151515	0.835159409286521
1.27532467532468	0.738374964449743
NA	NA
1.08	0.828747168615698
NA	NA
1.25876984126984	0.772322213981176
1	1.02410080926268
1.11666666666667	0.570087712549569
1.13142857142857	0.652237847819717
NA	NA
1.36904761904762	0.424514899591056
1.37727272727273	1.00155497789057
NA	NA
1.19	0.511847295900826
1.29574592074592	0.967865812059838
NA	NA
NA	NA
1.2875	0.989578037341121
NA	NA
NA	NA
1	0.577350269189626
NA	NA
NA	NA
NA	NA
NA	NA
1.06666666666667	0.626966043540706
1.46675143038779	0.598498593957017
1.11818181818182	0.786292192035131
1.17777777777778	0.61225902289073
NA	NA
NA	NA
1.11111111111111	0.67700320038633
1.215	0.767610128022016
1.25541125541126	0.4385014820768
NA	NA
1.08333333333333	0.780748295697511
NA	NA
1.195	0.463950428386482
NA	NA
1.15	0.741018787573847
NA	NA
NA	NA
NA	NA
NA	NA
1.18030303030303	0.857412716057189
1.20277777777778	1.04987039969848
NA	NA
NA	NA
1.31111111111111	0.497214463005877
1.1	0.76899806546659
1	0.632455532033676
NA	NA
NA	NA
1.15071428571429	0.732589165812229
NA	NA
1.17272727272727	0.715258356535956
1.22714285714286	0.406372767174094
NA	NA
NA	NA
1	0.855653467907924
1.105	0.484771169130089
1.13333333333333	0.427091802084057
NA	NA
NA	NA
NA	NA
1.23531746031746	0.76269495909713
1.18531746031746	0.563731378159526
NA	NA
NA	NA
1.28928571428571	0.750510613487897
1.35746753246753	0.806983951717902
1.16666666666667	0.946117798632331
1.05	0.368932393686311
