1.50168432757718	0.843183711987815
1.32359307359307	0.96915069332796
1.67901960784314	0.728807185800581
1.42706349206349	0.449780024246076
1.40873015873016	0.771634527937649
1.07575757575758	0.703616200478469
NA	NA
1.18333333333333	0.547778904664155
1.6917945690673	0.550328003621237
1.12833333333333	0.716862591651037
NA	NA
1.15166666666667	0.615912952804289
1.36484848484848	0.349752342889943
1.40952380952381	1.04267008864176
1.26730769230769	0.674823892822999
1.14833333333333	0.651894201065415
1.59025974025974	1.00902079479922
1.51504273504273	0.740291458407037
1.10833333333333	0.769220212585275
1.42753968253968	0.595079085169266
1.12166666666667	0.779693502391778
1.19666666666667	0.681492552245021
1.23666666666667	0.678087360991047
1.23051948051948	0.980469960254994
1.30968253968254	0.441730945564249
NA	NA
1.06818181818182	0.659353831222262
1.53928798474253	0.462316880485981
1.23	0.472045718647916
1.40791027154664	0.457219370437896
1.09090909090909	0.725961570622166
1.3875	0.492731256273733
1.16666666666667	0.629152869605896
NA	NA
1.15	0.668746754924629
1.61770117137764	0.542865796099392
1.41866466866467	0.726177226918593
1.30357142857143	0.428953753627734
1.39666666666667	0.600343980044655
1.08238095238095	0.906903758293988
1.5	0.182574185835055
1.33611111111111	0.628920196340273
1.3375	0.475628388498393
1.76280973928033	0.572656332027614
1.22333333333333	0.370201813496435
1.11111111111111	0.615200960843058
1.12	0.749394817564542
1.21619047619048	0.513116935668608
NA	NA
1.32904761904762	0.598206145144537
1.34214285714286	0.544342683349468
1	0.471404520791032
1	0.637377439199098
NA	NA
1.21333333333333	0.666147946345069
NA	NA
1.60222222222222	0.535290354178463
NA	NA
NA	NA
1.3447619047619	0.726989152266543
1.3005772005772	0.559608863388982
1.33603896103896	0.555310655153551
1.36142857142857	0.57727258569589
1.49668024283409	1.03688865338321
1.3	0.821536224829729
1.31821428571429	0.414157239247199
NA	NA
NA	NA
1.28142857142857	0.654569524407217
1.33333333333333	0.479727932154142
NA	NA
1.69094405594406	0.795270452857879
1.20562770562771	0.77410710228833
1.61619047619048	0.935280874893094
1.12420634920635	0.813251351662532
1.26587301587302	0.540697839632012
1.06666666666667	0.531436019125767
NA	NA
1.52008824508825	0.719240079739405
1.24107142857143	0.717262466095234
1	0.47628967220784
1.45290568017841	0.648992352722112
1.56813492063492	0.468075140351035
1.36944444444444	0.849387538566557
1.27808441558442	0.651970661333349
1.28409090909091	0.69588140343293
NA	NA
1.52846153846154	0.924046872030189
NA	NA
NA	NA
1.51544289044289	0.476048473601484
1.14166666666667	0.389384604691005
NA	NA
1.2952380952381	0.447309360392992
1.215	0.750450481994599
1.34563492063492	1.02020097417851
1.57883732429187	0.866492173118174
1.80866688866689	0.832406292565876
NA	NA
1.26406926406926	0.531938497614414
