2.16723403516086	1.66012705829561
2.17726161600401	1.59607484640913
2.48652014652015	1.60600121486287
2.44301587301587	1.61725537105065
2.5073483427142	1.55651780043255
2.94611716236808	1.2528701008826
3.06183586528414	1.42814951601854
2.34919399338683	1.36840629760023
2.04395728905597	1.17212996435764
2.46832360722067	1.65680075833793
2.49276791584484	1.10045485072736
2.63235113942661	1.43858077408907
2.08677571857863	0.921124769592033
2.6265368309486	1.51474132679492
2.16077626077626	1.07132086700507
2.36252255194724	1.40784794504535
2.59469456275083	1.29752653252423
2.09833825944171	1.42162305035809
2.53268576661434	1.55043352095339
2.54635250189574	1.53445637118277
2.27440014176856	1.26263965983294
2.51886886333481	1.09874380941083
2.73708513708514	1.18771597704012
2.32455244180162	0.825764831008153
2.36477829768271	1.41335908547809
2.67389807162534	1.52199425910601
2.16540404040404	0.93661094022478
2.27614381988248	1.32407343120817
2.41859649122807	1.17119644213048
2.54841991341991	1.47517499038122
2.63856878767166	0.816160121667653
2.76641684341721	1.28297302975861
2.35963435645302	1.45612362507252
2.44215243568692	1.39005017095328
2.698101168029	1.32806342251183
2.56114977526461	1.4724337481497
2.11274978891078	1.08544978244194
2.16077503262377	0.992620663342431
2.05966386554622	1.13475540940658
2.56762825905683	1.40049762746328
2.41989164086687	1.52626872343211
2.10622682474629	1.45495100517815
2.36473330590978	1.19114849653897
2.67011590559978	1.55966757704052
2.53866933746679	1.35888974774065
2.49057926200783	1.91131879345725
2.65301672012198	1.57100485920061
2.50970860380861	1.25194524066725
2.46361832611833	1.40171106614285
2.64691451360086	1.20441975571232
1.80577772111928	1.09965221453152
2.6756323030735	1.51119808939486
2.3655639003293	0.838278745586836
2.29641722408027	0.943755623062929
2.33563431405539	1.50958958467999
2.28752332772631	1.45569579134094
2.74111402856523	1.52224364659424
3.00441800907121	1.76783424986668
2.61939393939394	1.29038433241192
2.87485654885655	1.82281135407697
2.66399013173207	1.34428070597338
2.49707105064248	1.26274567614684
2.17055096418733	1.22058535550269
2.9715568392526	1.58988314440937
2.49882058970515	1.51342653864587
2.59222653829901	1.5646068169723
2.4371875707022	1.53065248656179
2.57804665572523	1.82672485471837
2.61164874551971	1.60281816283075
2.41805288913985	1.28716693396754
2.53361170977012	1.40333163372596
2.53895870258774	1.33790227584418
2.75006186964997	1.43562449638125
2.20593709351062	1.36296746150265
2.52113466620278	1.292724799921
3.07273056967059	1.29479313769635
2.10888833388833	1.01161185332813
2.83606939787813	1.50489019314005
2.5440354795706	1.59986724097472
2.46471910165599	1.12317033389862
2.67819527185865	1.35076764622348
2.81593898165327	1.30355944603193
2.52398931509697	1.20967319807179
2.03116977768141	0.7972379153426
2.93366875372689	1.22536372129351
2.73448082010582	1.432202684822
2.52056392805056	1.24363182432258
2.44573002754821	1.28377337062172
2.4885290148448	1.40015050578325
3.45378073927363	1.89251753883533
2.39663974237145	1.40258368837682
2.92458418774208	1.55804329644876
2.61114324272219	1.27949685772552
2.52530991735537	1.07004614893579
2.71782109149063	1.54033712953822
2.87349239498561	1.6850350182484
2.76436974789916	1.40288693010387
2.76371912401324	0.885843079308919
2.85412336045238	1.32057726803355
2.45572809543398	0.909145238398074
