NA	NA
1.2	0.545588367422425
1.27364417989418	0.395375180446498
NA	NA
NA	NA
1.4957702020202	0.834364425024052
1.25	0.80363756341608
NA	NA
1.37062937062937	1.04612983944564
NA	NA
1.25595238095238	0.654494238874454
NA	NA
NA	NA
NA	NA
1.08333333333333	0.619886489011706
1.26357142857143	0.495187281174137
NA	NA
1.08333333333333	0.609815545882523
1.16060606060606	0.556041201874302
NA	NA
NA	NA
NA	NA
NA	NA
NA	NA
NA	NA
NA	NA
NA	NA
1.47656565656566	0.768364008055317
NA	NA
NA	NA
1.41369047619048	0.544157813044714
NA	NA
1.16666666666667	0.520416499866533
1.4152380952381	0.743298098673784
NA	NA
1.27787878787879	0.997305880092714
NA	NA
NA	NA
1.25606060606061	0.636047811238918
1.1	0.560533255805753
NA	NA
1.5397619047619	0.602681816243143
NA	NA
1.075	0.648419255469945
1.12727272727273	0.668259460891282
1.45	0.492386478738444
NA	NA
NA	NA
NA	NA
1.06666666666667	0.353116635157127
1.08333333333333	0.720296578149464
1.35606060606061	0.424331024298033
1.52057550292844	0.895999528379718
1.34577922077922	0.599007437623079
NA	NA
NA	NA
NA	NA
NA	NA
NA	NA
1.37142857142857	0.680971805694752
NA	NA
1.2725	0.463048973491845
NA	NA
1.145	0.53460785212673
1.25119047619048	0.80594544478192
NA	NA
NA	NA
NA	NA
NA	NA
NA	NA
NA	NA
1.075	0.481846371705678
NA	NA
1	0.599382398189386
NA	NA
1.08571428571429	0.63275424056213
NA	NA
1.05	0.653055496479037
1.24333333333333	0.62312434603158
NA	NA
NA	NA
1.33630952380952	0.791348761275298
1.19166666666667	0.58926874541332
NA	NA
1.1969696969697	0.704624416213446
NA	NA
NA	NA
1.34345238095238	0.542616107841251
1	0.447213595499958
1.36868686868687	0.537410760477488
NA	NA
1.49264069264069	0.546521971043663
1.16666666666667	0.804501225743145
1.28571428571429	0.582744817045937
1.44874188311688	0.728135109217398
1.125	0.67700320038633
NA	NA
NA	NA
NA	NA
1.38055555555556	0.72117683126115
