1.90606060606061	1.50656936867383
2.14625703677087	1.30526695295458
1.61118881118881	1.43265752938514
1.88634082211157	1.44810585534729
1.97206440618205	1.29187889405691
1.76020179955271	1.12639202116166
1.77291208791209	0.85178131421008
1.98586893294244	0.770109233480558
1.77304761904762	0.625170380404532
1.85681818181818	0.881569960551863
1.86209783004915	1.19712728904337
2.05902203856749	0.877945076820782
2.13525641025641	1.01355420790851
2.02889350569406	1.08418986911679
1.90508241758242	0.762355418571241
2.19005460406208	1.24773209982451
2.11897755022755	1.06420628704806
2.1491455453149	1.23754895296932
1.84570984570985	0.827419695048038
2.07537167403388	0.948573423526085
2.06290174471993	0.937975602860393
2.13382781012091	0.707402686341066
2.16987486198013	1.01998537636866
1.93825856491179	1.22172418932822
1.97422404487622	0.951958243341303
2.00926274018379	1.17557362000217
1.94794584500467	1.22225824809341
1.98035885167464	0.943682010005519
1.27876984126984	0.895064022572885
2.0449494949495	1.05523911249407
1.96571804264112	0.827602740922795
1.41805555555556	1.33606731659958
1.94887078059969	0.808876515342897
1.86686777275013	1.07614434222865
1.54752747252747	1.05928799671368
1.67247474747475	0.973229798959368
2.16623089554124	1.16342267952521
1.54678932178932	0.885052777779565
2.11168297520557	1.09443938930463
2.46761226828416	1.10630257065407
1.66515837104072	0.679650310774018
2.2089855977356	0.661076200453361
1.60660404657731	1.28222233390623
2.03704374057315	0.640215541927436
2.05388975155279	0.920262275133196
2.49953401781934	1.19736442081405
2.17353235659276	1.07573927291996
1.94806267806268	1.14110819752961
1.99739307495573	1.24533826667184
2.15004418602458	0.993161131644224
2.08888888888889	1.18667730147359
2.33899795295144	0.986776690932226
1.89829125123243	1.12678323785497
2.14406947890819	0.954546420415042
1.91007105023123	1.11350462813292
1.71898320779007	1.3047976229632
2.13931213028576	0.908485791341592
2.00595571095571	1.15012952981649
1.66645854145854	0.938724378665304
2.03329268770445	1.08148196532808
1.76331905094053	1.09683830113874
1.83893939393939	0.617227333790531
2.00259771895278	0.628801065164702
1.87719761483189	0.766109811540664
2.00348076789724	1.13174518325103
2.06178774928775	0.980488701248428
2.00533790591335	1.26517078961803
1.85151515151515	1.32902798163998
1.86899766899767	0.927403707862352
1.88561419511076	0.947540444120253
1.63737012987013	0.851585223289192
1.82738095238095	1.01296099700192
2.04820936639118	0.743018259017339
2.08768941030738	1.22041202012629
1.87377216153828	0.776602666128141
2.03049131333445	1.18253931909802
1.68787878787879	1.00372800255486
1.88315352557639	0.915613015199653
1.92925904504852	0.689548517922635
1.78292962519936	1.12141824805939
2.35952055121135	1.21840779918695
1.61467421467421	1.34750245705807
1.67130662365956	1.18140642380284
1.91406305378345	1.24240359783592
2.31802009660169	1.26933004995379
2.07783677997582	1.20116691802088
1.89276018099548	0.471858888879653
2.14103877359963	0.964475504525868
1.8150641025641	0.855210062963881
1.93317764107238	1.01206738937159
1.74638429752066	0.586979732798262
1.77916666666667	1.23865219462901
1.65740692228308	0.942764800520058
2.4211589001505	1.6233065596937
1.82142495185973	1.12688033205652
1.75487706737707	0.835751422531695
1.96623949579832	1.42500557572013
2.15330747683689	1.354096992557
1.88665732959851	1.09376293329379
2.18783380018674	1.21080759709692
