1.1961038961039	0.513799674126952
NA	NA
NA	NA
NA	NA
1.235	0.559786665713923
NA	NA
NA	NA
1.27857142857143	0.636509915683896
NA	NA
NA	NA
NA	NA
1.08	0.480020575690688
NA	NA
NA	NA
1.08787878787879	0.549246499462415
1.20071428571429	0.781614927367562
NA	NA
NA	NA
1.26142857142857	0.726020710488656
NA	NA
1.4047619047619	0.694853243243799
NA	NA
1.24305555555556	0.717087907679433
1.19047619047619	0.571115985932591
NA	NA
1.23827561327561	0.698624705458144
1.20714285714286	0.817034486098306
NA	NA
NA	NA
1.44129935720845	0.753213512826173
NA	NA
NA	NA
1.28055555555556	0.674177814855624
NA	NA
1.05	0.527338998892635
NA	NA
1.18321428571429	1.16079065682818
NA	NA
NA	NA
NA	NA
1.175	0.769248872056693
1.57575757575758	0.711257599613941
NA	NA
1.16	0.478242667881815
1.06071428571429	0.792885543765759
NA	NA
1.175	0.751802444861529
1	0.654896090146283
NA	NA
NA	NA
NA	NA
1.30892857142857	0.581401685155052
1.19393939393939	0.581596406918144
1.06666666666667	0.491909858248415
1	0.58878405775519
NA	NA
NA	NA
1.52761884580066	0.596699603436471
NA	NA
NA	NA
NA	NA
1.05	0.600668352034467
1.0625	1.04347066011389
NA	NA
NA	NA
1.19	0.658477480702714
1.06060606060606	0.502066436909207
NA	NA
1.07809523809524	0.684002493000456
1.42333333333333	0.505002022684991
NA	NA
1.08333333333333	0.344713156833079
1.4288961038961	0.517848055651626
1.12121212121212	0.303597953174453
NA	NA
NA	NA
1.24285714285714	0.723381243384443
NA	NA
1.25666666666667	0.681743537146424
1.24	0.530618088228771
NA	NA
NA	NA
NA	NA
1	0.862869428589083
1.61107041107041	0.65231974225187
1.06060606060606	0.886812148335704
NA	NA
1.1469696969697	0.598368995307623
NA	NA
NA	NA
1	0.532870169256969
1.08571428571429	0.938142573940689
NA	NA
NA	NA
NA	NA
NA	NA
NA	NA
1.19666666666667	0.550353421801744
1.28333333333333	0.310740384883719
NA	NA
