1.95665817436152	0.492368159559376
1.74855061605062	1.00282850681574
2.09803937997486	1.05334509766384
2.48037320167755	1.04159644817477
2.11130536130536	0.683469384475278
2.27558675643353	1.23202766188976
2.27777648143347	1.28202896175061
1.59953796203796	0.442740057784416
1.87668521954236	1.11921579872234
1.80198412698413	0.967731035853123
1.60412198912199	0.608077236984834
1.70646661031276	0.828343874463692
1.75185925185925	0.696688806172933
1.88202958376333	0.97218320142002
1.9224370867228	0.769406010813236
1.75017379282834	1.06967698004092
2.00308243288994	1.25303104808904
1.73277056277056	0.680356007925749
1.75355227148331	0.895343346961855
1.96775117950667	1.08125101611182
1.88888888888889	1.20015046227844
1.75909106905751	1.24337766445915
2.12870442606751	1.2731909139152
1.53555555555556	0.781082924521733
1.81380952380952	0.781267788073298
1.96627933470039	1.02042345582013
1.79804457668235	1.03214913151959
1.61921041921042	0.961240046765577
2.36233821591878	0.68866339088873
1.60326953748006	0.988091613705098
1.74205029838022	0.886581939687157
1.51541353383459	0.776538788948126
1.86166703546342	0.982969526250029
2.02517365177212	1.20944724089765
2.40031113258361	0.766406312978875
1.97614594083247	1.12985894126187
1.74658236500342	1.20867342712831
1.84417336890163	0.599303764089557
1.46151515151515	0.799919391918963
1.84942355889724	0.564240778293277
2.06631268341795	1.19473656879025
1.34045954045954	0.843296253902876
2.03548857559553	0.820654109570834
1.98171697583462	0.933867334999967
2.08194186765615	0.936308622393126
1.86616716616717	0.964221174245134
2.15394117647059	0.87403400819274
1.60513986013986	1.05178633111444
1.73001253132832	1.19070915985022
1.91258503401361	0.892921086145677
1.89239153667466	1.28254828213293
1.85623114259478	0.631793473280606
1.71957070707071	1.00154457663499
1.93775455313917	1.035847920714
1.76150658610552	0.72963646428642
2.07421814016361	1.57240627213753
1.77303047829364	0.600466385619956
1.99089980068241	1.06687471789938
1.59748736112372	0.965628188188983
2.25293255131965	0.555329832006908
2.1427458344125	0.988813421149066
1.87589941322735	0.870942477015682
2.13322721765474	0.914038404281021
1.66300669027942	0.855353992341345
2.00051587301587	0.958971212695855
1.87559714795009	0.844407751582988
1.9071309125657	0.882795311745296
1.71745425442904	0.935466135665666
2.48160686004835	1.28299615873115
2.37197962855858	1.10937108979555
1.67052419895229	1.26553628559364
1.99127890472428	1.12482677339991
1.32954545454545	0.477891253848666
1.85654783125371	0.796532365367441
1.96188351313065	1.20436137679531
1.98075438596491	1.09312351504143
2.030615280595	0.857104756316237
2.06574839302112	0.961524691616177
1.86122655122655	1.26050968623298
1.86327561327561	0.68458297235955
1.78229166666667	1.22355501897941
1.46380471380471	1.05948393421026
1.7936075889922	1.24204461381895
2.0551286659806	1.23648743040491
1.79293650793651	1.3182717306915
1.73064304116936	0.766600678615118
1.62667332667333	1.01517670863562
1.70214667685256	0.571529210422897
2.15272591460827	0.637911857233205
1.88524609490127	0.940960841708828
1.95032091097308	1.39870605748111
1.82699000346059	0.870305296260332
1.74327117327117	0.768776417504425
1.92272727272727	0.765847953593328
1.93284992519442	1.14003529726464
2.0273765862213	1.33132772849505
1.57559218559219	0.792704386407734
2.21597266369994	1.01698340919246
1.850992521807	0.892613171011088
1.92536463536464	1.28016246754336
