NA	NA
1	0.827199648971915
1	0.633430791721743
1.14285714285714	0.957737910266637
NA	NA
NA	NA
1.35535714285714	0.62297953842081
NA	NA
NA	NA
1.33802308802309	0.521158449341863
NA	NA
NA	NA
1.075	0.525066133400779
NA	NA
1.1969696969697	0.527405504006704
NA	NA
1.025	0.613694036446803
1.40572853072853	0.625933677655136
1.14166666666667	0.527119472483805
1.14141414141414	0.840584612982234
1.48524808524809	0.588382968249749
1.46193528693529	0.861499875740856
1.28619047619048	0.645985399322931
1.44520202020202	0.694673813185546
1.41340099294645	0.796756753460143
1.1719696969697	0.83842836379271
1	0.578418448214239
1	0.813941029804985
NA	NA
NA	NA
1.47717171717172	0.706962608837587
NA	NA
NA	NA
1.22045454545455	0.716994035770485
1.14166666666667	0.613190905362884
1.49722222222222	1.30989980439363
1.49730158730159	0.518445924083578
NA	NA
1.50492424242424	0.768744792180435
1.24214285714286	0.683086759340343
1.31071428571429	0.598996073690217
1	0.57089922571845
NA	NA
1.3034188034188	0.549724537687701
1	0.546594394499949
NA	NA
NA	NA
1.41	0.836925590745345
1	0.915106898083844
1.51832112332112	0.377319882920899
NA	NA
NA	NA
1.04755244755245	0.945181248229119
NA	NA
1.01666666666667	0.716688199504249
NA	NA
NA	NA
1.33761904761905	0.593184606021058
NA	NA
NA	NA
1.06666666666667	0.760319945649913
NA	NA
NA	NA
NA	NA
NA	NA
1.15151515151515	0.290636709604442
NA	NA
NA	NA
1.28571428571429	0.740459602733615
NA	NA
1.35416666666667	0.552321938555335
1.23083333333333	0.592612051185155
NA	NA
1.3375	0.600748632751741
1.11333333333333	0.469094215180756
1.34656084656085	0.731633246178843
1.05	0.832414459388799
NA	NA
1.19333333333333	0.508398599331734
NA	NA
1.09333333333333	0.554565784985463
1.16161616161616	0.543007645609743
1.46916666666667	0.770905985898832
NA	NA
1.92512704686618	1.11097967213112
NA	NA
NA	NA
1.49111111111111	0.709150736997189
NA	NA
1.42169312169312	0.684094528379765
NA	NA
1.53031746031746	0.817706834287347
1.125	0.964858736267844
1.24296536796537	0.813725171612942
NA	NA
NA	NA
NA	NA
1.58662171162171	0.791934800640604
NA	NA
1.26320346320346	0.815548332090885
