1.3510101010101	0.627857022820696
1.86418067226891	1.17522461144804
1.66577533577534	0.699153756471622
1.20833333333333	0.704600340768893
2.00683446455505	0.998878468436737
1.68239316239316	1.44691991933471
1.69330595874714	0.737140898216373
1.42700329973057	0.532161563959555
1.71923011628894	0.867434929128075
1.40575396825397	0.562059941119314
1.42221350078493	0.811694387969903
1.62539682539683	0.618474161194988
NA	NA
1.63686914392797	0.975288781969053
NA	NA
1.43643578643579	0.794904327657147
1.76287535993418	1.07031620483778
1.6707338116429	0.865471374523541
1.73799270904534	0.370777033173918
1.85115384615385	1.007939200089
1.78061868686869	0.716258730793548
1.41616161616162	0.644987580249144
1.60085164835165	0.451842949191604
1.73082706766917	0.809910093518514
1.68784461152882	1.04837843320658
1.67315318254313	1.01216219815809
1.69287712287712	0.739802065724758
NA	NA
1.44660894660895	0.744259998549433
1.81013970549574	0.693717460020874
1.58646807737717	0.841171729467912
1.57727272727273	0.606313980225298
1.57595182595183	0.832346892402281
1.50922865013774	0.811898277447744
1.89345473367213	0.874662350925613
1.38409090909091	0.757632043363606
1.92061712797007	0.483822540107689
1.86740292955127	0.559564122962889
1.36969696969697	0.897440498883248
NA	NA
1.75333333333333	0.659161457581141
1.86099086099086	0.806225458642598
1.7335644153826	0.901441238279575
1.17272727272727	0.837195379762755
1.53899286987522	1.09405431948581
1.3718253968254	0.575190317500692
1.68920588570356	0.874812826433393
1.84722359868248	0.89600635356337
1.82787789133943	1.03095918693012
1.54217171717172	0.803480228016383
1.84464285714286	0.574050491128022
1.79147759103641	0.890752163132893
2.05513350286078	0.994124210254106
1.23626373626374	0.591369295337223
1.51700382950383	0.79832440911132
1.3975468975469	0.642395577445921
1.77358856421356	0.589658165422776
1.72069786938208	1.02749590127371
1.75971891356507	0.502923936338645
1.52727272727273	0.403312656287532
1.54446689673962	0.482737710346702
1.79488017429194	1.02699148260934
1.57107843137255	0.930488008960427
1.60931623931624	0.74380876487856
1.75878496503496	0.934765882107179
1.25227272727273	0.658341130863997
1.27996031746032	0.490067768351615
1.73728354978355	0.574321839694776
1.40277777777778	0.670910763220106
1.37188569872393	0.761483781603888
1.69230769230769	0.638979368609276
1.94616161616162	1.15937783559206
1.55764957264957	0.710048781538986
1.98083480305703	1.23815124963118
1.56805555555556	0.607286256160632
1.59166666666667	0.977280868203033
1.56877289377289	0.604188468902608
1.38156843156843	0.979066334314723
1.88676767676768	1.39817176967662
1.76616621682411	0.700794799752867
NA	NA
1.58100233100233	0.910058992348036
1.67057305439658	0.578466054321428
1.54415584415584	0.758313234118304
1.5844696969697	0.774833236400053
1.59571943208307	0.853982286229383
1.47833178726036	0.945371944706871
1.90366479925303	1.26678969479839
1.45444444444444	0.56918174781166
1.68210444526234	0.736412459674236
1.4400826446281	0.878202878335727
1.93406391179671	0.838607375207094
1.80357142857143	1.23409572256634
1.43143855892725	0.909638223284829
1.563895173454	0.987721471532017
1.38934802571166	0.836397872884226
1.65498311672847	0.793914558002721
1.67589285714286	1.25650155531527
1.7418420019523	0.990964691292154
1.76826506826507	0.949055624247267
