1.28953168044077	0.885562822529905
NA	NA
1.43860684769776	0.811127659798422
1.24188311688312	0.907757699738623
1.47301587301587	0.703052238709101
NA	NA
1.69619047619048	0.59015096009981
1.37917729057435	0.473999139669855
1.41666666666667	0.910486017662978
1.56535282898919	0.989828337608947
1.6037296037296	1.01360817384916
1.25714285714286	0.791954536514738
1.50454545454545	0.952041795762418
1.53311688311688	0.576810424597676
1.77549019607843	1.09249128187672
1.57910422910423	0.767010397344968
1.79164250157073	1.36130166811252
1.66957042957043	0.819004863122263
1.61666666666667	0.598297746582965
1.57965922965923	0.964860953183409
1.385	0.592413456720645
NA	NA
1.44628099173554	0.719668536483434
1.175	0.601246133942038
1.6936297036297	0.642608539310327
1.57537878787879	0.737611585770361
1.88110644257703	0.916522564310874
1.31904761904762	0.467545873001835
NA	NA
1.53305860805861	0.785098688177497
1.89125	0.849131387156499
1.75296330653473	0.990611244124302
1.77188451500652	0.83715733280721
NA	NA
1.66990107181495	0.4415175253189
1.61262733163441	1.13123667906518
NA	NA
1.66787190082645	0.735459005407236
1.30595238095238	0.698389274298547
1.70151515151515	0.574176163645833
NA	NA
1.52581055308328	0.829225530722615
1.58617708049526	1.20980631784197
1.63317758630259	0.832739878761949
1.41351073169255	0.572389231212673
1.52815656565657	0.397200116505816
1.51151121605667	0.828540395645913
1.55361305361305	0.563248718065975
1.4625	0.65123716761626
1.5103305785124	0.625141606797982
1.76471291866029	0.786579193734178
1.10833333333333	0.545251669154758
1.68214285714286	0.837907796048444
2.03844028520499	0.55563132075409
NA	NA
1.52350074168256	0.761784240212797
2.03863982884124	1.04667151574071
1.43181818181818	0.450235332847165
1.55625586534677	0.920662866930526
1.05	0.739243857926112
1.68802308802309	0.745720253659336
1.68375683606776	0.764532121728866
1.52809917355372	0.696648502380306
1.26845238095238	0.570547780727629
1.30714285714286	1.00862446838066
1.94077286350014	0.86555761338861
1.41919191919192	0.595644498107471
1.62444222444222	0.676323868811286
1.73133866133866	0.93377037143158
1.59896103896104	0.884070899120802
1.63217697335344	0.869864515430802
1.50417814508724	0.833934251991537
1.44777777777778	0.558235511361831
1.43783068783069	0.545751791235434
NA	NA
1.46071428571429	0.831674172486996
1.38095238095238	0.899758092961847
1.51223776223776	0.776372658969528
1.26233766233766	0.613419302409824
2.05333333333333	0.925678485456054
1.55583333333333	0.691381783894422
1.30959595959596	0.881169871947629
1.12809523809524	0.888135877192654
1.95339758280935	0.778990998456537
1.6642316017316	0.556834352244595
1.45100686350686	0.671062481012054
1.40169880624426	0.845046553039996
1.30095238095238	0.801376838628714
1.74246031746032	0.41512838575986
1.68759018759019	0.568625097474037
1.31488095238095	0.856203479835845
1.70789342604911	0.841516293278676
1.77711611917494	0.978088182936937
1.34112554112554	0.674093908444956
1.30873015873016	0.673513904278078
1.34848484848485	0.683148533769867
1.54431450902039	0.786757127372939
1.65200501253133	0.698935184246017
1.47469197469197	0.576910852125489
1.42809523809524	0.840547608518964
