NA	NA
1	0.529966223009414
NA	NA
1.59111111111111	0.678988423500358
NA	NA
NA	NA
1.39503968253968	0.440114817919194
1.18	0.629167586459961
NA	NA
1.30909090909091	0.725102868753234
1.16666666666667	0.577350269189626
NA	NA
NA	NA
1.14545454545455	0.708853514115085
NA	NA
1.13638888888889	0.908379534068746
1.62792929292929	0.679460614152434
1.44047619047619	0.736555542613955
1.17333333333333	0.421138961260245
1.14666666666667	0.621169744797549
NA	NA
1.27666666666667	0.49766119666563
1.41581196581197	0.707408059992838
1.125	0.768166235315876
1.15333333333333	0.618879912163105
NA	NA
1.53024753024753	0.739054791617762
NA	NA
1.33349206349206	0.906780584709766
1.18181818181818	0.578669669032848
1.29444444444444	0.645066749345454
NA	NA
NA	NA
1.31418650793651	0.709620308222807
1.49244391971665	0.671009692083728
NA	NA
1.34487734487734	0.735567986313185
NA	NA
1	0.993659034399623
1.06666666666667	0.786459483074951
1.35714285714286	0.369972386322914
NA	NA
1.39388888888889	0.797073049234627
NA	NA
1.62453781512605	0.698370096895954
1.27651515151515	0.56546217799909
NA	NA
NA	NA
NA	NA
NA	NA
1.36095238095238	0.534401068593245
1.55624426078972	0.639985398491569
1.39861111111111	0.687448312773874
1.57250712250712	0.855374369255849
1.37988095238095	0.816313750674192
1.81515151515152	0.601224112792704
1.23	0.529371861644756
NA	NA
1.28571428571429	0.718243006142779
NA	NA
NA	NA
NA	NA
1	0.565685424949238
1.08333333333333	0.673712764380258
NA	NA
1.34570707070707	0.600238331826941
1.25714285714286	0.454714116993853
1.14545454545455	0.571163087679231
NA	NA
NA	NA
1.58610058922559	0.543881397421106
NA	NA
1	0.659545297913646
1.22142857142857	0.634156285951135
1.11111111111111	0.882057704263612
1.65162337662338	0.447927280130327
NA	NA
NA	NA
NA	NA
NA	NA
NA	NA
1.17847222222222	0.539704585456052
1.16468253968254	0.653460598503435
1.24	0.635143611640239
NA	NA
1.22857142857143	0.801493000896619
1.18181818181818	0.695439690869283
1.63892045454545	0.441855256181084
NA	NA
1.31168831168831	0.351318305299962
1.12121212121212	0.631316565647224
1.23376623376623	0.791030703992042
1.10740740740741	0.779739589324855
1.21298701298701	0.519316622774348
1.07272727272727	0.643224201765896
1.13636363636364	0.630304331084239
1.22222222222222	0.887724932372385
NA	NA
1.11666666666667	0.550252467307306
NA	NA
