1.46055555555556	0.511152469379512
1.47559523809524	0.562805934272468
NA	NA
NA	NA
1.33466533466533	0.717497666033204
NA	NA
1.19047619047619	0.725752752108628
1.56666666666667	0.359060109532507
NA	NA
NA	NA
1.40094858844859	0.713490019186344
1.50242989333898	1.01676871784266
1.46584022038568	0.857234922713419
1.18	0.665035040383792
1.77235380116959	0.91627024739745
1	0.958240900600035
1.51005244755245	0.512262211684536
1.3012987012987	0.500982440294473
1.14285714285714	0.733665663720505
1.56759958791209	0.954417287144067
1.28619047619048	0.867051632623846
1.18650793650794	0.844995443087551
1.45151515151515	0.59400874405984
1.17460317460317	0.616280445334417
1.06666666666667	0.595974148084617
1.25992063492063	0.887186223581995
1.12727272727273	1.20924648284668
1.53666666666667	0.611168347487984
1.53342245989305	0.533681917973077
1.41540404040404	0.661830098806141
1.06060606060606	0.446422366479245
1.52771470953289	0.609705612543373
1.29761904761905	0.792601488884172
1.15	0.471077042793335
1.30869047619048	0.721452810548496
1.42988095238095	0.502328953860871
1.25925925925926	0.731774437351083
1.17166666666667	0.530667527451377
NA	NA
1	0.477906959280146
1.28206349206349	0.982042381691842
1.47333333333333	0.695511772376574
1.27	0.745927213210114
1	0.793492047615872
1.255	0.649583369392942
NA	NA
1.2969696969697	0.514555805299752
1.95777777777778	0.580231021584316
1.63706293706294	0.610181629702214
1.1	0.795822425754221
1.38261183261183	0.493611709847881
NA	NA
1.36658795749705	1.02929976469026
1.21527777777778	0.963283220184782
1.16571428571429	0.64703054493362
NA	NA
1.5408547008547	0.815657945289469
NA	NA
1.32857142857143	0.590724953999236
1.72939478821832	0.856631369674744
1.45772893772894	0.977603453951913
1.11363636363636	0.912165256160009
NA	NA
1.47974358974359	0.79247497289038
NA	NA
1.37249417249417	0.49138802865348
1.3234126984127	0.727670136999096
1.125	0.595951952894468
1.17666666666667	0.466679893992435
1.34785714285714	0.68762767150461
NA	NA
1.66874098124098	0.394712600749055
1	0.415739709641549
1.01515151515152	0.727073836440539
1.87474761733655	0.873730359740162
1.80541517306223	0.933237660701099
NA	NA
1.44368686868687	0.845617267115919
1.57532467532468	0.786803283074536
1.67349278172808	0.707942423122083
NA	NA
NA	NA
1.38809523809524	0.575112682989647
NA	NA
1.06944444444444	0.830344568219785
1.25711233211233	0.95762830482986
NA	NA
NA	NA
1.27272727272727	0.789060417199686
1.77956349206349	0.559522850080538
1.29761904761905	0.620297501953462
NA	NA
1.185	0.591944379268988
1.71636655011655	0.79789718059956
1.53345543345543	0.801811167047455
NA	NA
NA	NA
1.2375	0.752420932686705
1.59090909090909	0.708506645926893
1.25681818181818	0.716345065262023
