1.9957310663193	0.83141676039598
2.26805555555556	0.821505710872805
2.02644534588269	1.14751196345738
2.1977997160924	1.24446025532089
1.62065934065934	1.00826266827154
2.29508881922675	1.27134995194794
1.75846717385179	1.08506520862245
1.90464829288359	0.7582620078851
2.02974025974026	0.927663430905822
1.72934065934066	0.911790678987772
1.93921088715206	1.27127749338079
2.41354723707665	1.02109368403281
1.63880277476534	0.719182109523081
2.62435769455234	1.25315764084384
2.24641367404525	0.993341693655156
1.90152071688404	0.936198663268708
2.12814962814963	1.43327729178116
1.93035385666965	1.19773990438004
1.49985911524373	0.882774453392782
1.80755323108264	0.990611677197248
1.95969899665552	1.1584397885209
2.1507196969697	1.03610422480522
2.29931432965853	0.843949074997884
1.73065797838525	0.708551895664002
2.20005291005291	1.06445141627469
2.19023569023569	1.18554019304297
1.70930295195001	1.16675273918454
1.80443086325439	1.03474031486864
1.86131331556433	0.894949967329521
NA	NA
2.22887647746519	1.34581931149816
1.77908778381432	0.692486759710569
1.83396464646465	0.635673176408591
2.08358008658009	1.11500069642009
1.71368464052288	1.03430624457672
2.19122748219522	1.59445485884421
2.09150047483381	1.06637588183075
2.14486679662118	0.829242261705266
2.35769560565825	0.997416145465416
2.10151515151515	0.94866628107186
2.13601746301237	1.21893004652647
1.88076767676768	1.06863947622257
1.83419433827043	0.928586977931455
2.06005436134746	0.968205379740352
1.60862534900996	0.673721266624627
2.57634032634033	1.59334591538024
1.92379847390693	1.20923712373065
1.86590354090354	0.99964795964656
2.03605072463768	1.01982153436511
2.04455389811427	1.39458812041727
2.19510811810277	0.776897544353417
2.12315789473684	1.38284371329726
1.81167443667444	1.15695986677385
1.80021437372696	0.777270242992684
1.81327943298532	0.947265695447689
2.1549696969697	0.840126691039571
1.70107797903851	0.622277893995554
1.83688311688312	0.693646690075159
1.68915197121719	1.10906253908123
1.90327219968447	1.12812072633608
1.93180153180153	1.44521017185019
2.53711867842303	0.907778849649279
2.07662256761003	1.04983697495787
1.97695208665603	1.01318967954023
1.64134199134199	0.638037973952186
2.0084229390681	1.25192305231276
1.89643939393939	0.94966302270001
1.93181818181818	1.36559628015423
1.74240631163708	0.690253068303492
1.62904858299595	0.91000855211182
2.36680175810057	1.09202488094345
1.75681818181818	0.547325199638231
1.82406270200388	0.763930259558709
2.18650793650794	1.05536458470594
1.96823607427056	0.938897154978574
1.94506516211062	0.70142490519602
2.06784380480201	1.01473885406528
2.12146699648584	1.14648069498642
1.77615622335891	1.39178117649786
1.96536089183148	1.68520919488186
2.28161477037039	0.94036727395935
2.09466309987953	1.16054447645837
1.58129605688429	1.47719921012392
2.39263003078793	1.23652312452852
2.14122347789691	1.08918292336741
2.22206385414942	0.798337851683067
1.72779745507018	0.910360470334821
2.28416902831514	1.16134118143871
2.25342528315674	1.50344302219844
1.93973364279399	1.30264163120854
1.89921415004748	0.868965460151098
2.19208342514993	1.21368026654616
1.73918732782369	0.982925050115599
1.62269548633185	0.757150600783635
1.96950268773433	0.70005216721665
1.9465623981753	1.45502824429618
1.35509379509379	0.969720871022539
2.11076248559625	0.993182170664968
1.81826667484562	0.898988338941382
2.32217376445065	1.25714414603532
