1.7349537037037	0.863000093582054
NA	NA
1.95530782942548	1.4115005579779
1.9656782576691	0.773839272241147
1.99687246799546	1.22874181064074
1.97867424242424	1.14370902476932
1.71134391534392	1.11981616330925
1.71758878376525	0.671895345451862
2.12339460435072	1.3084651171907
1.66904761904762	0.835062918186455
2.1867641021926	0.88401631366038
1.61717171717172	0.924237104637779
1.82749622926094	0.89221792138201
1.55705657978385	1.01722056155731
1.66601398601399	1.04694826117444
1.62307692307692	0.756816577007183
1.60857524828113	1.25178090945649
1.68295454545455	1.02936034872527
1.67757575757576	1.02422775219959
2.05359177859178	1.07765593287519
2.29755244755245	0.99545195499372
1.45	0.354715442668471
2.02575000756819	1.00763992302571
1.50295787545788	1.13197285969527
1.9549796037296	0.900666281275812
1.60705455259027	0.792861618609103
1.66253246753247	0.851869246896398
1.76365629984051	1.22764858441613
1.85294503476322	0.786356994489618
1.70670634920635	1.0631867906974
2.03114935587762	0.910973094766922
1.49333333333333	0.737315227603477
1.6316304976488	0.83769944975892
1.76911655409098	0.892677532178165
1.93143939393939	0.886189101567704
1.81022311022311	1.06251297554315
1.59240196078431	1.06916410955147
1.56847145909646	1.02676934701411
1.80884057971014	1.07537386436849
1.9854739010989	0.78875440425651
1.92007934856905	0.992712412382268
1.54397685647686	0.72793019398485
1.78381384697174	1.10548041915866
1.60743801652893	0.893730617945231
2.17111222111222	1.12782701979773
1.70897473738383	0.935939447700049
1.65934065934066	0.622476254107124
1.44628099173554	0.81039401464341
1.51727272727273	0.847922123229979
1.8768253968254	0.635463810865792
1.5717306998557	0.613369427725672
1.47	0.595173488557313
1.78129981129981	0.927986994165894
1.94141414141414	0.996814655259
1.65773687097217	1.18857870988615
1.91015948963317	0.645617104716774
1.80161616161616	0.954879626064571
1.63415794731584	0.931532945347489
1.45	1.04992581132605
1.94102378217211	1.01431624701942
1.915	0.96610615933815
1.86056277056277	0.773977864412269
1.7334595959596	0.959418550247684
1.94684482184482	0.686790792175686
1.53698224852071	0.767472045872222
2.01432584052905	0.93544473917621
2.21503163503164	0.870686472175565
1.44055944055944	1.0069376804612
2.26768512252383	1.72394622868821
NA	NA
1.40097402597403	0.641343166798476
2.0033866683115	0.575949091571874
1.79509157509158	0.965045270211608
1.77316897040581	0.88837744489166
1.97955840013256	0.811937582726822
1.81793291769368	1.1795579673544
1.82574786324786	1.02149674443353
2.04442926369633	0.651922545224377
1.51525974025974	0.494682357157966
2.02606280193237	1.00667511259763
1.79451213818861	0.738602669723901
1.40545454545455	0.551388922895963
2.24619938884645	1.12584385581602
2.31017205017205	1.2165448015461
1.61	0.810052581740954
1.9817316017316	0.89713596971593
1.85764652014652	0.939303251533509
2.36126329219308	1.05606978551575
1.69230646804176	0.678055402543883
1.95911118293471	0.832705595330033
1.77074561403509	0.939464982996455
1.72685170221935	0.953980110179347
1.96600089968511	1.25110883323363
1.7237012987013	0.771325399947121
1.64929514929515	0.643132905501401
1.3063924963925	1.20925584156908
1.78391779788839	0.638141102839909
1.55132867132867	0.950050943454385
1.66765053128689	1.03738022939099
1.50198412698413	0.933500105827447
