1.3538961038961	0.470775488864145
1.06666666666667	0.623213496105785
NA	NA
1.52547619047619	0.578895275925437
NA	NA
1.24	0.841637984738389
1.53432400932401	0.812177449247971
1.69915687487116	0.893787608688182
1.14	0.437388433746605
1.56100394703336	0.855806752023521
1.7337846249611	0.881157606411126
1.41666666666667	0.960490823478843
1.51593457048002	0.611622057354771
1.42253968253968	0.748451991839017
1.53876262626263	0.584632158176666
1.49741476472246	0.454993453029068
1.61489898989899	0.731631810008258
1.36222943722944	0.664026039642602
1.38656565656566	0.590193358686052
1.3	0.582141639885766
1.55958324625397	0.672949789810954
1.47833333333333	0.78261027081098
1.36746031746032	0.706845930412112
NA	NA
1.40535714285714	0.535576481394137
1.53957153957154	0.70575013764933
1.43333333333333	0.600205726047533
1.61780265189356	0.715161913499781
1.34319821592549	0.554669640043865
1.55919312169312	0.958460720284096
1.57230769230769	0.784628465712232
1.32242063492063	0.91001995482774
1.74795008912656	0.811750583452269
1.5966810966811	0.660606127586793
1.40515873015873	0.471534743298245
1.26	0.418344768915559
1.70670995670996	0.541209047188259
1.2875	0.621269732279719
1.77756981580511	0.792440175372269
1.64313852813853	0.515284167806899
NA	NA
1.29545454545455	0.682488032459639
1.55391275391275	0.951021269039429
NA	NA
NA	NA
NA	NA
1.1	0.828579030555651
1.64636363636364	0.626744240637263
1.47142857142857	0.948846616550048
1.18833333333333	0.701059603672352
NA	NA
1.32619047619048	0.486614737493927
1.58931977113795	0.990941473097451
1.13333333333333	0.710186651074969
1.79173650215376	1.08044069413087
1.73728291316527	0.74238683633469
1.63480911051761	0.762717788780173
1.40549242424242	0.753152493012319
1.77912101393883	0.75359549005971
1.47435286935287	0.64885015321281
1.2842082160264	1.0455320606556
1.88816738816739	0.940875841315505
1.19	0.654669834796589
1.32857142857143	0.747827962587395
1.30357142857143	0.860388475953766
1.64957264957265	0.744699862306799
1.759375	0.968912498590168
1.59277777777778	0.546462937546987
1.31891774891775	0.976447208166727
1.91086691086691	1.08006996093878
1.48333333333333	0.833259255966786
1.46658263305322	0.868292861457896
1.81008005152742	0.990132829391365
1.29444444444444	0.859935477848833
1.43457070707071	0.789942578275707
1.125	0.697935668619153
1.67307359307359	0.792128509899024
1.36079545454545	0.689376617482864
1.22285714285714	0.905146952318244
1.29095238095238	0.650511746919161
NA	NA
NA	NA
1.71575660178601	0.806425310676869
1.36928811928812	0.564065857265877
1.16287878787879	0.830297500534561
1.38	0.604047196726395
1.41125541125541	0.417853233853468
1.40597943722944	1.37009529308875
1.64701964701965	0.659735627889529
1.3602157943067	1.0600661225656
1.395	0.461599473650127
1.74195738901621	0.67351674738243
1.3972027972028	0.560324259497532
1.40714285714286	0.756903226529697
1.41351829988194	0.973326884106512
1.54027777777778	0.630676721072791
1.57662337662338	1.09215278068193
1.38982683982684	0.829791856335213
1.29237614237614	0.748762533297278
1.80622120526532	0.833182940160403
