NA	NA
NA	NA
NA	NA
NA	NA
1	0.5
1.14	0.553507335425982
NA	NA
NA	NA
NA	NA
NA	NA
NA	NA
NA	NA
1.15	0.640457012753538
1.32305194805195	0.609599203095575
NA	NA
1.2625	0.731141774836151
NA	NA
1.39458218549128	0.911026565366847
1	0.566727937863977
NA	NA
NA	NA
1.41369047619048	0.772884316646818
NA	NA
NA	NA
1.07272727272727	0.931378153541211
1.53630751964085	0.801014258448825
NA	NA
1.205	0.572144007599572
1.41527777777778	0.922568577823466
NA	NA
NA	NA
1.15486111111111	0.711454428054709
1.2224025974026	0.719642969038122
NA	NA
NA	NA
NA	NA
NA	NA
1.26233766233766	0.573859727285946
1.1	0.714920352984241
1.5627380952381	0.613938791437835
NA	NA
NA	NA
1.22222222222222	0.854869855086611
NA	NA
NA	NA
1.24	0.738165895235542
NA	NA
NA	NA
1.3915873015873	0.52399824241908
NA	NA
NA	NA
NA	NA
NA	NA
NA	NA
NA	NA
NA	NA
NA	NA
1.175	0.496981630184397
NA	NA
1	0.58878405775519
1.28703703703704	0.921494023077687
NA	NA
NA	NA
1.02727272727273	0.714464551926543
1	0.597060701672352
1.40454545454545	0.701635766561076
1.25462962962963	0.743736707527238
1.11818181818182	0.359123512137116
1.28571428571429	0.737326788914382
1.06071428571429	0.875360308064194
NA	NA
1.24666666666667	0.898723374405998
1.15151515151515	0.823938382935556
NA	NA
NA	NA
NA	NA
NA	NA
NA	NA
NA	NA
1.27575757575758	0.775224214645404
NA	NA
NA	NA
NA	NA
NA	NA
NA	NA
1.225	0.623720913372141
1.09	0.739043425777664
NA	NA
1.61928904428904	0.589134733402614
NA	NA
NA	NA
1.63787029963501	0.838883887995091
NA	NA
NA	NA
NA	NA
1.33083333333333	0.400155255363542
NA	NA
NA	NA
1.245	0.753133372347295
NA	NA
