1.58944444444444	1.26004523401723
1.60778388278388	0.756928572859018
1.87679937022042	0.612624152372994
1.66690009337068	0.867712459057876
1.7420814479638	0.633653944024306
1.36305555555556	0.964556748585798
1.07407407407407	0.908184663334528
1.1	0.921954445729289
1.28333333333333	0.798629226847671
1.38774891774892	1.1119021574578
1.25238095238095	0.870200366150623
NA	NA
1.74577407886231	0.748608182017555
1.54945054945055	0.905205044922571
1.82139160117488	1.30250629637327
1.62838804713805	0.383988969566084
1.71642399267399	1.23951994088691
1.34933862433862	1.15393206633984
NA	NA
1.08571428571429	0.917972168692674
1.73554934370442	0.578078944241356
1.82664603702933	1.16246879455237
1.21880952380952	0.793040400195127
1.49155354449472	1.32756381908652
1.54224089635854	1.09541063406347
NA	NA
1.31011904761905	0.752892141407785
1.86618871324754	0.503498405793527
1.74144544181309	0.816491376195704
1.2487012987013	1.07747735677471
1.49166666666667	1.21859761969658
NA	NA
NA	NA
NA	NA
1.3017316017316	0.451398797125766
1.89527189013257	0.901766934880013
1.7485347985348	1.24352551199191
1.3875	0.874169737108816
1.60328631452581	0.768706438224181
1.49982683982684	0.656205358117792
1.61491316223459	0.981556222825992
1.37083333333333	0.496683038033744
NA	NA
1.19907407407407	1.04501681889928
1	0.961046882889233
1.80001933802874	0.875746000341284
1.78364254792826	0.74196401911348
1.48107121636533	1.16974143115829
1.66349206349206	0.651112968506711
1.06666666666667	0.684033065405395
1.23	0.862721314123872
1.59938015201173	0.841415824844438
1.87533545401966	0.683100567382066
1.58227716727717	0.542877380398173
1.60801692817503	1.15369434391121
NA	NA
1.19753086419753	1.0093070410028
NA	NA
1.53554235796883	1.12134031610903
1.66527305136931	0.796785702716048
1.74984126984127	1.32069765444202
1.60749272513978	0.905583541574439
1.38365480673173	0.839920537030134
NA	NA
1.40414141414141	0.899692464345119
1.25047619047619	0.866577606525435
1.64247086247086	1.08267519633047
1.1504329004329	0.747241198254893
1.38809523809524	0.701005289008535
NA	NA
1.20333333333333	0.703509719851777
1.48669913419913	1.10416474941076
2.17164732748254	1.03484998127142
1.47179487179487	0.727538216339824
NA	NA
1.23392857142857	0.832876150100299
1.31	0.794883011686357
1.43379953379953	1.01846871571684
1.205	0.734386869486427
1.82024234823148	1.52501057756602
1.55025641025641	0.866023557401304
1.23015873015873	0.608885669269493
1.72541666666667	1.01831393297621
1.02424242424242	0.87032444896409
1.2	0.965336728815391
1.27188552188552	0.961907400807955
1.49048534798535	0.515277121348909
1.38636363636364	1.14463544232008
1.4005994005994	0.741460871376577
NA	NA
1.4989898989899	0.830689272016916
1.48402203856749	0.817696988204592
2.12896330012698	1.05944371962042
NA	NA
1.38412698412698	0.656233448736212
1.70923520923521	0.717024052000559
1	0.94599046463676
NA	NA
1.59084967320261	0.589550796444605
1.36646825396825	0.747508933099965
